/*--------------------------------*- C++ -*----------------------------------*\
| =========                 |                                                 |
| \\      /  F ield         | OpenFOAM: The Open Source CFD Toolbox           |
|  \\    /   O peration     | Version:  v1912                                 |
|   \\  /    A nd           | Website:  www.openfoam.com                      |
|    \\/     M anipulation  |                                                 |
\*---------------------------------------------------------------------------*/
FoamFile
{
    version     2.0;
    format      ascii;
    class       volScalarField;
    location    "160";
    object      p;
}
// * * * * * * * * * * * * * * * * * * * * * * * * * * * * * * * * * * * * * //

dimensions      [0 2 -2 0 0 0 0];


internalField   nonuniform List<scalar> 
3754
(
-0.00865615
-0.00865152
-0.00833894
-0.00862527
-0.00833499
-0.00802186
-0.00860222
-0.00830743
-0.00801881
-0.00772123
-0.00858996
-0.00828348
-0.0079946
-0.00771907
-0.00742623
-0.00859494
-0.00826818
-0.00797376
-0.00769414
-0.00742442
-0.00713961
-0.00862667
-0.00826872
-0.00795742
-0.00767023
-0.00740161
-0.00713746
-0.00686436
-0.00869565
-0.00829213
-0.00795231
-0.00765362
-0.00738262
-0.00711538
-0.0068626
-0.00659512
-0.0088041
-0.00834673
-0.00796777
-0.00764969
-0.00736965
-0.00709723
-0.00684047
-0.00659397
-0.0063339
-0.00895418
-0.00843847
-0.00800993
-0.00766547
-0.00736709
-0.0070846
-0.00682145
-0.00657322
-0.00633341
-0.0060821
-0.0091407
-0.00856942
-0.00808125
-0.00770503
-0.0073836
-0.00708533
-0.00680952
-0.0065569
-0.00631313
-0.00608052
-0.00583829
-0.00934594
-0.00874062
-0.00817731
-0.00777014
-0.00742579
-0.00710619
-0.00681135
-0.00654755
-0.00629531
-0.00606144
-0.00583783
-0.00559739
-0.00952415
-0.00896053
-0.00829652
-0.00786182
-0.00749861
-0.00715128
-0.00683387
-0.00654952
-0.00628609
-0.00604832
-0.00581857
-0.00559721
-0.00536565
-0.00964165
-0.00920795
-0.00961772
-0.00843683
-0.00797839
-0.00760193
-0.00722548
-0.00688212
-0.00657164
-0.00629102
-0.00603975
-0.00580142
-0.00557922
-0.00536589
-0.00513741
-0.00969677
-0.00953214
-0.00860669
-0.00913098
-0.00960609
-0.00811641
-0.00773074
-0.00732894
-0.00695861
-0.00661899
-0.00631481
-0.00604227
-0.00579359
-0.00556672
-0.005348
-0.00513844
-0.0049165
-0.00975494
-0.00976489
-0.00884741
-0.00828297
-0.00866697
-0.00923617
-0.00960289
-0.0096183
-0.00787656
-0.00745929
-0.00706342
-0.00669534
-0.00636433
-0.006066
-0.00580032
-0.00556066
-0.00533403
-0.00512213
-0.00491648
-0.00470416
-0.00979077
-0.00949694
-0.0101093
-0.00891565
-0.00854588
-0.00803436
-0.00836409
-0.00877833
-0.00918581
-0.00929518
-0.00954901
-0.00967396
-0.00760975
-0.00719131
-0.00680025
-0.00644232
-0.00611557
-0.0058251
-0.00556678
-0.00532773
-0.00511081
-0.00490062
-0.00470547
-0.00449074
-0.00984225
-0.00908114
-0.0106544
-0.00906633
-0.00896451
-0.00863516
-0.00824895
-0.00776526
-0.00808452
-0.0084671
-0.00882646
-0.00892089
-0.00916026
-0.00878575
-0.0096704
-0.00974677
-0.0073376
-0.00693018
-0.00654644
-0.00619196
-0.00587469
-0.00559178
-0.00533395
-0.00510608
-0.00489014
-0.0046888
-0.00449194
-0.00428741
-0.00917286
-0.0113929
-0.00910121
-0.00903793
-0.00874772
-0.0086565
-0.00832864
-0.0079626
-0.0074947
-0.00780644
-0.00817426
-0.00848992
-0.00858556
-0.00888648
-0.00896023
-0.00707542
-0.00667024
-0.00629509
-0.00595122
-0.00563992
-0.00535973
-0.0051137
-0.0048869
-0.00467757
-0.00447825
-0.00428846
-0.00408441
-0.00878289
-0.00870155
-0.0084334
-0.00834379
-0.00803726
-0.00768697
-0.00722923
-0.00753966
-0.00789394
-0.00819848
-0.0082814
-0.00853847
-0.00861552
-0.00681144
-0.00642264
-0.00605319
-0.00571351
-0.00540983
-0.00514019
-0.00489626
-0.00467585
-0.0044702
-0.00427299
-0.00408642
-0.00388451
-0.00846933
-0.00838255
-0.00813091
-0.00806037
-0.00775946
-0.00741593
-0.00696428
-0.00727553
-0.00762503
-0.00792129
-0.00799837
-0.00823749
-0.0083204
-0.00656501
-0.00617455
-0.00581324
-0.00548587
-0.00518788
-0.0049229
-0.0046866
-0.00446862
-0.0042635
-0.00407323
-0.00388803
-0.00369465
-0.00816739
-0.00809835
-0.00785395
-0.00778315
-0.00749073
-0.00715126
-0.00671346
-0.00701338
-0.00735493
-0.0076525
-0.00772429
-0.00795821
-0.00803932
-0.00631087
-0.00593524
-0.00558452
-0.00526039
-0.00497234
-0.00471462
-0.0044808
-0.0042638
-0.00406583
-0.00387575
-0.00369589
-0.00350368
-0.00789417
-0.00782004
-0.0075816
-0.00751996
-0.00722953
-0.00689083
-0.00645735
-0.00676259
-0.00709235
-0.00738061
-0.00745547
-0.00769154
-0.00776219
-0.00607276
-0.00570314
-0.00535814
-0.00504417
-0.00476416
-0.00451168
-0.00427857
-0.00406695
-0.00386884
-0.00368192
-0.0035071
-0.00331717
-0.00761962
-0.00755977
-0.00732207
-0.00725146
-0.00696574
-0.0066358
-0.00621811
-0.00650839
-0.00683832
-0.00712357
-0.00718777
-0.00742045
-0.00749213
-0.00583653
-0.00547602
-0.00513746
-0.00483558
-0.0045622
-0.00431214
-0.00408316
-0.00387142
-0.00367515
-0.00349449
-0.00331994
-0.00313604
-0.007359
-0.00728766
-0.00705636
-0.0069907
-0.00671278
-0.00638933
-0.00597715
-0.00626677
-0.00658592
-0.0068632
-0.00693331
-0.00716288
-0.00722634
-0.00560722
-0.00525191
-0.00492856
-0.0046344
-0.00436781
-0.00411944
-0.00388776
-0.00367626
-0.00348686
-0.00330763
-0.00313982
-0.00295795
-0.00709182
-0.00702789
-0.0068033
-0.0067382
-0.00646098
-0.00614616
-0.00574705
-0.00602829
-0.00634109
-0.00661774
-0.00667265
-0.00690064
-0.00697155
-0.0053822
-0.00503923
-0.00472568
-0.00444262
-0.00417739
-0.00392479
-0.00369344
-0.00348785
-0.00330031
-0.00312838
-0.00296191
-0.00278323
-0.00683742
-0.00678047
-0.00654749
-0.00648715
-0.00621752
-0.0059098
-0.00551987
-0.00579822
-0.00610264
-0.00636894
-0.00642965
-0.00665395
-0.00670469
-0.00516486
-0.00483299
-0.00453369
-0.0042558
-0.00398776
-0.00373161
-0.00350215
-0.0033012
-0.00312297
-0.00295093
-0.00278727
-0.00261175
-0.00658415
-0.00652558
-0.00630528
-0.00624288
-0.00597932
-0.00568166
-0.00530052
-0.00557038
-0.00587001
-0.00613103
-0.00618599
-0.00640354
-0.00646334
-0.00495412
-0.00463701
-0.00435072
-0.00407471
-0.00379447
-0.00353699
-0.00331488
-0.00312465
-0.00294663
-0.00277754
-0.00261666
-0.00244597
-0.00634537
-0.00627812
-0.0060665
-0.00600384
-0.00575346
-0.00545661
-0.00508599
-0.00535233
-0.00563935
-0.00589454
-0.00595301
-0.00616754
-0.00621548
-0.00475157
-0.00445538
-0.00417976
-0.00388488
-0.003596
-0.0033459
-0.00313775
-0.00294985
-0.00277435
-0.00260745
-0.00245123
-0.00228077
-0.00610626
-0.00603726
-0.00583695
-0.00577845
-0.00552638
-0.00524019
-0.00487982
-0.00513978
-0.00542015
-0.00566504
-0.00572436
-0.0059301
-0.00598267
-0.00456374
-0.00428898
-0.00400027
-0.00368204
-0.00339723
-0.00316699
-0.0029663
-0.00277931
-0.0026047
-0.002443
-0.00228578
-0.00211992
-0.00587597
-0.00580947
-0.00560569
-0.00555326
-0.00530841
-0.00502678
-0.00468089
-0.00493801
-0.00520676
-0.00544753
-0.00549789
-0.00570237
-0.00575748
-0.00439005
-0.0041359
-0.00379568
-0.00346957
-0.0032138
-0.00299833
-0.0027979
-0.00261291
-0.00244283
-0.00227797
-0.00212567
-0.00195712
-0.00563958
-0.00558537
-0.00538792
-0.00533208
-0.00509606
-0.0048224
-0.00448935
-0.00474267
-0.00500042
-0.00523233
-0.00528551
-0.00548383
-0.0055282
-0.00426323
-0.00394015
-0.00355918
-0.0032771
-0.00304865
-0.002835
-0.00263532
-0.00245208
-0.00228012
-0.00211858
-0.00196459
-0.00179691
-0.0054216
-0.00536229
-0.00517272
-0.00512326
-0.00489408
-0.00462383
-0.0043435
-0.00455621
-0.00480146
-0.00502804
-0.00507131
-0.00526646
-0.00531812
-0.00412055
-0.00366426
-0.00335394
-0.00311621
-0.00289114
-0.00267602
-0.00247667
-0.00229338
-0.00212039
-0.00195945
-0.00180391
-0.00163829
-0.0052058
-0.00515422
-0.00496861
-0.00492014
-0.00469949
-0.00444047
-0.00431032
-0.0043821
-0.00461115
-0.00482855
-0.00487212
-0.00506364
-0.00509947
-0.0037913
-0.00343804
-0.00319882
-0.00296576
-0.00273576
-0.00252047
-0.00232154
-0.00213493
-0.00196414
-0.00179938
-0.00164687
-0.00147839
-0.00500055
-0.0049484
-0.00477287
-0.00473285
-0.00450958
-0.00434891
-0.00393239
-0.0044424
-0.00439337
-0.00464304
-0.00467734
-0.00486105
-0.00490152
-0.00352862
-0.0032954
-0.0030571
-0.00281368
-0.00258315
-0.00236797
-0.00216697
-0.00198187
-0.00180701
-0.00164443
-0.00148884
-0.00131809
-0.00480503
-0.00476159
-0.0045864
-0.00455378
-0.0043061
-0.00411827
-0.00364708
-0.00389743
-0.00466633
-0.00445621
-0.00448038
-0.00467111
-0.00471001
-0.00339921
-0.00316152
-0.00290672
-0.00266397
-0.00243501
-0.00221906
-0.00201679
-0.00182935
-0.00165426
-0.00148745
-0.00132833
-0.00115723
-0.00462225
-0.00458183
-0.0043401
-0.00426811
-0.00416961
-0.0038416
-0.00351265
-0.00373698
-0.00394395
-0.00501769
-0.00411237
-0.00449409
-0.00453355
-0.00327342
-0.0030108
-0.00275861
-0.00251911
-0.00229014
-0.002073
-0.00187061
-0.00167795
-0.00149904
-0.00132812
-0.00116997
-0.000994817
-0.00442346
-0.00431649
-0.0039069
-0.00407974
-0.0039091
-0.00367432
-0.00338289
-0.00357275
-0.00381801
-0.00401197
-0.00406464
-0.0056802
-0.00415988
-0.00312265
-0.00286251
-0.00261605
-0.00237642
-0.00214817
-0.00193102
-0.00172197
-0.00152864
-0.00134374
-0.00117242
-0.00100842
-0.000827687
-0.00399887
-0.00394189
-0.00373151
-0.00351243
-0.00323307
-0.00341919
-0.00363873
-0.00383555
-0.00389885
-0.00297015
-0.00272027
-0.00247451
-0.0022386
-0.00201017
-0.00178871
-0.0015795
-0.00137836
-0.00119133
-0.00101291
-0.000843739
-0.000659131
-0.00379376
-0.00374442
-0.00356209
-0.00335541
-0.00308017
-0.00326934
-0.00348034
-0.00365679
-0.00370415
-0.00282737
-0.00257893
-0.00233886
-0.00210457
-0.00187457
-0.00165239
-0.00143513
-0.00122929
-0.00103512
-0.000850543
-0.000677299
-0.000486151
-0.00361738
-0.00357755
-0.00340446
-0.00320165
-0.00293519
-0.0031197
-0.00332845
-0.00350298
-0.00354471
-0.00268587
-0.00244284
-0.00220601
-0.00197363
-0.00174387
-0.00151469
-0.00129265
-0.00107941
-0.000877243
-0.000686845
-0.000506641
-0.000310109
-0.00346198
-0.00342216
-0.00325184
-0.00305432
-0.0027913
-0.00297488
-0.00317687
-0.00334766
-0.00338788
-0.0025475
-0.00231029
-0.00207981
-0.00184706
-0.00161459
-0.00138126
-0.001151
-0.000928383
-0.000717933
-0.000519265
-0.000332541
-0.00012713
-0.00330908
-0.00327115
-0.00310554
-0.00290636
-0.00265178
-0.00283191
-0.00303093
-0.00319716
-0.00323779
-0.00241478
-0.00218597
-0.00195518
-0.0017256
-0.00148898
-0.00124746
-0.00100845
-0.000776198
-0.000555887
-0.000347301
-0.000152906
6.02006e-05
-0.00315997
-0.00312436
-0.00295696
-0.00276532
-0.00251681
-0.00269289
-0.00288482
-0.00305693
-0.00308822
-0.00228835
-0.0020625
-0.00184006
-0.00160724
-0.00136431
-0.00111551
-0.000865236
-0.000621339
-0.000388774
-0.000171833
3.27641e-05
0.00025336
-0.00301283
-0.0029766
-0.00281607
-0.00262701
-0.00238805
-0.00255803
-0.00274521
-0.00290464
-0.00294206
-0.00216509
-0.0019496
-0.0017269
-0.0014914
-0.00124196
-0.000983988
-0.000720862
-0.000464289
-0.000219148
1.09026e-05
0.000223997
0.000452438
-0.00287113
-0.00283393
-0.00267599
-0.00249481
-0.00226198
-0.00242749
-0.00261042
-0.00276529
-0.00280041
-0.00205161
-0.00184158
-0.00161771
-0.00137686
-0.0011219
-0.000852423
-0.00057715
-0.000303061
-4.31235e-05
0.000199573
0.000424167
0.000654535
-0.00272953
-0.00269438
-0.00254177
-0.00236565
-0.00214543
-0.00230106
-0.00247793
-0.00263118
-0.00266601
-0.00194542
-0.00173786
-0.00150972
-0.00126644
-0.00100452
-0.000722357
-0.000428612
-0.000136778
0.000140479
0.000396234
0.000634
0.000873067
-0.00259405
-0.00255985
-0.00241265
-0.0022429
-0.0020388
-0.00217988
-0.00235036
-0.00249622
-0.00253126
-0.00184661
-0.00163387
-0.00140419
-0.00116149
-0.000888834
-0.000590862
-0.000276075
3.47047e-05
0.000329638
0.000608033
0.000860184
0.00107697
-0.00246313
-0.00243119
-0.00228732
-0.00212496
-0.00193879
-0.00207059
-0.00222619
-0.00237093
-0.00240019
-0.00174692
-0.00152729
-0.00130848
-0.00105936
-0.000774993
-0.000457512
-0.000121718
0.000213579
0.000539302
0.000822989
0.0011686
0.000449815
-0.00233666
-0.002307
-0.00216373
-0.00204168
-0.00183867
-0.00209016
-0.00209075
-0.00225024
-0.00227841
-0.0016362
-0.00143576
-0.00121696
-0.000962119
-0.000662238
-0.000321701
4.02134e-05
0.000410996
0.000734087
0.00118302
0.000540122
-0.00221697
-0.00218872
-0.00201158
-0.00192069
-0.00173074
-0.00186435
-0.00279831
-0.00229445
-0.00212754
-0.00215836
-0.00154264
-0.00135047
-0.00113275
-0.0008673
-0.000547939
-0.000183351
0.000216922
0.000584384
0.0010936
0.000568935
-0.00209621
-0.00207054
-0.00129908
-0.00207863
-0.00198913
-0.00181755
-0.0016328
-0.00176398
-0.00194379
-0.00189564
-0.00201372
-0.00145854
-0.00127487
-0.00105298
-0.000775426
-0.000434654
-3.17004e-05
0.000369305
0.000918176
0.000509598
-0.00188243
-0.00206458
-0.00201427
-0.00186756
-0.0018306
-0.00171465
-0.00154635
-0.00166841
-0.00180975
-0.00177642
-0.00196938
-0.00192672
-0.00207889
-0.00138623
-0.00120485
-0.000979305
-0.000684657
-0.00031167
9.7549e-05
0.000660562
0.00039056
-0.00209189
-0.00204317
-0.00188819
-0.00185213
-0.0017542
-0.00172923
-0.00162323
-0.00147224
-0.00158348
-0.00170747
-0.0016832
-0.00182769
-0.00179759
-0.00199356
-0.00195264
-0.00132036
-0.00114479
-0.000907866
-0.000590434
-0.000205838
0.000334572
0.000230636
-0.00190592
-0.00187203
-0.00177132
-0.00175016
-0.00166254
-0.0016389
-0.00154252
-0.00140695
-0.00150773
-0.00162033
-0.00160008
-0.001725
-0.00170221
-0.00184371
-0.00181651
-0.00126719
-0.00108761
-0.000838205
-0.000504992
-2.93884e-05
4.85989e-05
-0.00178887
-0.00176792
-0.00168052
-0.00165717
-0.00157787
-0.00155776
-0.00147194
-0.00135327
-0.00144233
-0.00154277
-0.0015218
-0.00163896
-0.00161845
-0.0017422
-0.00172013
-0.00121924
-0.00103742
-0.000768727
-0.000390829
-0.000135351
-0.00169717
-0.00167447
-0.00159572
-0.00157546
-0.00150336
-0.00148805
-0.00141083
-0.00130806
-0.00138811
-0.00147293
-0.00145577
-0.0015586
-0.00153994
-0.00165639
-0.00163387
-0.00118372
-0.000978873
-0.000710296
-0.000302072
-0.00161546
-0.00159198
-0.00151868
-0.00150508
-0.00144141
-0.00142519
-0.0013598
-0.00128008
-0.0013433
-0.00141503
-0.00140135
-0.0014866
-0.00147275
-0.00157275
-0.00155591
-0.00113861
-0.000964346
-0.000437586
-0.00153469
-0.00151874
-0.00145596
-0.00144068
-0.00138664
-0.00137383
-0.00132296
-0.00125337
-0.00131537
-0.00136734
-0.00135341
-0.00142777
-0.00141629
-0.00150079
-0.00148842
-0.00115675
-0.000539293
-0.00146927
-0.00145486
-0.00140095
-0.00138873
-0.00134189
-0.00133771
-0.00129641
-0.00132026
-0.00128726
-0.00132962
-0.001325
-0.00137798
-0.0013659
-0.00144109
-0.00142828
-0.000612641
-0.0014157
-0.00140185
-0.00135513
-0.00134764
-0.00131449
-0.00131295
-0.00130362
-0.000727505
-0.00135806
-0.00130354
-0.00129847
-0.00134049
-0.00133243
-0.00138806
-0.00137771
-0.00136648
-0.00135646
-0.00132486
-0.00132067
-0.00130134
-0.00130964
-0.00137935
-0.000674359
-0.00133309
-0.00134753
-0.00131341
-0.00130818
-0.00135094
-0.00134131
-0.00133358
-0.0013267
-0.00131164
-0.00131618
-0.00137368
-0.00143689
-0.00138847
-0.000572237
-0.00133417
-0.00134836
-0.00131954
-0.00131376
-0.00131403
-0.0013177
-0.00136461
-0.00145552
-0.00154833
-0.000590438
-0.00133273
-0.00134993
-0.00136859
-0.00145178
-0.00168995
-0.000742342
-0.0810739
-0.0809148
-0.0799912
-0.0800639
-0.080728
-0.0805699
-0.0799095
-0.079932
-0.0803208
-0.0808083
-0.0807833
-0.0809071
-0.0796622
-0.0800093
-0.0797156
-0.0802866
-0.0811539
-0.0812259
-0.081004
-0.081177
-0.0794041
-0.0797719
-0.0794511
-0.0801507
-0.0796911
-0.0820276
-0.0813274
-0.0816617
-0.0812463
-0.0814665
-0.0791058
-0.0794852
-0.0791687
-0.0803536
-0.0790597
-0.0791848
-0.0822284
-0.0821511
-0.0815354
-0.0814953
-0.0817437
-0.0817134
-0.0788544
-0.0792403
-0.0789054
-0.0805764
-0.0793034
-0.0779539
-0.0786181
-0.0789616
-0.0824425
-0.0819706
-0.0817742
-0.0819252
-0.0785926
-0.0786558
-0.0808285
-0.0795545
-0.0782079
-0.0767967
-0.0775558
-0.0780768
-0.0784143
-0.0787047
-0.0826682
-0.0820332
-0.0783141
-0.0783718
-0.0811054
-0.0798247
-0.0784766
-0.0770614
-0.0756132
-0.07633
-0.0769109
-0.0775525
-0.0776737
-0.0778719
-0.0781426
-0.0829065
-0.0823039
-0.0780117
-0.0780758
-0.0813965
-0.0801183
-0.0787629
-0.0773447
-0.0758832
-0.0744242
-0.0751428
-0.0757342
-0.0762085
-0.0767199
-0.076839
-0.077532
-0.0778085
-0.0831525
-0.0825697
-0.0777614
-0.0816826
-0.0804269
-0.079071
-0.077645
-0.0761734
-0.0746883
-0.0732776
-0.0739365
-0.0745215
-0.075021
-0.0756145
-0.0759936
-0.0762864
-0.0768155
-0.0765448
-0.0770438
-0.0774875
-0.0833938
-0.0828109
-0.081941
-0.0807295
-0.0793935
-0.0779648
-0.0764805
-0.0749732
-0.0735015
-0.071975
-0.0727674
-0.0734376
-0.0737764
-0.0743822
-0.0747949
-0.0750922
-0.0756664
-0.0753829
-0.0836131
-0.0830032
-0.0821435
-0.0810018
-0.0797081
-0.0782972
-0.0768059
-0.075278
-0.0737587
-0.0722371
-0.0706849
-0.071456
-0.0721003
-0.0726214
-0.0734163
-0.0735023
-0.0738181
-0.07445
-0.0741546
-0.0837897
-0.0830884
-0.0822243
-0.0812104
-0.0799909
-0.0786199
-0.077143
-0.0756015
-0.0740473
-0.0725019
-0.070954
-0.0694039
-0.0701824
-0.0708201
-0.0713219
-0.0719385
-0.0722997
-0.0725773
-0.0731821
-0.0733776
-0.0838715
-0.0829586
-0.0820672
-0.0812816
-0.0802034
-0.0789092
-0.0774689
-0.0759372
-0.07436
-0.0727831
-0.0712223
-0.069668
-0.0681218
-0.0689096
-0.0695441
-0.0700559
-0.070691
-0.0710784
-0.071403
-0.0720012
-0.0716868
-0.0722655
-0.0724424
-0.073556
-0.0837589
-0.0824424
-0.0814898
-0.0810893
-0.0802639
-0.0791216
-0.0777604
-0.0762621
-0.0746881
-0.0730858
-0.0714982
-0.0699333
-0.0683817
-0.066835
-0.0676331
-0.0682662
-0.068785
-0.0694198
-0.0698107
-0.0701268
-0.0707531
-0.0704383
-0.0710158
-0.0713392
-0.0719349
-0.071637
-0.0832922
-0.0813031
-0.0802462
-0.0804403
-0.0800338
-0.0791661
-0.0779681
-0.0765523
-0.0750092
-0.0734051
-0.0717917
-0.0702036
-0.0686431
-0.0670934
-0.0655545
-0.0663496
-0.0669861
-0.06751
-0.0681438
-0.0685396
-0.0688528
-0.0694773
-0.0691672
-0.0697449
-0.0700595
-0.0706818
-0.0703759
-0.0822458
-0.0792701
-0.0780597
-0.0790805
-0.079309
-0.0788929
-0.077991
-0.0767501
-0.0752947
-0.073721
-0.0721019
-0.0704896
-0.0689083
-0.0673543
-0.0658096
-0.0643024
-0.0650487
-0.0656981
-0.0662277
-0.0668673
-0.0672648
-0.0675803
-0.0682046
-0.0678931
-0.0684722
-0.0687863
-0.0694061
-0.0691034
-0.0803565
-0.0761159
-0.0747064
-0.076731
-0.0778273
-0.0780884
-0.0776694
-0.0767444
-0.075478
-0.0739986
-0.0724115
-0.0707925
-0.0691889
-0.0676184
-0.0660699
-0.0645377
-0.0629494
-0.0638166
-0.0644339
-0.0649149
-0.0655744
-0.0659907
-0.0663024
-0.0669311
-0.0666213
-0.0671986
-0.0675143
-0.0681375
-0.0678274
-0.0773982
-0.0717549
-0.0701117
-0.0731729
-0.075308
-0.0764806
-0.0767769
-0.0763652
-0.075438
-0.0741631
-0.0726788
-0.0710957
-0.0694879
-0.0678991
-0.0663385
-0.0647935
-0.0632216
-0.0615285
-0.0623843
-0.0631345
-0.0637686
-0.0643285
-0.0646731
-0.0649989
-0.0656511
-0.0653383
-0.0659257
-0.0662394
-0.0668647
-0.0665565
-0.0732753
-0.0663024
-0.0644078
-0.0683453
-0.0715398
-0.0737862
-0.0750333
-0.0753764
-0.0749948
-0.0740838
-0.0728202
-0.0713504
-0.0697859
-0.0681991
-0.0666263
-0.0650717
-0.0635069
-0.0618591
-0.0600514
-0.0609424
-0.0617105
-0.0622483
-0.0629737
-0.0633806
-0.0639766
-0.0643521
-0.064046
-0.0645963
-0.0649414
-0.06559
-0.0652767
-0.0680861
-0.060058
-0.0579139
-0.0624
-0.0664782
-0.0698032
-0.0721576
-0.0734914
-0.0739014
-0.0735693
-0.0726958
-0.0714648
-0.0700269
-0.0684942
-0.0669336
-0.0653751
-0.0638133
-0.0622021
-0.0604452
-0.0585694
-0.0594044
-0.0602245
-0.0608132
-0.0615565
-0.0619877
-0.0623614
-0.0630389
-0.0626616
-0.0631249
-0.0641618
-0.0642256
-0.0637351
-0.0621107
-0.0534119
-0.0510391
-0.0556751
-0.0602959
-0.0645076
-0.0679588
-0.0704286
-0.0718633
-0.0723617
-0.0721022
-0.0712889
-0.0701101
-0.0687203
-0.0672278
-0.065696
-0.0641455
-0.0625593
-0.0608679
-0.0589785
-0.0567623
-0.0580114
-0.0587076
-0.0592497
-0.060056
-0.060542
-0.0609381
-0.0616604
-0.0612786
-0.0619441
-0.0622926
-0.0629071
-0.0626049
-0.0630591
-0.06443
-0.0557211
-0.0467718
-0.0442096
-0.048597
-0.0533516
-0.0580955
-0.0624332
-0.0660099
-0.068604
-0.0701606
-0.0707705
-0.0706069
-0.0698755
-0.0687682
-0.0674381
-0.0659915
-0.064486
-0.0629347
-0.0612996
-0.0594876
-0.0573861
-0.0560614
-0.0548608
-0.0569348
-0.0584521
-0.0589937
-0.0594004
-0.0601779
-0.0597671
-0.0604958
-0.0608744
-0.0615992
-0.0612335
-0.0618918
-0.0622314
-0.0628684
-0.0625644
-0.0493039
-0.04053
-0.0378366
-0.0416114
-0.0460896
-0.0509466
-0.0558012
-0.0602563
-0.0639615
-0.0666955
-0.0683951
-0.0691373
-0.0690931
-0.0684663
-0.067446
-0.0661847
-0.0647853
-0.0633006
-0.0617313
-0.0600103
-0.0580209
-0.0556323
-0.0541949
-0.0554401
-0.0564413
-0.0527531
-0.0571744
-0.0587113
-0.0585549
-0.0589264
-0.059338
-0.0601199
-0.0597243
-0.0604374
-0.0608027
-0.061531
-0.0611802
-0.0432322
-0.0350492
-0.0322929
-0.0351448
-0.0389761
-0.043525
-0.0484663
-0.0534161
-0.0579839
-0.0618243
-0.0647131
-0.0665724
-0.0674714
-0.0675713
-0.0670666
-0.0661461
-0.0649596
-0.0636056
-0.0621287
-0.0605097
-0.0586557
-0.0564284
-0.0536925
-0.0519703
-0.0533671
-0.054458
-0.055084
-0.0556115
-0.0561029
-0.0565971
-0.0504512
-0.0570329
-0.0574782
-0.0573658
-0.0584476
-0.0588688
-0.0592728
-0.0600504
-0.0596708
-0.0378533
-0.0306261
-0.027872
-0.0295781
-0.0324495
-0.0363134
-0.040912
-0.045916
-0.050947
-0.0556242
-0.0596056
-0.0626607
-0.0647013
-0.0657804
-0.0660413
-0.0656762
-0.0648659
-0.0637552
-0.0624382
-0.0609444
-0.0592314
-0.057191
-0.0546604
-0.0515366
-0.0495512
-0.0510003
-0.0522217
-0.0529317
-0.0535426
-0.0540499
-0.0545639
-0.0479719
-0.0577684
-0.0584082
-0.0334648
-0.0274208
-0.0247113
-0.0251954
-0.0268963
-0.0297639
-0.0336377
-0.0382585
-0.0433028
-0.0484018
-0.0531837
-0.0573103
-0.0605448
-0.0627838
-0.0640581
-0.0645017
-0.0642889
-0.0635936
-0.0625555
-0.0612563
-0.0597091
-0.05785
-0.0555563
-0.0526634
-0.0491268
-0.0471135
-0.0483901
-0.0496699
-0.0505209
-0.0511811
-0.0517581
-0.0523272
-0.0450167
-0.030242
-0.0254015
-0.0227526
-0.0221102
-0.022587
-0.0242636
-0.0271062
-0.0309595
-0.0355733
-0.0406352
-0.0457879
-0.0506695
-0.0549427
-0.0583654
-0.0608143
-0.0623027
-0.0629406
-0.0628884
-0.0623096
-0.0613308
-0.0600205
-0.0583744
-0.0563075
-0.0536881
-0.05038
-0.0463587
-0.0438414
-0.0456505
-0.0473998
-0.0477149
-0.0484629
-0.0491585
-0.0498111
-0.0417247
-0.0281822
-0.0243658
-0.0217711
-0.0202342
-0.0196062
-0.020064
-0.0216997
-0.0244878
-0.0282881
-0.0328655
-0.0379223
-0.0431135
-0.0480854
-0.0525047
-0.0561175
-0.0587868
-0.0604978
-0.0613395
-0.0614513
-0.0609801
-0.06004
-0.058681
-0.0568794
-0.0545364
-0.051522
-0.0477481
-0.0432293
-0.0403902
-0.042268
-0.0439478
-0.0447971
-0.0456082
-0.0471129
-0.046975
-0.0381132
-0.0271072
-0.024021
-0.0214628
-0.0193197
-0.0178337
-0.017216
-0.0176437
-0.0192146
-0.0219185
-0.0256338
-0.0301463
-0.0351739
-0.040385
-0.0454348
-0.0499907
-0.0537943
-0.056684
-0.0586236
-0.0596713
-0.0599419
-0.059564
-0.0586303
-0.0571746
-0.0551562
-0.0524711
-0.0490091
-0.0447485
-0.0397466
-0.0366647
-0.0386856
-0.0405126
-0.0415096
-0.0424016
-0.0431951
-0.0440174
-0.0446359
-0.0453091
-0.047415
-0.0342039
-0.0267355
-0.0240767
-0.0215377
-0.0190536
-0.0169992
-0.0155644
-0.0149515
-0.0153339
-0.016817
-0.0194075
-0.0230086
-0.027427
-0.0323994
-0.0376072
-0.0427164
-0.0473973
-0.0513805
-0.0544885
-0.0566508
-0.057896
-0.0583148
-0.0580054
-0.0570411
-0.0554353
-0.0531382
-0.0500557
-0.046126
-0.0413752
-0.0359357
-0.0326609
-0.0347993
-0.0367533
-0.0378186
-0.0387835
-0.0396936
-0.0405938
-0.0412861
-0.042189
-0.0429745
-0.0437616
-0.0300423
-0.0267789
-0.0243058
-0.0217734
-0.0191472
-0.0167812
-0.0148177
-0.0134337
-0.0128176
-0.0131404
-0.0145142
-0.0169666
-0.0204249
-0.0247195
-0.029607
-0.0347849
-0.0399296
-0.0447142
-0.0488625
-0.0521732
-0.0545463
-0.0559774
-0.0565202
-0.0562481
-0.0552068
-0.0533963
-0.0507668
-0.0472589
-0.0428572
-0.037653
-0.0318379
-0.0284285
-0.0306533
-0.0327083
-0.033838
-0.0348632
-0.0358475
-0.0368099
-0.0375458
-0.0385311
-0.0394183
-0.0403024
-0.0256913
-0.0270038
-0.0245649
-0.0220334
-0.0193863
-0.0168957
-0.0146505
-0.0127796
-0.0114426
-0.0108169
-0.011067
-0.0123146
-0.0146065
-0.0178949
-0.022035
-0.0268053
-0.0319215
-0.0370715
-0.0419319
-0.046217
-0.0497066
-0.0522723
-0.0538646
-0.0545047
-0.05423
-0.0530643
-0.0509994
-0.048005
-0.0440644
-0.0392191
-0.0336256
-0.0275162
-0.0240356
-0.0263101
-0.0284386
-0.029611
-0.030683
-0.0317311
-0.0327401
-0.033525
-0.0345809
-0.0355327
-0.0364889
-0.0212388
-0.0272584
-0.0254093
-0.0240978
-0.0228353
-0.0196422
-0.0215905
-0.017138
-0.0147852
-0.0126616
-0.0108817
-0.00958925
-0.00894705
-0.00911624
-0.0102256
-0.0123391
-0.0154307
-0.0193843
-0.0240027
-0.0290201
-0.0341379
-0.0390387
-0.0434295
-0.0470679
-0.0497921
-0.0515168
-0.0522164
-0.0518963
-0.0505609
-0.048208
-0.0448386
-0.0404844
-0.0352532
-0.0293517
-0.023064
-0.0195678
-0.0218477
-0.0240085
-0.0252062
-0.0263041
-0.0274003
-0.0284467
-0.0292683
-0.0303668
-0.0313861
-0.032388
-0.016783
-0.0281277
-0.026751
-0.0257955
-0.025143
-0.0245328
-0.0238679
-0.0231994
-0.0225801
-0.0204001
-0.0173883
-0.0192234
-0.0220019
-0.0213716
-0.0150286
-0.0128133
-0.0108105
-0.00911987
-0.00786912
-0.0072089
-0.00729367
-0.00825541
-0.0101714
-0.013043
-0.0167789
-0.0212071
-0.0260833
-0.0311249
-0.0360216
-0.040478
-0.0442286
-0.047078
-0.0488939
-0.0496123
-0.0492047
-0.047667
-0.0450118
-0.0412766
-0.0365578
-0.0310148
-0.0249069
-0.0185862
-0.015127
-0.0173579
-0.0195079
-0.0206999
-0.0218114
-0.022927
-0.0239961
-0.0248278
-0.0259675
-0.0270213
-0.028069
-0.0124288
-0.027851
-0.0272079
-0.0265079
-0.0257988
-0.0251692
-0.024594
-0.023947
-0.0232016
-0.0226045
-0.0207429
-0.0201574
-0.0181029
-0.0152712
-0.016994
-0.0196117
-0.0190163
-0.0220594
-0.0214462
-0.0130551
-0.010976
-0.00909208
-0.00748892
-0.0062803
-0.00560133
-0.00559873
-0.00640613
-0.00811383
-0.0107427
-0.0142281
-0.0184252
-0.0231169
-0.0280358
-0.032882
-0.0373566
-0.0411751
-0.0441053
-0.0459702
-0.0466654
-0.0461356
-0.0443764
-0.0414215
-0.0373606
-0.0323402
-0.0265808
-0.0203962
-0.014169
-0.010846
-0.0129356
-0.0150307
-0.0161976
-0.0172888
-0.0184044
-0.0194728
-0.0203008
-0.0214542
-0.0225256
-0.023603
-0.00827722
-0.0278803
-0.0272751
-0.0265931
-0.020745
-0.0201806
-0.0184254
-0.0178728
-0.0159427
-0.0132881
-0.0149006
-0.0173592
-0.0167984
-0.0196656
-0.0190863
-0.0112136
-0.00926831
-0.00750026
-0.0059839
-0.00481624
-0.00412041
-0.00403225
-0.00468338
-0.00617241
-0.00853818
-0.0117419
-0.015666
-0.0201221
-0.0248688
-0.0296165
-0.0340622
-0.0379017
-0.0408664
-0.0427371
-0.0433714
-0.0426977
-0.0407128
-0.0374863
-0.0331527
-0.027914
-0.0220559
-0.0159179
-0.00989899
-0.00685384
-0.00869481
-0.0106779
-0.0117923
-0.0128413
-0.0139308
-0.0149758
-0.0157882
-0.0169171
-0.01799
-0.0190635
-0.00440571
-0.0184272
-0.0178945
-0.016245
-0.0157248
-0.0139171
-0.0114354
-0.0129403
-0.0152422
-0.014716
-0.0174092
-0.0168637
-0.00949951
-0.007684
-0.00602942
-0.00459727
-0.00347285
-0.00276267
-0.00259289
-0.00308862
-0.00435237
-0.0064372
-0.00932888
-0.0129403
-0.0171142
-0.0216372
-0.0262358
-0.0306041
-0.0344173
-0.0373724
-0.0392096
-0.0397569
-0.0389255
-0.0367315
-0.0332755
-0.0287387
-0.0233886
-0.0175394
-0.0115724
-0.00589433
-0.00308094
-0.00491508
-0.00661414
-0.00758346
-0.00857012
-0.00961101
-0.0106093
-0.011378
-0.0124696
-0.0135092
-0.0145625
-0.000920042
-0.0162466
-0.015745
-0.0141995
-0.0137111
-0.0120225
-0.00970911
-0.0111094
-0.0132589
-0.0127662
-0.0152881
-0.0147763
-0.00790728
-0.00621715
-0.0046717
-0.00332328
-0.00224255
-0.00152391
-0.00127779
-0.00162095
-0.00265507
-0.00444192
-0.00699338
-0.0102531
-0.0141023
-0.0183554
-0.022758
-0.0270041
-0.0307491
-0.0336559
-0.0354297
-0.035869
-0.034888
-0.0325121
-0.0288817
-0.0242322
-0.0188637
-0.0131484
-0.00747715
-0.00227225
0.00031338
-0.00121654
-0.00288851
-0.00399418
-0.00467612
-0.00556363
-0.00646176
-0.00716756
-0.00820445
-0.00919627
-0.010209
0.00209148
-0.0142006
-0.0137296
-0.0122853
-0.0118279
-0.0102549
-0.00810431
-0.00940359
-0.0114053
-0.0109454
-0.0133005
-0.0128215
-0.00643052
-0.00486025
-0.00342084
-0.00215411
-0.00112005
-0.000397117
-8.17651e-05
-0.000277839
-0.00107875
-0.00255715
-0.0047429
-0.00761863
-0.0111021
-0.0150443
-0.0192128
-0.0233005
-0.0269434
-0.029773
-0.0314611
-0.0317917
-0.0306719
-0.0281549
-0.0244222
-0.0197416
-0.014472
-0.00900328
-0.00374597
0.00088145
0.0031732
0.00196074
0.000555485
-0.00027534
-0.00106093
-0.00192912
-0.00281494
-0.00386715
-0.00412838
-0.00507186
-0.00604536
0.00456718
-0.0122857
-0.0118446
-0.0104987
-0.0100714
-0.00860965
-0.00661468
-0.00781764
-0.00967747
-0.00924913
-0.0114429
-0.0109959
-0.00506233
-0.00360732
-0.00226952
-0.00108317
-9.71311e-05
0.000623872
0.00100138
0.000948733
0.000379298
-0.000779337
-0.00258077
-0.00504442
-0.0081315
-0.0117351
-0.0156425
-0.0195471
-0.0230656
-0.0257987
-0.0273939
-0.0276161
-0.0263862
-0.0237815
-0.0200113
-0.0154015
-0.010329
-0.00521215
-0.000477194
0.00351379
0.00547811
0.00458517
0.00342599
0.00276811
0.00210406
0.00136758
0.000636495
8.78835e-05
-0.000724865
-0.00151388
-0.00232405
-0.00378596
0.00647889
-0.0104983
-0.0100862
-0.00883491
-0.00843656
-0.00708118
-0.00523359
-0.00634543
-0.0080702
-0.00767217
-0.00971107
-0.00929483
-0.00379699
-0.00245139
-0.00121074
-0.000103209
0.000832786
0.00154798
0.00198175
0.00206634
0.00172992
0.000898085
-0.000505846
-0.00254019
-0.00521664
-0.0084665
-0.0121007
-0.015812
-0.0191962
-0.0218266
-0.0233273
-0.023459
-0.0221515
-0.0195068
-0.0157818
-0.0113215
-0.00654355
-0.00188332
0.00227409
0.00557723
0.00722974
0.00665141
0.00574771
0.00526539
0.00473037
0.00413141
0.00352213
0.00307596
0.00238235
0.00168202
0.000933308
0.000392624
-0.000413847
-0.00120798
-0.00194936
0.00783728
-0.00883369
-0.00844944
-0.00728873
-0.00691795
-0.00566304
-0.00395494
-0.00498064
-0.00657758
-0.00620822
-0.00809998
-0.00771329
-0.00262843
-0.00138558
-0.000237757
0.000793053
0.00167885
0.00238408
0.00286921
0.00308905
0.00298702
0.00248406
0.00148275
-0.000120133
-0.00238613
-0.00528489
-0.00865243
-0.0121745
-0.0154278
-0.0179586
-0.0193753
-0.0194343
-0.0180832
-0.0154567
-0.0118376
-0.00761755
-0.00322201
0.000927844
0.00445237
0.00707078
0.00842963
0.00812967
0.00750416
0.00719636
0.00679795
0.00634191
0.00586018
0.00552662
0.00497307
0.0044038
0.0037834
0.00335234
0.00266618
0.00196116
0.00122447
0.00871015
-0.00728658
-0.00692883
-0.00585358
-0.00550896
-0.00434932
-0.00277253
-0.00371723
-0.0051933
-0.00485124
-0.00660364
-0.00624488
-0.00154962
-0.000402743
0.000656498
0.00161368
0.00245009
0.00314534
0.00368092
0.00403583
0.00416658
0.00399231
0.00338481
0.00219864
0.000325931
-0.00224714
-0.00536906
-0.00872108
-0.0118578
-0.0143006
-0.0156446
-0.0156514
-0.0142913
-0.0117302
-0.00829093
-0.00437388
-0.000419761
0.00316617
0.00604611
0.00803129
0.0092203
0.00903627
0.00863834
0.00852203
0.00827742
0.00797111
0.00762755
0.00741044
0.00700258
0.00657147
0.00608761
0.00576859
0.0052239
0.00465327
0.00404681
0.00908763
-0.00585043
-0.00551786
-0.00452381
-0.00420396
-0.00313384
-0.00167967
-0.00254906
-0.00391151
-0.00359511
-0.00521582
-0.00488364
-0.000553159
0.000503693
0.00147933
0.00236745
0.00315693
0.00384394
0.00443373
0.00492701
0.00529105
0.00543251
0.00519817
0.00439782
0.00287538
0.000587985
-0.00232679
-0.00553991
-0.00858126
-0.0109496
-0.0122329
-0.0122053
-0.0108667
-0.00841853
-0.00520513
-0.00165364
0.00181157
0.00480874
0.00707352
0.00847097
0.00952039
0.00971142
0.00942485
0.00925192
0.00899226
0.00877529
0.00865508
0.00843216
0.0081547
0.00781742
0.00761873
0.00721859
0.00678737
0.00631741
0.0089628
-0.00451965
-0.00421088
-0.00329315
-0.00299672
-0.00201031
-0.000669229
-0.00146941
-0.00272618
-0.00243392
-0.00393067
-0.00362349
0.000368082
0.00134064
0.00224011
0.00306526
0.00381193
0.00449734
0.00514981
0.00578621
0.00637673
0.00681537
0.00691569
0.00644818
0.00521736
0.0031581
0.000398429
-0.00271268
-0.00568231
-0.00798884
-0.00921991
-0.00917185
-0.00787835
-0.00557568
-0.00263827
0.000507296
0.00345821
0.00587557
0.00755452
0.00838969
0.00932098
0.00980404
0.00979115
0.00989527
0.00966364
0.00967932
0.00890111
0.0094004
0.00882272
0.00883066
0.00861336
0.00833886
0.00801531
0.0083637
-0.00328802
-0.00300182
-0.0021557
-0.0018811
-0.000971713
0.000266074
-0.000471349
-0.00163074
-0.00136074
-0.00274228
-0.00245862
0.00122184
0.00211735
0.00294901
0.00371587
0.00442877
0.00512442
0.00585096
0.00663522
0.0074412
0.00814175
0.00852227
0.00831741
0.00730532
0.00540044
0.00273987
-0.000309534
-0.00322756
-0.00547817
-0.00665848
-0.00659493
-0.00536272
-0.00323719
-0.000612621
0.0020991
0.00452382
0.00638441
0.00750602
0.00783681
0.00865869
0.00939653
0.00960614
0.0099034
0.00996801
0.0101664
0.0100811
0.0098631
0.0100382
0.00909954
0.00900018
0.00733782
-0.0021497
-0.00188451
-0.00110422
-0.000849813
-1.08128e-05
0.00113463
0.000452718
-0.000618151
-0.000368717
-0.00164404
-0.00138201
0.00201787
0.0028447
0.00361584
0.00433192
0.00502312
0.00574601
0.00656062
0.00749217
0.00849119
0.00940816
0.00999698
0.0099712
0.00908679
0.00726157
0.00464146
0.00161929
-0.00125968
-0.00345209
-0.0045739
-0.00449364
-0.00333537
-0.00141102
0.000881197
0.00314934
0.00505386
0.00636476
0.00698439
0.00678904
0.00763214
0.0085805
0.0089742
0.0094396
0.00972175
0.0100504
0.010075
0.0101437
0.0101835
0.0061447
-0.00109738
-0.000851645
-0.000131832
0.000104156
0.000880487
0.00194766
0.00131127
0.000319022
0.000550014
-0.000628861
-0.000386816
0.00276472
0.00353293
0.00424984
0.00492555
0.00561473
0.00638357
0.00729627
0.00836833
0.00952833
0.0105979
0.0113106
0.0113657
0.0105203
0.00869817
0.00606651
0.00304717
0.000205043
-0.0019162
-0.00296366
-0.00285861
-0.00177899
-6.84675e-05
0.00188267
0.00369276
0.00508046
0.00589202
0.00594453
0.00564413
0.00638231
0.00743488
0.00797931
0.00860124
0.00905936
0.00951342
0.00961819
0.00989455
0.00983941
0.00395833
-0.000124223
0.000103782
0.000769761
0.000989231
0.00171257
0.00270989
0.00211563
0.00118919
0.0014037
0.000310705
0.000534915
0.00346565
0.00419217
0.00486034
0.00551573
0.00622262
0.00705497
0.00807108
0.00926511
0.010537
0.0116846
0.0124274
0.0124656
0.0115682
0.00968298
0.00700166
0.00397208
0.00117771
-0.000849529
-0.00180067
-0.0016584
-0.000652202
0.00084775
0.00243467
0.00378792
0.00468655
0.00490675
0.00487567
0.00310142
0.00460277
0.00608656
0.00674593
0.0074669
0.00805961
0.00863172
0.0088046
0.00925126
0.00911021
0.00429512
0.000778128
0.000990288
0.00160958
0.00181475
0.00249845
0.00339967
0.00288147
0.00200254
0.00220229
0.0011831
0.00139149
0.00415005
0.00482926
0.00546531
0.00611933
0.00686356
0.0077724
0.00888514
0.0101684
0.0114924
0.0126329
0.013307
0.0132328
0.012209
0.0102084
0.00745316
0.0044189
0.00169601
-0.000206489
-0.00103128
-0.000831973
0.000103082
0.00137209
0.002605
0.00349999
0.00382802
0.00393909
0.00216681
0.00445079
0.00392712
0.00432868
0.00530176
0.00613302
0.0068207
0.00749709
0.00771339
0.00828524
0.00807921
0.00161838
0.00181705
0.00239859
0.00259214
0.00323079
0.00411007
0.0035372
0.00277607
0.00296608
0.00199804
0.00219245
0.00481735
0.00546035
0.00607986
0.00674941
0.00754732
0.00853511
0.00972443
0.0110504
0.0123524
0.0133963
0.0139103
0.013645
0.0124337
0.0102867
0.007456
0.0044348
0.00181396
7.56262e-05
-0.000588852
-0.000308063
0.000560806
0.00161202
0.00245234
0.00285444
0.00297286
0.00131616
0.00435107
0.00251996
0.00392982
0.00483026
0.00551537
0.00613674
0.00644431
0.00711247
0.00685335
0.00240609
0.00259436
0.00316232
0.00334304
0.00391708
0.00481138
0.00430044
0.00348483
0.00356997
0.0027704
0.00295961
0.00547277
0.00609349
0.00671255
0.00741181
0.00827085
0.00932649
0.0105576
0.0118648
0.013067
0.0139284
0.0142034
0.0136852
0.0122532
0.00995301
0.00706018
0.00408231
0.00161024
8.16827e-05
-0.000385883
-1.93882e-05
0.000792314
0.0015671
0.00206581
0.00210608
0.000749521
0.00387108
0.00229096
0.00379525
0.00396261
0.00551191
0.0056963
0.00504692
0.00317899
0.00339073
0.00384969
0.00404561
0.0046393
0.0054861
0.0049882
0.00420789
0.00439027
0.00359162
0.00343419
0.00612606
0.00673545
0.00736524
0.00810078
0.0090142
0.0101135
0.0113372
0.0125564
0.0135789
0.0141832
0.0141628
0.0133583
0.011695
0.00925317
0.00632936
0.00344175
0.00117006
-0.00010118
-0.000353303
0.000132795
0.000824802
0.00145036
0.00140674
0.000580178
0.0029172
0.00133292
0.00323169
0.00376917
0.00349888
0.00403357
0.00610837
0.00397593
0.00408134
0.00455543
0.00473637
0.00532746
0.00615308
0.00566749
0.00490032
0.00507667
0.0042228
0.00438989
0.00327554
0.0067753
0.00737977
0.00802603
0.00879602
0.00974388
0.010848
0.0120059
0.0130655
0.0138387
0.0141321
0.0137838
0.0126845
0.0108048
0.00825228
0.00534443
0.00260542
0.000588658
-0.000392284
-0.000386825
0.000138562
0.000891057
0.000855263
0.000778425
0.00149349
0.00125791
0.00318684
0.00384899
0.00357404
0.00396745
0.00406492
0.00456821
0.00474374
0.00525046
0.00542557
0.00601293
0.00681347
0.00634143
0.00559162
0.00576261
0.00490655
0.00508077
0.00422424
0.00438993
0.00741873
0.00801724
0.00867367
0.0094626
0.0104154
0.0114748
0.0125083
0.0133428
0.0138129
0.0137647
0.0130838
0.0117065
0.00964275
0.00702644
0.00419312
0.00166373
-4.77707e-05
-0.00068623
-0.000488324
0.000297709
0.000367329
0.00114393
-0.000232698
0.00457476
0.00474661
0.00526335
0.00543719
0.005942
0.00611197
0.00669106
0.00745778
0.00700701
0.00627792
0.00644316
0.00560056
0.00577247
0.00491545
0.0050871
0.00803597
0.00862002
0.00927446
0.0100601
0.0109805
0.0119453
0.0127966
0.0133572
0.0134932
0.0130999
0.0121054
0.0104849
0.0082827
0.0056593
0.00296393
0.000706043
-0.00063605
-0.000967938
-0.000365563
-0.000167173
0.00138699
-0.00196677
0.00527305
0.00544409
0.00595514
0.00612679
0.00662691
0.00679103
0.0073533
0.0080713
0.00764952
0.006956
0.00711417
0.00628989
0.00645955
0.00561191
0.005782
0.00861273
0.00916697
0.00979825
0.0105512
0.0113983
0.0122224
0.0128434
0.0131025
0.0128982
0.0121794
0.0109095
0.00909331
0.00680018
0.00422827
0.00174396
-0.000164938
-0.00113672
-0.000980265
-0.000763109
0.0012741
-0.00337855
0.0059669
0.00613674
0.00664212
0.00681118
0.00729843
0.00745414
0.00798236
0.00863335
0.00825668
0.00761365
0.00776045
0.00697244
0.00713801
0.00630383
0.00647308
0.00911867
0.00962797
0.0102179
0.0109092
0.0116449
0.0122843
0.0126445
0.0125945
0.0120697
0.0110592
0.00955962
0.00760307
0.0052884
0.00283886
0.000633295
-0.000894656
-0.00134712
-0.00132033
0.000756513
-0.0042209
0.00665756
0.00682611
0.00731682
0.00748016
0.00793775
0.0080817
0.00856238
0.0091237
0.00880269
0.00823299
0.00836703
0.00763539
0.00779168
0.00699129
0.00715728
0.00954368
0.00999327
0.0105203
0.0111216
0.0117098
0.0121286
0.012217
0.0118703
0.0110605
0.00980267
0.00812644
0.00608629
0.0038102
0.00155762
-0.00030077
-0.00132707
-0.00166669
6.15218e-06
-0.00441377
0.00733729
0.00750058
0.00796015
0.00811291
0.00853096
0.00865874
0.00906746
0.00952703
0.00927197
0.00879353
0.00890687
0.00825808
0.00840226
0.00765892
0.00781612
0.00986888
0.0102492
0.0106991
0.0111851
0.0115937
0.0117729
0.0115919
0.0109745
0.00991986
0.00846663
0.00667048
0.00461432
0.00246173
0.000480804
-0.000944088
-0.00168296
-0.000689298
-0.00405157
0.00798501
0.00813784
0.0085553
0.00869251
0.00904671
0.00915327
0.00948728
0.00983558
0.00964764
0.00926909
0.00936207
0.0088203
0.00894346
0.00828504
0.00842954
0.0100987
0.0104017
0.0107573
0.0111027
0.0113108
0.0112444
0.010805
0.00995184
0.00870034
0.00710542
0.00525129
0.00324801
0.00128491
-0.000338538
-0.00138681
-0.0011007
-0.00334768
0.00858173
0.00871849
0.00907125
0.00918607
0.00947566
0.00955982
0.00980994
0.010047
0.0099293
0.00965205
0.0097212
0.0092926
0.00939413
0.00884726
0.00897067
0.0102276
0.0104492
0.0106971
0.0108842
0.0108821
0.010574
0.009897
0.00884431
0.00744673
0.00576889
0.00391611
0.00203967
0.000359122
-0.000886923
-0.00117155
-0.00254788
0.00909731
0.00921148
0.00949599
0.00958785
0.00980472
0.00986603
0.0100382
0.0101633
0.0101092
0.00993653
0.00998529
0.0096711
0.00974742
0.00931819
0.00941913
0.0102674
0.0104011
0.0105271
0.0105434
0.0103267
0.00979173
0.00891177
0.00769884
0.00619905
0.00449597
0.0027121
0.00103209
-0.000325096
-0.000995997
-0.001838
0.00951924
0.00960975
0.00982055
0.00988773
0.0100415
0.010079
0.0101656
0.0101906
0.0101941
0.0101225
0.0101455
0.00994863
0.010003
0.00969212
0.00976753
0.0102163
0.0102575
0.0102554
0.0100947
0.00967147
0.00893595
0.00788201
0.0065426
0.00499022
0.00332727
0.0016758
0.000221463
-0.000719751
-0.00129622
0.00983861
0.00990396
0.0100505
0.0100929
0.0101717
0.0101847
0.0102047
0.0101329
0.0101887
0.0102049
0.0102078
0.010128
0.0101549
0.00996294
0.0100154
0.0100829
0.0100298
0.00989199
0.00955499
0.00894607
0.00803636
0.00683698
0.00541287
0.00386999
0.00229655
0.000767891
-0.000442213
-0.000926142
0.0100603
0.0101005
0.010173
0.0101888
0.0102116
0.0102036
0.0101576
0.00999168
0.010099
0.0102008
0.0101828
0.0102005
0.010206
0.0101333
0.0101585
0.0098715
0.00972516
0.00944796
0.00894919
0.00817412
0.00710242
0.00578313
0.00434331
0.00287501
0.0013336
-0.000138826
-0.000717913
0.0101743
0.0101883
0.0102026
0.0101976
0.0101655
0.0101371
0.0100248
0.00977607
0.00990896
0.0101141
0.0100762
0.0101888
0.0101733
0.0101976
0.0102014
0.00960058
0.0093513
0.00894267
0.00829602
0.00735764
0.006142
0.00477834
0.0033995
0.00190484
0.000235781
-0.000639253
0.0101959
0.0101895
0.0101493
0.0101239
0.010039
0.00998272
0.00976937
0.00952153
0.00965436
0.00992799
0.00984683
0.0100967
0.010062
0.0101789
0.0101625
0.00927075
0.00892048
0.00838992
0.00759272
0.0064925
0.00519189
0.00387787
0.00245447
0.000674549
-0.000532446
0.0101369
0.0101112
0.0100184
0.00996768
0.00975036
0.00956431
0.00954923
0.0092166
0.00942101
0.0095894
0.00991281
0.00984259
0.0100825
0.010048
0.00888562
0.00844174
0.00778452
0.00682118
0.00559635
0.00433274
0.00299598
0.00115197
-0.000387206
0.0100029
0.00995336
0.00977086
0.00978611
0.0095057
0.0092846
0.00886013
0.00912203
0.00939054
0.00957005
0.00961256
0.00989702
0.00982739
0.00845587
0.0079087
0.00709478
0.00597262
0.00474776
0.00350447
0.00166462
-0.000228811
0.00974273
0.00968883
0.00952746
0.00947481
0.00925719
0.00896338
0.00845193
0.00877273
0.00910345
0.00935242
0.0094157
0.00796173
0.0072817
0.00629525
0.0051106
0.00394447
0.00218903
-4.1916e-05
0.00928117
0.00921115
0.00894644
0.00859483
0.00798377
0.00837412
0.00876915
0.00905962
0.00913419
0.00738474
0.00653689
0.00541215
0.00427936
0.00268127
0.000199711
0.00897871
0.00890131
0.00859461
0.0081728
0.00742985
0.00791511
0.00839379
0.00873236
0.00881338
0.00667851
0.00564042
0.00449235
0.00307971
0.000509147
0.00864435
0.00856111
0.00819646
0.00767806
0.00675835
0.00736606
0.00796395
0.00837345
0.00846211
0.00580203
0.00461104
0.00332338
0.00087041
0.0082755
0.0081822
0.0077319
0.0070764
0.00591125
0.0066895
0.00745205
0.0079659
0.00806804
0.00470104
0.00340217
0.00122567
0.00785198
0.00774114
0.0071659
0.00631929
0.00481731
0.00581975
0.00681671
0.00748047
0.0076051
0.0034087
0.00148688
0.0073417
0.00720104
0.00644822
0.00532699
0.0034546
0.00465793
0.00599419
0.00687219
0.00703387
0.00159536
0.00669572
0.00650779
0.00549822
0.00399248
0.00174058
0.00309491
0.00488718
0.0060746
0.00629489
0.00584027
0.00557816
0.00420688
0.00232701
0.00122232
0.00336634
0.00498978
0.00529892
0.00467757
0.00430998
0.00250818
0.00142382
0.00349176
0.00393453
0.00307337
0.00245208
0.00104347
0.00200267
)
;

boundaryField
{
    inlet
    {
        type            zeroGradient;
    }
    outlet
    {
        type            fixedValue;
        value           uniform 0;
    }
    wall
    {
        type            zeroGradient;
    }
    front
    {
        type            empty;
    }
    back
    {
        type            empty;
    }
    vanem
    {
        type            zeroGradient;
    }
    vaneu
    {
        type            zeroGradient;
    }
    vanel
    {
        type            zeroGradient;
    }
    procBoundary1to0
    {
        type            processor;
        value           nonuniform List<scalar> 
57
(
-0.00898504
-0.00898058
-0.00895436
-0.00893367
-0.00892158
-0.00893014
-0.0089669
-0.00903755
-0.00914626
-0.00928701
-0.00944692
-0.00960374
-0.00974669
-0.0829504
-0.0831328
-0.0833244
-0.0835241
-0.0837337
-0.0839503
-0.0841631
-0.0843574
-0.0845146
-0.0845888
-0.0844877
-0.0840633
-0.0831021
-0.0813498
-0.0785814
-0.074695
-0.0697752
-0.0640836
-0.0579712
-0.0518034
-0.045932
-0.0406874
-0.0363627
-0.0331456
-0.0310572
-0.0299458
-0.0295484
-0.0295816
-0.0298156
-0.0300942
-0.00981577
-0.0098019
-0.0098019
-0.0821419
-0.0295341
-0.0285318
-0.0826002
-0.0822051
-0.0285374
-0.00988526
-0.00987242
-0.0822051
-0.00992794
-0.0285318
)
;
    }
}


// ************************************************************************* //
