/*--------------------------------*- C++ -*----------------------------------*\
| =========                 |                                                 |
| \\      /  F ield         | OpenFOAM: The Open Source CFD Toolbox           |
|  \\    /   O peration     | Version:  v1912                                 |
|   \\  /    A nd           | Website:  www.openfoam.com                      |
|    \\/     M anipulation  |                                                 |
\*---------------------------------------------------------------------------*/
FoamFile
{
    version     2.0;
    format      ascii;
    class       labelList;
    note        "nPoints:13466  nCells:5889  nFaces:24398  nInternalFaces:11562";
    location    "constant/polyMesh";
    object      neighbour;
}
// * * * * * * * * * * * * * * * * * * * * * * * * * * * * * * * * * * * * * //


11562
(
1758
1760
3
1561
1562
1560
1761
1763
5
1564
1565
1563
1764
1766
7
1567
1568
1566
1767
1769
14
1570
1571
9
20
10
21
11
22
12
23
24
1569
1770
1772
36
1573
1574
16
40
17
41
18
42
19
43
20
44
21
45
22
46
23
47
24
48
25
49
26
50
27
51
28
52
29
53
30
54
31
55
32
56
33
57
34
58
59
2158
1572
1773
1775
37
61
1576
1577
38
62
39
63
40
64
41
65
42
66
43
67
44
68
45
69
46
70
47
71
48
72
49
73
50
74
51
75
52
76
53
77
54
78
55
79
56
80
57
81
58
82
59
83
84
2183
1575
1776
1778
62
86
1579
1580
63
87
64
88
65
89
66
90
67
91
68
92
69
93
70
94
71
95
72
96
73
97
74
98
75
99
76
100
77
101
78
102
79
103
80
104
81
105
82
106
83
107
84
108
109
2208
1578
1779
1781
87
111
1582
1583
88
112
89
113
90
114
91
115
92
116
93
117
94
118
95
119
96
120
97
121
98
122
99
123
100
124
101
125
102
126
103
127
104
128
105
129
106
130
107
131
108
132
109
133
134
2233
1581
1782
1784
112
136
1585
1586
113
137
114
138
115
139
116
140
117
141
118
142
119
143
120
144
121
145
122
146
123
147
124
148
125
149
126
150
127
151
128
152
129
153
130
154
131
155
132
156
133
157
134
158
159
2258
1584
1785
1787
137
161
1588
1589
138
162
139
163
140
164
141
165
142
166
143
167
144
168
145
169
146
170
147
171
148
172
149
173
150
174
151
175
152
176
153
177
154
178
155
179
156
180
157
181
158
182
159
183
184
2283
1587
1788
1790
162
186
1591
1592
163
187
164
188
165
189
166
190
167
191
168
192
169
193
170
194
171
195
172
196
173
197
174
198
175
199
176
200
177
201
178
202
179
203
180
204
181
205
182
206
183
207
184
208
209
2308
1590
1791
1793
187
211
1594
1595
188
212
189
213
190
214
191
215
192
216
193
217
194
218
195
219
196
220
197
221
198
222
199
223
200
224
201
225
202
226
203
227
204
228
205
229
206
230
207
231
208
232
209
233
234
2333
1593
1794
1796
212
236
1597
1598
213
237
214
238
215
239
216
240
217
241
218
242
219
243
220
244
221
245
222
246
223
247
224
248
225
249
226
250
227
251
228
252
229
253
230
254
231
255
232
256
233
257
234
258
259
2358
1596
1797
1799
237
261
1600
1601
238
262
239
263
240
264
241
265
242
266
243
267
244
268
245
269
246
270
247
271
248
272
249
273
250
274
251
275
252
276
253
277
254
278
255
279
256
280
257
281
258
282
259
283
284
2383
1599
1800
1802
262
286
1603
1604
263
287
264
288
265
289
266
290
267
291
268
292
269
293
270
294
271
295
272
296
273
297
274
298
275
299
276
300
277
301
278
302
279
303
280
304
281
305
282
306
283
307
284
308
309
2408
1602
1803
1805
287
311
1606
1607
288
312
289
313
290
314
291
315
292
316
293
317
294
318
295
319
296
320
297
321
298
322
299
323
300
324
301
325
302
326
303
327
304
328
305
329
306
330
307
331
308
332
309
333
334
2433
1605
1806
1808
312
336
1609
1610
313
337
314
338
315
339
316
340
317
341
318
342
319
343
320
344
321
345
322
346
323
347
324
348
325
349
326
350
327
351
328
352
329
353
330
354
331
355
332
356
333
357
334
358
359
2458
1608
1809
1811
337
361
1612
1613
338
362
339
363
340
364
341
365
342
366
343
367
344
368
345
369
346
370
347
371
348
372
349
373
350
374
351
375
352
376
353
377
354
378
355
379
356
380
357
381
358
382
359
383
384
2483
1611
1812
1814
362
386
1615
1616
363
387
364
388
365
389
366
390
367
391
368
392
369
393
370
394
371
395
372
396
373
397
374
398
375
399
376
400
377
401
378
402
379
403
380
404
381
405
382
406
383
407
384
408
409
2508
1614
1815
1817
387
411
1618
1619
388
412
389
413
390
414
391
415
392
416
393
417
394
418
395
419
396
420
397
421
398
422
399
423
400
424
401
425
402
426
403
427
404
428
405
429
406
430
407
431
408
432
409
433
434
2533
1617
1818
1820
412
436
1621
1622
413
437
414
438
415
439
416
440
417
441
418
442
419
443
420
444
421
445
422
446
423
447
424
448
425
449
426
450
427
451
428
452
429
453
430
454
431
455
432
456
433
457
434
458
459
2558
1620
1821
1823
437
461
1624
1625
438
462
439
463
440
464
441
465
442
466
443
467
444
468
445
469
446
470
447
471
448
472
449
473
450
474
451
475
452
476
453
477
454
478
455
479
456
480
457
481
458
482
459
483
484
2583
1623
1824
1826
462
486
1627
1628
463
487
464
488
465
489
466
490
467
491
468
492
469
493
470
494
471
495
472
496
473
497
474
498
475
499
476
500
477
501
478
502
479
503
480
504
481
505
482
506
483
507
484
508
509
2608
1626
1827
1829
487
511
1630
1631
488
512
489
513
490
514
491
515
492
516
493
517
494
518
495
519
496
520
497
521
498
522
499
523
500
524
501
525
502
526
503
527
504
528
505
529
506
530
507
531
508
532
509
533
534
2633
1629
1830
1832
512
536
1633
1634
513
537
514
538
515
539
516
540
517
541
518
542
519
543
520
544
521
545
522
546
523
547
524
548
525
549
526
550
527
551
528
552
529
553
530
554
531
555
532
556
533
557
534
558
559
2658
1632
1833
1835
537
561
1636
1637
538
562
539
563
540
564
541
565
542
566
543
567
544
568
545
569
546
570
547
571
548
572
549
573
550
574
551
575
552
576
553
577
554
578
555
579
556
580
557
581
558
582
559
583
584
2683
1635
1836
1838
562
586
1639
1640
563
587
564
588
565
589
566
590
567
591
568
592
569
593
570
594
571
595
572
596
573
597
574
598
575
599
576
600
577
601
578
602
579
603
580
604
581
605
582
606
583
607
584
608
609
2708
1638
1839
1841
587
611
1642
1643
588
612
589
613
590
614
591
615
592
616
593
617
594
618
595
619
596
620
597
621
598
622
599
623
600
624
601
625
602
626
603
627
604
628
605
629
606
630
607
631
608
632
609
633
634
2733
1641
1842
1844
612
636
1645
1646
613
637
614
638
615
639
616
640
617
641
618
642
619
643
620
644
621
645
622
646
623
647
624
648
625
649
626
650
627
651
628
652
629
653
630
654
631
655
632
656
633
657
634
658
659
2758
1644
1845
1847
637
661
1648
1649
638
662
639
663
640
664
641
665
642
666
643
667
644
668
645
669
646
670
647
671
648
672
649
673
650
674
651
675
652
676
653
677
654
678
655
679
656
680
657
681
658
682
659
683
684
2783
1647
1848
1850
662
686
1651
1652
663
687
664
688
665
689
666
690
667
691
668
692
669
693
670
694
671
695
672
696
673
697
674
698
675
699
676
700
677
701
678
702
679
703
680
704
681
705
682
706
683
707
684
708
709
2808
1650
1851
1853
687
711
1654
1655
688
712
689
713
690
714
691
715
692
716
693
717
694
718
695
719
696
720
697
721
698
722
699
723
700
724
701
725
702
726
703
727
704
728
705
729
706
730
707
731
708
732
709
733
734
2833
1653
1854
1856
712
736
1657
1658
713
737
714
738
715
739
716
740
717
741
718
742
719
743
720
744
721
745
722
746
723
747
724
748
725
749
726
750
727
751
728
752
729
753
730
754
731
755
732
756
733
757
734
758
759
2858
1656
1857
1859
737
761
1660
1661
738
762
739
763
740
764
741
765
742
766
743
767
744
768
745
769
746
770
747
771
748
772
749
773
750
774
751
775
752
776
753
777
754
778
755
779
756
780
757
781
758
782
759
783
784
2883
1659
1860
1862
762
786
1663
1664
763
787
764
788
765
789
766
790
767
791
768
792
769
793
770
794
771
795
772
796
773
797
774
798
775
799
776
800
777
801
778
802
779
803
780
804
781
805
782
806
783
807
784
808
809
2908
1662
1863
1865
787
811
1666
1667
788
812
789
813
790
814
791
815
792
816
793
817
794
818
795
819
796
820
797
821
798
822
799
823
800
824
801
825
802
826
803
827
804
828
805
829
806
830
807
831
808
832
809
833
834
2933
1665
1866
1868
812
836
1669
1670
813
837
814
838
815
839
816
840
817
841
818
842
819
843
820
844
821
845
822
846
823
847
824
848
825
849
826
850
827
851
828
852
829
853
830
854
831
855
832
856
833
857
834
858
859
2958
1668
1869
1871
837
861
1672
1673
838
862
839
863
840
864
841
865
842
866
843
867
844
868
845
869
846
870
847
871
848
872
849
873
850
874
851
875
852
876
853
877
854
878
855
879
856
880
857
881
858
882
859
883
884
2983
1671
1872
1874
862
886
1675
1676
863
887
864
888
865
889
866
890
867
891
868
892
869
893
870
894
871
895
872
896
873
897
874
898
875
899
876
900
877
901
878
902
879
903
880
904
881
905
882
906
883
907
884
908
909
3008
1674
1875
1877
887
911
1678
1679
888
912
889
913
890
914
891
915
892
916
893
917
894
918
895
919
896
920
897
921
898
922
899
923
900
924
901
925
902
926
903
927
904
928
905
929
906
930
907
931
908
932
909
933
934
3033
1677
1878
1880
912
936
1681
1682
913
937
914
938
915
939
916
940
917
941
918
942
919
943
920
944
921
945
922
946
923
947
924
948
925
949
926
950
927
951
928
952
929
953
930
954
931
955
932
956
933
957
934
958
959
3058
1680
1881
1883
937
961
1684
1685
938
962
939
963
940
964
941
965
942
966
943
967
944
968
945
969
946
970
947
971
948
972
949
973
950
974
951
975
952
976
953
977
954
978
955
979
956
980
957
981
958
982
959
983
984
3083
1683
1884
1886
962
986
1687
1688
963
987
964
988
965
989
966
990
967
991
968
992
969
993
970
994
971
995
972
996
973
997
974
998
975
999
976
1000
977
1001
978
1002
979
1003
980
1004
981
1005
982
1006
983
1007
984
1008
1009
3108
1686
1887
1889
987
1011
1690
1691
988
1012
989
1013
990
1014
991
1015
992
1016
993
1017
994
1018
995
1019
996
1020
997
1021
998
1022
999
1023
1000
1024
1001
1025
1002
1026
1003
1027
1004
1028
1005
1029
1006
1030
1007
1031
1008
1032
1009
1033
1034
3133
1689
1890
1892
1012
1036
1693
1694
1013
1037
1014
1038
1015
1039
1016
1040
1017
1041
1018
1042
1019
1043
1020
1044
1021
1045
1022
1046
1023
1047
1024
1048
1025
1049
1026
1050
1027
1051
1028
1052
1029
1053
1030
1054
1031
1055
1032
1056
1033
1057
1034
1058
1059
3158
1692
1893
1895
1037
1061
1696
1697
1038
1062
1039
1063
1040
1064
1041
1065
1042
1066
1043
1067
1044
1068
1045
1069
1046
1070
1047
1071
1048
1072
1049
1073
1050
1074
1051
1075
1052
1076
1053
1077
1054
1078
1055
1079
1056
1080
1057
1081
1058
1082
1059
1083
1084
3183
1695
1896
1898
1062
1086
1699
1700
1063
1087
1064
1088
1065
1089
1066
1090
1067
1091
1068
1092
1069
1093
1070
1094
1071
1095
1072
1096
1073
1097
1074
1098
1075
1099
1076
1100
1077
1101
1078
1102
1079
1103
1080
1104
1081
1105
1082
1106
1083
1107
1084
1108
1109
3208
1698
1899
1901
1087
1111
1702
1703
1088
1112
1089
1113
1090
1114
1091
1115
1092
1116
1093
1117
1094
1118
1095
1119
1096
1120
1097
1121
1098
1122
1099
1123
1100
1124
1101
1125
1102
1126
1103
1127
1104
1128
1105
1129
1106
1130
1107
1131
1108
1132
1109
1133
1134
3233
1701
1902
1904
1112
1136
1705
1706
1113
1137
1114
1138
1115
1139
1116
1140
1117
1141
1118
1142
1119
1143
1120
1144
1121
1145
1122
1146
1123
1147
1124
1148
1125
1149
1126
1150
1127
1151
1128
1152
1129
1153
1130
1154
1131
1155
1132
1156
1133
1157
1134
1158
1159
3258
1704
1905
1907
1137
1161
1708
1709
1138
1162
1139
1163
1140
1164
1141
1165
1142
1166
1143
1167
1144
1168
1145
1169
1146
1170
1147
1171
1148
1172
1149
1173
1150
1174
1151
1175
1152
1176
1153
1177
1154
1178
1155
1179
1156
1180
1157
1181
1158
1182
1159
1183
1184
3283
1707
1908
1910
1162
1186
1711
1712
1163
1187
1164
1188
1165
1189
1166
1190
1167
1191
1168
1192
1169
1193
1170
1194
1171
1195
1172
1196
1173
1197
1174
1198
1175
1199
1176
1200
1177
1201
1178
1202
1179
1203
1180
1204
1181
1205
1182
1206
1183
1207
1184
1208
1209
3308
1710
1911
1913
1187
1211
1714
1715
1188
1212
1189
1213
1190
1214
1191
1215
1192
1216
1193
1217
1194
1218
1195
1219
1196
1220
1197
1221
1198
1222
1199
1223
1200
1224
1201
1225
1202
1226
1203
1227
1204
1228
1205
1229
1206
1230
1207
1231
1208
1232
1209
1233
1234
3333
1713
1914
1916
1212
1236
1717
1718
1213
1237
1214
1238
1215
1239
1216
1240
1217
1241
1218
1242
1219
1243
1220
1244
1221
1245
1222
1246
1223
1247
1224
1248
1225
1249
1226
1250
1227
1251
1228
1252
1229
1253
1230
1254
1231
1255
1232
1256
1233
1257
1234
1258
1259
3358
1716
1917
1919
1237
1261
1720
1721
1238
1262
1239
1263
1240
1264
1241
1265
1242
1266
1243
1267
1244
1268
1245
1269
1246
1270
1247
1271
1248
1272
1249
1273
1250
1274
1251
1275
1252
1276
1253
1277
1254
1278
1255
1279
1256
1280
1257
1281
1258
1282
1259
1283
1284
3383
1719
1920
1922
1262
1286
1723
1724
1263
1287
1264
1288
1265
1289
1266
1290
1267
1291
1268
1292
1269
1293
1270
1294
1271
1295
1272
1296
1273
1297
1274
1298
1275
1299
1276
1300
1277
1301
1278
1302
1279
1303
1280
1304
1281
1305
1282
1306
1283
1307
1284
1308
1309
3408
1722
1923
1925
1287
1311
1726
1727
1288
1312
1289
1313
1290
1314
1291
1315
1292
1316
1293
1317
1294
1318
1295
1319
1296
1320
1297
1321
1298
1322
1299
1323
1300
1324
1301
1325
1302
1326
1303
1327
1304
1328
1305
1329
1306
1330
1307
1331
1308
1332
1309
1333
1334
3433
1725
1926
1928
1312
1336
1729
1730
1313
1337
1314
1338
1315
1339
1316
1340
1317
1341
1318
1342
1319
1343
1320
1344
1321
1345
1322
1346
1323
1347
1324
1348
1325
1349
1326
1350
1327
1351
1328
1352
1329
1353
1330
1354
1331
1355
1332
1356
1333
1357
1334
1358
1359
3458
1728
1929
1931
1337
1361
1732
1733
1338
1362
1339
1363
1340
1364
1341
1365
1342
1366
1343
1367
1344
1368
1345
1369
1346
1370
1347
1371
1348
1372
1349
1373
1350
1374
1351
1375
1352
1376
1353
1377
1354
1378
1355
1379
1356
1380
1357
1381
1358
1382
1359
1383
1384
3483
1731
1932
1934
1362
1386
1735
1736
1363
1387
1364
1388
1365
1389
1366
1390
1367
1391
1368
1392
1369
1393
1370
1394
1371
1395
1372
1396
1373
1397
1374
1398
1375
1399
1376
1400
1377
1401
1378
1402
1379
1403
1380
1404
1381
1405
1382
1406
1383
1407
1384
1408
1409
3508
1734
1935
1937
1387
1411
1738
1739
1388
1412
1389
1413
1390
1414
1391
1415
1392
1416
1393
1417
1394
1418
1395
1419
1396
1420
1397
1421
1398
1422
1399
1423
1400
1424
1401
1425
1402
1426
1403
1427
1404
1428
1405
1429
1406
1430
1407
1431
1408
1432
1409
1433
1434
3533
1737
1938
1940
1412
1436
1741
1742
1413
1437
1414
1438
1415
1439
1416
1440
1417
1441
1418
1442
1419
1443
1420
1444
1421
1445
1422
1446
1423
1447
1424
1448
1425
1449
1426
1450
1427
1451
1428
1452
1429
1453
1430
1454
1431
1455
1432
1456
1433
1457
1434
1458
1459
3558
1740
1941
1943
1437
1461
1744
1745
1438
1462
1439
1463
1440
1464
1441
1465
1442
1466
1443
1467
1444
1468
1445
1469
1446
1470
1447
1471
1448
1472
1449
1473
1450
1474
1451
1475
1452
1476
1453
1477
1454
1478
1455
1479
1456
1480
1457
1481
1458
1482
1459
1483
1484
3583
1743
1944
1946
1462
1486
1747
1748
1463
1487
1464
1488
1465
1489
1466
1490
1467
1491
1468
1492
1469
1493
1470
1494
1471
1495
1472
1496
1473
1497
1474
1498
1475
1499
1476
1500
1477
1501
1478
1502
1479
1503
1480
1504
1481
1505
1482
1506
1483
1507
1484
1508
1509
3608
1746
1947
1949
1487
1511
1750
1751
1488
1512
1489
1513
1490
1514
1491
1515
1492
1516
1493
1517
1494
1518
1495
1519
1496
1520
1497
1521
1498
1522
1499
1523
1500
1524
1501
1525
1502
1526
1503
1527
1504
1528
1505
1529
1506
1530
1507
1531
1508
1532
1509
1533
1534
3633
1749
1950
1952
1512
1536
1753
1754
1513
1537
1514
1538
1515
1539
1516
1540
1517
1541
1518
1542
1519
1543
1520
1544
1521
1545
1522
1546
1523
1547
1524
1548
1525
1549
1526
1550
1527
1551
1528
1552
1529
1553
1530
1554
1531
1555
1532
1556
1533
1557
1534
1558
1559
3658
1752
1953
1955
1537
1756
1757
1538
1539
1540
1541
1542
1543
1544
1545
1546
1547
1548
1549
1550
1551
1552
1553
1554
1555
1556
1557
1558
1559
3683
1956
1958
1562
1565
1956
1957
1759
1760
1959
1961
1565
1568
1959
1960
1762
1763
1962
1964
1568
1571
1962
1963
1765
1766
1965
1967
1571
1574
1965
1966
1768
1769
1968
1970
1574
1577
1968
1969
1771
1772
1971
1973
1577
1580
1971
1972
1774
1775
1974
1976
1580
1583
1974
1975
1777
1778
1977
1979
1583
1586
1977
1978
1780
1781
1980
1982
1586
1589
1980
1981
1783
1784
1983
1985
1589
1592
1983
1984
1786
1787
1986
1988
1592
1595
1986
1987
1789
1790
1989
1991
1595
1598
1989
1990
1792
1793
1992
1994
1598
1601
1992
1993
1795
1796
1995
1997
1601
1604
1995
1996
1798
1799
1998
2000
1604
1607
1998
1999
1801
1802
2001
2003
1607
1610
2001
2002
1804
1805
2004
2006
1610
1613
2004
2005
1807
1808
2007
2009
1613
1616
2007
2008
1810
1811
2010
2012
1616
1619
2010
2011
1813
1814
2013
2015
1619
1622
2013
2014
1816
1817
2016
2018
1622
1625
2016
2017
1819
1820
2019
2021
1625
1628
2019
2020
1822
1823
2022
2024
1628
1631
2022
2023
1825
1826
2025
2027
1631
1634
2025
2026
1828
1829
2028
2030
1634
1637
2028
2029
1831
1832
2031
2033
1637
1640
2031
2032
1834
1835
2034
2036
1640
1643
2034
2035
1837
1838
2037
2039
1643
1646
2037
2038
1840
1841
2040
2042
1646
1649
2040
2041
1843
1844
2043
2045
1649
1652
2043
2044
1846
1847
2046
2048
1652
1655
2046
2047
1849
1850
2049
2051
1655
1658
2049
2050
1852
1853
2052
2054
1658
1661
2052
2053
1855
1856
2055
2057
1661
1664
2055
2056
1858
1859
2058
2060
1664
1667
2058
2059
1861
1862
2061
2063
1667
1670
2061
2062
1864
1865
2064
2066
1670
1673
2064
2065
1867
1868
2067
2069
1673
1676
2067
2068
1870
1871
2070
2072
1676
1679
2070
2071
1873
1874
2073
2075
1679
1682
2073
2074
1876
1877
2076
2078
1682
1685
2076
2077
1879
1880
2079
2081
1685
1688
2079
2080
1882
1883
2082
2084
1688
1691
2082
2083
1885
1886
2085
2087
1691
1694
2085
2086
1888
1889
2088
2090
1694
1697
2088
2089
1891
1892
2091
2093
1697
1700
2091
2092
1894
1895
2094
2096
1700
1703
2094
2095
1897
1898
2097
2099
1703
1706
2097
2098
1900
1901
2100
2102
1706
1709
2100
2101
1903
1904
2103
2105
1709
1712
2103
2104
1906
1907
2106
2108
1712
1715
2106
2107
1909
1910
2109
2111
1715
1718
2109
2110
1912
1913
2112
2114
1718
1721
2112
2113
1915
1916
2115
2117
1721
1724
2115
2116
1918
1919
2118
2120
1724
1727
2118
2119
1921
1922
2121
2123
1727
1730
2121
2122
1924
1925
2124
2126
1730
1733
2124
2125
1927
1928
2127
2129
1733
1736
2127
2128
1930
1931
2130
2132
1736
1739
2130
2131
1933
1934
2133
2135
1739
1742
2133
2134
1936
1937
2136
2138
1742
1745
2136
2137
1939
1940
2139
2141
1745
1748
2139
2140
1942
1943
2142
2144
1748
1751
2142
2143
1945
1946
2145
2147
1751
1754
2145
2146
1948
1949
2148
2150
1754
1757
2148
2149
1951
1952
2151
2153
1757
2151
2152
1954
1955
1759
1958
1760
1957
1762
1961
1763
1960
1956
1765
1964
1766
1963
1959
1768
1967
1769
1966
1962
1771
1970
1772
1969
1965
1774
1973
1775
1972
1968
1777
1976
1778
1975
1971
1780
1979
1781
1978
1974
1783
1982
1784
1981
1977
1786
1985
1787
1984
1980
1789
1988
1790
1987
1983
1792
1991
1793
1990
1986
1795
1994
1796
1993
1989
1798
1997
1799
1996
1992
1801
2000
1802
1999
1995
1804
2003
1805
2002
1998
1807
2006
1808
2005
2001
1810
2009
1811
2008
2004
1813
2012
1814
2011
2007
1816
2015
1817
2014
2010
1819
2018
1820
2017
2013
1822
2021
1823
2020
2016
1825
2024
1826
2023
2019
1828
2027
1829
2026
2022
1831
2030
1832
2029
2025
1834
2033
1835
2032
2028
1837
2036
1838
2035
2031
1840
2039
1841
2038
2034
1843
2042
1844
2041
2037
1846
2045
1847
2044
2040
1849
2048
1850
2047
2043
1852
2051
1853
2050
2046
1855
2054
1856
2053
2049
1858
2057
1859
2056
2052
1861
2060
1862
2059
2055
1864
2063
1865
2062
2058
1867
2066
1868
2065
2061
1870
2069
1871
2068
2064
1873
2072
1874
2071
2067
1876
2075
1877
2074
2070
1879
2078
1880
2077
2073
1882
2081
1883
2080
2076
1885
2084
1886
2083
2079
1888
2087
1889
2086
2082
1891
2090
1892
2089
2085
1894
2093
1895
2092
2088
1897
2096
1898
2095
2091
1900
2099
1901
2098
2094
1903
2102
1904
2101
2097
1906
2105
1907
2104
2100
1909
2108
1910
2107
2103
1912
2111
1913
2110
2106
1915
2114
1916
2113
2109
1918
2117
1919
2116
2112
1921
2120
1922
2119
2115
1924
2123
1925
2122
2118
1927
2126
1928
2125
2121
1930
2129
1931
2128
2124
1933
2132
1934
2131
2127
1936
2135
1937
2134
2130
1939
2138
1940
2137
2133
1942
2141
1943
2140
2136
1945
2144
1946
2143
2139
1948
2147
1949
2146
2142
1951
2150
1952
2149
2145
1954
2153
1955
2152
2148
1957
1958
1960
1961
1963
1964
1966
1967
1969
1970
1972
1973
1975
1976
1978
1979
1981
1982
1984
1985
1987
1988
1990
1991
1993
1994
1996
1997
1999
2000
2002
2003
2005
2006
2008
2009
2011
2012
2014
2015
2017
2018
2020
2021
2023
2024
2026
2027
2029
2030
2032
2033
2035
2036
2038
2039
2041
2042
2044
2045
2047
2048
2050
2051
2053
2054
2056
2057
2059
2060
2062
2063
2065
2066
2068
2069
2071
2072
2074
2075
2077
2078
2080
2081
2083
2084
2086
2087
2089
2090
2092
2093
2095
2096
2098
2099
2101
2102
2104
2105
2107
2108
2110
2111
2113
2114
2116
2117
2119
2120
2122
2123
2125
2126
2128
2129
2131
2132
2134
2135
2137
2138
2140
2141
2143
2144
2146
2147
2149
2150
2152
2153
2155
2156
3710
3708
3710
3908
3909
2157
2181
3713
3710
3713
3914
3915
2159
2183
2160
2184
2161
2185
2162
2186
2163
2187
2164
2188
2165
2189
2166
2190
2167
2191
2168
2192
2169
2193
2170
2194
2171
2195
2172
2196
2173
2197
2174
2198
2175
2199
2176
2200
2177
2201
2178
2202
2179
2203
2180
2204
2181
2205
2182
2206
3716
3713
3716
3920
3921
2184
2208
2185
2209
2186
2210
2187
2211
2188
2212
2189
2213
2190
2214
2191
2215
2192
2216
2193
2217
2194
2218
2195
2219
2196
2220
2197
2221
2198
2222
2199
2223
2200
2224
2201
2225
2202
2226
2203
2227
2204
2228
2205
2229
2206
2230
2207
2231
3719
3716
3719
3926
3927
2209
2233
2210
2234
2211
2235
2212
2236
2213
2237
2214
2238
2215
2239
2216
2240
2217
2241
2218
2242
2219
2243
2220
2244
2221
2245
2222
2246
2223
2247
2224
2248
2225
2249
2226
2250
2227
2251
2228
2252
2229
2253
2230
2254
2231
2255
2232
2256
3722
3719
3722
3932
3933
2234
2258
2235
2259
2236
2260
2237
2261
2238
2262
2239
2263
2240
2264
2241
2265
2242
2266
2243
2267
2244
2268
2245
2269
2246
2270
2247
2271
2248
2272
2249
2273
2250
2274
2251
2275
2252
2276
2253
2277
2254
2278
2255
2279
2256
2280
2257
2281
3725
3722
3725
3938
3939
2259
2283
2260
2284
2261
2285
2262
2286
2263
2287
2264
2288
2265
2289
2266
2290
2267
2291
2268
2292
2269
2293
2270
2294
2271
2295
2272
2296
2273
2297
2274
2298
2275
2299
2276
2300
2277
2301
2278
2302
2279
2303
2280
2304
2281
2305
2282
2306
3728
3725
3728
3944
3945
2284
2308
2285
2309
2286
2310
2287
2311
2288
2312
2289
2313
2290
2314
2291
2315
2292
2316
2293
2317
2294
2318
2295
2319
2296
2320
2297
2321
2298
2322
2299
2323
2300
2324
2301
2325
2302
2326
2303
2327
2304
2328
2305
2329
2306
2330
2307
2331
3731
3728
3731
3950
3951
2309
2333
2310
2334
2311
2335
2312
2336
2313
2337
2314
2338
2315
2339
2316
2340
2317
2341
2318
2342
2319
2343
2320
2344
2321
2345
2322
2346
2323
2347
2324
2348
2325
2349
2326
2350
2327
2351
2328
2352
2329
2353
2330
2354
2331
2355
2332
2356
3734
3731
3734
3956
3957
2334
2358
2335
2359
2336
2360
2337
2361
2338
2362
2339
2363
2340
2364
2341
2365
2342
2366
2343
2367
2344
2368
2345
2369
2346
2370
2347
2371
2348
2372
2349
2373
2350
2374
2351
2375
2352
2376
2353
2377
2354
2378
2355
2379
2356
2380
2357
2381
3737
3734
3737
3962
3963
2359
2383
2360
2384
2361
2385
2362
2386
2363
2387
2364
2388
2365
2389
2366
2390
2367
2391
2368
2392
2369
2393
2370
2394
2371
2395
2372
2396
2373
2397
2374
2398
2375
2399
2376
2400
2377
2401
2378
2402
2379
2403
2380
2404
2381
2405
2382
2406
3740
3737
3740
3968
3969
2384
2408
2385
2409
2386
2410
2387
2411
2388
2412
2389
2413
2390
2414
2391
2415
2392
2416
2393
2417
2394
2418
2395
2419
2396
2420
2397
2421
2398
2422
2399
2423
2400
2424
2401
2425
2402
2426
2403
2427
2404
2428
2405
2429
2406
2430
2407
2431
3743
3740
3743
3974
3975
2409
2433
2410
2434
2411
2435
2412
2436
2413
2437
2414
2438
2415
2439
2416
2440
2417
2441
2418
2442
2419
2443
2420
2444
2421
2445
2422
2446
2423
2447
2424
2448
2425
2449
2426
2450
2427
2451
2428
2452
2429
2453
2430
2454
2431
2455
2432
2456
3746
3743
3746
3980
3981
2434
2458
2435
2459
2436
2460
2437
2461
2438
2462
2439
2463
2440
2464
2441
2465
2442
2466
2443
2467
2444
2468
2445
2469
2446
2470
2447
2471
2448
2472
2449
2473
2450
2474
2451
2475
2452
2476
2453
2477
2454
2478
2455
2479
2456
2480
2457
2481
3749
3746
3749
3986
3987
2459
2483
2460
2484
2461
2485
2462
2486
2463
2487
2464
2488
2465
2489
2466
2490
2467
2491
2468
2492
2469
2493
2470
2494
2471
2495
2472
2496
2473
2497
2474
2498
2475
2499
2476
2500
2477
2501
2478
2502
2479
2503
2480
2504
2481
2505
2482
2506
3752
3749
3752
3992
3993
2484
2508
2485
2509
2486
2510
2487
2511
2488
2512
2489
2513
2490
2514
2491
2515
2492
2516
2493
2517
2494
2518
2495
2519
2496
2520
2497
2521
2498
2522
2499
2523
2500
2524
2501
2525
2502
2526
2503
2527
2504
2528
2505
2529
2506
2530
2507
2531
3755
3752
3755
3998
3999
2509
2533
2510
2534
2511
2535
2512
2536
2513
2537
2514
2538
2515
2539
2516
2540
2517
2541
2518
2542
2519
2543
2520
2544
2521
2545
2522
2546
2523
2547
2524
2548
2525
2549
2526
2550
2527
2551
2528
2552
2529
2553
2530
2554
2531
2555
2532
2556
3758
3755
3758
4004
4005
2534
2558
2535
2559
2536
2560
2537
2561
2538
2562
2539
2563
2540
2564
2541
2565
2542
2566
2543
2567
2544
2568
2545
2569
2546
2570
2547
2571
2548
2572
2549
2573
2550
2574
2551
2575
2552
2576
2553
2577
2554
2578
2555
2579
2556
2580
2557
2581
3761
3758
3761
4010
4011
2559
2583
2560
2584
2561
2585
2562
2586
2563
2587
2564
2588
2565
2589
2566
2590
2567
2591
2568
2592
2569
2593
2570
2594
2571
2595
2572
2596
2573
2597
2574
2598
2575
2599
2576
2600
2577
2601
2578
2602
2579
2603
2580
2604
2581
2605
2582
2606
3764
3761
3764
4016
4017
2584
2608
2585
2609
2586
2610
2587
2611
2588
2612
2589
2613
2590
2614
2591
2615
2592
2616
2593
2617
2594
2618
2595
2619
2596
2620
2597
2621
2598
2622
2599
2623
2600
2624
2601
2625
2602
2626
2603
2627
2604
2628
2605
2629
2606
2630
2607
2631
3767
3764
3767
4022
4023
2609
2633
2610
2634
2611
2635
2612
2636
2613
2637
2614
2638
2615
2639
2616
2640
2617
2641
2618
2642
2619
2643
2620
2644
2621
2645
2622
2646
2623
2647
2624
2648
2625
2649
2626
2650
2627
2651
2628
2652
2629
2653
2630
2654
2631
2655
2632
2656
3770
3767
3770
4028
4029
2634
2658
2635
2659
2636
2660
2637
2661
2638
2662
2639
2663
2640
2664
2641
2665
2642
2666
2643
2667
2644
2668
2645
2669
2646
2670
2647
2671
2648
2672
2649
2673
2650
2674
2651
2675
2652
2676
2653
2677
2654
2678
2655
2679
2656
2680
2657
2681
3773
3770
3773
4034
4035
2659
2683
2660
2684
2661
2685
2662
2686
2663
2687
2664
2688
2665
2689
2666
2690
2667
2691
2668
2692
2669
2693
2670
2694
2671
2695
2672
2696
2673
2697
2674
2698
2675
2699
2676
2700
2677
2701
2678
2702
2679
2703
2680
2704
2681
2705
2682
2706
3776
3773
3776
4040
4041
2684
2708
2685
2709
2686
2710
2687
2711
2688
2712
2689
2713
2690
2714
2691
2715
2692
2716
2693
2717
2694
2718
2695
2719
2696
2720
2697
2721
2698
2722
2699
2723
2700
2724
2701
2725
2702
2726
2703
2727
2704
2728
2705
2729
2706
2730
2707
2731
3779
3776
3779
4046
4047
2709
2733
2710
2734
2711
2735
2712
2736
2713
2737
2714
2738
2715
2739
2716
2740
2717
2741
2718
2742
2719
2743
2720
2744
2721
2745
2722
2746
2723
2747
2724
2748
2725
2749
2726
2750
2727
2751
2728
2752
2729
2753
2730
2754
2731
2755
2732
2756
3782
3779
3782
4052
4053
2734
2758
2735
2759
2736
2760
2737
2761
2738
2762
2739
2763
2740
2764
2741
2765
2742
2766
2743
2767
2744
2768
2745
2769
2746
2770
2747
2771
2748
2772
2749
2773
2750
2774
2751
2775
2752
2776
2753
2777
2754
2778
2755
2779
2756
2780
2757
2781
3785
3782
3785
4058
4059
2759
2783
2760
2784
2761
2785
2762
2786
2763
2787
2764
2788
2765
2789
2766
2790
2767
2791
2768
2792
2769
2793
2770
2794
2771
2795
2772
2796
2773
2797
2774
2798
2775
2799
2776
2800
2777
2801
2778
2802
2779
2803
2780
2804
2781
2805
2782
2806
3788
3785
3788
4064
4065
2784
2808
2785
2809
2786
2810
2787
2811
2788
2812
2789
2813
2790
2814
2791
2815
2792
2816
2793
2817
2794
2818
2795
2819
2796
2820
2797
2821
2798
2822
2799
2823
2800
2824
2801
2825
2802
2826
2803
2827
2804
2828
2805
2829
2806
2830
2807
2831
3791
3788
3791
4070
4071
2809
2833
2810
2834
2811
2835
2812
2836
2813
2837
2814
2838
2815
2839
2816
2840
2817
2841
2818
2842
2819
2843
2820
2844
2821
2845
2822
2846
2823
2847
2824
2848
2825
2849
2826
2850
2827
2851
2828
2852
2829
2853
2830
2854
2831
2855
2832
2856
3794
3791
3794
4076
4077
2834
2858
2835
2859
2836
2860
2837
2861
2838
2862
2839
2863
2840
2864
2841
2865
2842
2866
2843
2867
2844
2868
2845
2869
2846
2870
2847
2871
2848
2872
2849
2873
2850
2874
2851
2875
2852
2876
2853
2877
2854
2878
2855
2879
2856
2880
2857
2881
3797
3794
3797
4082
4083
2859
2883
2860
2884
2861
2885
2862
2886
2863
2887
2864
2888
2865
2889
2866
2890
2867
2891
2868
2892
2869
2893
2870
2894
2871
2895
2872
2896
2873
2897
2874
2898
2875
2899
2876
2900
2877
2901
2878
2902
2879
2903
2880
2904
2881
2905
2882
2906
3800
3797
3800
4088
4089
2884
2908
2885
2909
2886
2910
2887
2911
2888
2912
2889
2913
2890
2914
2891
2915
2892
2916
2893
2917
2894
2918
2895
2919
2896
2920
2897
2921
2898
2922
2899
2923
2900
2924
2901
2925
2902
2926
2903
2927
2904
2928
2905
2929
2906
2930
2907
2931
3803
3800
3803
4094
4095
2909
2933
2910
2934
2911
2935
2912
2936
2913
2937
2914
2938
2915
2939
2916
2940
2917
2941
2918
2942
2919
2943
2920
2944
2921
2945
2922
2946
2923
2947
2924
2948
2925
2949
2926
2950
2927
2951
2928
2952
2929
2953
2930
2954
2931
2955
2932
2956
3806
3803
3806
4100
4101
2934
2958
2935
2959
2936
2960
2937
2961
2938
2962
2939
2963
2940
2964
2941
2965
2942
2966
2943
2967
2944
2968
2945
2969
2946
2970
2947
2971
2948
2972
2949
2973
2950
2974
2951
2975
2952
2976
2953
2977
2954
2978
2955
2979
2956
2980
2957
2981
3809
3806
3809
4106
4107
2959
2983
2960
2984
2961
2985
2962
2986
2963
2987
2964
2988
2965
2989
2966
2990
2967
2991
2968
2992
2969
2993
2970
2994
2971
2995
2972
2996
2973
2997
2974
2998
2975
2999
2976
3000
2977
3001
2978
3002
2979
3003
2980
3004
2981
3005
2982
3006
3812
3809
3812
4112
4113
2984
3008
2985
3009
2986
3010
2987
3011
2988
3012
2989
3013
2990
3014
2991
3015
2992
3016
2993
3017
2994
3018
2995
3019
2996
3020
2997
3021
2998
3022
2999
3023
3000
3024
3001
3025
3002
3026
3003
3027
3004
3028
3005
3029
3006
3030
3007
3031
3815
3812
3815
4118
4119
3009
3033
3010
3034
3011
3035
3012
3036
3013
3037
3014
3038
3015
3039
3016
3040
3017
3041
3018
3042
3019
3043
3020
3044
3021
3045
3022
3046
3023
3047
3024
3048
3025
3049
3026
3050
3027
3051
3028
3052
3029
3053
3030
3054
3031
3055
3032
3056
3818
3815
3818
4124
4125
3034
3058
3035
3059
3036
3060
3037
3061
3038
3062
3039
3063
3040
3064
3041
3065
3042
3066
3043
3067
3044
3068
3045
3069
3046
3070
3047
3071
3048
3072
3049
3073
3050
3074
3051
3075
3052
3076
3053
3077
3054
3078
3055
3079
3056
3080
3057
3081
3821
3818
3821
4130
4131
3059
3083
3060
3084
3061
3085
3062
3086
3063
3087
3064
3088
3065
3089
3066
3090
3067
3091
3068
3092
3069
3093
3070
3094
3071
3095
3072
3096
3073
3097
3074
3098
3075
3099
3076
3100
3077
3101
3078
3102
3079
3103
3080
3104
3081
3105
3082
3106
3824
3821
3824
4136
4137
3084
3108
3085
3109
3086
3110
3087
3111
3088
3112
3089
3113
3090
3114
3091
3115
3092
3116
3093
3117
3094
3118
3095
3119
3096
3120
3097
3121
3098
3122
3099
3123
3100
3124
3101
3125
3102
3126
3103
3127
3104
3128
3105
3129
3106
3130
3107
3131
3827
3824
3827
4142
4143
3109
3133
3110
3134
3111
3135
3112
3136
3113
3137
3114
3138
3115
3139
3116
3140
3117
3141
3118
3142
3119
3143
3120
3144
3121
3145
3122
3146
3123
3147
3124
3148
3125
3149
3126
3150
3127
3151
3128
3152
3129
3153
3130
3154
3131
3155
3132
3156
3830
3827
3830
4148
4149
3134
3158
3135
3159
3136
3160
3137
3161
3138
3162
3139
3163
3140
3164
3141
3165
3142
3166
3143
3167
3144
3168
3145
3169
3146
3170
3147
3171
3148
3172
3149
3173
3150
3174
3151
3175
3152
3176
3153
3177
3154
3178
3155
3179
3156
3180
3157
3181
3833
3830
3833
4154
4155
3159
3183
3160
3184
3161
3185
3162
3186
3163
3187
3164
3188
3165
3189
3166
3190
3167
3191
3168
3192
3169
3193
3170
3194
3171
3195
3172
3196
3173
3197
3174
3198
3175
3199
3176
3200
3177
3201
3178
3202
3179
3203
3180
3204
3181
3205
3182
3206
3836
3833
3836
4160
4161
3184
3208
3185
3209
3186
3210
3187
3211
3188
3212
3189
3213
3190
3214
3191
3215
3192
3216
3193
3217
3194
3218
3195
3219
3196
3220
3197
3221
3198
3222
3199
3223
3200
3224
3201
3225
3202
3226
3203
3227
3204
3228
3205
3229
3206
3230
3207
3231
3839
3836
3839
4166
4167
3209
3233
3210
3234
3211
3235
3212
3236
3213
3237
3214
3238
3215
3239
3216
3240
3217
3241
3218
3242
3219
3243
3220
3244
3221
3245
3222
3246
3223
3247
3224
3248
3225
3249
3226
3250
3227
3251
3228
3252
3229
3253
3230
3254
3231
3255
3232
3256
3842
3839
3842
4172
4173
3234
3258
3235
3259
3236
3260
3237
3261
3238
3262
3239
3263
3240
3264
3241
3265
3242
3266
3243
3267
3244
3268
3245
3269
3246
3270
3247
3271
3248
3272
3249
3273
3250
3274
3251
3275
3252
3276
3253
3277
3254
3278
3255
3279
3256
3280
3257
3281
3845
3842
3845
4178
4179
3259
3283
3260
3284
3261
3285
3262
3286
3263
3287
3264
3288
3265
3289
3266
3290
3267
3291
3268
3292
3269
3293
3270
3294
3271
3295
3272
3296
3273
3297
3274
3298
3275
3299
3276
3300
3277
3301
3278
3302
3279
3303
3280
3304
3281
3305
3282
3306
3848
3845
3848
4184
4185
3284
3308
3285
3309
3286
3310
3287
3311
3288
3312
3289
3313
3290
3314
3291
3315
3292
3316
3293
3317
3294
3318
3295
3319
3296
3320
3297
3321
3298
3322
3299
3323
3300
3324
3301
3325
3302
3326
3303
3327
3304
3328
3305
3329
3306
3330
3307
3331
3851
3848
3851
4190
4191
3309
3333
3310
3334
3311
3335
3312
3336
3313
3337
3314
3338
3315
3339
3316
3340
3317
3341
3318
3342
3319
3343
3320
3344
3321
3345
3322
3346
3323
3347
3324
3348
3325
3349
3326
3350
3327
3351
3328
3352
3329
3353
3330
3354
3331
3355
3332
3356
3854
3851
3854
4196
4197
3334
3358
3335
3359
3336
3360
3337
3361
3338
3362
3339
3363
3340
3364
3341
3365
3342
3366
3343
3367
3344
3368
3345
3369
3346
3370
3347
3371
3348
3372
3349
3373
3350
3374
3351
3375
3352
3376
3353
3377
3354
3378
3355
3379
3356
3380
3357
3381
3857
3854
3857
4202
4203
3359
3383
3360
3384
3361
3385
3362
3386
3363
3387
3364
3388
3365
3389
3366
3390
3367
3391
3368
3392
3369
3393
3370
3394
3371
3395
3372
3396
3373
3397
3374
3398
3375
3399
3376
3400
3377
3401
3378
3402
3379
3403
3380
3404
3381
3405
3382
3406
3860
3857
3860
4208
4209
3384
3408
3385
3409
3386
3410
3387
3411
3388
3412
3389
3413
3390
3414
3391
3415
3392
3416
3393
3417
3394
3418
3395
3419
3396
3420
3397
3421
3398
3422
3399
3423
3400
3424
3401
3425
3402
3426
3403
3427
3404
3428
3405
3429
3406
3430
3407
3431
3863
3860
3863
4214
4215
3409
3433
3410
3434
3411
3435
3412
3436
3413
3437
3414
3438
3415
3439
3416
3440
3417
3441
3418
3442
3419
3443
3420
3444
3421
3445
3422
3446
3423
3447
3424
3448
3425
3449
3426
3450
3427
3451
3428
3452
3429
3453
3430
3454
3431
3455
3432
3456
3866
3863
3866
4220
4221
3434
3458
3435
3459
3436
3460
3437
3461
3438
3462
3439
3463
3440
3464
3441
3465
3442
3466
3443
3467
3444
3468
3445
3469
3446
3470
3447
3471
3448
3472
3449
3473
3450
3474
3451
3475
3452
3476
3453
3477
3454
3478
3455
3479
3456
3480
3457
3481
3869
3866
3869
4226
4227
3459
3483
3460
3484
3461
3485
3462
3486
3463
3487
3464
3488
3465
3489
3466
3490
3467
3491
3468
3492
3469
3493
3470
3494
3471
3495
3472
3496
3473
3497
3474
3498
3475
3499
3476
3500
3477
3501
3478
3502
3479
3503
3480
3504
3481
3505
3482
3506
3872
3869
3872
4232
4233
3484
3508
3485
3509
3486
3510
3487
3511
3488
3512
3489
3513
3490
3514
3491
3515
3492
3516
3493
3517
3494
3518
3495
3519
3496
3520
3497
3521
3498
3522
3499
3523
3500
3524
3501
3525
3502
3526
3503
3527
3504
3528
3505
3529
3506
3530
3507
3531
3875
3872
3875
4238
4239
3509
3533
3510
3534
3511
3535
3512
3536
3513
3537
3514
3538
3515
3539
3516
3540
3517
3541
3518
3542
3519
3543
3520
3544
3521
3545
3522
3546
3523
3547
3524
3548
3525
3549
3526
3550
3527
3551
3528
3552
3529
3553
3530
3554
3531
3555
3532
3556
3878
3875
3878
4244
4245
3534
3558
3535
3559
3536
3560
3537
3561
3538
3562
3539
3563
3540
3564
3541
3565
3542
3566
3543
3567
3544
3568
3545
3569
3546
3570
3547
3571
3548
3572
3549
3573
3550
3574
3551
3575
3552
3576
3553
3577
3554
3578
3555
3579
3556
3580
3557
3581
3881
3878
3881
4250
4251
3559
3583
3560
3584
3561
3585
3562
3586
3563
3587
3564
3588
3565
3589
3566
3590
3567
3591
3568
3592
3569
3593
3570
3594
3571
3595
3572
3596
3573
3597
3574
3598
3575
3599
3576
3600
3577
3601
3578
3602
3579
3603
3580
3604
3581
3605
3582
3606
3884
3881
3884
4256
4257
3584
3608
3585
3609
3586
3610
3587
3611
3588
3612
3589
3613
3590
3614
3591
3615
3592
3616
3593
3617
3594
3618
3595
3619
3596
3620
3597
3621
3598
3622
3599
3623
3600
3624
3601
3625
3602
3626
3603
3627
3604
3628
3605
3629
3606
3630
3607
3631
3887
3884
3887
4262
4263
3609
3633
3610
3634
3611
3635
3612
3636
3613
3637
3614
3638
3615
3639
3616
3640
3617
3641
3618
3642
3619
3643
3620
3644
3621
3645
3622
3646
3623
3647
3624
3648
3625
3649
3626
3650
3627
3651
3628
3652
3629
3653
3630
3654
3631
3655
3632
3656
3890
3887
3890
4268
4269
3634
3658
3635
3659
3636
3660
3637
3661
3638
3662
3639
3663
3640
3664
3641
3665
3642
3666
3643
3667
3644
3668
3645
3669
3646
3670
3647
3671
3648
3672
3649
3673
3650
3674
3651
3675
3652
3676
3653
3677
3654
3678
3655
3679
3656
3680
3657
3681
3893
3890
3893
4274
4275
3659
3683
3660
3684
3661
3685
3662
3686
3663
3687
3664
3688
3665
3689
3666
3690
3667
3691
3668
3692
3669
3693
3670
3694
3671
3695
3672
3696
3673
3697
3674
3698
3675
3699
3676
3700
3677
3701
3678
3702
3679
3703
3680
3704
3681
3705
3682
3706
3896
3893
3896
4280
4281
3684
3685
3686
3687
3688
3689
3690
3691
3692
3693
3694
3695
3696
3697
3698
3699
3700
3701
3702
3703
3704
3705
3706
3707
3899
3896
3899
4286
4287
3903
3904
3712
3902
3904
3906
3907
3715
3905
3907
3908
3910
3912
3913
3718
3911
3913
3914
3916
3918
3919
3721
3917
3919
3920
3922
3924
3925
3724
3923
3925
3926
3928
3930
3931
3727
3929
3931
3932
3934
3936
3937
3730
3935
3937
3938
3940
3942
3943
3733
3941
3943
3944
3946
3948
3949
3736
3947
3949
3950
3952
3954
3955
3739
3953
3955
3956
3958
3960
3961
3742
3959
3961
3962
3964
3966
3967
3745
3965
3967
3968
3970
3972
3973
3748
3971
3973
3974
3976
3978
3979
3751
3977
3979
3980
3982
3984
3985
3754
3983
3985
3986
3988
3990
3991
3757
3989
3991
3992
3994
3996
3997
3760
3995
3997
3998
4000
4002
4003
3763
4001
4003
4004
4006
4008
4009
3766
4007
4009
4010
4012
4014
4015
3769
4013
4015
4016
4018
4020
4021
3772
4019
4021
4022
4024
4026
4027
3775
4025
4027
4028
4030
4032
4033
3778
4031
4033
4034
4036
4038
4039
3781
4037
4039
4040
4042
4044
4045
3784
4043
4045
4046
4048
4050
4051
3787
4049
4051
4052
4054
4056
4057
3790
4055
4057
4058
4060
4062
4063
3793
4061
4063
4064
4066
4068
4069
3796
4067
4069
4070
4072
4074
4075
3799
4073
4075
4076
4078
4080
4081
3802
4079
4081
4082
4084
4086
4087
3805
4085
4087
4088
4090
4092
4093
3808
4091
4093
4094
4096
4098
4099
3811
4097
4099
4100
4102
4104
4105
3814
4103
4105
4106
4108
4110
4111
3817
4109
4111
4112
4114
4116
4117
3820
4115
4117
4118
4120
4122
4123
3823
4121
4123
4124
4126
4128
4129
3826
4127
4129
4130
4132
4134
4135
3829
4133
4135
4136
4138
4140
4141
3832
4139
4141
4142
4144
4146
4147
3835
4145
4147
4148
4150
4152
4153
3838
4151
4153
4154
4156
4158
4159
3841
4157
4159
4160
4162
4164
4165
3844
4163
4165
4166
4168
4170
4171
3847
4169
4171
4172
4174
4176
4177
3850
4175
4177
4178
4180
4182
4183
3853
4181
4183
4184
4186
4188
4189
3856
4187
4189
4190
4192
4194
4195
3859
4193
4195
4196
4198
4200
4201
3862
4199
4201
4202
4204
4206
4207
3865
4205
4207
4208
4210
4212
4213
3868
4211
4213
4214
4216
4218
4219
3871
4217
4219
4220
4222
4224
4225
3874
4223
4225
4226
4228
4230
4231
3877
4229
4231
4232
4234
4236
4237
3880
4235
4237
4238
4240
4242
4243
3883
4241
4243
4244
4246
4248
4249
3886
4247
4249
4250
4252
4254
4255
3889
4253
4255
4256
4258
4260
4261
3892
4259
4261
4262
4264
4266
4267
3895
4265
4267
4268
4270
4272
4273
3898
4271
4273
4274
4276
4278
4279
3901
4277
4279
4280
4282
4284
4285
4283
4285
4286
4288
3903
3904
3908
3906
3910
3907
3909
3914
3909
3910
3912
3916
3913
3915
3920
3915
3916
3918
3922
3919
3921
3926
3921
3922
3924
3928
3925
3927
3932
3927
3928
3930
3934
3931
3933
3938
3933
3934
3936
3940
3937
3939
3944
3939
3940
3942
3946
3943
3945
3950
3945
3946
3948
3952
3949
3951
3956
3951
3952
3954
3958
3955
3957
3962
3957
3958
3960
3964
3961
3963
3968
3963
3964
3966
3970
3967
3969
3974
3969
3970
3972
3976
3973
3975
3980
3975
3976
3978
3982
3979
3981
3986
3981
3982
3984
3988
3985
3987
3992
3987
3988
3990
3994
3991
3993
3998
3993
3994
3996
4000
3997
3999
4004
3999
4000
4002
4006
4003
4005
4010
4005
4006
4008
4012
4009
4011
4016
4011
4012
4014
4018
4015
4017
4022
4017
4018
4020
4024
4021
4023
4028
4023
4024
4026
4030
4027
4029
4034
4029
4030
4032
4036
4033
4035
4040
4035
4036
4038
4042
4039
4041
4046
4041
4042
4044
4048
4045
4047
4052
4047
4048
4050
4054
4051
4053
4058
4053
4054
4056
4060
4057
4059
4064
4059
4060
4062
4066
4063
4065
4070
4065
4066
4068
4072
4069
4071
4076
4071
4072
4074
4078
4075
4077
4082
4077
4078
4080
4084
4081
4083
4088
4083
4084
4086
4090
4087
4089
4094
4089
4090
4092
4096
4093
4095
4100
4095
4096
4098
4102
4099
4101
4106
4101
4102
4104
4108
4105
4107
4112
4107
4108
4110
4114
4111
4113
4118
4113
4114
4116
4120
4117
4119
4124
4119
4120
4122
4126
4123
4125
4130
4125
4126
4128
4132
4129
4131
4136
4131
4132
4134
4138
4135
4137
4142
4137
4138
4140
4144
4141
4143
4148
4143
4144
4146
4150
4147
4149
4154
4149
4150
4152
4156
4153
4155
4160
4155
4156
4158
4162
4159
4161
4166
4161
4162
4164
4168
4165
4167
4172
4167
4168
4170
4174
4171
4173
4178
4173
4174
4176
4180
4177
4179
4184
4179
4180
4182
4186
4183
4185
4190
4185
4186
4188
4192
4189
4191
4196
4191
4192
4194
4198
4195
4197
4202
4197
4198
4200
4204
4201
4203
4208
4203
4204
4206
4210
4207
4209
4214
4209
4210
4212
4216
4213
4215
4220
4215
4216
4218
4222
4219
4221
4226
4221
4222
4224
4228
4225
4227
4232
4227
4228
4230
4234
4231
4233
4238
4233
4234
4236
4240
4237
4239
4244
4239
4240
4242
4246
4243
4245
4250
4245
4246
4248
4252
4249
4251
4256
4251
4252
4254
4258
4255
4257
4262
4257
4258
4260
4264
4261
4263
4268
4263
4264
4266
4270
4267
4269
4274
4269
4270
4272
4276
4273
4275
4280
4275
4276
4278
4282
4279
4281
4286
4281
4282
4284
4288
4285
4287
4287
4288
4327
4330
4331
4333
4380
4387
4292
4332
4333
5805
5807
4292
4294
4331
4332
4336
4337
4295
5808
4294
4297
4335
4336
4340
4341
4295
4298
4299
5809
4297
4302
4339
4340
4344
4345
4298
4303
4299
4304
4305
4414
4350
4368
4370
4302
4309
4343
4344
4352
4353
4303
4310
4304
4311
4305
4312
4313
4415
4346
4354
4374
4376
4348
4357
4377
4379
4399
4309
4315
4351
4352
4378
4379
4310
4316
4311
4317
4312
4318
4313
4319
4320
4416
4315
4377
4378
4316
4321
4317
4322
4318
4323
4319
4324
4320
4325
4326
4417
4322
4407
4323
4408
4324
4409
4325
4410
4326
4411
4412
4418
4380
4382
4333
4380
4381
5805
5825
4331
4337
4384
4386
4387
4332
4384
4333
4335
4341
4388
4389
4336
4358
4359
4388
4337
4359
4360
4386
4339
4345
4390
4391
4340
4361
4362
4390
4341
4362
4363
4389
4343
4353
4393
4395
4344
4364
4365
4393
4345
4365
4366
4391
4396
4348
4357
4397
4398
4399
4401
4351
4379
4399
4400
4402
4403
4403
4352
4368
4369
4353
4369
4370
4395
4404
4406
4356
4374
4375
4357
4377
4375
4376
4398
4359
4360
4383
4362
4363
4365
4366
4400
4402
4369
4403
4370
4392
4372
4373
4405
4404
4375
4406
4376
4396
4378
4379
4381
4382
5868
4386
4385
4387
4386
4395
4394
4395
4398
4401
4400
4401
4403
4405
4406
4408
4706
4409
4707
4410
4708
4411
4709
4412
4710
4413
4711
4418
4425
4712
4415
4420
5809
4416
4421
4417
4422
4418
4423
4424
4420
4437
5809
5857
4421
4449
4422
4461
4423
4474
4424
4488
4425
4503
4555
4672
4427
4437
5491
5857
4428
4438
5492
4429
4439
5493
4430
4440
5494
4431
4441
5495
4432
4442
4522
5496
4433
4443
5497
4434
4444
5498
4435
4445
5499
4436
4446
5500
4447
5501
5513
4438
4449
4439
4450
4440
4451
4441
4452
4442
4453
4520
4525
4520
4522
4444
4455
4521
4522
4530
4445
4456
4446
4457
4447
4458
4448
4459
4460
5513
5524
4450
4461
4451
4462
4452
4463
4453
4464
4523
4523
4525
4520
4525
4583
4584
4527
4528
4530
4830
4457
4467
4529
4530
4458
4468
4459
4469
4460
4470
4471
5534
4462
4474
4463
4475
4464
4476
4465
4477
4531
4587
4523
4531
4609
4610
4528
4534
4535
4537
4617
4468
4480
4536
4537
4469
4481
4470
4482
4471
4483
4472
4484
4473
4485
5534
4486
5535
5544
4475
4488
4476
4489
4477
4490
4585
4585
4587
4531
4587
4619
4620
4623
4624
4535
4540
4588
4590
4632
4481
4494
4589
4590
4482
4495
4483
4496
4484
4497
4485
4498
4486
4499
4487
4500
4501
5544
5552
4489
4503
4490
4504
4491
4505
4541
4541
4543
4585
4538
4543
4591
4593
4494
4509
4546
4547
4588
4589
4495
4510
4496
4511
4497
4512
4498
4513
4499
4514
4500
4515
4501
4516
4502
4517
4518
5552
5559
4504
4555
4505
4556
4506
4548
4557
4649
4541
4548
4641
4642
4544
4550
4596
4545
4597
4599
4510
4553
4554
4560
4511
4561
4512
4562
4513
4563
4514
4564
4515
4565
4516
4566
4517
4567
4518
4568
4519
4569
4570
5559
5565
4521
4584
4522
4527
4828
4601
4602
4532
4600
4602
4583
4600
4601
4528
4534
4603
4605
4828
4830
4529
4603
4530
4537
4607
4608
4609
4611
4535
4540
4612
4614
4615
4617
4536
4612
4537
4590
4586
4618
4620
4547
4588
4627
4629
4630
4632
4542
4543
4544
4550
4634
4641
4586
4591
4634
4635
4637
4547
4554
4635
4636
4594
4595
4629
4558
4639
4640
4652
4638
4640
4641
4643
4552
4582
4644
4645
4553
4559
4597
4598
4644
4554
4656
4598
4599
4556
4673
4557
4647
4674
4753
4647
4649
4649
4650
4652
4582
4654
4656
4665
4561
4572
4655
4656
4562
4573
4563
4574
4564
4575
4565
4576
4566
4577
4567
4578
4568
4569
4570
4571
5565
5608
4573
4666
4678
4574
4667
4575
4668
4576
4669
4577
4670
4578
4671
4648
4658
4676
4661
4677
4654
4661
4662
4664
4665
4694
4663
4665
4828
4586
4587
4620
4589
4627
4590
4592
4634
4593
4633
4618
4595
4636
4625
4643
4598
4646
4599
4635
4601
4602
4609
4604
4830
4605
4829
4615
4607
4611
4608
4610
4623
4610
4611
4613
4617
4614
4616
4630
4616
4617
4619
4622
4620
4621
4622
4624
4624
4626
4629
4628
4628
4632
4629
4631
4631
4632
4634
4636
4637
4639
4643
4640
4642
4659
4642
4643
4646
4663
4648
4675
4649
4658
4690
4769
4650
4651
4658
4652
4657
4660
4659
4662
4664
4655
4678
4656
4678
4658
4660
4662
4756
4664
4665
4667
4684
4668
4669
4670
4671
4673
4679
4712
4674
4680
4751
4759
4751
4753
4753
4766
4767
4769
4770
4690
4754
4756
4684
4693
4694
4680
4685
4703
4718
4757
4757
4759
4751
4759
4778
4779
4781
4782
4689
4696
4684
4692
4693
4699
4700
4701
4703
4797
4703
4757
4789
4790
4791
4792
4695
4705
4701
4746
4763
4764
4752
4765
4767
4769
4771
4692
4700
4773
4775
4693
4754
4755
4773
4694
4755
4756
4758
4777
4779
4752
4781
4783
4698
4784
4785
4699
4760
4761
4784
4700
4761
4762
4775
4764
4787
4788
4796
4704
4786
4788
4786
4787
4790
4758
4791
4793
4707
4708
4713
4709
4714
4710
4715
4711
4716
4712
4717
4718
4714
4719
4715
4720
4716
4721
4717
4722
4718
4723
4724
4797
4720
4725
4799
4721
4726
4736
4722
4727
4739
4723
4728
4742
4724
4729
4745
4795
4795
4797
4799
4736
4799
4804
4805
4736
4737
4739
4739
4742
4807
4808
4742
4745
4813
4814
4745
4795
4818
4819
4821
4822
4734
4747
4800
4737
4748
4801
4740
4749
4802
4798
4803
4805
4736
4737
4748
4803
4804
4825
4738
4801
4739
4740
4749
4808
4826
4806
4808
4743
4750
4809
4811
4809
4810
4812
4814
4815
4817
4815
4816
4796
4821
4823
4798
4824
4825
4826
4827
4752
4753
4767
4781
4755
4776
4756
4758
4759
4779
4791
4761
4762
4772
4823
4794
4766
4767
4768
4770
4770
4771
4775
4774
4776
4775
4778
4779
4780
4782
4782
4783
4787
4790
4788
4794
4790
4792
4793
4796
4797
4821
4799
4805
4824
4803
4825
4826
4806
4827
4804
4805
4807
4811
4808
4810
4810
4814
4811
4827
4813
4817
4814
4816
4816
4819
4817
4819
4820
4822
4822
4823
4829
4830
4832
4853
5826
4833
4854
4834
4855
4835
4856
4836
4857
4837
4858
4838
4859
4839
4860
4840
4861
4841
4862
4842
4863
4843
4864
4844
4865
4845
4866
4846
4867
4847
4868
4848
4869
4849
4870
4850
4871
4851
4872
4852
4873
5570
5570
5615
5616
4854
4875
5827
4855
4876
4856
4877
4857
4878
4858
4879
4859
4880
4860
4881
4861
4882
4862
4883
4863
4884
4864
4885
4865
4886
4866
4887
4867
4888
4868
4889
4869
4890
4870
4891
4871
4892
4872
4893
4873
4894
4874
4895
5571
5570
5571
5619
5620
4876
4897
5828
4877
4898
4878
4899
4879
4900
4880
4901
4881
4902
4882
4903
4883
4904
4884
4905
4885
4906
4886
4907
4887
4908
4888
4909
4889
4910
4890
4911
4891
4912
4892
4913
4893
4914
4894
4915
4895
4916
4896
4917
5572
5571
5572
5623
5624
4898
4919
5829
4899
4920
4900
4921
4901
4922
4902
4923
4903
4924
4904
4925
4905
4926
4906
4927
4907
4928
4908
4929
4909
4930
4910
4931
4911
4932
4912
4933
4913
4934
4914
4935
4915
4936
4916
4937
4917
4938
4918
4939
5573
5572
5573
5627
5628
4920
4941
5830
4921
4942
4922
4943
4923
4944
4924
4945
4925
4946
4926
4947
4927
4948
4928
4949
4929
4950
4930
4951
4931
4952
4932
4953
4933
4954
4934
4955
4935
4956
4936
4957
4937
4958
4938
4959
4939
4960
4940
4961
5574
5573
5574
5631
5632
4942
4963
5831
4943
4964
4944
4965
4945
4966
4946
4967
4947
4968
4948
4969
4949
4970
4950
4971
4951
4972
4952
4973
4953
4974
4954
4975
4955
4976
4956
4977
4957
4978
4958
4979
4959
4980
4960
4981
4961
4982
4962
4983
5575
5574
5575
5635
5636
4964
4985
5832
4965
4986
4966
4987
4967
4988
4968
4989
4969
4990
4970
4991
4971
4992
4972
4993
4973
4994
4974
4995
4975
4996
4976
4997
4977
4998
4978
4999
4979
5000
4980
5001
4981
5002
4982
5003
4983
5004
4984
5005
5576
5575
5576
5639
5640
4986
5007
5833
4987
5008
4988
5009
4989
5010
4990
5011
4991
5012
4992
5013
4993
5014
4994
5015
4995
5016
4996
5017
4997
5018
4998
5019
4999
5020
5000
5021
5001
5022
5002
5023
5003
5024
5004
5025
5005
5026
5006
5027
5577
5576
5577
5643
5644
5008
5029
5834
5009
5030
5010
5031
5011
5032
5012
5033
5013
5034
5014
5035
5015
5036
5016
5037
5017
5038
5018
5039
5019
5040
5020
5041
5021
5042
5022
5043
5023
5044
5024
5045
5025
5046
5026
5047
5027
5048
5028
5049
5578
5577
5578
5647
5648
5030
5051
5835
5031
5052
5032
5053
5033
5054
5034
5055
5035
5056
5036
5057
5037
5058
5038
5059
5039
5060
5040
5061
5041
5062
5042
5063
5043
5064
5044
5065
5045
5066
5046
5067
5047
5068
5048
5069
5049
5070
5050
5071
5579
5578
5579
5651
5652
5052
5073
5836
5053
5074
5054
5075
5055
5076
5056
5077
5057
5078
5058
5079
5059
5080
5060
5081
5061
5082
5062
5083
5063
5084
5064
5085
5065
5086
5066
5087
5067
5088
5068
5089
5069
5090
5070
5091
5071
5092
5072
5093
5580
5579
5580
5655
5656
5074
5095
5837
5075
5096
5076
5097
5077
5098
5078
5099
5079
5100
5080
5101
5081
5102
5082
5103
5083
5104
5084
5105
5085
5106
5086
5107
5087
5108
5088
5109
5089
5110
5090
5111
5091
5112
5092
5113
5093
5114
5094
5115
5581
5580
5581
5659
5660
5096
5117
5838
5097
5118
5098
5119
5099
5120
5100
5121
5101
5122
5102
5123
5103
5124
5104
5125
5105
5126
5106
5127
5107
5128
5108
5129
5109
5130
5110
5131
5111
5132
5112
5133
5113
5134
5114
5135
5115
5136
5116
5137
5582
5581
5582
5663
5664
5118
5139
5839
5119
5140
5120
5141
5121
5142
5122
5143
5123
5144
5124
5145
5125
5146
5126
5147
5127
5148
5128
5149
5129
5150
5130
5151
5131
5152
5132
5153
5133
5154
5134
5155
5135
5156
5136
5157
5137
5158
5138
5159
5583
5582
5583
5667
5668
5140
5161
5840
5141
5162
5142
5163
5143
5164
5144
5165
5145
5166
5146
5167
5147
5168
5148
5169
5149
5170
5150
5171
5151
5172
5152
5173
5153
5174
5154
5175
5155
5176
5156
5177
5157
5178
5158
5179
5159
5180
5160
5181
5584
5583
5584
5671
5672
5162
5183
5841
5163
5184
5164
5185
5165
5186
5166
5187
5167
5188
5168
5189
5169
5190
5170
5191
5171
5192
5172
5193
5173
5194
5174
5195
5175
5196
5176
5197
5177
5198
5178
5199
5179
5200
5180
5201
5181
5202
5182
5203
5585
5584
5585
5675
5676
5184
5205
5842
5185
5206
5186
5207
5187
5208
5188
5209
5189
5210
5190
5211
5191
5212
5192
5213
5193
5214
5194
5215
5195
5216
5196
5217
5197
5218
5198
5219
5199
5220
5200
5221
5201
5222
5202
5223
5203
5224
5204
5225
5586
5585
5586
5679
5680
5206
5227
5843
5207
5228
5208
5229
5209
5230
5210
5231
5211
5232
5212
5233
5213
5234
5214
5235
5215
5236
5216
5237
5217
5238
5218
5239
5219
5240
5220
5241
5221
5242
5222
5243
5223
5244
5224
5245
5225
5246
5226
5247
5587
5586
5587
5683
5684
5228
5249
5844
5229
5250
5230
5251
5231
5252
5232
5253
5233
5254
5234
5255
5235
5256
5236
5257
5237
5258
5238
5259
5239
5260
5240
5261
5241
5262
5242
5263
5243
5264
5244
5265
5245
5266
5246
5267
5247
5268
5248
5269
5588
5587
5588
5687
5688
5250
5271
5845
5251
5272
5252
5273
5253
5274
5254
5275
5255
5276
5256
5277
5257
5278
5258
5279
5259
5280
5260
5281
5261
5282
5262
5283
5263
5284
5264
5285
5265
5286
5266
5287
5267
5288
5268
5289
5269
5290
5270
5291
5589
5588
5589
5691
5692
5272
5293
5846
5273
5294
5274
5295
5275
5296
5276
5297
5277
5298
5278
5299
5279
5300
5280
5301
5281
5302
5282
5303
5283
5304
5284
5305
5285
5306
5286
5307
5287
5308
5288
5309
5289
5310
5290
5311
5291
5312
5292
5313
5590
5589
5590
5695
5696
5294
5315
5847
5295
5316
5296
5317
5297
5318
5298
5319
5299
5320
5300
5321
5301
5322
5302
5323
5303
5324
5304
5325
5305
5326
5306
5327
5307
5328
5308
5329
5309
5330
5310
5331
5311
5332
5312
5333
5313
5334
5314
5335
5591
5590
5591
5699
5700
5316
5337
5848
5317
5338
5318
5339
5319
5340
5320
5341
5321
5342
5322
5343
5323
5344
5324
5345
5325
5346
5326
5347
5327
5348
5328
5349
5329
5350
5330
5351
5331
5352
5332
5353
5333
5354
5334
5355
5335
5356
5336
5357
5592
5591
5592
5703
5704
5338
5359
5849
5339
5360
5340
5361
5341
5362
5342
5363
5343
5364
5344
5365
5345
5366
5346
5367
5347
5368
5348
5369
5349
5370
5350
5371
5351
5372
5352
5373
5353
5374
5354
5375
5355
5376
5356
5377
5357
5378
5358
5379
5593
5592
5593
5707
5708
5360
5381
5850
5361
5382
5362
5383
5363
5384
5364
5385
5365
5386
5366
5387
5367
5388
5368
5389
5369
5390
5370
5391
5371
5392
5372
5393
5373
5394
5374
5395
5375
5396
5376
5397
5377
5398
5378
5399
5379
5400
5380
5401
5594
5593
5594
5711
5712
5382
5403
5851
5383
5404
5384
5405
5385
5406
5386
5407
5387
5408
5388
5409
5389
5410
5390
5411
5391
5412
5392
5413
5393
5414
5394
5415
5395
5416
5396
5417
5397
5418
5398
5419
5399
5420
5400
5421
5401
5422
5402
5423
5595
5594
5595
5715
5716
5404
5425
5852
5405
5426
5406
5427
5407
5428
5408
5429
5409
5430
5410
5431
5411
5432
5412
5433
5413
5434
5414
5435
5415
5436
5416
5437
5417
5438
5418
5439
5419
5440
5420
5441
5421
5442
5422
5443
5423
5444
5424
5445
5596
5595
5596
5719
5720
5426
5447
5853
5427
5448
5428
5449
5429
5450
5430
5451
5431
5452
5432
5453
5433
5454
5434
5455
5435
5456
5436
5457
5437
5458
5438
5459
5439
5460
5440
5461
5441
5462
5442
5463
5443
5464
5444
5465
5445
5466
5446
5467
5597
5596
5597
5723
5724
5448
5469
5854
5449
5470
5450
5471
5451
5472
5452
5473
5453
5474
5454
5475
5455
5476
5456
5477
5457
5478
5458
5479
5459
5480
5460
5481
5461
5482
5462
5483
5463
5484
5464
5485
5465
5486
5466
5487
5467
5488
5468
5489
5598
5597
5598
5727
5728
5470
5491
5855
5471
5492
5472
5493
5473
5494
5474
5495
5475
5496
5476
5497
5477
5498
5478
5499
5479
5500
5480
5501
5481
5502
5482
5503
5483
5504
5484
5505
5485
5506
5486
5507
5487
5508
5488
5509
5489
5510
5490
5511
5599
5598
5599
5731
5732
5492
5856
5493
5494
5495
5496
5497
5498
5499
5500
5501
5502
5503
5513
5504
5514
5505
5515
5506
5516
5507
5517
5508
5518
5509
5519
5510
5520
5511
5521
5512
5522
5600
5599
5600
5735
5736
5514
5515
5524
5516
5525
5517
5526
5518
5527
5519
5528
5520
5529
5521
5530
5522
5531
5523
5532
5601
5600
5601
5739
5740
5525
5534
5526
5535
5527
5536
5528
5537
5529
5538
5530
5539
5531
5540
5532
5541
5533
5542
5602
5601
5602
5743
5744
5535
5536
5537
5544
5538
5545
5539
5546
5540
5547
5541
5548
5542
5549
5543
5550
5603
5602
5603
5747
5748
5545
5546
5552
5547
5553
5548
5554
5549
5555
5550
5556
5551
5557
5604
5603
5604
5751
5752
5553
5554
5559
5555
5560
5556
5561
5557
5562
5558
5563
5605
5604
5605
5755
5756
5560
5561
5565
5562
5566
5563
5567
5564
5568
5606
5605
5606
5759
5760
5566
5567
5608
5568
5609
5569
5607
5610
5606
5607
5763
5764
5613
5614
5617
5618
5621
5622
5625
5626
5629
5630
5633
5634
5637
5638
5641
5642
5645
5646
5649
5650
5653
5654
5657
5658
5661
5662
5665
5666
5669
5670
5673
5674
5677
5678
5681
5682
5685
5686
5689
5690
5693
5694
5697
5698
5701
5702
5705
5706
5709
5710
5713
5714
5717
5718
5721
5722
5725
5726
5729
5730
5733
5734
5737
5738
5741
5742
5745
5746
5749
5750
5753
5754
5757
5758
5611
5761
5762
5609
5610
5611
5612
5612
5767
5768
5765
5766
5614
5616
5619
5616
5618
5620
5623
5620
5622
5624
5627
5624
5626
5628
5631
5628
5630
5632
5635
5632
5634
5636
5639
5636
5638
5640
5643
5640
5642
5644
5647
5644
5646
5648
5651
5648
5650
5652
5655
5652
5654
5656
5659
5656
5658
5660
5663
5660
5662
5664
5667
5664
5666
5668
5671
5668
5670
5672
5675
5672
5674
5676
5679
5676
5678
5680
5683
5680
5682
5684
5687
5684
5686
5688
5691
5688
5690
5692
5695
5692
5694
5696
5699
5696
5698
5700
5703
5700
5702
5704
5707
5704
5706
5708
5711
5708
5710
5712
5715
5712
5714
5716
5719
5716
5718
5720
5723
5720
5722
5724
5727
5724
5726
5728
5731
5728
5730
5732
5735
5732
5734
5736
5739
5736
5738
5740
5743
5740
5742
5744
5747
5744
5746
5748
5751
5748
5750
5752
5755
5752
5754
5756
5759
5756
5758
5760
5763
5760
5762
5764
5767
5764
5766
5768
5768
5770
5771
5772
5826
5772
5773
5827
5774
5828
5775
5829
5776
5830
5777
5831
5778
5832
5779
5833
5780
5834
5781
5835
5782
5836
5783
5837
5784
5838
5785
5839
5786
5840
5787
5841
5788
5842
5789
5843
5790
5844
5791
5845
5792
5846
5793
5847
5795
5848
5795
5796
5859
5797
5849
5859
5887
5888
5798
5850
5858
5859
5800
5811
5812
5851
5810
5862
5864
5802
5814
5815
5852
5813
5865
5867
5804
5818
5819
5853
5817
5821
5822
5824
5878
5885
5806
5823
5824
5854
5806
5822
5823
5825
5807
5855
5808
5856
5809
5857
5870
5872
5812
5815
5870
5871
5858
5860
5861
5873
5875
5815
5819
5873
5874
5863
5864
5817
5821
5876
5878
5880
5819
5824
5878
5879
5866
5867
5822
5825
5881
5883
5885
5823
5881
5824
5868
5869
5883
5827
5828
5829
5830
5831
5832
5833
5834
5835
5836
5837
5838
5839
5840
5841
5842
5843
5844
5845
5846
5847
5848
5849
5850
5851
5852
5853
5854
5855
5856
5857
5859
5886
5887
5861
5871
5886
5863
5875
5864
5874
5870
5866
5877
5880
5867
5879
5873
5869
5871
5872
5874
5875
5877
5880
5879
5880
5882
5885
5883
5884
5885
5887
5888
)


// ************************************************************************* //
