/*--------------------------------*- C++ -*----------------------------------*\
| =========                 |                                                 |
| \\      /  F ield         | OpenFOAM: The Open Source CFD Toolbox           |
|  \\    /   O peration     | Version:  v1912                                 |
|   \\  /    A nd           | Website:  www.openfoam.com                      |
|    \\/     M anipulation  |                                                 |
\*---------------------------------------------------------------------------*/
FoamFile
{
    version     2.0;
    format      ascii;
    class       surfaceScalarField;
    location    "170";
    object      phi;
}
// * * * * * * * * * * * * * * * * * * * * * * * * * * * * * * * * * * * * * //

dimensions      [0 3 -1 0 0 0 0];
oriented        oriented;


internalField   nonuniform List<scalar> 
7196
(
0.00510654
0.00490046
0.00623041
0.00888414
0.00245931
0.00244115
0.00618678
0.0100506
0.00447168
0.00687176
0.000926301
0.00151485
0.00596278
0.010233
0.0052254
0.00929691
0.00258578
0.00521228
0.000294583
0.00122027
0.00577482
0.010197
0.00527313
0.0101853
0.00374041
0.00814228
0.00128743
0.00421944
7.81439e-05
0.00114212
0.00563036
0.0101555
0.00511162
0.0103585
0.0041963
0.00972938
0.00233142
0.00709828
0.000565451
0.00373213
6.79157e-07
0.00114145
0.00550578
0.0101356
0.00494455
0.0103225
0.00423518
0.0103196
0.00296869
0.00909211
0.00128482
0.00637891
0.000194808
0.00353801
-2.90772e-05
0.00117052
0.00539043
0.0101274
0.00481212
0.010268
0.004128
0.0104297
0.00319229
0.010096
0.00186992
0.00850701
0.000601372
0.00597235
1.34121e-05
0.00349552
-3.83177e-05
0.00120884
0.00528217
0.0101203
0.00471109
0.0102284
0.00400665
0.0103894
0.00318184
0.0104402
0.00216085
0.00980506
0.00101846
0.00808993
0.000193406
0.00579236
-6.76025e-05
0.0035248
-3.64239e-05
0.00124527
0.00517808
0.0101141
0.00463107
0.0102003
0.00390866
0.0103264
0.0030883
0.0104829
0.00220774
0.0103933
0.00126721
0.00955631
0.00043051
0.00785282
-2.30891e-05
0.00574784
-9.23891e-05
0.00358077
-2.99006e-05
0.00127517
0.0050807
0.0101054
0.00457188
0.0101733
0.00384093
0.010268
0.00298696
0.0104277
0.00212704
0.0105636
0.00131487
0.0103456
0.000586505
0.00940031
7.40558e-05
0.00775568
-0.000118801
0.00577425
-9.08368e-05
0.0036417
-2.33632e-05
0.00129853
0.00499119
0.0100935
0.00453527
0.010142
0.00380509
0.0102091
0.00290772
0.0103472
0.00200301
0.0105517
0.00121934
0.0106591
0.000593531
0.0103386
0.000136398
0.00933797
-0.000109059
0.00774594
-0.000146825
0.00583024
-7.86846e-05
0.00369703
-1.7164e-05
0.00131569
0.00490817
0.010082
0.00452064
0.0101081
0.00380318
0.0101439
0.00286136
0.0102555
0.00187803
0.0104722
0.00104719
0.0107239
0.000460547
0.0107921
9.31168e-05
0.0103819
-0.000113915
0.00934283
-0.000185171
0.00778428
-0.000144352
0.00589591
-6.39833e-05
0.00374384
-1.14929e-05
0.00132719
0.00483147
0.0100697
0.00453042
0.0100722
0.00384381
0.0100675
0.00285972
0.0101455
0.00177261
0.0103609
0.000840386
0.010679
0.000229152
0.0109553
-6.89874e-05
0.0109542
-0.000187851
0.0104558
-0.000229895
0.00938755
-0.000205527
0.00784546
-0.00012794
0.00595987
-4.90628e-05
0.00378141
-7.21182e-06
0.0013344
0.0047591
0.0100574
0.00456414
0.010036
0.00393133
0.00998472
0.00291465
0.0100126
0.0017048
0.0102133
0.000623477
0.0105778
-7.14491e-05
0.0109796
-0.000335307
0.0112216
-0.000356852
0.0111232
-0.000322486
0.0105484
-0.0002742
0.00945623
-0.000198241
0.00791576
-0.000107269
0.00601807
-3.54958e-05
0.0038097
-3.57567e-06
0.00133798
0.00468817
0.0100499
0.00461662
0.0100049
0.00407154
0.00989577
0.00304605
0.00985331
0.00169955
0.0100178
0.000414125
0.0104227
-0.000428591
0.010935
-0.000689434
0.0113337
-0.000613271
0.011478
-0.000484258
0.011285
-0.000379037
0.0106532
-0.000280678
0.00953866
-0.000178261
0.00798675
-8.49305e-05
0.00606751
-2.45338e-05
0.00383066
-1.39064e-06
0.00133937
0.00461517
0.010046
0.00468335
0.0099832
0.00426249
0.00981395
0.00326918
0.00967264
0.00178827
0.0097646
0.000232006
0.0102
-0.000844151
0.0108382
-0.00113166
0.0113772
-0.000944952
0.0116654
-0.000716296
0.0117101
-0.000537922
0.0114439
-0.000391667
0.0107642
-0.000264377
0.00962478
-0.000152686
0.0080545
-6.63e-05
0.00610927
-1.57378e-05
0.003845
5.92725e-07
0.00133877
0.00453634
0.0100498
0.00475068
0.00997867
0.00449541
0.00975028
0.00360104
0.00948209
0.00201483
0.00944607
0.000114833
0.00988177
-0.00132327
0.0106791
-0.00167651
0.0113831
-0.00134828
0.0117805
-0.00100404
0.0119532
-0.000749032
0.0119212
-0.000546288
0.0115985
-0.000378425
0.0108783
-0.000239144
0.00971124
-0.000127784
0.00811599
-4.97379e-05
0.00614328
-8.96426e-06
0.00385456
1.76792e-06
0.00133701
0.0044473
0.010061
0.00480673
0.00999379
0.00475208
0.009722
0.00404251
0.00930881
0.00243562
0.0090613
0.00012692
0.00943398
-0.00187365
0.0104322
-0.00235715
0.0113597
-0.00182353
0.0118583
-0.00133555
0.012112
-0.00100477
0.0122089
-0.00074568
0.0121206
-0.000528835
0.0117489
-0.000351025
0.0109902
-0.000211291
0.00979475
-0.000105803
0.00817205
-3.69997e-05
0.00617131
-4.55116e-06
0.00386088
2.41766e-06
0.00133459
0.00434468
0.0100786
0.0048373
0.0100305
0.00500151
0.00974436
0.00456748
0.00919703
0.00310642
0.00863801
0.000389427
0.0087988
-0.00248476
0.0100451
-0.00321082
0.0112858
-0.00237423
0.0119104
-0.00170471
0.0122275
-0.00128807
0.0123953
-0.00097574
0.012439
-0.000716085
0.0123078
-0.000497347
0.0118952
-0.000322164
0.011101
-0.000185401
0.00987434
-8.74873e-05
0.00822254
-2.70095e-05
0.00619377
-5.55194e-07
0.00386385
3.16494e-06
0.00133142
0.00422661
0.0101011
0.00482765
0.0100883
0.005213
0.00981897
0.00512167
0.00919018
0.0040198
0.00828365
0.00114964
0.0078778
-0.003058
0.00937203
-0.00424114
0.0110754
-0.00296848
0.0118801
-0.00208123
0.0122869
-0.00157556
0.012515
-0.00122085
0.0126404
-0.000928654
0.0126515
-0.00067592
0.0124864
-0.000463364
0.0120364
-0.000291462
0.0112071
-0.00016115
0.00994801
-7.13227e-05
0.00826685
-1.87607e-05
0.00621197
1.90971e-06
0.00386511
3.43568e-06
0.00132799
0.00409477
0.0101228
0.00477083
0.0101579
0.00535278
0.0099485
0.00563484
0.0093058
0.0050702
0.00813977
0.00270821
0.00672508
-0.00318475
0.00800455
-0.00530626
0.0104372
-0.00343119
0.0115381
-0.00237016
0.012169
-0.00181355
0.0125249
-0.00144493
0.0127391
-0.00114483
0.0128566
-0.000877034
0.0128526
-0.000634503
0.0126575
-0.000427619
0.0121726
-0.000261917
0.0113079
-0.000140608
0.0100173
-5.81616e-05
0.00830626
-1.3018e-05
0.0062269
3.1972e-06
0.00386535
3.55866e-06
0.00132443
0.00394998
0.0101418
0.00466698
0.0102267
0.00539616
0.0101145
0.00602569
0.00955765
0.00613744
0.00823856
0.00463488
0.00317738
0.00303572
-0.000203842
0.00287931
-0.00140841
0.00227327
-0.00324205
0.00448837
-0.00235579
0.00380775
-0.00189487
0.0102912
-0.00139033
-0.00233458
0.0115025
-0.00187369
0.0122291
-0.00157563
0.0126556
-0.00132297
0.0129172
-0.00107285
0.0130524
-0.000823324
0.0130415
-0.000591028
0.0128209
-0.000393399
0.0123041
-0.000236922
0.0114042
-0.000123198
0.0100823
-4.86877e-05
0.00834193
-8.77826e-06
0.00623888
4.57277e-06
0.00386433
3.32221e-06
0.00132111
0.00379657
0.0101554
0.00452397
0.0102848
0.00534325
0.0102796
0.00622957
0.00991062
0.00701053
0.00868456
0.00682761
0.00299369
0.00305214
0.000605292
0.00236824
0.0015565
0.00208451
-0.00321359
0.00285085
-0.000691393
0.000871799
0.000779432
-0.00127175
-0.00113037
0.000569768
0.000892033
-0.00175308
0.00434659
-0.0009913
0.00127692
0.000886229
-0.000676785
-0.000646047
0.00322587
-0.000525154
-0.000919645
0.00956276
-0.000686541
-0.000995717
0.00395198
-0.00155259
0.0111814
-0.00148447
0.012138
-0.00138613
0.0127188
-0.00122395
0.0130683
-0.00100456
0.0132337
-0.000766362
0.0132168
-0.000546311
0.0129739
-0.000359822
0.012427
-0.000214937
0.0114959
-0.000108243
0.0101419
-4.11272e-05
0.00837427
-6.46165e-06
0.00624991
4.58744e-06
0.00386307
3.3666e-06
0.00131774
0.00363781
0.0101638
0.00435003
0.0103293
0.00520772
0.0104203
0.00624381
0.0102654
0.00748517
0.00943598
0.00867738
0.00327543
0.00355937
0.00262811
0.00192208
0.00358433
0.00105865
0.00103727
0.000461331
0.000397996
0.000533791
-0.00109002
0.000690071
-0.000858605
0.000548015
-0.000934878
0.000494579
0.00106435
-0.000494579
0.00096508
-0.000491182
0.00112205
0.000683342
-0.000288295
0.000288295
-0.000171687
0.00266689
-0.000265049
-0.000323101
0.000919999
0.00356388
-0.000531551
-0.000427683
0.00876774
-0.000329877
0.00322824
-0.000350902
-0.00105858
0.0107556
-0.00122839
0.0119802
-0.00125392
0.0127487
-0.00113496
0.0131987
-0.000929571
0.0133969
-0.000707012
0.0133775
-0.000502335
0.0131164
-0.000329131
0.0125412
-0.000194463
0.0115821
-9.7183e-05
0.0101979
-3.61304e-05
0.00840394
-4.52927e-06
0.00625903
4.727e-06
0.00386171
2.93425e-06
0.00131481
0.00347566
0.0101692
0.00415377
0.01036
0.00501143
0.0105256
0.00610955
0.0105546
0.00757749
0.010173
0.00958719
0.00407945
0.00444671
0.00465776
0.002202
0.00546573
0.00275139
0.00105229
0.000269948
0.000251695
0.000809482
-0.00143701
0.00177599
0.000719667
0.000652549
0.000711678
-0.000313682
0.000386864
-0.000386864
0.000360241
-0.000771127
0.000653275
-5.38356e-05
0.00227406
-8.12562e-05
-5.74662e-05
-0.000116177
0.00301419
-0.000213628
-0.00021537
0.00810989
-0.000185363
0.00284056
-0.00015625
0.00200461
-3.79794e-05
-4.34673e-05
-0.000809691
0.0103369
-0.00108933
0.0118157
-0.00115938
0.0127732
-0.00103779
0.0133069
-0.00084915
0.013539
-0.000648165
0.0135233
-0.000460948
0.0132482
-0.000303598
0.0126503
-0.000179067
0.011664
-8.97005e-05
0.0102515
-3.21543e-05
0.00843157
-4.11732e-06
0.00626787
4.42898e-06
0.00386021
2.80156e-06
0.001312
0.00331063
0.010173
0.00394095
0.010382
0.0047715
0.0105999
0.00586941
0.0107658
0.00739239
0.0107397
0.00970743
0.0100528
0.00607332
0.00347187
0.00649
0.00403003
0.00496184
-0.00162756
0.000303673
0.000340036
0.00629853
0.000881201
0.000533503
-4.37344e-05
0.000207961
0.00119267
0.000269363
0.000284774
0.000244065
0.000591428
-1.94092e-05
0.000190229
0.000547098
-1.31363e-05
0.001841
-2.68322e-05
-2.31864e-05
0.00272433
-9.91414e-05
-0.00013814
0.00758314
-0.000144797
0.0026192
-8.0226e-05
0.00172212
-1.80455e-05
-1.93288e-05
-0.000512547
0.000484023
-9.4559e-06
-8.91589e-06
-0.000723626
0.00997115
-0.00102893
0.0116852
-0.00104498
0.0127804
-0.000930658
0.0133885
-0.000766349
0.0136572
-0.000591247
0.0136536
-0.000426191
0.0133708
-0.000282682
0.0127539
-0.000167285
0.0117416
-8.35072e-05
0.0103029
-3.04822e-05
0.00845793
-4.02838e-06
0.00627633
3.79321e-06
0.00385922
2.25971e-06
0.00130974
0.00314292
0.0101757
0.00371811
0.0103959
0.00450222
0.0106513
0.00555772
0.0109116
0.00703865
0.0111195
0.00928998
0.0111572
-0.007597
0.0140912
0.0047014
0.0053472
0.00710776
0.00126924
0.00139339
0.00189771
0.00164309
0.00106577
-0.000762098
0.00140581
-0.00193931
0.00282051
0.000477324
0.00017082
0.000157683
0.000462884
-5.69264e-06
0.000444971
-5.2737e-06
0.00164526
-1.1721e-05
-1.05564e-05
0.00254106
-6.00046e-05
-0.000121675
0.00713922
-0.000158031
0.00245592
-5.96575e-05
0.00158277
-8.78847e-06
-8.95571e-06
-0.00042979
0.000416284
-4.53944e-06
-4.14767e-06
-0.000148768
0.000139312
-0.00074932
0.00969153
-0.000933788
0.011574
-0.00091467
0.0127644
-0.000819001
0.0134411
-0.000686248
0.0137522
-0.00054054
0.013768
-0.000396482
0.0134846
-0.000266244
0.0128529
-0.000158456
0.0118165
-7.95249e-05
0.0103519
-2.89935e-05
0.0084829
-4.2313e-06
0.00628436
3.01552e-06
0.00385847
2.09225e-06
0.00130765
0.00297538
0.0101755
0.0034895
0.0104043
0.00421263
0.0106855
0.00520207
0.0110069
0.00659182
0.0113585
0.0086357
0.0117738
0.0128792
0.0123692
0.00879674
-0.00418307
-0.00338142
0.00196198
0.00150717
0.00885363
0.00529031
0.00301069
0.00107906
0.00345845
0.000945637
-0.00392456
0.0016392
0.00117698
0.000133619
0.000128345
0.000407047
-2.48368e-06
0.000398768
-2.27805e-06
0.00153533
-6.1179e-06
-6.44045e-06
0.00238881
-5.4566e-05
-0.000162808
0.00679542
-0.000242714
0.00229769
-6.69098e-05
0.00148799
-6.52963e-06
-5.79094e-06
-0.00039166
0.000384913
-2.0422e-06
-1.8471e-06
-0.000124198
0.000119658
-0.000747277
0.00950502
-0.00078602
0.0114454
-0.000770333
0.0127157
-0.000713982
0.0134688
-0.000619162
0.0138308
-0.000501438
0.0138729
-0.000375161
0.0135935
-0.000254745
0.0129492
-0.000152752
0.0118898
-7.62009e-05
0.0103991
-2.82864e-05
0.00850695
-4.69959e-06
0.00629207
2.44001e-06
0.00385812
1.74882e-06
0.0013059
0.00280763
0.0101767
0.00325625
0.0104088
0.00391212
0.0107048
0.00482209
0.0110654
0.00609352
0.0115052
0.00792108
0.0120731
0.011272
0.0133809
-0.0068384
0.0160075
0.00547334
0.00658039
-0.00320167
0.00145946
-0.00296663
0.00313483
0.00179378
-0.00145946
-0.00179378
0.0018282
0.00155232
0.00107906
0.00202469
0.000117175
0.000114896
0.000380155
-1.35964e-06
0.000374854
-1.13882e-06
0.00144392
-4.64161e-06
-5.84987e-06
0.00221901
-8.41263e-05
-0.000292167
0.00661883
-0.000278523
0.00211377
-0.00013748
0.00138895
-7.25884e-06
-4.68455e-06
-0.000370312
0.000365256
-1.47338e-06
-1.2494e-06
-0.000113049
0.000111007
-0.000576977
0.00929598
-0.000614295
0.0112893
-0.000643508
0.0126452
-0.00062862
0.0134783
-0.000568772
0.0138982
-0.000473687
0.0139715
-0.000359489
0.0136982
-0.000244849
0.0130413
-0.000146292
0.0119599
-7.26329e-05
0.0104435
-2.75377e-05
0.00852979
-5.7034e-06
0.00630021
1.56219e-06
0.0038583
1.60585e-06
0.0013043
0.00264012
0.0101765
0.00302264
0.0104104
0.00360468
0.0107162
0.00442683
0.0111001
0.0055713
0.0115877
0.00719475
0.0122315
0.00976333
0.0135818
0.0143749
0.0150135
0.00504596
-0.00201719
-0.00136332
0.00198025
0.00182764
0.00589842
0.00572794
-0.00155232
0.00136332
0.000109648
0.000108509
0.000361674
-1.0603e-06
0.000356867
-1.04228e-06
0.00132014
-4.89468e-06
-1.04198e-05
0.00204072
-0.000219112
-0.000212407
0.00637259
-0.000118323
0.00198422
-0.000222028
0.0012194
-2.64713e-05
-1.02678e-05
-0.000353168
0.000347282
-1.37274e-06
-9.85757e-07
-0.000107259
0.000105786
-0.000380113
0.0090618
-0.000478773
0.0111246
-0.000547697
0.0125643
-0.000567538
0.0134771
-0.000535101
0.0139596
-0.000456424
0.0140684
-0.000349862
0.0138032
-0.000237659
0.0131326
-0.000141329
0.0120286
-7.11447e-05
0.0104871
-2.77556e-05
0.00855184
-5.84114e-06
0.00630762
1.01073e-06
0.0038589
1.11981e-06
0.00130318
0.00247216
0.010177
0.00278823
0.0104109
0.0032955
0.0107195
0.00402821
0.0111148
0.00504579
0.0116256
0.00647192
0.0123105
0.00849002
0.0135048
0.0121581
0.0157986
-0.0041355
0.0118618
0.0131856
-0.00108108
0.00147784
0.00158348
0.000746563
-0.000984284
0.00405457
0.000104726
0.000103683
0.000343544
-1.15702e-06
0.000334731
-1.60649e-06
0.00112359
-4.07383e-05
-8.25707e-05
0.00189571
-0.000123894
-8.2361e-05
0.00611953
-4.46895e-05
0.0018324
-5.50138e-05
0.00104678
-6.53737e-05
-7.98371e-05
-0.000326763
0.000305501
-5.20923e-06
-2.30032e-06
-0.000102698
0.000101325
-0.000264209
0.00884723
-0.000389276
0.0109662
-0.000485783
0.0124825
-0.000532354
0.0134743
-0.000517747
0.0140209
-0.000444645
0.0141632
-0.00033793
0.0139035
-0.000228276
0.0132196
-0.000135216
0.0120926
-6.85623e-05
0.0105279
-2.69077e-05
0.00857291
-6.96425e-06
0.00631559
1.73005e-07
0.00385985
8.48331e-07
0.00130233
0.00230596
0.0101772
0.00255613
0.0104091
0.00298831
0.0107181
0.00363079
0.011117
0.00452679
0.0116338
0.00576823
0.0123293
0.00742029
0.0133802
0.0101327
0.0155302
0.0114106
0.0162499
-0.00200718
0.00704526
0.009553
-0.00140547
-0.000428346
0.00102754
0.000318218
0.00273934
-0.000390645
-0.000301303
0.000100168
9.85613e-05
0.000277164
-1.24013e-05
0.000222158
-2.75639e-05
0.000954095
-2.44876e-05
-6.72365e-06
0.00177802
-2.79808e-05
-4.3415e-05
0.00592801
-2.92743e-05
0.00174971
-1.63798e-05
0.000902487
-6.36536e-07
-2.76917e-06
-0.000193407
0.000128033
-5.10866e-05
-9.6261e-05
9.10518e-05
-0.000205028
0.00866299
-0.000337548
0.0108179
-0.000455483
0.0124057
-0.000521784
0.0134784
-0.000511081
0.0140873
-0.000433239
0.0142585
-0.000323809
0.013999
-0.000217123
0.0133015
-0.000127908
0.012152
-6.51097e-05
0.0105661
-2.75093e-05
0.00859346
-7.84776e-06
0.00632361
-9.26458e-07
0.00386162
7.79846e-07
0.00130155
0.00213973
0.0101772
0.00232509
0.0104082
0.00268178
0.0107156
0.0032358
0.0111131
0.00401813
0.0116256
0.00509424
0.0123078
0.00648394
0.0132656
0.00849414
0.0150188
0.010045
0.0168958
0.00847924
0.0148159
0.00349472
0.00675765
-0.000266493
-0.00043287
0.00167235
-0.000160876
-0.000177607
-0.000122941
0.00075984
0.000195277
0.000534763
-7.62266e-05
7.86505e-05
5.10866e-05
0.000103546
9.68221e-05
0.000875966
-1.03328e-06
-4.25989e-07
0.00171945
-1.31511e-05
-3.19022e-05
0.00578228
-2.73971e-05
0.00170074
-1.05664e-05
0.000860641
-3.51704e-07
-7.03845e-07
-9.40529e-05
9.34164e-05
-0.000172059
0.0084975
-0.000316868
0.0106793
-0.000454783
0.0123387
-0.00052668
0.013494
-0.000502368
0.0141565
-0.000414819
0.0143495
-0.000305924
0.0140878
-0.000204073
0.0133777
-0.000121865
0.0122087
-6.32516e-05
0.0106018
-2.77196e-05
0.00861333
-8.78558e-06
0.00633147
-1.33661e-06
0.00386374
1.62189e-07
0.00130139
0.00197565
0.0101771
0.00209674
0.0104056
0.00238106
0.010709
0.00284804
0.0111034
0.00352449
0.0116067
0.00445324
0.0122666
0.0056362
0.0131556
0.00719105
0.0145687
0.00857167
0.0164921
0.00835555
0.0170195
0.00558281
0.0127278
0.00148576
0.00516138
4.82891e-05
6.22121e-05
-0.00129973
0.00106933
-9.41891e-06
-2.66711e-05
-2.47783e-05
-3.54694e-05
-0.000396377
0.000274481
-3.89804e-05
-3.92211e-05
0.00011905
9.23831e-05
9.19571e-05
0.000848438
-5.65354e-07
-3.82053e-07
0.00167959
-1.07557e-05
-2.49108e-05
0.00565578
-2.06485e-05
0.00166389
-1.16926e-05
0.000838707
-3.45735e-07
-4.90027e-07
-9.12533e-05
9.09016e-05
-0.000160585
0.00834121
-0.000330231
0.0105548
-0.000481839
0.0122938
-0.000532966
0.0135246
-0.000482716
0.0142244
-0.000388662
0.0144322
-0.000286559
0.0141703
-0.000190911
0.0134467
-0.000115621
0.0122611
-6.25952e-05
0.0106367
-2.80984e-05
0.00863264
-1.06232e-05
0.00634076
-2.69674e-06
0.0038666
1.52491e-07
0.00130124
0.00181197
0.0101767
0.00187162
0.0104022
0.00208276
0.0107039
0.00246614
0.0110909
0.00304476
0.0115831
0.00384371
0.0122163
0.00485868
0.0130441
0.00611535
0.0142313
0.00727506
0.0158653
0.00754965
0.017298
0.00635257
0.0162497
0.00343678
0.0107768
0.000709278
0.00448912
-3.9058e-05
2.04637e-06
-0.00102034
0.000999082
2.19421e-05
4.76097e-05
6.13916e-05
4.98045e-05
-0.000194817
0.000186757
-1.35915e-06
-0.000214971
-6.517e-06
-0.000235706
-4.04279e-06
3.30574e-06
-7.98289e-05
4.08485e-05
9.03362e-05
8.99542e-05
0.000828878
-4.72764e-07
-4.54271e-07
0.00164868
-9.69985e-06
-1.77554e-05
0.00553327
-2.03246e-05
0.00163316
1.7108e-06
-6.84458e-06
0.000818169
-4.83579e-07
-4.99559e-07
-8.94641e-05
8.91184e-05
-0.000177074
0.00818806
-0.000379105
0.010452
-0.000517604
0.0122785
-0.000514848
0.0135567
-0.000448559
0.0142843
-0.000357293
0.014503
-0.000262555
0.014242
-0.00017833
0.0135094
-0.000111135
0.0123096
-6.17751e-05
0.0106704
-3.06653e-05
0.00865268
-1.26255e-05
0.00635069
-3.32436e-06
0.00387007
-4.19019e-07
0.00130166
0.00165096
0.010175
0.00165037
0.0103979
0.00179057
0.0106944
0.00209223
0.0110778
0.00257652
0.0115591
0.00326226
0.0121645
0.0041381
0.0129369
0.00518788
0.0139716
0.00618006
0.0153263
0.00660049
0.0168145
0.00619261
0.017458
0.00461295
0.0150736
0.00207985
0.0094062
0.000312631
0.00415086
3.49064e-05
-9.27513e-06
-0.000986426
0.000978106
-3.07377e-05
-1.88291e-06
1.65858e-05
-0.000243028
0.0002514
1.35702e-05
-0.000224168
2.87497e-05
-0.000203211
4.04342e-05
3.33507e-05
-3.35945e-05
3.22353e-05
-4.01115e-05
-4.41543e-05
8.86456e-05
8.81914e-05
0.000474073
-2.71671e-07
-2.46949e-07
0.000334914
0.00162214
-4.21201e-06
-2.51776e-06
-1.55875e-05
0.00539893
-2.71448e-05
0.00160645
-2.01891e-06
-2.61857e-06
0.00050459
-2.88059e-05
0.000506164
-8.41814e-06
-8.76918e-05
8.72082e-05
-0.000236525
0.00804548
-0.000462245
0.0103967
-0.000509661
0.0122733
-0.000471243
0.0135794
-0.000403225
0.0143302
-0.000322505
0.0145629
-0.000242475
0.0143061
-0.000168849
0.0135671
-0.000109336
0.0123572
-6.37944e-05
0.0107035
-3.28719e-05
0.00867293
-1.42182e-05
0.00636158
-4.25456e-06
0.00387391
-4.88535e-07
0.00130214
0.00149102
0.0101749
0.00143282
0.0103926
0.00150313
0.0106854
0.00172312
0.0110635
0.00211907
0.0115352
0.00270359
0.0121178
0.0034634
0.0128392
0.00436302
0.0137617
0.00523281
0.0149189
0.00570519
0.0162216
0.005627
0.0173801
0.00490831
0.0171626
0.00324891
0.0139045
0.00123309
0.00848574
0.000101119
0.00394484
4.21195e-05
6.27816e-05
-0.000959538
0.000948472
4.59724e-05
9.29271e-06
-0.000234264
0.000355463
-1.48612e-06
-0.000149483
-9.66817e-07
-0.000254832
1.86853e-05
1.31537e-05
-0.000110092
0.00012082
2.84196e-06
-8.901e-05
7.66779e-06
-6.5586e-05
1.70102e-05
8.69365e-05
8.66896e-05
0.00030432
1.78794e-06
0.000504738
-2.78603e-06
0.000503606
-1.38597e-06
0.00159573
-1.83634e-06
-3.03719e-06
-2.26215e-05
0.00523618
-5.11584e-05
0.00157507
-2.34045e-06
-4.13548e-06
0.000502549
-9.61979e-07
0.000500527
-5.96118e-07
0.000297962
-2.05996e-06
-0.000360758
0.00794399
-0.000481448
0.0103685
-0.000456523
0.0122586
-0.000409527
0.0135857
-0.000354635
0.0143623
-0.000292312
0.0146128
-0.000225647
0.0143629
-0.000164376
0.0136222
-0.000109289
0.0124027
-6.65341e-05
0.0107372
-3.56767e-05
0.00869439
-1.59628e-05
0.00637329
-5.35327e-06
0.00387877
-9.38059e-07
0.00130308
0.00133265
0.0101734
0.00122208
0.0103857
0.00122249
0.0106732
0.00136192
0.0110466
0.00167043
0.0115121
0.00216211
0.0120767
0.0028237
0.0127575
0.00360958
0.0135927
0.00439015
0.0146044
0.00489483
0.0157292
0.00497297
0.0168756
0.00467116
0.0176173
0.00378964
0.0166219
0.00223672
0.0129009
0.000723798
0.00786306
2.74004e-05
0.00386573
2.43172e-05
2.73879e-05
-0.000939748
0.000946804
3.50641e-05
7.15055e-05
-0.000362999
0.00038535
1.78902e-05
5.73174e-06
-6.97713e-08
1.82609e-06
-2.9729e-05
2.82428e-05
-0.000130219
-5.78907e-07
-3.06958e-05
3.75471e-06
-2.4678e-05
2.752e-05
-1.70102e-05
8.84775e-05
0.000296134
-9.57884e-07
0.000295034
-2.85706e-07
0.000499396
-7.06106e-07
0.000497595
-1.23613e-06
0.00155915
-2.02004e-06
-4.68251e-06
-6.48262e-05
0.00507966
-0.000139403
0.00152018
-3.66162e-06
-8.5332e-06
0.000496511
-1.25642e-06
0.000493427
-1.05121e-06
0.000294259
-1.87153e-07
0.000293731
-6.78622e-08
8.64176e-05
-0.000446864
0.00790941
-0.000406135
0.0103181
-0.000371898
0.0122209
-0.000345842
0.0135769
-0.000311306
0.0143813
-0.000267316
0.0146544
-0.000216244
0.0144148
-0.000162657
0.0136755
-0.00011316
0.0124493
-7.07458e-05
0.0107722
-3.88046e-05
0.00871723
-1.76412e-05
0.00638558
-6.253e-06
0.00388409
-9.08841e-07
0.00130399
0.00117901
0.0101691
0.00101765
0.0103778
0.000949167
0.010659
0.00100807
0.011027
0.00122887
0.0114881
0.0016313
0.012043
0.00220873
0.0126917
0.00290774
0.0134593
0.00362292
0.0143599
0.0041496
0.0153496
0.00433549
0.0163667
0.00422423
0.0173226
0.00379776
0.0176091
0.00286439
0.0159942
0.00153331
0.0120914
0.00042828
0.00746219
-5.58747e-05
0.00379973
7.07928e-05
5.1083e-05
-0.000956414
0.000967771
1.29601e-05
1.77776e-05
-0.000409811
0.000434398
1.04508e-06
9.43204e-06
2.58709e-05
2.11737e-05
-3.57309e-05
5.36212e-05
-2.99992e-05
2.81731e-05
-3.12747e-05
8.54597e-05
8.5174e-05
0.000293189
-1.65039e-07
0.000292149
-1.96127e-07
0.000492448
-1.04125e-06
0.000489445
-1.6789e-06
0.00147919
-6.80816e-06
-1.70233e-05
-0.000202109
0.00503709
-0.000202188
0.00140325
-2.03736e-05
-4.30908e-05
0.000487644
-1.86078e-06
0.000481595
-2.48424e-06
0.00029113
-2.36652e-07
0.000290326
-2.47463e-07
8.49868e-05
8.4919e-05
-0.000324151
0.00782742
-0.000292349
0.0102385
-0.000293655
0.0121687
-0.000291787
0.0135574
-0.000279491
0.0143935
-0.000252509
0.0146907
-0.000213665
0.0144658
-0.000167082
0.0137295
-0.000117469
0.012496
-7.40673e-05
0.0108075
-3.99965e-05
0.00873958
-1.83734e-05
0.0063977
-6.44761e-06
0.00388963
-1.27941e-06
0.00130527
0.00102819
0.0101653
0.000821506
0.0103653
0.000687448
0.0106395
0.000661719
0.0110054
0.00079197
0.0114639
0.00110823
0.0120112
0.00160887
0.0126428
0.00224171
0.0133577
0.0029121
0.0141701
0.00345298
0.0150565
0.00372722
0.0159579
0.0037344
0.0168565
0.00353075
0.0175896
0.00303897
0.0174346
0.00214713
0.0153804
0.00105125
0.0114684
0.000233218
0.00717309
-8.57908e-05
0.00376524
4.75407e-05
7.27437e-05
-0.000975996
0.000982133
6.46562e-05
4.28577e-05
-0.000450383
0.000463508
7.75294e-07
-9.39833e-07
1.88849e-06
-9.58181e-08
-8.86914e-05
8.99078e-05
-1.71246e-07
-8.10913e-05
1.83187e-06
6.62979e-05
1.31942e-05
6.3804e-06
8.47539e-05
8.45578e-05
0.000289467
-1.82741e-07
0.000288103
-3.143e-07
0.0004782
-3.41303e-06
0.000467694
-6.51803e-06
0.00135646
-5.79374e-05
-9.73855e-05
-0.000133939
0.00490127
-5.43932e-05
0.00131507
-8.7335e-05
-7.3459e-05
0.000457615
-1.02944e-05
0.00043421
-1.96861e-05
0.000286568
-3.26413e-07
0.000284488
-4.03983e-07
8.43211e-05
8.40737e-05
-0.000175018
0.00771009
-0.000204964
0.0101498
-0.000234557
0.0121115
-0.000255398
0.0135333
-0.000260897
0.0144019
-0.000249466
0.0147265
-0.000217903
0.0145166
-0.000172408
0.0137844
-0.000121725
0.0125437
-7.66957e-05
0.0108442
-4.25612e-05
0.00876377
-1.98241e-05
0.00641108
-7.05695e-06
0.00389541
-1.06507e-06
0.00130634
0.000882421
0.0101581
0.00063754
0.0103493
0.000437503
0.0106152
0.000326234
0.010975
0.000360437
0.0114369
0.000586066
0.0119861
0.00101394
0.0126061
0.00159549
0.013289
0.00223588
0.0140339
0.00279279
0.0148303
0.00314136
0.0156424
0.00324978
0.0164425
0.00316765
0.0172196
0.00291246
0.0177161
0.00240887
0.0171728
0.00160433
0.0148273
0.000718039
0.0109836
0.000120339
0.00696696
-7.86544e-05
0.00379268
1.60557e-05
3.51556e-05
-0.000990509
0.001003
3.50502e-05
6.4368e-05
-0.000486161
0.000501454
2.66332e-05
2.27302e-05
6.02201e-06
1.41819e-05
-9.06914e-05
9.17275e-05
-2.60745e-07
-9.13219e-05
-3.09346e-07
9.11852e-05
6.11081e-07
-2.32512e-07
-2.14064e-05
2.12352e-05
-1.95746e-05
1.31942e-05
8.38909e-05
8.35766e-05
0.000281621
-5.45517e-07
0.000276128
-1.02514e-06
0.000412762
-3.64889e-05
0.000378493
-6.31166e-05
0.00124601
-4.51711e-05
-1.97079e-05
-3.22631e-05
0.00476696
-8.45042e-06
0.00120584
-1.10084e-05
-3.21459e-06
0.000356329
-6.5171e-05
0.000333358
-5.0488e-05
0.000267674
-1.84039e-06
0.000251976
-3.98842e-06
8.32502e-05
8.28463e-05
-0.000101181
0.00760631
-0.000152449
0.0100677
-0.000197361
0.0120535
-0.000235187
0.0135076
-0.000255614
0.014408
-0.000253108
0.0147617
-0.000225838
0.0145701
-0.000178661
0.0138413
-0.00012669
0.0125937
-7.84161e-05
0.01088
-4.32392e-05
0.00878719
-1.96353e-05
0.00642365
-6.73109e-06
0.00390107
-1.16028e-06
0.0013075
0.000742657
0.0101484
0.00046781
0.0103278
0.000205714
0.0105811
4.18529e-06
0.0109373
-6.61032e-05
0.0114015
6.28245e-05
0.0119601
0.000417139
0.0125829
0.000955781
0.0132459
0.00158296
0.013942
0.00216225
0.0146645
0.00257173
0.0153999
0.00277101
0.0161212
0.00278239
0.0168277
0.00265534
0.0174767
0.00238473
0.0177402
0.00190171
0.0168754
0.00119966
0.0143457
0.00049431
0.0106096
5.38697e-05
0.00683444
-0.000104136
8.84299e-05
0.00380839
-0.00100893
0.000959108
6.58784e-05
2.9225e-05
-0.000520887
0.0005421
3.92604e-06
9.91088e-06
2.87572e-05
1.6178e-05
-0.000112409
0.000120617
1.84251e-05
-0.000104224
1.45453e-05
9.55784e-05
2.17119e-06
5.53592e-06
-2.13044e-05
2.10437e-05
-2.16138e-05
2.18463e-05
8.23007e-05
8.12756e-05
0.000225789
-1.03016e-05
0.000185223
-2.25505e-05
0.000308883
-2.06959e-05
0.000296134
-6.95909e-06
0.00117761
-3.35686e-06
-6.70639e-07
-1.22924e-05
0.00468197
-3.89101e-06
0.00116994
-9.66695e-07
1.86855e-07
0.000287532
-2.407e-06
0.000285015
-6.96714e-07
0.000162647
-4.25947e-05
0.000112159
7.94352e-05
7.54468e-05
-6.85941e-05
0.00752245
-0.000122479
0.00999284
-0.000178781
0.0119971
-0.000229478
0.0134814
-0.000264218
0.0144191
-0.00026765
0.0148035
-0.000237542
0.0146289
-0.000185277
0.0138999
-0.000128366
0.0126436
-7.87689e-05
0.0109156
-4.20083e-05
0.00880956
-1.93962e-05
0.00643632
-6.39662e-06
0.00390631
-1.0486e-06
0.00130854
0.000610169
0.0101357
0.000316402
0.0102998
-3.16702e-06
0.0105367
-0.000298979
0.0108842
-0.000483535
0.0113547
-0.000467328
0.0119317
-0.000192618
0.0125699
0.000309153
0.0132295
0.000938066
0.0138907
0.00154819
0.014556
0.00201685
0.0152194
0.00229726
0.0158737
0.0023958
0.0165077
0.00235507
0.017128
0.00220845
0.017653
0.00194596
0.017696
0.00150077
0.0165743
0.000900875
0.0139391
0.000340905
0.0103226
-2.8062e-06
0.00673311
-0.000638862
0.00161876
4.83823e-05
1.92591e-05
-0.000127107
0.000128037
0.00380746
-0.000563618
-9.36571e-06
6.34713e-06
1.36026e-06
-0.000144642
0.000146827
1.74087e-06
-0.000138888
4.15673e-06
0.000131763
1.76112e-05
9.054e-06
-4.32961e-05
5.13833e-05
1.0338e-05
-2.87508e-05
2.32149e-05
6.51451e-05
4.25947e-05
9.14627e-05
8.45036e-05
0.000282056
-3.98409e-07
0.000281621
-2.35518e-07
0.00115912
-1.10043e-06
-3.79655e-07
-8.13991e-06
0.00462529
-3.77487e-06
0.001156
-6.36065e-07
-1.31971e-07
0.0002808
-1.46186e-07
0.00028086
1.27618e-07
8.20966e-05
8.13999e-05
-5.33756e-05
0.00745335
-0.000107981
0.00992204
-0.000174533
0.0119421
-0.000240642
0.0134578
-0.000282495
0.014434
-0.00028355
0.0148495
-0.000245966
0.0146896
-0.00018695
0.0139585
-0.000126399
0.0126913
-7.67328e-05
0.0109503
-4.1496e-05
0.00883166
-1.87685e-05
0.00644869
-6.23691e-06
0.0039115
-9.12414e-07
0.00130946
0.00048632
0.01012
0.000187576
0.0102645
-0.000181684
0.0104783
-0.000573662
0.0108114
-0.000888181
0.0112889
-0.00100472
0.0118921
-0.000821877
0.012561
-0.000357338
0.0132364
0.000289869
0.0138777
0.000943806
0.0144951
0.00147214
0.0151007
0.00182673
0.0156899
0.00200594
0.0162636
0.00204415
0.0168187
0.00197605
0.0173604
0.00183267
0.0177663
0.00158647
0.0176103
0.00118686
0.0162884
0.000681483
0.0135985
0.000226519
0.0100932
-4.34775e-05
0.00664948
0.00165392
3.40651e-05
5.88108e-05
-0.000237977
0.000267637
1.36889e-05
5.03379e-06
-0.000220796
1.71941e-06
3.58176e-07
-0.000115124
8.37332e-05
0.00383885
-0.000138854
-2.52103e-07
-2.96875e-07
-9.07589e-05
0.000148557
4.61665e-06
1.10641e-05
-7.41833e-05
7.58021e-05
1.22079e-07
-7.0699e-05
6.72443e-07
6.36308e-05
5.36363e-06
1.98586e-06
1.0338e-05
8.10015e-05
8.0766e-05
0.000279809
-4.93217e-08
0.000279611
-1.81609e-07
0.00114914
-8.21984e-07
-4.53344e-07
-5.93835e-06
0.00458167
-3.82372e-06
0.00114626
-6.58276e-07
-2.44432e-07
0.000279161
-1.86513e-07
0.000278965
6.37826e-08
8.06198e-05
8.07474e-05
-4.61663e-05
0.00739154
-0.000106402
0.00985391
-0.000187721
0.0118892
-0.000266584
0.0134419
-0.000311045
0.0144615
-0.000300462
0.014904
-0.000249059
0.0147517
-0.000184326
0.0140164
-0.000122452
0.012737
-7.3051e-05
0.0109819
-3.86162e-05
0.00885151
-1.69661e-05
0.00645942
-5.93485e-06
0.00391652
-8.84674e-07
0.00131034
0.000371944
0.0101024
8.53559e-05
0.0102223
-0.000321002
0.0104038
-0.000808779
0.0107134
-0.00126957
0.0111928
-0.0015464
0.0118306
-0.00148276
0.012553
-0.00106246
0.0132661
-0.000379807
0.0139061
0.000337304
0.0144842
0.000935009
0.0150323
0.00136088
0.0155666
0.00161472
0.0160811
0.00172467
0.016583
0.00172196
0.0170728
0.00165039
0.0175427
0.00152014
0.0178326
0.00129527
0.0175018
0.000943236
0.0160266
0.00051401
0.013311
0.00014397
0.00990578
-6.34395e-05
0.0065978
0.00172046
3.96677e-06
1.32301e-05
-0.000291375
0.000314933
2.19964e-06
8.30686e-06
1.63005e-05
1.8773e-05
-2.57684e-05
3.94573e-05
-2.07346e-05
-1.90152e-05
-1.8657e-05
-0.000130861
0.000106349
0.00386336
-1.89091e-05
-1.9206e-05
-7.92133e-05
-4.81481e-07
1.20547e-06
-1.83599e-05
1.8482e-05
-1.76874e-05
1.57016e-05
8.06981e-05
8.05165e-05
0.00027824
-9.69886e-08
0.000277978
-1.90761e-07
0.00114155
-7.24035e-07
-5.0629e-07
-4.6387e-06
0.00454392
-3.76976e-06
0.00113856
-4.38501e-07
-3.86612e-07
0.000277526
-2.06723e-07
0.000277274
7.34526e-09
8.033e-05
8.03937e-05
-4.51325e-05
0.00733027
-0.00011708
0.00978327
-0.000218368
0.011841
-0.000306071
0.013437
-0.000336204
0.0144972
-0.000306292
0.0149612
-0.000244456
0.0148119
-0.00017555
0.0140695
-0.000114562
0.0127785
-6.83831e-05
0.0110116
-3.61411e-05
0.00887068
-1.66321e-05
0.00647012
-5.63124e-06
0.00392126
-9.3385e-07
0.00131127
0.000267678
0.0100837
1.34872e-05
0.0101742
-0.000411485
0.0103128
-0.000988758
0.0105838
-0.00161248
0.0110563
-0.00208908
0.0117354
-0.00218261
0.0125304
-0.00182425
0.0133148
-0.00108462
0.0139709
-0.000275645
0.014519
0.000401204
0.015018
0.000898129
0.015495
0.00122083
0.0159605
0.00139928
0.0164065
0.00146167
0.0168433
0.00144363
0.0172795
0.00137496
0.0176879
0.00125991
0.017868
0.00106064
0.0173844
0.000750842
0.0157898
0.000389064
0.0130659
8.64355e-05
0.0097559
-8.74079e-05
0.00655434
0.00178064
3.34721e-05
1.26951e-05
-0.000326819
0.000332799
-9.63295e-07
-1.04998e-06
-2.52744e-07
1.59753e-06
-6.61492e-05
6.81288e-05
2.2003e-07
-5.94488e-05
1.60646e-06
-4.83026e-05
5.15422e-06
9.9277e-06
-0.000150029
0.000144888
0.0038685
-1.96874e-05
8.02967e-05
8.0106e-05
0.000276639
-8.92299e-08
0.000276332
-1.98729e-07
0.0011349
-4.60444e-07
-5.26222e-07
-3.50109e-06
0.0045067
-4.4195e-06
0.00113187
-3.65569e-07
-3.71619e-07
0.00027604
-1.46984e-07
0.000275691
-3.69838e-08
7.98993e-05
7.99066e-05
-5.09583e-05
0.00726415
-0.000145775
0.00971067
-0.000268661
0.0118036
-0.000350505
0.0134513
-0.00035042
0.0145413
-0.000298999
0.0150158
-0.000230288
0.0148666
-0.000163411
0.0141184
-0.000106184
0.0128163
-6.31794e-05
0.0110387
-3.40148e-05
0.00888806
-1.54802e-05
0.00647997
-5.27812e-06
0.00392561
-9.62519e-07
0.00131224
0.000172414
0.0100666
-2.67354e-05
0.0101239
-0.000443891
0.0102067
-0.00109384
0.0104178
-0.00189337
0.0108647
-0.00261755
0.0115848
-0.00293156
0.0124844
-0.00267427
0.0133804
-0.00184495
0.0140751
-0.00090803
0.0146033
-0.00013452
0.0150547
0.000437607
0.0154785
0.000828499
0.0158873
0.00107105
0.0162887
0.00119274
0.0166754
0.00122515
0.0170618
0.00120182
0.0174527
0.00114687
0.0178009
0.00104772
0.0178809
0.000870155
0.0172651
0.000601715
0.0155771
0.000292676
0.0128597
3.78745e-05
0.00963062
-0.000105842
0.00651016
0.00181652
5.19971e-05
5.70084e-05
-0.00034252
0.000362465
9.99189e-06
3.53577e-06
2.2381e-06
7.35405e-07
-6.86242e-05
6.81543e-05
-4.93402e-07
-6.91361e-05
-5.38023e-07
-6.92461e-05
-1.42752e-07
4.80297e-07
-1.66884e-05
1.69084e-05
-1.50819e-05
-9.9277e-06
-0.000130642
0.000101538
0.00389761
7.98174e-05
7.96186e-05
0.000275248
-1.79808e-08
0.000274927
-2.05076e-07
0.00112911
-3.61679e-07
-3.82205e-07
-2.79512e-06
0.00446389
-5.34689e-06
0.00112546
-3.23901e-07
-4.41723e-07
0.000274689
-1.27759e-07
0.000274302
1.53093e-08
7.94717e-05
7.94347e-05
-6.70701e-05
0.00718544
-0.000199703
0.00964172
-0.000334951
0.011788
-0.000377367
0.0134782
-0.000340581
0.0145829
-0.000278324
0.0150638
-0.00021062
0.0149138
-0.000147937
0.0141601
-9.71816e-05
0.0128503
-5.86636e-05
0.0110633
-3.16885e-05
0.00890427
-1.4887e-05
0.00648957
-5.59232e-06
0.00393024
-9.30865e-07
0.00131317
8.42207e-05
0.0100534
-3.74064e-05
0.0100772
-0.000412377
0.0100924
-0.00110107
0.0102139
-0.00207749
0.010602
-0.0031053
0.0113525
-0.0037408
0.012394
-0.00365291
0.013463
-0.00268374
0.0142192
-0.00156511
0.0147322
-0.000671581
0.0151403
-1.84733e-05
0.0155108
0.000438892
0.0158682
0.000740943
0.0162174
0.000918067
0.0165634
0.000999226
0.0169014
0.00101719
0.0172464
0.00099766
0.0176019
0.000955295
0.0178933
0.00087202
0.0178791
0.00071643
0.0171504
0.000482371
0.0153874
0.000217328
0.0126802
5.00134e-06
0.00951978
-0.000104436
0.00648395
0.00187936
9.66487e-06
2.90361e-05
-0.000378399
0.000396391
1.21503e-05
2.18543e-05
2.22599e-05
1.8815e-05
-7.28039e-05
7.89387e-05
3.85712e-06
-7.0176e-05
9.0784e-07
-6.83331e-05
3.95253e-07
5.56632e-07
-1.67079e-05
1.62145e-05
-1.7246e-05
-1.73887e-05
-0.00012269
8.74392e-05
0.00393286
7.94167e-05
7.92116e-05
0.000273989
-4.83099e-08
0.000273751
-1.43893e-07
0.00112331
-2.18457e-07
-4.2407e-07
-2.33923e-06
0.00440692
-7.76529e-06
0.00111881
-3.38095e-07
-5.10217e-07
0.000273588
-1.61779e-07
0.000273134
1.31857e-08
7.90838e-05
7.90991e-05
-0.000106609
0.00709235
-0.000285687
0.00959245
-0.000388415
0.0117991
-0.000366435
0.0135041
-0.000312355
0.014617
-0.000248233
0.0151014
-0.000187696
0.0149536
-0.000133509
0.0141965
-8.92965e-05
0.0128809
-5.48552e-05
0.0110865
-3.06604e-05
0.00892005
-1.52019e-05
0.00649918
-6.01309e-06
0.00393532
-1.29113e-06
0.00131446
0.0100461
-2.49484e-05
0.0100409
-0.000318269
0.00998313
-0.000989072
0.00998038
-0.00211435
0.0102507
-0.00350453
0.0110012
-0.00462455
0.0122362
-0.00482927
0.0135704
-0.00363727
0.0144165
-0.00225822
0.0149123
-0.00121516
0.0152758
-0.000473245
0.0155951
5.06488e-05
0.0158991
0.000411125
0.016198
0.000640123
0.0164954
0.00076744
0.0167952
0.000824092
0.0170944
0.00083713
0.017407
0.000826605
0.0177306
0.000795997
0.0179694
0.000728863
0.0178666
0.000592904
0.0170399
0.000387521
0.0152172
0.000161079
0.0125242
-1.59458e-05
0.00943129
-0.000105404
0.00646667
0.00194091
1.66899e-05
9.19892e-06
-0.000413882
0.000424087
-2.32003e-06
1.77975e-06
3.15619e-06
8.38935e-06
-0.00010162
0.00010705
6.72005e-06
-9.2825e-05
1.30593e-05
-8.57993e-05
1.52342e-05
1.19544e-05
-1.80743e-05
2.19314e-05
-1.71664e-05
-1.67712e-05
-0.000133635
0.000121379
0.00394511
7.90508e-05
7.89069e-05
0.00027295
-3.5049e-08
0.000272656
-1.29544e-07
0.00111702
-1.8227e-07
-3.69606e-07
-3.43568e-06
0.00431851
-1.47643e-05
0.00111019
-2.69395e-07
-6.60243e-07
0.000272428
-1.10058e-07
0.000271953
-3.59855e-08
7.87452e-05
7.87583e-05
-0.000194825
0.00700148
-0.000384659
0.0095887
-0.000375229
0.0118079
-0.000322926
0.0135146
-0.000268508
0.0146372
-0.000216466
0.0151302
-0.000165864
0.0149859
-0.000120281
0.0142274
-8.19707e-05
0.0129081
-5.26273e-05
0.0111084
-3.0972e-05
0.00893582
-1.61149e-05
0.00650929
-6.47849e-06
0.00394051
-1.25261e-06
0.00131571
0.010021
-0.000173391
0.00989606
-0.000750965
0.00974502
-0.00193803
0.00980406
-0.00372992
0.0104761
-0.00558462
0.0119612
-0.00629342
0.0137004
-0.00474558
0.0146787
-0.00298923
0.0151476
-0.00175866
0.0154558
-0.000921833
0.0157244
-0.000331706
0.0159775
8.40086e-05
0.0162262
0.000359947
0.0164781
0.000531324
0.0167315
0.000626498
0.0169928
0.000669846
0.0172617
0.000683869
0.0175497
0.000681691
0.0178449
0.000663483
0.0180347
0.000609421
0.0178501
0.000492019
0.0169354
0.00031201
0.0150663
0.000119376
0.0123888
-2.9904e-05
0.00935579
-0.000110186
0.00644322
0.00197459
5.28741e-05
3.48246e-05
-0.000435971
0.000447934
4.72684e-06
-2.68496e-06
-0.00011335
0.000104733
6.2972e-06
-0.000113117
1.54613e-06
-0.00011158
1.61972e-06
3.8596e-06
-4.97153e-05
5.4943e-05
1.49239e-06
-4.06786e-05
4.0226e-06
-3.38858e-05
8.44144e-06
-0.0001253
0.000113472
0.00395694
7.87233e-05
7.85938e-05
0.000271813
-4.18258e-08
0.000271559
-1.15659e-07
0.00110731
-6.2712e-09
-5.56545e-07
-1.30008e-05
0.00418294
-4.62547e-05
0.00109408
-2.89563e-07
-1.23975e-06
0.000271382
-9.24991e-08
0.000270747
-2.5602e-08
7.84837e-05
7.84477e-05
-0.000352823
0.00696965
-0.000370268
0.00958373
-0.000308861
0.0117938
-0.000264571
0.0135107
-0.000225122
0.0146459
-0.000185712
0.0151501
-0.000146995
0.0150126
-0.0001104
0.0142559
-7.83051e-05
0.0129337
-5.24691e-05
0.0111299
-3.22463e-05
0.00895195
-1.69855e-05
0.00651979
-7.30437e-06
0.00394656
-1.5732e-06
0.00984741
-0.000406928
0.00955202
-0.00150339
0.00931039
-0.00360061
0.00967475
-0.00651504
0.0114066
-0.0080708
0.0137386
-0.00600518
0.01496
-0.00373836
0.0154278
-0.00229411
0.015683
-0.0013596
0.0158936
-0.000704455
0.0160971
-0.000239015
0.0163005
8.12264e-05
0.0165049
0.000294472
0.016715
0.000424311
0.0169337
0.000497004
0.0171656
0.000534564
0.017411
0.000552053
0.0176793
0.000561398
0.0179469
0.000555722
0.0180884
0.000510117
0.017832
0.000408699
0.0168387
0.000254057
0.0149316
8.7836e-05
0.0122711
-4.06051e-05
0.00928621
-0.000105392
0.00642331
0.0020073
2.89046e-05
5.18536e-05
-0.000461051
0.000473051
4.08736e-05
2.17078e-05
-0.000169492
0.000174461
5.44075e-08
-2.96686e-07
-6.78474e-05
2.70004e-07
1.34003e-07
-6.07833e-05
-7.66909e-07
-5.9458e-05
2.20888e-07
-5.80365e-05
1.98195e-07
7.66087e-07
-1.2464e-05
1.39564e-05
-8.44144e-06
-0.000101168
7.21709e-05
0.00398594
7.84059e-05
7.82902e-05
0.000270745
-3.9359e-09
0.00027032
-1.31291e-07
0.00108282
-1.96166e-08
-1.72221e-06
-8.06918e-05
0.00409057
-0.000179759
0.00104298
-1.06522e-06
-5.35462e-06
0.000270162
-1.3207e-07
0.000269015
-9.23081e-08
7.81977e-05
7.81721e-05
-0.000348175
0.00694756
-0.00026288
0.00953775
-0.000231275
0.0117605
-0.000209235
0.0134948
-0.000186922
0.0146471
-0.000160896
0.015164
-0.000132496
0.0150347
-0.000103523
0.0142811
-7.78817e-05
0.0129591
-5.37297e-05
0.0111514
-3.435e-05
0.00896931
-1.89814e-05
0.00653147
-7.74695e-06
0.00944016
-0.000832533
0.00888116
-0.00287148
0.00858126
-0.00705752
0.0102172
-0.00994439
0.0132802
-0.00720864
0.0149421
-0.00435912
0.0155807
-0.00274671
0.0158804
-0.00175639
0.0160798
-0.00106067
0.0162498
-0.000554601
0.0164127
-0.000195571
0.0165773
5.36626e-05
0.0167457
0.000217858
0.0169215
0.000319687
0.017111
0.000380449
0.0173197
0.000417218
0.0175459
0.000441392
0.0177993
0.000459099
0.0180436
0.000463109
0.0181355
0.000430581
0.0178101
0.000341806
0.0167509
0.000207526
0.0148119
6.36718e-05
0.0121668
-4.55206e-05
0.00922634
-9.31974e-05
0.00641534
0.00205612
7.43218e-06
1.59219e-05
-0.000487448
0.000500546
1.58075e-05
3.74567e-05
-0.000191228
0.000208971
1.3047e-05
1.00834e-05
1.04884e-06
3.89153e-06
-1.4482e-05
1.45364e-05
-1.47787e-05
1.46447e-05
-1.43747e-05
-1.51416e-05
-1.49207e-05
-1.47225e-05
-9.77112e-05
7.21493e-05
0.0040115
7.81682e-05
7.80369e-05
0.000268989
5.99809e-09
0.000267531
-2.64271e-07
0.000987102
-5.92838e-06
-1.88812e-05
-0.000171376
0.00400465
-9.08774e-05
0.00090612
-3.2421e-05
-6.63566e-05
0.000266691
-2.25433e-07
0.000261969
-6.32255e-07
7.79048e-05
7.78125e-05
-0.000174443
0.00685912
-0.000167872
0.00947435
-0.000168834
0.0117201
-0.000166642
0.0134745
-0.000157307
0.0146435
-0.000142728
0.0151742
-0.00012264
0.0150538
-0.00010262
0.0143058
-7.96346e-05
0.0129851
-5.81346e-05
0.0111752
-3.79291e-05
0.00898826
-2.03211e-05
0.00654404
0.00860714
-0.00167988
0.00394599
0.00374357
-0.00265875
0.00418812
0.00363478
-0.00364042
-0.00559761
0.00594425
-0.00535112
0.00527731
-0.00444322
0.0136611
-0.00314635
-0.00440264
0.0149856
-0.00289406
0.0157281
-0.00201439
0.0161384
-0.00135865
0.0163778
-0.000848233
0.0165434
-0.000462965
0.0166801
-0.00018207
0.016813
1.20881e-05
0.0169515
0.000140499
0.0171006
0.000223192
0.0172683
0.000276547
0.0174604
0.00031465
0.0176726
0.000346246
0.0179122
0.000375601
0.0181311
0.000386543
0.0181795
0.000362996
0.0177889
0.000288953
0.0166695
0.000170732
0.0147049
4.6409e-05
0.0120749
-4.46162e-05
0.00917775
-9.05903e-05
0.00640822
0.00209899
2.0007e-05
9.27254e-06
-0.000510259
0.000516679
1.01248e-06
6.20843e-06
-0.000227502
0.000240488
7.58064e-08
2.74585e-06
1.3085e-05
5.84109e-06
-2.95602e-05
3.54332e-05
7.17405e-06
-1.94768e-05
1.55853e-05
-0.000109134
0.000102167
0.00401847
7.78185e-05
7.75542e-05
0.000257379
-1.33879e-06
0.000242389
-3.89106e-06
0.000845427
-6.16704e-05
-4.90125e-05
-3.68644e-05
0.00387352
-6.44641e-06
0.000779879
-1.95571e-05
-5.77319e-06
0.000220003
-1.0035e-05
0.000175692
-2.20457e-05
7.73288e-05
7.66965e-05
-8.16067e-05
0.00677285
-0.000109082
0.0094146
-0.000127506
0.011681
-0.000136499
0.0134537
-0.000136901
0.0146377
-0.000130764
0.0151823
-0.000121315
0.0150725
-0.000104697
0.0143309
-8.5256e-05
0.0130122
-6.26667e-05
0.0111999
-4.05511e-05
0.00900849
-2.15343e-05
0.003506
0.00342058
-0.00215843
0.00344566
-0.00152914
0.00311427
-0.00573642
0.00432694
-0.00518446
0.00138561
0.00169722
-0.003073
0.00287824
-0.00441062
0.00591166
-0.00278122
0.0021144
0.0017437
-0.00210106
-0.00198707
0.00438729
-0.00153353
-0.00187924
0.0123615
-0.00122384
-0.00247742
0.00524272
-0.00231298
0.0144045
-0.00191458
0.0156283
-0.00150156
0.0162813
-0.00108062
0.0166102
-0.000708167
0.0167886
-0.000412846
0.0169109
-0.000194088
0.0170192
-4.17232e-05
0.0171337
6.08883e-05
0.0172629
0.000131802
0.017413
0.000183838
0.0175912
0.000226348
0.0177925
0.00026673
0.0180211
0.000302676
0.0182149
0.000322545
0.0182199
0.000306793
0.0177711
0.000243663
0.0165966
0.000142552
0.0146087
3.52899e-05
0.011995
-4.68346e-05
0.009134
-9.40766e-05
0.00639316
0.00212001
4.78325e-05
3.33182e-05
-0.000522241
0.000533447
8.80054e-06
3.71065e-06
-0.000246437
0.000248725
-7.12127e-07
-5.63282e-07
5.8844e-07
-3.28811e-07
-5.14318e-05
5.16357e-05
-1.28093e-07
-4.90484e-05
3.62464e-07
4.47003e-05
3.8179e-06
1.49304e-06
7.17405e-06
-0.000103149
9.56266e-05
0.00402599
7.53577e-05
7.14667e-05
0.000153408
-3.9386e-05
0.000104395
0.00074508
-1.95559e-06
-1.0994e-07
-6.62374e-06
0.00379822
3.1744e-07
0.000738544
-1.35805e-07
2.25937e-07
8.48384e-05
7.90652e-05
6.14317e-05
3.9386e-05
-4.52066e-05
0.00670898
-7.80301e-05
0.00936512
-0.000102088
0.0116466
-0.00011579
0.0134326
-0.000123239
0.0146302
-0.000126114
0.0151871
-0.00012367
0.0150915
-0.000112785
0.0143584
-9.21308e-05
0.0130416
-6.74882e-05
0.0112269
-4.24447e-05
-0.000813593
0.00279045
0.00260646
-0.00232446
0.00113729
0.00122845
-0.00208829
0.000838419
0.00104629
-0.00210264
0.00260749
-0.00218762
0.000965741
0.00152349
-0.00165997
0.00178729
0.00141482
-0.00133109
-0.00190865
0.00133109
-0.000540773
0.00315544
-0.000704797
-0.000977837
0.0012316
0.00447433
-0.00111086
-0.000463735
0.0107515
-0.000239176
0.00375558
-0.000505089
-0.00121921
0.0137091
-0.00132353
0.0154502
-0.00116051
0.0163612
-0.000891946
0.016794
-0.000618586
0.0169944
-0.000390711
0.0171075
-0.000220539
0.017198
-9.91627e-05
0.0172937
-1.36306e-05
0.0174084
5.08273e-05
0.017546
0.000104008
0.0177135
0.00015176
0.0179075
0.000199204
0.0181245
0.000242076
0.0182954
0.000268462
0.0182583
0.000262261
0.0177525
0.000208724
0.0165304
0.000120115
0.0145239
2.45356e-05
0.0119236
-5.03026e-05
0.00909022
-8.84152e-05
0.00637842
0.00214013
3.00632e-05
4.54386e-05
-0.000542297
0.000551591
3.85386e-05
2.44682e-05
-0.000252418
0.000260283
1.20075e-06
-2.6495e-07
-1.25317e-07
1.42909e-07
-5.14921e-05
5.10498e-05
-2.69767e-07
-5.18897e-05
-1.65693e-07
5.20887e-05
1.35523e-07
-1.29815e-07
-1.28475e-05
1.27194e-05
-1.2485e-05
1.0992e-05
-8.05369e-05
5.81545e-05
0.00404838
7.71096e-05
7.69996e-05
0.000731907
-9.51565e-08
1.08099e-07
-3.63742e-06
0.00375723
-5.83386e-07
0.000732114
2.58628e-08
8.4324e-08
7.68638e-05
7.70897e-05
-3.23837e-05
0.00666333
-6.38865e-05
0.00932692
-8.51937e-05
0.011616
-0.000100546
0.0134099
-0.00011767
0.0146217
-0.000131337
0.0151948
-0.000134341
0.0151131
-0.000123711
0.01439
-0.000100631
0.0130748
-7.42473e-05
-0.00123644
0.000922157
0.00078028
0.000675094
0.000694226
0.00183263
-0.0015101
0.000814756
0.000972786
0.00208424
-0.00124582
0.000942913
-0.00174008
0.000610221
-0.000942913
0.000436981
-0.000963783
0.00042301
0.00226366
-0.00014089
-7.81838e-05
-0.000436981
0.00333723
-4.53889e-05
-2.90931e-05
0.00966659
-0.000105243
0.00302142
7.66385e-05
0.00179481
-1.0157e-05
-2.60797e-05
-0.000758931
0.0131445
-0.000974718
0.0152644
-0.000930662
0.0163999
-0.000756766
0.0169321
-0.000557284
0.017161
-0.000386425
0.0172734
-0.00025719
0.017356
-0.000161265
0.0174414
-8.57658e-05
0.017545
-2.43369e-05
0.0176744
3.17769e-05
0.0178335
8.64063e-05
0.0180203
0.000141774
0.0182248
0.000191008
0.0183729
0.000225269
0.0182953
0.000222686
0.0177385
0.00017779
0.0164727
0.00010119
0.0144472
1.67007e-05
0.0118566
-4.85252e-05
0.00905033
-7.70964e-05
0.00637498
0.0021831
-2.6575e-06
1.78467e-05
-0.000559487
0.000568309
2.12418e-05
3.75427e-05
-0.000273523
0.000283876
1.55035e-05
1.26815e-05
3.22286e-06
8.00528e-06
-5.08795e-05
5.20165e-05
6.37904e-08
-5.10614e-05
-8.29982e-08
5.08539e-05
7.06051e-08
-6.46581e-08
-1.25594e-05
1.22896e-05
-1.27251e-05
1.28549e-05
-7.20201e-05
4.69522e-05
0.00407344
7.69946e-05
7.71027e-05
0.000728602
-1.15335e-07
-9.64054e-09
-2.88832e-06
0.00372868
-9.47447e-07
0.000728101
-1.02297e-07
1.94306e-08
7.71286e-05
7.72129e-05
-3.31679e-05
0.00663261
-5.50007e-05
0.00929673
-6.97447e-05
0.0115852
-9.43004e-05
0.0133865
-0.000122
0.0146124
-0.000143984
0.0152044
-0.000150283
0.0151396
-0.00013572
0.0144251
-0.00011066
-0.00119528
0.000607336
-0.000791123
0.000376125
0.000396539
0.00027812
0.000299642
-0.00156093
0.000635602
-0.000635602
0.00028212
0.000203936
0.00164977
2.32555e-05
7.63935e-05
0.00292957
6.27543e-05
-5.18327e-05
0.00905963
-0.000100138
0.00283591
-1.1578e-05
0.00155373
7.44558e-05
9.82264e-05
-0.000177857
0.0001677
-0.000539965
0.0127098
-0.000752058
0.0150858
-0.00076046
0.0164036
-0.000651886
0.0170267
-0.000517718
0.0172922
-0.000398951
0.0174151
-0.000302578
0.0174973
-0.000224042
0.0175797
-0.000154274
0.0176749
-8.97691e-05
0.0177959
-2.86673e-05
0.0179486
3.28226e-05
0.0181292
9.40317e-05
0.0183218
0.000148838
0.0184493
0.000186714
0.0183312
0.000190676
0.0177256
0.000154227
0.0164197
8.53843e-05
0.0143786
1.08437e-05
0.0117973
-4.59365e-05
0.00901917
-7.10167e-05
0.00637398
-1.61057e-07
0.00223021
-0.000570768
0.000538229
2.98826e-05
1.53871e-05
-0.000295359
0.000308156
2.20968e-06
6.23551e-06
1.66348e-05
9.42542e-06
-6.3663e-05
6.8505e-05
1.06615e-05
-5.89987e-05
8.01726e-06
5.41365e-05
1.10285e-06
3.14307e-06
-1.22126e-05
1.22764e-05
-1.22956e-05
1.23602e-05
-8.1498e-05
7.17339e-05
0.00408321
7.70975e-05
7.70879e-05
0.000725399
-1.54545e-07
-3.10675e-08
-1.89628e-06
0.00369813
-7.21047e-07
0.000724605
-8.57936e-08
-6.86144e-08
7.69856e-05
7.7005e-05
-3.07695e-05
0.00660838
-3.94009e-05
0.00926638
-6.29503e-05
0.0115538
-9.83399e-05
0.0133629
-0.000136706
0.0146051
-0.000163758
0.0152179
-0.000167446
0.0151714
-0.000150736
-0.000953589
-0.000577464
0.000277823
0.000190955
0.000267349
0.00157775
3.63327e-05
2.40195e-06
0.00279233
-8.25533e-06
-6.4481e-05
0.00866643
-8.22864e-05
0.002721
-2.88085e-05
0.00157287
-8.07722e-06
1.37581e-06
-0.000299429
0.000345806
2.80778e-05
6.61464e-05
-0.000410104
0.0123678
-0.000589539
0.0149149
-0.000619946
0.0163717
-0.000568863
0.0170779
-0.000498461
0.0173918
-0.000427492
0.0175401
-0.000355201
0.0176285
-0.000284096
0.0177095
-0.000215166
0.0178003
-0.000147706
0.017915
-8.11757e-05
0.0180626
-1.43656e-05
0.0182376
5.10552e-05
0.0184196
0.000113135
0.0185229
0.000153999
0.0183679
0.000163966
0.0177159
0.000133068
0.016372
7.3842e-05
0.0143156
6.64051e-06
0.0117447
-4.33057e-05
0.00899146
-7.40304e-05
0.00636651
-0.000353832
0.000893705
1.41161e-06
-3.21648e-06
5.3045e-05
0.0022489
-0.000320155
-2.8335e-06
-9.60385e-07
2.5592e-06
8.28158e-07
-8.28381e-05
8.41719e-05
8.75875e-07
-7.91667e-05
2.56408e-06
7.51091e-05
1.00307e-05
5.36787e-06
-2.45396e-05
2.92834e-05
5.91775e-06
-1.65223e-05
1.33792e-05
-8.28063e-05
7.98776e-05
0.00408613
7.68505e-05
7.68194e-05
0.000722854
-7.94275e-08
-6.57362e-08
-4.98388e-07
0.0020768
1.36485e-07
0.00159093
0.000722163
-3.67177e-08
6.89839e-09
7.67336e-05
7.6665e-05
8.93876e-06
0.00657961
-1.95692e-05
-3.13377e-05
0.00923477
-6.51762e-05
0.0115206
-0.000112859
0.013339
-0.000161702
0.014603
-0.000192578
0.015243
-0.000188945
0.000373273
8.86621e-06
0.000375121
5.53851e-07
0.00156608
9.89301e-07
-2.4492e-06
0.00267688
-2.03565e-05
-6.35371e-05
0.00838553
-6.5663e-05
0.00262291
-2.83158e-05
0.00154372
-4.39734e-06
-2.0597e-06
-0.0003766
0.00037056
-2.03665e-06
-1.0317e-07
-6.61464e-05
9.42242e-05
-0.00031817
0.0120965
-0.000450551
0.0147455
-0.000497592
0.0163004
-0.000511822
0.0170912
-0.000504703
0.017469
-0.00046809
0.017653
-0.000411041
0.0177555
-0.000341081
0.0178354
-0.000270104
0.0179227
-0.000198874
0.0180326
-0.000126752
0.018175
-5.4926e-05
0.0183436
1.80211e-05
0.0185147
8.28599e-05
0.018594
0.000127141
0.0184047
0.000140048
0.0177089
0.000115353
0.0163305
6.24675e-05
0.0142597
3.38694e-06
0.011698
-4.49688e-05
0.0089624
-7.16841e-05
0.00635539
0.000915444
2.41781e-05
7.12852e-06
-0.00012402
0.000125621
-5.20174e-08
-1.37044e-07
-7.76299e-05
7.94118e-08
1.25415e-07
-4.98116e-05
7.09396e-05
0.00225784
-8.45254e-05
4.06199e-06
-8.60853e-05
5.9952e-07
8.57488e-05
9.82328e-07
4.91722e-07
-4.25727e-05
4.34204e-05
2.81645e-08
-4.04177e-05
4.0909e-07
3.62533e-05
3.06076e-06
1.2035e-06
5.91776e-06
-6.69289e-05
5.32764e-05
0.00409979
7.65855e-05
7.65198e-05
0.00072165
-2.94138e-08
4.43226e-08
-8.93322e-05
0.00217507
0.000721399
4.14431e-08
3.45719e-07
8.79477e-06
0.0014928
7.64831e-05
7.64899e-05
-1.28305e-05
0.00656487
-3.76933e-06
-3.70908e-05
0.00219259
-3.00629e-05
0.00919966
-7.6419e-05
0.0114842
-0.000139847
0.0133172
-0.000195509
0.014606
-0.000219725
0.00010309
0.000103644
0.000370825
7.23856e-07
0.00036838
-4.03181e-09
0.00152685
-1.19711e-06
-2.28396e-06
0.00258209
-2.272e-05
-6.04385e-05
0.00818002
-5.22279e-05
0.00254207
-2.56465e-05
0.00150464
-3.46181e-06
-2.64553e-06
-0.000366588
0.000363201
-1.01109e-06
-2.67252e-07
-0.000103541
0.000101504
-0.000230873
0.0118768
-0.000312554
0.0145605
-0.000402217
0.0161908
-0.000494993
0.0170815
-0.000533833
0.0175347
-0.00051606
0.017758
-0.000462663
0.017877
-0.000393533
0.0179588
-0.000318081
0.0180419
-0.00024129
0.0181472
-0.000164956
0.018285
-8.71443e-05
0.0184488
-1.12213e-05
0.0186088
5.44988e-05
0.0186667
0.000104552
0.0184402
0.000120102
0.0177042
0.000101623
0.0162914
5.39995e-05
0.0142091
-1.53394e-07
0.0116532
-4.48286e-05
0.00893555
-6.40049e-05
0.00635247
0.000936345
1.80123e-05
3.20254e-05
-0.00013186
0.00014664
6.90057e-06
2.49753e-06
7.92755e-07
9.71736e-08
-1.04316e-05
1.03796e-05
-1.05686e-05
-1.04892e-05
-1.03638e-05
-4.50943e-05
-6.55217e-07
2.9328e-05
0.00228179
-4.45753e-05
8.04486e-08
4.41592e-05
2.4359e-07
7.56522e-08
-1.05911e-05
1.06193e-05
-1.0182e-05
8.97852e-06
-5.7628e-05
4.02422e-05
0.00411717
7.64605e-05
7.65048e-05
0.000299946
0.000429133
6.16023e-07
4.97871e-07
7.65463e-05
7.6892e-05
-5.61628e-07
-8.94021e-06
0.00146521
0.00219459
-1.48314e-05
3.65557e-07
0.00653587
-1.42176e-06
0.00219516
-4.33304e-06
-3.60934e-05
0.00915933
-0.000100274
0.0114446
-0.000179854
0.0133015
-0.000238606
0.000102228
0.000102224
0.000361925
7.88064e-08
0.000359865
-2.23713e-07
0.00148627
-2.01643e-06
-2.33601e-06
0.00250462
-2.29904e-05
-5.49228e-05
0.00803692
-3.28459e-05
0.0024758
-2.34021e-05
0.00146644
-3.00996e-06
-2.79947e-06
-0.000357654
0.000355035
-8.4295e-07
-4.34459e-07
-0.000101957
0.000100946
-0.000112789
0.011677
-0.00018319
0.0143415
-0.000364177
0.01606
-0.000515861
0.0170636
-0.00057813
0.0175968
-0.000565375
0.0178607
-0.000511031
0.0179945
-0.000438721
0.0180795
-0.000358161
0.0181588
-0.000276976
0.0182592
-0.000196577
0.0183944
-0.000115836
0.0185534
-3.87554e-05
0.0187021
3.39746e-05
0.0187372
8.27998e-05
0.0184775
0.000102716
0.0177031
8.64664e-05
0.0162589
4.6176e-05
0.0141628
-3.93166e-06
0.0116123
-4.11671e-05
0.00891271
-5.80857e-05
0.00635293
0.000961464
-1.89354e-06
6.10321e-06
-0.000159921
0.000172247
1.15894e-06
4.52686e-06
8.63886e-06
1.01055e-05
-1.37671e-05
2.06676e-05
-1.12695e-05
-1.04768e-05
-1.1019e-05
1.38827e-05
0.00230815
-1.09385e-05
1.08629e-05
-6.41422e-05
5.42495e-05
0.00412707
2.24349e-05
0.00027528
2.23125e-06
0.000451006
7.7508e-05
7.80059e-05
-1.012e-05
0.000452186
0.00146027
-6.18062e-06
-3.71537e-06
0.00219549
3.0445e-08
9.90739e-07
0.00650383
-5.0479e-06
0.0021933
7.66691e-07
0.00145787
-5.74741e-07
-1.35545e-06
-5.29795e-05
0.00911204
-0.000141551
0.0114063
-0.000235256
0.000101025
0.000100801
0.000353243
-2.24418e-07
0.000351276
-3.68464e-07
0.00144843
-2.54343e-06
-2.44444e-06
0.00244242
-2.1547e-05
-3.40826e-05
0.00794186
1.63521e-05
0.0024274
-1.78232e-05
0.00143094
-2.83005e-06
-3.0806e-06
-0.00034897
0.000346728
-7.68254e-07
-4.93084e-07
-0.000100367
9.95237e-05
4.95389e-05
0.0114443
-0.000128569
0.0141059
-0.000391186
0.0159353
-0.000562404
0.0170478
-0.000625241
0.0176566
-0.000611228
0.0179609
-0.000553073
0.0181089
-0.000474106
0.0181954
-0.000392131
0.0182739
-0.00030786
0.0183705
-0.000224942
0.0185036
-0.000141668
0.0186563
-5.86241e-05
0.0187947
1.27502e-05
0.0188073
6.66073e-05
0.0185137
8.80408e-05
0.0177015
7.58751e-05
0.0162292
3.84261e-05
0.0141204
-5.78968e-06
0.0115769
-3.98546e-05
0.00889448
-5.99346e-05
0.00634872
0.000978931
-1.71845e-06
-1.86635e-06
-0.000177945
0.000177583
-8.79567e-07
-6.52407e-07
-3.70983e-07
7.76544e-07
-3.53425e-05
3.63985e-05
1.02876e-07
-3.16449e-05
8.29353e-07
-2.56546e-05
2.64851e-06
5.1184e-06
3.45824e-05
0.00232781
-7.26717e-05
7.38007e-05
0.00412594
0.000267443
-2.28322e-06
8.02371e-05
0.000450928
-4.92276e-06
0.00044969
-2.47682e-06
0.00145752
1.43825e-07
2.36934e-07
0.00219333
9.59103e-07
-5.10644e-07
0.00646147
-1.01115e-05
0.0021886
-3.18287e-07
0.00145733
4.23455e-07
5.30497e-07
-0.000449142
0.000448988
-4.19807e-07
-8.08164e-07
-8.49564e-05
0.00905544
-0.000203206
9.92993e-05
9.89308e-05
0.00034461
-4.25986e-07
0.000342643
-4.76841e-07
0.00141482
-3.0067e-06
-2.41955e-06
0.00240521
-1.18936e-05
4.15118e-05
0.00781569
0.000134198
0.00241612
5.44555e-06
0.00140271
-2.37817e-06
-3.33659e-06
-0.000340148
0.000338084
-7.65654e-07
-5.86054e-07
-9.84377e-05
9.76695e-05
0.000135305
0.0111804
-0.000185467
0.0139001
-0.00045669
0.0158296
-0.000615567
0.0170382
-0.000667379
0.0177128
-0.000646277
0.0180541
-0.000583335
0.0182181
-0.000503974
0.0183072
-0.000419073
0.0183852
-0.000334452
0.01848
-0.000249296
0.0186112
-0.000162593
0.0187603
-7.917e-05
0.0188866
-4.31834e-06
0.0188782
4.979e-05
0.0185519
7.37164e-05
0.0177037
6.42077e-05
0.0162034
3.25426e-05
0.0140821
-6.65362e-06
0.0115437
-4.02716e-05
0.00887481
-6.26856e-05
0.00633873
0.00100191
1.03797e-05
1.22588e-06
-0.000176339
0.000176023
-6.12371e-07
-7.90019e-07
-3.95216e-07
-2.26982e-07
-3.63732e-05
3.57922e-05
-2.98573e-07
-3.67175e-05
-3.08182e-07
-3.69793e-05
-1.09209e-07
1.95756e-07
-8.59625e-06
8.69912e-06
-7.7669e-06
-5.1184e-06
6.93857e-05
0.00233223
-6.45168e-05
6.10875e-05
0.00412937
0.000264127
-1.60666e-06
7.79539e-05
0.000262494
-8.43187e-07
0.000449122
9.53981e-09
0.00044913
2.28851e-07
0.00145748
5.59374e-07
2.54921e-07
0.00218858
-4.82416e-07
-4.26943e-06
0.00640134
-2.05517e-05
0.00218094
-2.47542e-06
0.00145658
1.22725e-08
5.63799e-07
-0.000449334
0.000449539
2.18408e-07
3.26574e-07
-0.000262014
0.000261692
-9.75829e-08
-3.28796e-07
-0.000145136
9.72435e-05
9.67667e-05
0.000335648
-5.70498e-07
0.000333784
-5.56078e-07
0.0013956
-3.2637e-06
-1.51362e-06
0.00241865
3.89793e-05
0.000172195
0.00760574
0.000173059
0.00244168
0.000111165
0.0014037
4.166e-07
-3.07344e-06
-0.000331099
0.000329468
-7.47473e-07
-6.51415e-07
-9.61806e-05
9.5415e-05
2.0846e-05
0.0109741
-0.000290574
0.013734
-0.000522872
0.0157369
-0.000655649
0.0170264
-0.000695873
0.0177624
-0.00066906
0.0181398
-0.000605989
0.0183201
-0.000527226
0.0184154
-0.000443351
0.0184941
-0.000358528
0.0185892
-0.000270156
0.0187187
-0.000183082
0.0188642
-9.74221e-05
0.0189797
-2.081e-05
0.0189488
3.503e-05
0.0185906
6.11819e-05
0.0177067
5.60347e-05
0.0161799
2.71537e-05
0.0140483
-9.74733e-06
0.0115132
-4.15192e-05
0.00885365
-5.73367e-05
0.00633155
0.00101826
2.93093e-05
2.37294e-05
-0.000177173
0.000185293
2.10093e-06
1.5897e-07
2.32148e-07
-1.56615e-07
-3.46328e-05
3.42764e-05
-2.56019e-07
-3.51178e-05
-3.05035e-07
-3.54284e-05
-8.46165e-08
1.36759e-07
-8.47747e-06
8.17888e-06
-8.78566e-06
-8.89488e-06
4.87414e-05
0.00234457
-4.95745e-05
3.71529e-05
0.00414179
7.63472e-05
7.5504e-05
0.000261652
4.91745e-08
0.000261812
6.95925e-08
0.000449912
1.86493e-07
0.000449879
2.88182e-07
0.00145572
4.48757e-07
-6.9709e-08
0.00217977
-3.09933e-06
-1.53944e-05
0.00216588
-6.66013e-06
0.00145329
-4.31005e-07
3.90714e-07
-0.000450079
0.000450054
3.70851e-08
3.63362e-07
-0.000262092
0.000262238
7.21411e-08
4.61915e-08
-7.51753e-05
7.50777e-05
9.48445e-05
9.42884e-05
0.000326844
-6.38849e-07
0.000325844
-5.13478e-07
0.00143336
-2.05874e-07
9.52864e-06
0.00243215
0.000181727
0.000112511
0.00749214
2.19336e-05
0.00242956
0.000175646
0.00147994
4.70711e-05
1.75122e-05
-0.000323371
0.000324172
-3.84388e-07
-6.00745e-07
-9.3637e-05
9.28895e-05
-0.000134472
0.010818
-0.000376415
0.0135876
-0.000568659
0.0156499
-0.000679815
0.0170104
-0.000709401
0.0178027
-0.000679592
0.0182134
-0.000619835
0.0184127
-0.000544114
0.0185162
-0.000463956
0.0185995
-0.000377871
0.0186969
-0.00029061
0.0188263
-0.000199687
0.0189664
-0.000112077
0.0190709
-3.40604e-05
0.0190179
2.30682e-05
0.0186287
4.98346e-05
0.0177129
4.75209e-05
0.0161596
2.12848e-05
0.0140173
-1.2158e-05
0.0114838
-3.89787e-05
0.00883529
-4.90726e-05
0.00633105
0.00103984
5.79744e-06
2.13586e-05
-0.000194778
0.000203213
9.97029e-06
1.09038e-05
9.1814e-06
5.06404e-06
-3.44753e-05
3.61978e-05
3.78526e-07
-3.42035e-05
-1.12823e-07
-3.39756e-05
4.23408e-09
1.44223e-07
-7.92596e-06
7.66995e-06
-8.23101e-06
-8.31564e-06
1.5683e-05
0.00236605
-4.46421e-05
3.24141e-05
0.00415402
7.51268e-05
7.51964e-05
0.000262332
9.24814e-08
0.000262543
7.72668e-08
0.000450445
5.76504e-08
0.000450173
2.02907e-07
0.00145027
5.89195e-07
-6.6979e-07
-9.77645e-06
0.00144438
-9.14302e-07
1.42842e-07
-0.000450397
0.000450017
-5.15778e-08
1.66838e-07
-0.000262866
0.00026286
4.28902e-08
4.05198e-08
-7.52426e-05
7.53148e-05
9.22507e-05
9.17372e-05
0.000323897
6.95635e-08
0.000331534
1.89087e-06
0.00149307
7.3812e-05
9.4778e-05
0.00245213
8.99468e-05
-4.03868e-06
0.00741222
-5.05074e-05
0.00245006
2.39969e-05
0.00151928
5.35433e-05
9.59026e-05
-0.000342088
0.000367007
2.21523e-05
6.95849e-06
-9.11365e-05
9.07521e-05
-0.000226958
0.0106686
-0.000425509
0.0134444
-0.000590651
0.0155608
-0.000684602
0.0169856
-0.000708252
0.0178314
-0.00068363
0.0182772
-0.000630344
0.018499
-0.000562665
0.0186149
-0.000482527
0.0187041
-0.000399436
0.0188058
-0.000308481
0.0189351
-0.000216786
0.0190712
-0.000125016
0.0191619
-4.71724e-05
0.0190881
1.10295e-05
0.0186675
4.06193e-05
0.0177198
3.96149e-05
0.0161412
1.71446e-05
0.013988
-1.22092e-05
0.011457
-3.49993e-05
0.00882121
-4.43209e-05
0.00633073
0.00105945
-4.08168e-06
1.5826e-07
-0.000214116
0.000219178
-5.69225e-07
1.30502e-06
3.11821e-06
7.33743e-06
-4.67007e-05
5.04728e-05
6.19831e-06
-4.29247e-05
7.12793e-06
-3.89672e-05
5.22394e-06
2.29466e-06
-7.70558e-06
8.08413e-06
-7.8184e-06
-7.81417e-06
1.24785e-05
0.00238598
-5.05463e-05
4.73102e-05
0.00415725
7.54073e-05
7.54845e-05
0.000262859
5.93479e-08
0.000263015
4.70478e-08
0.000450616
-9.69418e-09
0.000449783
1.63144e-07
1.23923e-07
-1.71485e-06
-0.00044996
0.000449252
-2.06285e-07
-3.40226e-08
-0.00026317
0.000263101
1.70314e-08
1.14867e-08
-7.5525e-05
7.55679e-05
9.08216e-05
9.27125e-05
0.000389559
5.12601e-05
0.000412312
7.2025e-05
0.00156395
3.53701e-05
9.90133e-06
0.00245209
-6.06681e-06
-4.81709e-05
0.00730032
-6.6888e-05
0.00242723
-2.56428e-05
0.00158396
-3.66713e-06
7.65369e-06
-0.000443542
0.000463425
3.36609e-05
6.46726e-05
-9.9671e-05
0.000121823
-0.000266765
0.0105098
-0.000446985
0.0133007
-0.000588934
0.0154651
-0.000669634
0.016947
-0.000693929
0.0178417
-0.000679591
0.0183265
-0.000638944
0.0185752
-0.000578306
0.0187107
-0.000503276
0.018808
-0.00041721
0.0189145
-0.000324224
0.0190425
-0.000229567
0.0191757
-0.000139154
0.0192539
-5.78646e-05
0.019157
1.16068e-06
0.018707
3.08265e-05
0.0177286
3.14474e-05
0.0161269
1.33001e-05
0.0139624
-1.21851e-05
0.0114342
-3.16178e-05
0.00880851
-4.54516e-05
0.00632563
0.00107573
-4.48006e-07
-3.35005e-06
-0.00022051
0.00022024
-2.62333e-06
-1.1878e-06
-9.21125e-07
-2.53409e-07
-5.69777e-05
5.68392e-05
-4.30768e-07
-5.57819e-05
1.09336e-07
-5.41198e-05
1.45607e-06
3.69039e-06
-1.90231e-05
2.35133e-05
1.70819e-06
-1.56028e-05
3.70764e-06
-1.03788e-05
3.69576e-05
0.00239633
-5.28981e-05
5.65825e-05
0.00415357
7.56273e-05
7.56743e-05
0.000263059
3.27507e-08
0.000263178
4.42858e-08
0.000449514
-1.38279e-07
-3.28665e-07
-0.00026315
0.000263001
-5.75005e-08
-6.3835e-09
-7.56858e-05
7.57029e-05
0.000173083
0.000199349
4.57593e-05
0.000483078
1.57171e-05
0.000487343
5.63553e-06
0.00158588
-1.20554e-06
-6.77575e-06
0.00240893
-2.98675e-05
-5.96574e-05
0.00715654
-6.33319e-05
0.00237683
-3.47951e-05
0.00157338
-8.09839e-06
-5.05233e-06
-0.000493122
0.000490845
-1.3903e-06
1.87496e-06
-0.00024073
0.000265546
8.84442e-06
2.32921e-05
-0.000285414
0.0103482
-0.00044305
0.0131549
-0.000565282
0.0153607
-0.000637716
0.0168907
-0.000674069
0.0178362
-0.000678114
0.0183656
-0.000650928
0.0186479
-0.000596939
0.0188043
-0.000522611
0.0189134
-0.000433835
0.0190241
-0.000340834
0.0191538
-0.000243564
0.0192801
-0.000149606
0.0193456
-6.8967e-05
0.0192272
-9.19523e-06
0.018747
2.308e-05
0.0177369
2.70249e-05
0.0161132
1.14542e-05
0.0139388
-1.15154e-05
0.0114141
-3.15048e-05
0.00879456
-4.40941e-05
0.00631683
0.00109223
1.60469e-05
4.40082e-06
-0.000221001
0.000222325
-1.77184e-06
-4.11135e-06
-5.46894e-05
4.98657e-05
2.20039e-06
-5.59426e-05
6.54252e-08
-5.66171e-05
-2.46668e-07
-3.12773e-08
-2.7877e-05
2.76503e-05
-2.04016e-07
-2.76592e-05
-1.08469e-07
-2.63622e-05
1.59073e-07
8.41459e-07
-3.70764e-06
5.41584e-06
5.62226e-05
0.00239669
-4.10861e-05
3.90071e-05
0.00415564
7.57356e-05
7.57799e-05
0.000262809
5.3792e-08
-1.3664e-09
-7.57735e-05
7.5716e-05
4.57593e-05
0.00027834
2.9235e-06
0.00028327
7.05434e-07
0.000491297
-1.65747e-06
0.000487164
-2.64278e-06
0.00155691
-5.84182e-06
-7.54976e-06
0.0023494
-3.22253e-05
-5.78828e-05
0.00701097
-8.19615e-05
0.0023157
-2.96279e-05
0.00153624
-7.55045e-06
-6.57461e-06
-0.000484855
0.000480336
-3.57919e-06
-2.74243e-06
-0.0002852
0.000284353
-5.43067e-07
-5.49091e-08
-6.90514e-05
7.78958e-05
-0.000279112
0.0101843
-0.000418329
0.0130079
-0.000520678
0.0152437
-0.000598581
0.0168153
-0.000656689
0.0178147
-0.000682877
0.0183976
-0.000666168
0.0187171
-0.00061546
0.0188972
-0.000541015
0.0190206
-0.000451445
0.0191347
-0.000352165
0.0192624
-0.000253879
0.0193844
-0.000159368
0.019436
-7.82512e-05
0.0192962
-1.78517e-05
0.0187879
1.47728e-05
0.0177492
2.06678e-05
0.016104
8.74971e-06
0.0139185
-1.16228e-05
0.0113942
-2.93025e-05
0.00877977
-3.60001e-05
0.00631174
0.00110002
2.33691e-05
2.50655e-05
-0.00022504
0.000232999
8.08765e-06
1.68594e-06
-7.56593e-05
7.42614e-05
-1.6439e-07
-2.09679e-07
-3.01023e-05
1.44514e-07
5.27444e-08
-2.74218e-05
-4.8013e-07
-2.73738e-05
1.74681e-08
-2.75669e-05
-5.36007e-08
5.21389e-08
-6.30791e-06
6.1039e-06
-6.41638e-06
-6.2573e-06
3.09807e-05
0.00240472
-2.58164e-05
1.74597e-05
0.004164
7.57698e-05
8.08193e-05
8.15248e-05
0.000283164
-4.69077e-07
0.00028124
-7.18186e-07
0.000477455
-2.96094e-06
0.000473024
-3.11884e-06
0.00151647
-6.07795e-06
-6.38411e-06
0.00227606
-1.82458e-05
-0.00014238
0.00687424
0.0021358
5.83004e-05
0.00149692
-4.55366e-06
-5.51751e-06
-0.000469437
0.00046531
-3.42346e-06
-2.98737e-06
-0.00027924
0.000276548
-8.86751e-07
-7.4281e-07
-8.14699e-05
8.09268e-05
-0.000263529
0.0100295
-0.00036836
0.0128556
-0.000460936
0.015106
-0.000563379
0.0167219
-0.000652146
0.017784
-0.000694493
0.0184259
-0.000686124
0.0187878
-0.000635587
0.0189917
-0.000557634
0.0191267
-0.000465034
0.0192476
-0.000364963
0.0193735
-0.000263498
0.0194885
-0.00016816
0.0195259
-8.54154e-05
0.0193638
-2.589e-05
0.0188286
7.69138e-06
0.0177622
1.66914e-05
0.016096
6.08252e-06
0.0139008
-1.0704e-05
0.0113756
-2.46263e-05
0.0087684
-2.66299e-05
0.00631256
0.00111512
2.38503e-06
1.3499e-05
-0.00023855
0.000245374
1.65456e-05
1.95141e-05
-7.5947e-05
8.26521e-05
1.23404e-06
1.48614e-07
-5.94959e-08
5.99002e-08
-5.62731e-06
5.4629e-06
-5.83701e-06
5.78426e-06
-5.63977e-06
-6.1199e-06
-6.10243e-06
-6.15604e-06
4.36402e-06
0.00241781
-2.104e-05
1.19142e-05
0.00417313
8.04577e-05
7.97396e-05
0.000274211
-6.23747e-07
0.000271859
-7.66834e-07
0.000462003
-2.7711e-06
0.00045821
-2.59089e-06
0.00149017
-2.31036e-06
-9.18355e-06
-0.00157782
-1.11598e-05
0.00359162
-9.22009e-06
-0.000128112
0.00673882
-2.93576e-05
-0.000454737
0.000451536
-1.35338e-06
-2.04431e-06
-0.000269599
0.000267001
-8.25088e-07
-7.28262e-07
-7.89968e-05
7.811e-05
-0.000221158
0.0098823
-0.00029342
0.0126881
-0.000403807
0.0149465
-0.000549422
0.0166192
-0.000662302
0.0177518
-0.000714229
0.018454
-0.000705059
0.0188572
-0.000652616
0.0190867
-0.000571499
0.0192332
-0.000476176
0.0193588
-0.000374303
0.0194843
-0.000272156
0.0195925
-0.000176605
0.0196171
-9.50092e-05
0.0194329
-3.34427e-05
0.0188697
2.15738e-06
0.0177767
1.18468e-05
0.0160903
4.82676e-06
0.0138853
-9.3424e-06
0.0113604
-1.90236e-05
0.00876079
-2.26968e-05
0.00631421
0.00112518
-4.64258e-06
-1.0493e-06
-0.000252449
0.000254633
2.00971e-07
6.42375e-06
-9.261e-05
0.000101751
2.09455e-06
5.31019e-06
3.98525e-06
5.5708e-06
-5.61194e-06
6.84596e-06
-5.46331e-06
5.40341e-06
-4.59534e-07
0.00243019
-2.76162e-05
2.36984e-05
0.00417704
7.74863e-05
7.67195e-05
0.000264782
-5.51514e-07
0.000262818
-6.27614e-07
0.000446196
3.03052e-06
0.000416839
2.0173e-05
0.000664977
-0.000674853
-8.20944e-07
-4.62557e-07
-1.25552e-05
0.00348694
-1.08721e-05
0.000656499
-3.33661e-07
-4.09008e-07
-0.000105183
0.00662285
-0.000285675
-8.40163e-07
-8.56433e-07
-0.000261239
0.000260215
-3.29757e-07
-4.64628e-07
-7.59912e-05
7.51661e-05
-0.000142856
0.00973173
-0.000210423
0.0124947
-0.000380126
0.0147772
-0.000560155
0.0165171
-0.000684569
0.0177222
-0.000735499
0.0184844
-0.000724799
0.0189294
-0.000668145
0.0191834
-0.000584151
0.0193412
-0.000485117
0.0194696
-0.000381685
0.0195938
-0.000279192
0.0196951
-0.000183402
0.0197055
-0.000101485
0.0195009
-4.10926e-05
0.018913
-4.32068e-06
0.0177929
8.29811e-06
0.0160868
3.01366e-06
0.013873
-6.9351e-06
0.0113483
-1.74158e-05
0.00875551
-2.63555e-05
0.00631295
0.00113229
-2.91979e-06
-4.65352e-06
-0.000255079
0.000253529
-3.09251e-06
-1.49574e-06
-0.000107155
0.000108159
-5.88154e-07
-2.14463e-07
1.1064e-06
-8.67294e-08
-1.7903e-05
1.95882e-05
4.09228e-07
-1.38633e-05
1.27049e-06
1.08312e-05
2.53865e-06
1.52482e-05
0.00243863
-3.73844e-05
4.0285e-05
0.00417414
7.46146e-05
7.3987e-05
0.000262704
5.41643e-07
-2.7981e-06
6.84186e-05
-6.92396e-05
6.79561e-05
0.0006449
-5.36836e-07
-4.18852e-07
-1.42128e-05
0.00340651
-1.05421e-05
0.000635282
-6.09382e-07
-6.44451e-07
6.76224e-05
6.72134e-05
-4.85575e-05
0.00652855
7.0096e-05
-7.09362e-05
-7.35224e-05
7.31927e-05
-3.04558e-05
0.00955177
-0.000173269
0.0122878
-0.000399971
0.014617
-0.000590803
0.0164233
-0.000710505
0.0176972
-0.000756506
0.0185162
-0.000740477
0.0190018
-0.000679849
0.0192791
-0.000591982
0.0194481
-0.000492064
0.01958
-0.000387436
0.019702
-0.000284599
0.0197963
-0.000190106
0.0197941
-0.000108093
0.0195679
-4.70439e-05
0.0189557
-1.05352e-05
0.0178117
3.40534e-06
0.0160864
2.16541e-06
0.0138639
-7.76827e-06
0.0113386
-1.96906e-05
0.00874884
-3.10893e-05
0.00630666
0.00114253
6.30202e-06
-1.29308e-06
-0.000251428
0.000251102
-2.59314e-06
-2.55261e-06
-0.00010729
0.000105363
-6.04555e-07
-5.60535e-07
-2.17797e-07
-4.09815e-07
-2.04537e-05
2.00419e-05
-1.76382e-07
-2.05628e-05
-1.05342e-07
2.05732e-05
1.21443e-07
-7.62242e-08
-3.80913e-06
4.21835e-06
-2.53865e-06
4.01151e-05
0.0024388
-3.52984e-05
3.79781e-05
0.00417146
7.37343e-05
6.66766e-05
6.62578e-05
0.000622355
-7.08994e-07
-5.76413e-07
-1.29254e-05
0.00337297
-2.09707e-06
0.000613241
-7.29538e-07
-6.98594e-07
6.56485e-05
6.5004e-05
8.2754e-05
0.00641534
3.31455e-05
0.00934535
-0.000212396
0.0121003
-0.000447809
0.014474
-0.000627028
0.0163398
-0.000735043
0.0176757
-0.00077208
0.0185478
-0.000748577
0.0190705
-0.000684173
0.0193713
-0.000596514
0.0195525
-0.000495927
0.0196885
-0.000392518
0.01981
-0.000291028
0.0198972
-0.000196337
0.0198824
-0.000115515
0.0196364
-5.4422e-05
0.0189996
-1.58715e-05
0.017831
-2.60793e-07
0.0160888
-7.43003e-07
0.0138568
-1.00845e-05
0.011329
-2.17669e-05
0.00873952
-2.9873e-05
0.00630123
0.00114926
2.07567e-05
1.26192e-05
-0.000250641
0.000255031
1.91144e-06
-8.3243e-07
-0.000103477
0.000101936
-4.83137e-07
-5.69016e-07
-3.14552e-07
-3.51899e-07
-1.91184e-05
1.86837e-05
-1.69919e-07
-1.95415e-05
-1.37476e-07
1.98409e-05
-1.68592e-08
-1.10475e-07
-4.15825e-06
3.98187e-06
-4.26358e-06
4.33981e-06
3.6515e-05
0.00244026
-2.31724e-05
1.81644e-05
6.4295e-05
6.37186e-05
0.000601652
-7.86177e-07
-5.49676e-07
9.06096e-06
0.00338214
6.45247e-05
0.000600762
-7.35102e-07
-4.7167e-07
6.29891e-05
6.22905e-05
0.000194633
0.00625385
-4.33545e-05
0.00917631
-0.000284842
0.0119373
-0.000496086
0.0143431
-0.00065637
0.0162612
-0.000751049
0.0176547
-0.000779171
0.0185784
-0.000753186
0.0191395
-0.000686508
0.0194612
-0.000597952
0.0196545
-0.000499398
0.0197954
-0.000397483
0.0199164
-0.000297441
0.0199983
-0.000204034
0.0199709
-0.000123022
0.019705
-6.02763e-05
0.019044
-2.20982e-05
0.0178528
-4.1491e-06
0.0160922
-3.67975e-06
0.0138504
-1.24861e-05
0.0113197
-2.19311e-05
0.00873158
-2.31514e-05
0.00115674
9.91152e-06
1.91319e-05
-0.000258795
0.00026397
1.55817e-05
8.85489e-06
-0.000101575
0.000103745
1.54958e-07
-4.14489e-07
-3.11683e-07
-1.59947e-07
-1.76988e-05
1.73695e-05
-1.53851e-07
-1.81362e-05
-1.31624e-07
1.83923e-05
-2.31695e-08
-9.57407e-08
-3.71703e-06
3.54709e-06
-3.85452e-06
3.96499e-06
8.5671e-06
6.15044e-05
6.09547e-05
0.00060958
-5.62908e-07
8.05492e-07
0.000129239
0.00333219
0.000115348
0.000656894
3.21343e-06
1.39974e-05
6.02197e-05
5.97479e-05
5.68312e-05
0.00615367
-0.000144164
0.00903563
-0.000346828
0.011788
-0.000532162
0.0142189
-0.000674382
0.0161845
-0.000757735
0.0176332
-0.000778159
0.0186033
-0.00074719
0.0192002
-0.000683263
0.0195466
-0.000597731
0.0197529
-0.000501322
0.0198992
-0.000401002
0.02002
-0.000302189
0.0200965
-0.000210127
0.020058
-0.000130695
0.0197754
-6.88729e-05
0.0190908
-2.85471e-05
0.0178772
-1.0145e-05
0.0160987
-8.50838e-06
0.0138464
-1.5627e-05
0.0113134
-1.9393e-05
2.24955e-06
-0.000268616
0.000272684
5.84275e-06
1.44853e-05
-0.000109267
0.000115214
5.45959e-06
4.17431e-06
8.21892e-07
2.51186e-06
-1.67087e-05
1.695e-05
-8.64056e-08
-1.70043e-05
-1.19017e-07
1.70818e-05
-2.40218e-08
-8.24966e-08
-3.29657e-06
3.14271e-06
-3.42819e-06
3.52393e-06
5.9185e-05
5.99905e-05
0.000702135
3.53562e-05
4.86414e-05
4.84769e-05
0.00334245
-1.9038e-06
0.000747509
4.85893e-05
2.13842e-05
6.32039e-05
7.72013e-05
-5.85909e-05
0.0060681
-0.000210027
0.00889883
-0.000385825
0.0116417
-0.000552169
0.0140966
-0.000680808
0.0161076
-0.000753529
0.0176086
-0.000769485
0.0186256
-0.000739589
0.0192565
-0.000677195
0.019626
-0.000594725
0.0198463
-0.000503044
0.0200013
-0.000406917
0.0201247
-0.000310812
0.0201972
-0.000218888
0.0201462
-0.000138111
0.0198447
-7.60444e-05
0.0191383
-3.50528e-05
0.0179021
-1.63438e-05
0.0161065
-1.20609e-05
0.0138429
-1.4212e-05
2.3607e-07
-0.000120876
0.000125318
-1.43293e-07
1.54313e-06
5.78264e-06
3.04065e-06
-2.13536e-05
2.35251e-05
3.288e-06
-1.93349e-05
2.15554e-06
1.75615e-05
2.10377e-07
7.38471e-07
-2.91714e-06
2.83071e-06
-3.03617e-06
3.11867e-06
0.000112558
0.000131862
2.93367e-05
0.000784887
1.02422e-05
8.57406e-07
-7.1943e-06
0.00331129
-2.0235e-05
0.000786361
-2.47083e-07
-3.13077e-06
0.000164368
1.60832e-05
0.000179644
6.10919e-06
-0.000105363
0.00596343
-0.000242449
0.00875546
-0.00040443
0.011494
-0.000557637
0.0139735
-0.000673314
0.0160274
-0.000737978
0.0175771
-0.000752435
0.0186385
-0.000725732
0.019305
-0.000669707
0.019701
-0.000595295
0.0199385
-0.000507122
0.0201015
-0.000412897
0.0202268
-0.000317081
0.0202954
-0.000226478
0.0202346
-0.000147017
0.0199156
-8.34864e-05
0.0191867
-4.29192e-05
0.0179287
-2.15305e-05
0.016116
-1.51586e-05
-8.25254e-08
-7.92135e-07
-2.89622e-05
2.90201e-05
-2.01387e-07
-2.77935e-05
3.74218e-07
2.6165e-05
3.14254e-06
1.41207e-06
-5.93508e-06
7.97797e-06
1.245e-06
-3.77955e-06
3.04108e-06
2.93368e-05
0.000188117
1.76879e-06
0.00018895
2.38482e-08
0.000783302
-1.4654e-06
-2.66976e-06
-1.4444e-05
0.00323973
-1.93571e-05
0.000768893
-2.58058e-06
-3.24466e-06
0.000189225
-5.21866e-07
0.000186895
-8.00743e-07
4.542e-05
5.15292e-05
-0.000120894
0.00584188
-0.000255216
0.00860625
-0.000408462
0.0113448
-0.000549715
0.0138499
-0.000654965
0.0159443
-0.000712883
0.0175376
-0.000728505
0.0186412
-0.000709524
0.0193449
-0.000662127
0.0197678
-0.000595673
0.0200271
-0.000512465
0.020201
-0.000421042
0.0203307
-0.000326853
0.0203957
-0.000235583
0.0203231
-0.000155011
0.0199872
-9.22365e-05
0.019236
-4.96896e-05
0.0179569
-2.68263e-05
2.9137e-05
-1.99596e-07
-3.75711e-07
-1.2171e-05
1.21135e-05
-1.4418e-07
-1.17565e-05
-4.04608e-08
1.04898e-05
6.30592e-07
1.45271e-07
1.24499e-06
5.32979e-05
5.33218e-05
0.000185751
-3.21583e-07
0.000183699
-6.16926e-07
0.000758402
-1.79907e-06
-2.15461e-06
-1.5651e-05
0.00315281
-1.8324e-05
0.000744046
-2.33488e-06
-2.66545e-06
0.000181903
-7.84887e-07
0.000179475
-8.16309e-07
5.27999e-05
5.19992e-05
-0.000125391
0.00571205
-0.000256909
0.00845469
-0.000401385
0.0111965
-0.000529568
0.0137245
-0.000624821
0.0158563
-0.000682107
0.0174912
-0.000704219
0.0186359
-0.000695896
0.0193786
-0.000660601
0.0198328
-0.000598522
0.0201131
-0.000521149
0.0203011
-0.000430594
0.0204345
-0.000336879
0.020497
-0.000245777
0.0204139
-0.000164074
0.020059
-0.00010047
0.0192868
-5.65476e-05
1.19663e-05
-5.24772e-08
-1.20891e-07
-1.98032e-06
1.83605e-06
-2.02082e-06
1.87555e-06
5.16776e-05
5.10607e-05
0.000177919
-2.42989e-07
0.000176224
-4.59641e-07
0.000732141
-1.78451e-06
-1.96073e-06
-1.62494e-05
0.00306128
-1.7609e-05
0.000718551
-2.26826e-06
-2.46487e-06
0.000174551
-6.61281e-07
0.000172557
-6.7183e-07
5.02759e-05
4.94596e-05
-0.000124855
0.00558
-0.000251296
0.0083046
-0.000384582
0.0110515
-0.000499788
0.0135994
-0.000585571
0.0157597
-0.000646065
0.017433
-0.000681622
0.0186217
-0.000687172
0.0194052
-0.000660116
0.0198944
-0.000607098
0.0201991
-0.00052992
0.0204005
-0.000441458
0.0205391
-0.000347061
0.0205983
-0.000255093
0.0205049
-0.000172752
0.0201313
-0.000109183
1.78353e-06
4.92166e-05
4.8757e-05
0.000170997
-2.24126e-07
0.000169456
-4.19188e-07
0.000706036
-1.8231e-06
-1.91149e-06
-1.63396e-05
0.00296954
-1.67786e-05
0.000693022
-2.24244e-06
-2.35277e-06
0.00016782
-6.32091e-07
0.000165987
-6.32246e-07
4.80958e-05
4.7424e-05
-0.000121492
0.0054502
-0.000239808
0.00815983
-0.000357893
0.0109096
-0.000457669
0.0134715
-0.000540795
0.0156545
-0.000611689
0.0173631
-0.000664094
0.0185986
-0.000684271
0.0194293
-0.000667927
0.0199552
-0.000616904
0.0202861
-0.000542423
0.0205014
-0.000453682
0.0206457
-0.000357448
0.0207007
-0.000264503
0.0205967
-0.000184796
4.71999e-05
4.67808e-05
0.000164398
-2.3404e-07
0.000162899
-4.12179e-07
0.000680352
-1.82239e-06
-1.84629e-06
-1.61279e-05
0.00288007
-1.58879e-05
0.00066799
-2.18625e-06
-2.23025e-06
0.000161279
-6.21967e-07
0.000159539
-6.12861e-07
4.61487e-05
4.55165e-05
-0.000115968
0.00532636
-0.000221602
0.00802354
-0.000319336
0.0107712
-0.000405802
0.0133365
-0.000495848
0.0155386
-0.000586762
0.0172857
-0.000657902
0.0185722
-0.000688184
0.0194496
-0.000676707
0.020015
-0.000629102
0.0203727
-0.000554989
0.0206027
-0.000463608
0.0207519
-0.000368679
0.0208049
-0.000274491
4.52824e-05
4.48703e-05
0.000157947
-2.30581e-07
0.000156499
-3.98023e-07
0.000655429
-1.79396e-06
-1.77185e-06
-1.58224e-05
0.00279485
-1.49317e-05
0.000643775
-2.11859e-06
-2.11517e-06
0.000154916
-6.02565e-07
0.000153278
-5.9197e-07
4.42483e-05
4.36355e-05
-0.000107756
0.00521251
-0.00019354
0.00789774
-0.000266998
0.0106324
-0.000349857
0.0131906
-0.000461208
0.0154131
-0.000577617
0.0172054
-0.000661361
0.0185454
-0.000701119
0.019474
-0.000691387
0.0200773
-0.000642532
0.0204603
-0.000566452
0.0207056
-0.000474982
0.0208582
-0.000377744
4.34049e-05
4.3007e-05
0.000151705
-2.21348e-07
0.000150315
-3.81661e-07
0.000631407
-1.7558e-06
-1.69758e-06
-1.54953e-05
0.00271639
-1.37988e-05
0.00062053
-2.05056e-06
-2.00327e-06
0.00014878
-5.83605e-07
0.000147234
-5.68818e-07
4.24045e-05
4.18125e-05
-9.43736e-05
0.00511335
-0.00014994
0.00778069
-0.000203672
0.0104863
-0.000306475
0.0130358
-0.000449773
0.0152852
-0.00058408
0.0171282
-0.000676495
0.0185208
-0.000716135
0.0194988
-0.00070718
0.0201419
-0.000656019
0.0205499
-0.000578857
0.0208095
-0.000486593
4.15912e-05
4.12096e-05
0.000145694
-2.15022e-07
0.000144359
-3.6303e-07
0.000608387
-1.73188e-06
-1.62117e-06
-1.50826e-05
0.00264926
-1.21537e-05
0.000598457
-1.98649e-06
-1.88163e-06
0.000142873
-5.64171e-07
0.000141417
-5.47169e-07
4.0626e-05
4.00573e-05
-6.92482e-05
0.00503266
-8.48582e-05
0.00766187
-0.000146741
0.0103265
-0.000293121
0.0128792
-0.000461961
0.0151631
-0.000601859
0.0170535
-0.000695686
0.0185003
-0.000733308
0.0195249
-0.000720687
0.0202066
-0.000670279
0.0206413
-0.000589879
3.98423e-05
3.94793e-05
0.000139896
-2.10241e-07
0.000138624
-3.49313e-07
0.000586625
-1.71267e-06
-1.53723e-06
-1.41862e-05
0.00260268
-8.48361e-06
0.000578129
-1.92987e-06
-1.72715e-06
0.000137184
-5.46223e-07
0.000135826
-5.24113e-07
3.89152e-05
3.83681e-05
-1.67978e-05
0.0049646
-1.01846e-05
0.00752532
-0.000131947
0.0101654
-0.000314111
0.0127313
-0.000487687
0.0150489
-0.000627044
0.0169849
-0.000714378
0.0184814
-0.000748023
0.0195522
-0.000733132
0.0202694
-0.000679626
3.81578e-05
3.78085e-05
0.000134319
-2.05075e-07
0.000133117
-3.35505e-07
0.000567083
-1.72894e-06
-1.41044e-06
-9.58123e-06
0.00258917
6.29784e-06
0.000561864
-1.85372e-06
-1.40998e-06
0.000131717
-5.29059e-07
0.000130491
-5.0127e-07
3.72623e-05
3.67382e-05
7.75077e-05
0.00487691
9.17331e-06
0.0073842
-0.000167988
0.0100192
-0.000353843
0.0125975
-0.00052039
0.0149423
-0.000649524
0.01692
-0.000731727
0.0184651
-0.000761829
0.0195809
-0.000743773
3.65332e-05
3.61978e-05
0.000128969
-2.07105e-07
0.000127879
-3.19523e-07
0.000554853
-1.69237e-06
-8.77924e-07
2.27348e-05
0.00257665
6.72893e-05
0.000561949
-1.39648e-06
5.9963e-07
0.000126536
-5.10376e-07
0.000125583
-4.57422e-07
3.56688e-05
3.51676e-05
0.000107881
0.0047782
-5.01376e-05
0.00726635
-0.000222342
0.00988773
-0.000393234
0.0124703
-0.000547679
0.0148404
-0.00066948
0.0168578
-0.000744748
0.018448
-0.000771451
3.49605e-05
3.4641e-05
0.000124087
-1.96229e-07
0.000123468
-2.58319e-07
0.000574945
1.64039e-06
8.09849e-06
8.58826e-05
0.00254339
5.52646e-05
0.0005985
1.52357e-05
2.84988e-05
0.000122505
-4.33136e-07
0.000123262
-1.56853e-07
3.41307e-05
3.36733e-05
1.64495e-05
0.00471161
-0.000117816
0.00716182
-0.000268233
0.00976273
-0.000423945
0.0123466
-0.000568192
0.0147392
-0.000682393
0.0167954
-0.000752979
3.34771e-05
3.32189e-05
0.000124235
6.67238e-07
0.000129895
2.43827e-06
0.00061124
3.81557e-05
3.49881e-05
2.48076e-05
0.0025399
-4.87478e-06
0.000631053
2.4752e-05
1.06998e-05
0.00013751
7.62104e-06
0.000148375
1.76342e-05
3.27858e-05
3.2629e-05
-5.34079e-05
0.00464721
-0.000162694
0.00705629
-0.000299169
0.00963796
-0.000445721
0.0122241
-0.000581293
0.0146381
-0.000688988
3.32963e-05
3.57346e-05
0.000159182
2.73487e-05
0.000169668
2.45021e-05
0.00064831
7.12759e-06
4.22785e-07
-7.0852e-06
0.00251097
-1.73887e-05
0.000646972
-3.36889e-07
-3.1991e-06
0.000181146
1.32741e-05
0.00018601
5.83589e-06
4.33556e-05
6.099e-05
-8.46263e-05
0.00456914
-0.000187057
0.00694418
-0.000316502
0.00950874
-0.000456436
0.0120993
-0.000587359
7.26171e-05
1.57217e-05
8.8506e-05
8.61344e-06
0.000190533
2.60517e-06
0.000190694
2.6192e-07
0.000644664
-1.67154e-06
-3.10512e-06
-1.36226e-05
0.00245814
-1.81703e-05
0.00063419
-3.05955e-06
-3.85422e-06
0.000191141
-7.84306e-07
0.000189332
-1.38939e-06
9.85294e-05
3.25089e-06
0.000103388
9.78001e-07
-9.6876e-05
0.00447897
-0.000198785
0.00682646
-0.000325954
0.00937826
-0.000461323
1.57218e-05
2.43353e-05
0.000105653
3.40259e-07
0.000106013
-9.86602e-08
0.000188537
-8.76725e-07
0.000186727
-1.29482e-06
0.000626135
-2.52941e-06
-3.03849e-06
-1.51911e-05
0.00239422
-1.77597e-05
0.000614672
-3.17554e-06
-3.53073e-06
0.000185283
-1.61522e-06
0.000183118
-1.6884e-06
0.000105532
-3.02781e-07
0.000104578
-4.35314e-07
2.75862e-05
2.85642e-05
-0.000101491
0.00438167
-0.000203548
0.00670406
-0.000327953
2.89045e-05
2.88059e-05
0.00010389
-1.88482e-07
0.0001029
-3.051e-07
0.000181604
-1.01551e-06
0.000179814
-1.24859e-06
0.00060503
-2.64448e-06
-2.90386e-06
-1.58093e-05
0.00232586
-1.73214e-05
0.00059377
-3.14923e-06
-3.34971e-06
0.000178184
-1.5456e-06
0.000176222
-1.56801e-06
0.000101674
-3.88926e-07
0.00010044
-4.53932e-07
2.85032e-05
2.80679e-05
-0.000102799
0.00428093
-0.000204185
2.78795e-05
2.75744e-05
9.96012e-05
-1.76392e-07
9.86247e-05
-2.71958e-07
0.000174573
-9.95522e-07
0.000172867
-1.19807e-06
0.000583492
-2.68991e-06
-2.84103e-06
-1.60829e-05
0.00225617
-1.70194e-05
0.000572538
-3.12762e-06
-3.23974e-06
0.000171222
-1.5039e-06
0.000169376
-1.50339e-06
9.74316e-05
-3.523e-07
9.6278e-05
-4.14209e-07
2.71856e-05
2.67317e-05
-0.000102443
2.65554e-05
2.62834e-05
9.54492e-05
-1.66529e-07
9.45121e-05
-2.60774e-07
0.000167683
-9.96631e-07
0.00016602
-1.17826e-06
0.000561982
-2.72627e-06
-2.79904e-06
-1.64525e-05
0.000551297
-3.13597e-06
-3.19811e-06
0.000164371
-1.47799e-06
0.000162601
-1.46976e-06
9.33465e-05
-3.38035e-07
9.22407e-05
-3.97418e-07
2.59312e-05
2.5517e-05
2.53506e-05
2.50899e-05
9.14101e-05
-1.65962e-07
9.04884e-05
-2.56417e-07
0.000160874
-9.99373e-07
0.00015925
-1.17458e-06
-2.83687e-06
-2.84478e-06
0.000157592
-1.47716e-06
0.000155859
-1.4648e-06
8.93424e-05
-3.31796e-07
8.82614e-05
-3.88641e-07
2.47519e-05
2.43545e-05
2.41886e-05
2.39322e-05
8.7433e-05
-1.70826e-07
8.6514e-05
-2.55292e-07
0.000154057
-1.0353e-06
-1.14403e-06
8.53678e-05
-3.30783e-07
8.42932e-05
-3.89919e-07
2.36004e-05
2.32118e-05
2.30411e-05
2.27859e-05
8.34394e-05
-1.81078e-07
-2.44319e-07
2.24552e-05
2.20653e-05
2.18843e-05
)
;

boundaryField
{
    inlet
    {
        type            calculated;
        value           nonuniform List<scalar> 
50
(
-0.010007
-0.010008
-0.010007
-0.010009
-0.010009
-0.010011
-0.010011
-0.010012
-0.010012
-0.01001
-0.010008
-0.010004
-0.009999
-0.009993
-0.009985
-0.009979
-0.009973
-0.009971
-0.009972
-0.009976
-0.009983
-0.009991
-0.009997
-0.010002
-0.010005
-0.010007
-0.010008
-0.010008
-0.010008
-0.010009
-0.010009
-0.010009
-0.010011
-0.010011
-0.010013
-0.010013
-0.010014
-0.010015
-0.010015
-0.0100155
-0.0100145
-0.0100123
-0.0100086
-0.0100032
-0.0099962
-0.009988
-0.0099794
-0.0099713
-0.0099652
-0.00996188
)
;
    }
    outlet
    {
        type            calculated;
        value           nonuniform 0();
    }
    wall
    {
        type            calculated;
        value           uniform 0;
    }
    front
    {
        type            empty;
        value           nonuniform 0();
    }
    back
    {
        type            empty;
        value           nonuniform 0();
    }
    vanem
    {
        type            calculated;
        value           uniform 0;
    }
    vaneu
    {
        type            calculated;
        value           nonuniform 0();
    }
    vanel
    {
        type            calculated;
        value           uniform 0;
    }
    procBoundary0to1
    {
        type            processor;
        value           nonuniform List<scalar> 
58
(
0.00131729
0.00395273
8.65994e-06
0.00655692
0.0090294
0.0112587
0.0131112
0.0144652
0.0152096
0.0152738
0.0146249
0.0132982
0.0113743
0.00899738
0.00631836
-4.67696e-05
0.00216026
0.000126428
0.00116738
-4.32726e-06
0.00244986
0.00417646
0.00630121
0.00872782
0.0113083
0.0138438
0.0161277
0.0179866
0.0193394
0.0202069
0.0206864
0.0209081
0.020967
0.0209127
0.020731
0.0203336
0.0196086
0.0184295
0.0167314
0.0145364
0.0119732
0.00924489
0.0065803
0.00417919
0.0021871
-1.69211e-05
0.000540528
0.00143619
0.000448128
0.000262482
1.6626e-06
0.000274697
2.16401e-05
7.57684e-05
2.87204e-05
1.17113e-05
8.25399e-05
0.000152357
)
;
    }
    procBoundary0to2
    {
        type            processor;
        value           nonuniform List<scalar> 10(2.709e-08 1.13046e-07 2.1152e-07 3.29094e-07 4.82145e-07 6.90464e-07 5.25687e-07 4.35411e-07 7.02274e-07 2.97327e-07);
    }
}


// ************************************************************************* //
