/*--------------------------------*- C++ -*----------------------------------*\
| =========                 |                                                 |
| \\      /  F ield         | OpenFOAM: The Open Source CFD Toolbox           |
|  \\    /   O peration     | Version:  v1912                                 |
|   \\  /    A nd           | Website:  www.openfoam.com                      |
|    \\/     M anipulation  |                                                 |
\*---------------------------------------------------------------------------*/
FoamFile
{
    version     2.0;
    format      ascii;
    class       volScalarField;
    location    "360";
    object      p;
}
// * * * * * * * * * * * * * * * * * * * * * * * * * * * * * * * * * * * * * //

dimensions      [0 2 -2 0 0 0 0];


internalField   nonuniform List<scalar> 
3754
(
-0.00647415
-0.00644656
-0.00623406
-0.00640125
-0.00620747
-0.00599216
-0.00636142
-0.0061611
-0.0059668
-0.00576486
-0.00633384
-0.00612062
-0.00592404
-0.00574062
-0.00554168
-0.00632485
-0.00609022
-0.00588686
-0.00569726
-0.00551807
-0.00532554
-0.00634341
-0.00607704
-0.00585563
-0.00565707
-0.00547692
-0.00530182
-0.00511932
-0.00639936
-0.00608757
-0.00583706
-0.00562556
-0.00544151
-0.00526153
-0.00509621
-0.0049176
-0.00649458
-0.00612959
-0.00583981
-0.00560809
-0.00541343
-0.005227
-0.00505599
-0.00489526
-0.00472218
-0.0066307
-0.00620854
-0.0058695
-0.00561106
-0.00539712
-0.00519918
-0.00502063
-0.0048565
-0.00470068
-0.00453436
-0.00680299
-0.00632615
-0.00592816
-0.00563808
-0.00540064
-0.00518593
-0.00499347
-0.00482381
-0.00466248
-0.00451199
-0.0043527
-0.00699332
-0.00648307
-0.00601096
-0.00569048
-0.00543008
-0.00519347
-0.00498116
-0.00479914
-0.00462833
-0.00447507
-0.00433167
-0.00417219
-0.00715719
-0.0066884
-0.00611618
-0.00576888
-0.00548991
-0.00522552
-0.0049901
-0.00478684
-0.00460375
-0.00444556
-0.00429477
-0.00415178
-0.00399926
-0.00724102
-0.00692133
-0.00726176
-0.00624145
-0.00587107
-0.00557957
-0.00528647
-0.00502493
-0.00479517
-0.00459422
-0.00442159
-0.00426136
-0.00411636
-0.00397962
-0.0038284
-0.00728885
-0.00721494
-0.00639603
-0.00685392
-0.00724239
-0.00599403
-0.00569401
-0.00537616
-0.00508784
-0.00482888
-0.00460397
-0.00440956
-0.00423809
-0.00408766
-0.00394458
-0.00380987
-0.00366346
-0.00735282
-0.00744156
-0.00660616
-0.006145
-0.00646341
-0.00695156
-0.00724394
-0.00723672
-0.00582464
-0.00549189
-0.00517856
-0.00489137
-0.00463952
-0.00441904
-0.00423009
-0.00406617
-0.00391461
-0.00377669
-0.00364417
-0.0035057
-0.00738387
-0.00715908
-0.0077915
-0.00666716
-0.00637758
-0.00596721
-0.006233
-0.00656651
-0.00690375
-0.00699562
-0.00718503
-0.00728831
-0.00562732
-0.00529188
-0.00498203
-0.00470335
-0.00445439
-0.00424043
-0.00405754
-0.003893
-0.00374953
-0.00361173
-0.003488
-0.00334553
-0.00743044
-0.00674046
-0.00833484
-0.00680265
-0.00671969
-0.00645967
-0.00615236
-0.00576764
-0.0060243
-0.00632806
-0.00661781
-0.00669356
-0.00687345
-0.00648446
-0.0073008
-0.00735698
-0.00542304
-0.00509706
-0.00479298
-0.00451643
-0.00427556
-0.00406798
-0.0038845
-0.00372962
-0.00358563
-0.00345499
-0.00332797
-0.00319409
-0.00682596
-0.00906575
-0.00683357
-0.00678869
-0.00655747
-0.00648501
-0.00622505
-0.00593621
-0.00556508
-0.00581545
-0.00610623
-0.00635399
-0.00643129
-0.00667347
-0.00672935
-0.00522729
-0.00490201
-0.00460496
-0.00433751
-0.00410154
-0.00389566
-0.00372258
-0.00356737
-0.00342835
-0.00329815
-0.00317665
-0.00304173
-0.00658908
-0.00652583
-0.00631526
-0.00624391
-0.00600393
-0.005729
-0.00536605
-0.0056163
-0.00589526
-0.00613332
-0.00619835
-0.00639822
-0.00645772
-0.00502809
-0.00471744
-0.0044247
-0.00416045
-0.00393103
-0.00373444
-0.00356215
-0.00341176
-0.00327485
-0.00314529
-0.00302554
-0.00289136
-0.00634758
-0.00627848
-0.00608327
-0.0060306
-0.00579458
-0.00552488
-0.00516595
-0.00541814
-0.00569402
-0.00592538
-0.00598501
-0.00616806
-0.00623383
-0.00484484
-0.00453119
-0.00424536
-0.00399219
-0.00376739
-0.00357418
-0.003408
-0.00325856
-0.00312076
-0.00299667
-0.00287691
-0.00274996
-0.00611618
-0.00606443
-0.00587502
-0.0058216
-0.00559278
-0.00532542
-0.0049784
-0.00522048
-0.00549
-0.00572404
-0.00577878
-0.00595806
-0.00602243
-0.00465251
-0.0043523
-0.00407588
-0.003825
-0.00360883
-0.00342148
-0.00325636
-0.00310651
-0.00297439
-0.00284919
-0.00273348
-0.00260645
-0.00591163
-0.00585436
-0.00566984
-0.00562522
-0.00539682
-0.00512879
-0.00478425
-0.00503264
-0.00529195
-0.00551815
-0.00557636
-0.00575889
-0.00581317
-0.00447497
-0.00417958
-0.00390778
-0.00366575
-0.00345628
-0.00327278
-0.00310705
-0.00296115
-0.00282762
-0.0027043
-0.00259232
-0.00246631
-0.00570429
-0.00566094
-0.00547577
-0.00542174
-0.0051969
-0.00493612
-0.00460565
-0.00484019
-0.00510101
-0.00532546
-0.00537338
-0.00555383
-0.00560953
-0.00429807
-0.00401059
-0.00374409
-0.00351284
-0.00330867
-0.0031263
-0.00296332
-0.00281603
-0.00268306
-0.0025647
-0.00245173
-0.00233042
-0.00550913
-0.00545388
-0.00527415
-0.00522475
-0.00500635
-0.00475079
-0.0044242
-0.00465898
-0.00491043
-0.00512815
-0.00518234
-0.00536066
-0.00540849
-0.00412708
-0.00384364
-0.00359097
-0.00336614
-0.00316744
-0.00298546
-0.00281855
-0.00267024
-0.00254279
-0.00242459
-0.002317
-0.00219637
-0.0053061
-0.00525796
-0.00508373
-0.00503451
-0.00481578
-0.00456752
-0.00425243
-0.00447983
-0.00472616
-0.00494435
-0.00498368
-0.00516154
-0.00521713
-0.00395914
-0.00368677
-0.0034427
-0.00322769
-0.00302911
-0.00284167
-0.00267378
-0.00253001
-0.00240317
-0.0022909
-0.00218332
-0.00206448
-0.00511434
-0.00507281
-0.00488939
-0.00484462
-0.00463226
-0.00438991
-0.00408247
-0.00430782
-0.00454707
-0.00475609
-0.00480153
-0.00497659
-0.0050123
-0.00379788
-0.00353544
-0.00330431
-0.00309316
-0.00289047
-0.00269818
-0.00253086
-0.00239044
-0.0022715
-0.00215785
-0.00205169
-0.00193459
-0.00492259
-0.00487917
-0.00470733
-0.00466015
-0.00445286
-0.00421932
-0.00391926
-0.004137
-0.00437259
-0.00457742
-0.00461741
-0.00478676
-0.00483182
-0.0036421
-0.00339325
-0.00317384
-0.00296315
-0.00274704
-0.00255207
-0.00239074
-0.00225966
-0.00213972
-0.00202767
-0.00192289
-0.0018092
-0.00474396
-0.00469153
-0.00452755
-0.00447982
-0.00428457
-0.00405077
-0.00375985
-0.00397485
-0.00419899
-0.00439903
-0.00444284
-0.00461005
-0.00464353
-0.00349369
-0.00326445
-0.0030541
-0.00282329
-0.0025972
-0.00240821
-0.00225946
-0.00212951
-0.0020108
-0.00189962
-0.00179808
-0.00168327
-0.00456389
-0.00450943
-0.00435574
-0.00431184
-0.00411403
-0.00388982
-0.0036079
-0.00381728
-0.00403578
-0.00422644
-0.00427139
-0.00443074
-0.00446913
-0.00335891
-0.00314954
-0.00292461
-0.00266919
-0.00244572
-0.00227513
-0.00213262
-0.00200243
-0.00188337
-0.00177602
-0.00167216
-0.00156062
-0.00439135
-0.00433908
-0.00418119
-0.0041431
-0.00395155
-0.00373099
-0.00346228
-0.00366952
-0.00387742
-0.00406487
-0.00410114
-0.00425997
-0.00430116
-0.00323733
-0.00304648
-0.00276884
-0.00250412
-0.00230809
-0.00215099
-0.0020077
-0.00187833
-0.00176251
-0.0016508
-0.00155053
-0.0014351
-0.00421168
-0.00417147
-0.00401908
-0.00397732
-0.00379381
-0.00358026
-0.00332324
-0.00352734
-0.00372519
-0.0039046
-0.00394394
-0.00409741
-0.00412812
-0.00316075
-0.00289947
-0.0025799
-0.00235743
-0.00218729
-0.00203103
-0.00188743
-0.00175866
-0.00163982
-0.00153019
-0.00142702
-0.00131133
-0.00404937
-0.00400379
-0.00385864
-0.00382301
-0.00364547
-0.00343448
-0.00322872
-0.00339315
-0.00357941
-0.00375438
-0.00378406
-0.00393502
-0.00397322
-0.00306676
-0.00267138
-0.00242044
-0.00224068
-0.00207298
-0.00191433
-0.00177002
-0.00164013
-0.00151914
-0.00140893
-0.00130309
-0.00118841
-0.00388835
-0.0038503
-0.00370834
-0.00367342
-0.00350361
-0.00330297
-0.0032445
-0.00327062
-0.00344135
-0.00360797
-0.0036382
-0.00378628
-0.0038089
-0.00278517
-0.0024909
-0.00230924
-0.00213322
-0.00195982
-0.00180009
-0.00165518
-0.00152097
-0.00140105
-0.00128596
-0.00118201
-0.00106348
-0.0037369
-0.00369802
-0.0035655
-0.0035388
-0.00336546
-0.00326206
-0.00291395
-0.00338002
-0.00327511
-0.00347466
-0.00349587
-0.00363681
-0.00366428
-0.00256821
-0.00239202
-0.00221034
-0.00202333
-0.00184857
-0.00168799
-0.00154008
-0.00140632
-0.00128133
-0.00116728
-0.00105922
-0.000937482
-0.0035943
-0.00356392
-0.00343095
-0.00341137
-0.00321348
-0.00307907
-0.00267384
-0.00288103
-0.00359854
-0.00333914
-0.00335043
-0.00349909
-0.00352524
-0.00248237
-0.00230088
-0.00210214
-0.00191503
-0.00174094
-0.00157868
-0.00142855
-0.00129149
-0.00116521
-0.00104588
-0.00093327
-0.000810262
-0.00346342
-0.00343582
-0.0032359
-0.00317711
-0.0031245
-0.00284719
-0.00258318
-0.0027653
-0.00292089
-0.00395314
-0.00303409
-0.00337335
-0.00340025
-0.00239955
-0.00219253
-0.00199557
-0.00181083
-0.00163584
-0.00147152
-0.00132034
-0.00117713
-0.00104595
-0.00092142
-0.000808756
-0.00068084
-0.00331562
-0.00322122
-0.00285241
-0.00303451
-0.00290849
-0.00272446
-0.00249662
-0.00264524
-0.00284002
-0.0029895
-0.0030305
-0.00461089
-0.00307685
-0.00229129
-0.00208588
-0.00189381
-0.00170811
-0.001533
-0.00136782
-0.00120916
-0.00106416
-0.000925892
-0.000799827
-0.00068041
-0.000546026
-0.00298806
-0.00294263
-0.00277578
-0.00260634
-0.00238953
-0.00253503
-0.00270513
-0.00285842
-0.00291042
-0.00218078
-0.00198469
-0.00179249
-0.00160962
-0.00143357
-0.00126332
-0.00110345
-0.000949575
-0.000807961
-0.000673797
-0.000548262
-0.000409073
-0.00282796
-0.00278991
-0.00265029
-0.00249236
-0.00227876
-0.00242786
-0.00259026
-0.00272395
-0.00276026
-0.00207918
-0.00188372
-0.00169635
-0.0015144
-0.0013361
-0.00116423
-0.000995286
-0.000835494
-0.000685612
-0.000544247
-0.000413641
-0.000266922
-0.00269566
-0.0026669
-0.00253579
-0.00238098
-0.00217521
-0.00232025
-0.00248114
-0.00261362
-0.00264448
-0.0019783
-0.00178738
-0.00160252
-0.00142185
-0.00124306
-0.00106329
-0.000888367
-0.000719959
-0.000560937
-0.00041265
-0.000274044
-0.000120867
-0.00258353
-0.00255459
-0.00242564
-0.00227536
-0.00207205
-0.00221679
-0.0023717
-0.00250103
-0.00253057
-0.0018798
-0.00169393
-0.00151481
-0.00133326
-0.00115103
-0.000966038
-0.000781678
-0.000602652
-0.000434142
-0.000276427
-0.000130177
3.30364e-05
-0.00247321
-0.002446
-0.00232112
-0.00216843
-0.00197257
-0.00211446
-0.0022672
-0.00239265
-0.00242276
-0.00178634
-0.00160819
-0.00142838
-0.00124943
-0.00106223
-0.000867913
-0.0006735
-0.000483533
-0.000303881
-0.000135025
2.01033e-05
0.000192257
-0.00236604
-0.00234096
-0.00221365
-0.00206771
-0.00187693
-0.00201542
-0.00216182
-0.00229384
-0.0023148
-0.00169844
-0.00152287
-0.00135104
-0.0011684
-0.000973962
-0.000771091
-0.000564051
-0.00036105
-0.000167795
1.07619e-05
0.000177331
0.000358343
-0.00226013
-0.00223426
-0.00211315
-0.00196903
-0.00178679
-0.00191979
-0.00206226
-0.00218226
-0.00220951
-0.00161327
-0.00144783
-0.0012756
-0.00108963
-0.000887545
-0.000674108
-0.000452769
-0.000235602
-2.83438e-05
0.000164674
0.000341093
0.00053149
-0.00215896
-0.00213195
-0.00201275
-0.00187573
-0.00169866
-0.00182782
-0.00196681
-0.00208292
-0.00210807
-0.00153739
-0.00137758
-0.00120402
-0.00101183
-0.000802872
-0.00057645
-0.000341361
-0.000105192
0.000118328
0.000325413
0.000514776
0.000708984
-0.00205719
-0.00203205
-0.00191753
-0.0017848
-0.00161943
-0.0017392
-0.00187298
-0.00198814
-0.00201316
-0.00146892
-0.00131191
-0.00113351
-0.000937648
-0.000720267
-0.000479552
-0.00022439
3.10856e-05
0.000273376
0.000495039
0.000699136
0.000904419
-0.00196086
-0.00193649
-0.00182672
-0.0016995
-0.00154991
-0.00165503
-0.00178334
-0.0018918
-0.00191722
-0.00140827
-0.00124604
-0.00106502
-0.000868321
-0.000638676
-0.000380453
-0.000102614
0.000173368
0.000434791
0.000680534
0.000900906
0.0010872
-0.0018684
-0.00184611
-0.00173895
-0.00161823
-0.00148806
-0.00158186
-0.00169629
-0.00180446
-0.00182426
-0.00134748
-0.00117728
-0.0010057
-0.000801204
-0.000558152
-0.000278672
2.1846e-05
0.000323752
0.000617158
0.000870006
0.00118521
0.000448422
-0.0017797
-0.00175951
-0.00165199
-0.00157098
-0.00142764
-0.00163941
-0.00159669
-0.00172097
-0.00173991
-0.00127514
-0.00112271
-0.000949992
-0.000738203
-0.000477849
-0.000173568
0.000154601
0.000493086
0.00078541
0.0012035
0.000540373
-0.00169705
-0.00167796
-0.00153354
-0.00149055
-0.00135873
-0.00145465
-0.00233344
-0.00184285
-0.00163459
-0.00165644
-0.00121902
-0.00107388
-0.000900865
-0.000676787
-0.000395136
-6.50525e-05
0.000302657
0.000639218
0.00111656
0.000570604
-0.00161211
-0.00159526
-0.000834783
-0.00163844
-0.0015601
-0.0014271
-0.00129847
-0.00139337
-0.00152468
-0.00148691
-0.00155937
-0.00117164
-0.00103394
-0.000855379
-0.000617418
-0.000312436
5.74442e-05
0.000427368
0.000943744
0.000513047
-0.00141621
-0.00162185
-0.00158267
-0.00146848
-0.0014417
-0.00136262
-0.00124886
-0.00133553
-0.00143029
-0.00140672
-0.00154789
-0.00151537
-0.00162233
-0.00113543
-0.000998945
-0.00081515
-0.000558159
-0.000219152
0.00015882
0.000689315
0.000396515
-0.00164654
-0.00160876
-0.00148701
-0.00146095
-0.00139374
-0.0013785
-0.00130844
-0.00121086
-0.00128734
-0.00136591
-0.00135104
-0.00144587
-0.00142529
-0.00156956
-0.00153866
-0.00110491
-0.000973098
-0.000776264
-0.000494375
-0.000141443
0.000366919
0.000239719
-0.00150216
-0.00147814
-0.00140867
-0.00139705
-0.00133938
-0.00132518
-0.00126407
-0.0011811
-0.0012475
-0.00131557
-0.00130446
-0.00138096
-0.00136737
-0.00145942
-0.00144158
-0.00108658
-0.000949553
-0.000738064
-0.000437567
6.60901e-06
6.09865e-05
-0.0014236
-0.00141207
-0.00135504
-0.001341
-0.00129108
-0.00128018
-0.0012291
-0.00116244
-0.00121741
-0.00127399
-0.00126197
-0.00133163
-0.00132009
-0.0013956
-0.00138258
-0.00107297
-0.00093201
-0.000698227
-0.000351407
-0.000120143
-0.00136901
-0.00135549
-0.00130652
-0.00129536
-0.0012522
-0.00124592
-0.00120306
-0.00115198
-0.00119803
-0.00123947
-0.00123112
-0.00128717
-0.00127731
-0.00134642
-0.00133277
-0.00107136
-0.000904738
-0.000667847
-0.000285021
-0.00132352
-0.00130903
-0.00126506
-0.00126038
-0.00122531
-0.001218
-0.00118671
-0.00115854
-0.0011878
-0.00121641
-0.00121144
-0.00125045
-0.00124526
-0.00129864
-0.00129047
-0.00105928
-0.000919155
-0.000419766
-0.00127826
-0.00127113
-0.00123732
-0.00123086
-0.00120518
-0.00120119
-0.00118429
-0.00116631
-0.0011943
-0.00120318
-0.0011979
-0.00122639
-0.00122348
-0.0012619
-0.00125807
-0.00110854
-0.000521339
-0.0012478
-0.00124209
-0.0012169
-0.0012134
-0.00119472
-0.0011993
-0.00119215
-0.00126705
-0.00120095
-0.00119966
-0.00120366
-0.001211
-0.0012074
-0.00123692
-0.00123259
-0.000594423
-0.00122876
-0.00122352
-0.00120527
-0.00120642
-0.00120142
-0.00120868
-0.00123433
-0.000707324
-0.00130782
-0.00120775
-0.00121147
-0.00120753
-0.00120791
-0.00121822
-0.00121624
-0.00121365
-0.00121213
-0.0012089
-0.00121331
-0.00122261
-0.00124011
-0.00134567
-0.000661258
-0.0012724
-0.00129654
-0.00121431
-0.00121759
-0.001215
-0.00121366
-0.00121447
-0.00121601
-0.00122963
-0.00124301
-0.00133123
-0.00140523
-0.00136594
-0.000562834
-0.00126957
-0.00129288
-0.0012172
-0.0012197
-0.00122849
-0.00124069
-0.00131847
-0.00141965
-0.0015221
-0.000578251
-0.00126423
-0.00129006
-0.00131785
-0.0014111
-0.00165912
-0.000726378
-0.0953651
-0.0952143
-0.0943839
-0.0944392
-0.0950499
-0.0948923
-0.0943258
-0.0943389
-0.0946686
-0.0951263
-0.0950908
-0.0952058
-0.0941171
-0.094406
-0.0941587
-0.0946435
-0.095439
-0.0954989
-0.0952958
-0.095452
-0.0939066
-0.0942058
-0.0939438
-0.0945328
-0.0941468
-0.0962802
-0.0955757
-0.0959287
-0.0955139
-0.0957245
-0.093664
-0.093974
-0.0937121
-0.0946842
-0.0936159
-0.0937191
-0.0964564
-0.0963876
-0.0957189
-0.0957607
-0.0959877
-0.0959542
-0.0934627
-0.0937657
-0.093501
-0.0948271
-0.0937878
-0.092748
-0.0932731
-0.0935437
-0.0966221
-0.096211
-0.0958635
-0.0961603
-0.0932555
-0.0933033
-0.0949687
-0.0939421
-0.0929132
-0.0918777
-0.0924759
-0.0928493
-0.093117
-0.0933399
-0.0967745
-0.0960042
-0.0930409
-0.0930841
-0.0951088
-0.0940863
-0.093069
-0.092041
-0.0910048
-0.0915471
-0.0919868
-0.0925329
-0.0925761
-0.0927045
-0.0929041
-0.0969174
-0.0961427
-0.092811
-0.092857
-0.0952488
-0.094228
-0.0932156
-0.0921999
-0.0911711
-0.0901457
-0.090677
-0.0911126
-0.0914657
-0.0918469
-0.0918833
-0.0924579
-0.0926583
-0.097055
-0.0962794
-0.0926247
-0.0953894
-0.0943713
-0.0933604
-0.0923516
-0.0913348
-0.0903101
-0.0893425
-0.0898056
-0.0902329
-0.0906
-0.0910318
-0.0913078
-0.0915257
-0.0919244
-0.0917155
-0.0920799
-0.092427
-0.0971889
-0.0964083
-0.0955228
-0.0945165
-0.0935079
-0.0925018
-0.0914929
-0.0904748
-0.0894777
-0.08842
-0.0889822
-0.0894785
-0.0896967
-0.090138
-0.0904405
-0.0906579
-0.0910742
-0.0908642
-0.0973138
-0.0965108
-0.0956287
-0.0946549
-0.0936585
-0.0926557
-0.0916505
-0.0906387
-0.0896275
-0.0885935
-0.0875129
-0.0880599
-0.0885237
-0.0888843
-0.089487
-0.0894966
-0.0897342
-0.0901976
-0.0899793
-0.0974132
-0.0965432
-0.0956592
-0.0947639
-0.0938025
-0.0928133
-0.0918125
-0.0908044
-0.0897905
-0.0887612
-0.0876978
-0.0865988
-0.0871616
-0.0876282
-0.0879802
-0.0884089
-0.0886522
-0.088838
-0.0892654
-0.0894944
-0.0974464
-0.0964243
-0.0955272
-0.0947909
-0.0939142
-0.0929634
-0.0919784
-0.0909758
-0.0899622
-0.0889339
-0.0878813
-0.0867895
-0.0856595
-0.0862432
-0.0867177
-0.0870858
-0.087542
-0.0878161
-0.0880526
-0.088465
-0.0882383
-0.088647
-0.0887366
-0.0896825
-0.097338
-0.0960208
-0.0950898
-0.0946432
-0.0939374
-0.0930775
-0.092135
-0.091151
-0.0901431
-0.0891167
-0.0880682
-0.0869863
-0.0858598
-0.084686
-0.0852947
-0.0857805
-0.0861647
-0.086632
-0.0869157
-0.0871492
-0.0875971
-0.0873655
-0.0877795
-0.0880109
-0.0884237
-0.0882143
-0.0969633
-0.095137
-0.0941392
-0.0941666
-0.0937706
-0.0930941
-0.092251
-0.091315
-0.0903286
-0.08931
-0.0882655
-0.0871899
-0.0860719
-0.0848995
-0.0836874
-0.0843084
-0.0848107
-0.0852118
-0.0856923
-0.0859889
-0.0862258
-0.0866833
-0.0864508
-0.0868748
-0.0871028
-0.0875483
-0.0873278
-0.0961386
-0.0935317
-0.0924218
-0.0931402
-0.0932481
-0.0929032
-0.0922593
-0.0914319
-0.0905002
-0.0895073
-0.0884739
-0.087405
-0.0862941
-0.0851308
-0.0839121
-0.0826893
-0.083275
-0.083801
-0.0842204
-0.0847214
-0.0850293
-0.0852754
-0.0857467
-0.0855068
-0.0859447
-0.0861789
-0.0866331
-0.0864106
-0.0946347
-0.0909743
-0.0896988
-0.0912996
-0.0921366
-0.092328
-0.0920401
-0.0914283
-0.0906171
-0.0896866
-0.0886842
-0.0876312
-0.0865297
-0.0853753
-0.0841601
-0.0829059
-0.0815747
-0.0822824
-0.0827848
-0.0831681
-0.0837027
-0.0840379
-0.0842873
-0.0847784
-0.0845335
-0.0849838
-0.0852271
-0.0856986
-0.0854627
-0.0922315
-0.0873302
-0.0858351
-0.0883977
-0.0901598
-0.0911214
-0.0914023
-0.0911731
-0.0905981
-0.089802
-0.0888714
-0.0878557
-0.0867761
-0.0856347
-0.0844282
-0.0831598
-0.0818281
-0.0803814
-0.0810923
-0.0817158
-0.0822471
-0.0826974
-0.0829737
-0.0832421
-0.0837707
-0.083517
-0.0839904
-0.0842398
-0.0847289
-0.0844875
-0.0887971
-0.0826341
-0.0808741
-0.0843015
-0.0870651
-0.0889943
-0.0900852
-0.0904628
-0.0903005
-0.0897634
-0.0889832
-0.0880504
-0.0870163
-0.0859037
-0.0847138
-0.0834484
-0.0821091
-0.0806784
-0.0791305
-0.0798926
-0.0805244
-0.0809716
-0.0815752
-0.0819084
-0.082432
-0.0827142
-0.082461
-0.0829123
-0.0831979
-0.0837238
-0.0834709
-0.084358
-0.0771052
-0.0750547
-0.0790684
-0.0827246
-0.0856906
-0.0877914
-0.0890234
-0.0895064
-0.0894147
-0.0889191
-0.0881558
-0.087218
-0.0861605
-0.0850067
-0.0837605
-0.0824247
-0.0809997
-0.079459
-0.0778989
-0.078619
-0.0792829
-0.0797787
-0.0803945
-0.0807523
-0.0810616
-0.0816241
-0.0813101
-0.0816735
-0.0826098
-0.0826048
-0.0821763
-0.0791175
-0.0710801
-0.0687353
-0.0729574
-0.0772114
-0.0810925
-0.0842642
-0.0865467
-0.0879268
-0.0885235
-0.0885095
-0.0880594
-0.0873131
-0.0863683
-0.0852809
-0.0840787
-0.0827668
-0.08135
-0.0798262
-0.0781863
-0.07639
-0.0775405
-0.0780555
-0.0784843
-0.0791468
-0.0795519
-0.0798745
-0.0804757
-0.0801618
-0.0807119
-0.081002
-0.0815069
-0.0812609
-0.0816218
-0.0828753
-0.0733906
-0.0649338
-0.0623163
-0.06635
-0.0708081
-0.0752929
-0.0793969
-0.0827775
-0.0852474
-0.0867866
-0.0875065
-0.0875772
-0.0871763
-0.0864483
-0.0854931
-0.0843705
-0.0831114
-0.081726
-0.0802187
-0.078586
-0.0768167
-0.0758694
-0.0748641
-0.0765044
-0.0778325
-0.0782779
-0.0786017
-0.0792422
-0.0789105
-0.0795051
-0.079818
-0.0804219
-0.0801182
-0.0806656
-0.0809497
-0.0814782
-0.0812277
-0.0675281
-0.0590366
-0.0561926
-0.0596731
-0.0639207
-0.0685992
-0.0733054
-0.0776273
-0.0812194
-0.0838854
-0.0855937
-0.0864444
-0.0866077
-0.0862618
-0.0855524
-0.0845843
-0.0834207
-0.0820977
-0.0806316
-0.0790234
-0.0772663
-0.0753491
-0.0744296
-0.0754088
-0.0761741
-0.0732344
-0.0767331
-0.0780479
-0.0779593
-0.0782105
-0.0785476
-0.0791911
-0.0788666
-0.0794523
-0.079755
-0.0803619
-0.0800705
-0.0618752
-0.0537372
-0.0507331
-0.053345
-0.0570036
-0.061444
-0.0663256
-0.0712401
-0.075776
-0.0795816
-0.0824502
-0.0843341
-0.0853271
-0.0855929
-0.0853054
-0.0846158
-0.0836327
-0.082424
-0.0810314
-0.0794754
-0.0777548
-0.075866
-0.0737873
-0.0727631
-0.0738504
-0.0746526
-0.0751408
-0.0755272
-0.0759174
-0.0762972
-0.0715274
-0.0766489
-0.0769899
-0.0768582
-0.0778099
-0.0781606
-0.0784924
-0.0791304
-0.078819
-0.0567588
-0.049343
-0.0462538
-0.0477542
-0.0504967
-0.0543066
-0.058917
-0.0639816
-0.0690914
-0.0738347
-0.0778529
-0.0809273
-0.0829983
-0.0841449
-0.0845181
-0.0842954
-0.0836279
-0.0826283
-0.0813722
-0.0799042
-0.0782502
-0.0764109
-0.0743756
-0.0721328
-0.0710149
-0.0721307
-0.0730011
-0.0735392
-0.0739747
-0.0743605
-0.0747338
-0.0697896
-0.077226
-0.0777782
-0.0524763
-0.0460556
-0.0429448
-0.0432204
-0.0448061
-0.0476503
-0.0515845
-0.056338
-0.0615635
-0.0668534
-0.0717935
-0.0760218
-0.0793072
-0.0815732
-0.0828792
-0.083372
-0.0832198
-0.0825764
-0.0815618
-0.0802558
-0.078708
-0.0769496
-0.0749807
-0.0727872
-0.070385
-0.0693682
-0.0702848
-0.0711767
-0.071816
-0.072267
-0.0726897
-0.0730877
-0.0677473
-0.0492347
-0.0439034
-0.0408127
-0.0399208
-0.0402519
-0.0418951
-0.0448127
-0.0488397
-0.0537072
-0.0590697
-0.0645198
-0.0696455
-0.0740785
-0.077577
-0.0800427
-0.0815198
-0.0821389
-0.0820638
-0.0814505
-0.0804216
-0.0790648
-0.0774352
-0.075563
-0.0734525
-0.0710883
-0.068468
-0.0670805
-0.0683852
-0.0696898
-0.069833
-0.0703646
-0.0708644
-0.071312
-0.0655468
-0.0470852
-0.0427365
-0.0396829
-0.0378349
-0.0369915
-0.0373558
-0.0390311
-0.0419896
-0.0460761
-0.0510267
-0.0564985
-0.0620877
-0.0673835
-0.0720149
-0.0757231
-0.0783945
-0.0800487
-0.0808037
-0.0808148
-0.0802362
-0.0791969
-0.0777899
-0.0760742
-0.0740788
-0.0718117
-0.0692522
-0.0663897
-0.0647795
-0.066129
-0.0672485
-0.0678212
-0.0683516
-0.069559
-0.0693046
-0.0631699
-0.0459033
-0.0422916
-0.0392735
-0.0367596
-0.0349734
-0.034165
-0.0345427
-0.0362219
-0.0391891
-0.0433001
-0.0482999
-0.0538511
-0.0595549
-0.065003
-0.0698189
-0.0737352
-0.0766121
-0.0784518
-0.0793513
-0.0794557
-0.0789201
-0.0778739
-0.0764168
-0.074611
-0.0724835
-0.0700409
-0.0672724
-0.0641358
-0.0623053
-0.0637725
-0.0650012
-0.0657068
-0.0662916
-0.0668015
-0.0673457
-0.0677792
-0.0681709
-0.0699238
-0.0605858
-0.0454415
-0.0422852
-0.039293
-0.0363945
-0.0339657
-0.0322351
-0.031449
-0.031821
-0.0334774
-0.0364194
-0.0405193
-0.0455327
-0.0511307
-0.0569206
-0.0624984
-0.0674855
-0.0715993
-0.074684
-0.076713
-0.0777638
-0.0779726
-0.077486
-0.0764387
-0.0749321
-0.0730301
-0.0707593
-0.0681308
-0.0651281
-0.0616868
-0.0596009
-0.061183
-0.062523
-0.0632827
-0.0639248
-0.064523
-0.0651257
-0.0656067
-0.0661932
-0.0667019
-0.0672194
-0.0577677
-0.0454241
-0.0424838
-0.039506
-0.0364407
-0.0336498
-0.0313051
-0.029626
-0.0288523
-0.0292009
-0.0308075
-0.033692
-0.0377439
-0.0427333
-0.0483425
-0.0541873
-0.0598691
-0.0650075
-0.0693098
-0.0725957
-0.074816
-0.0760279
-0.0763476
-0.0759197
-0.0748756
-0.073319
-0.0713139
-0.0688947
-0.0660628
-0.0627955
-0.0590183
-0.0566397
-0.0583409
-0.0598023
-0.0606297
-0.0613308
-0.0619853
-0.062642
-0.0631543
-0.0638022
-0.064386
-0.0649732
-0.0546855
-0.0456158
-0.0427335
-0.0397621
-0.0366643
-0.0337226
-0.0310425
-0.0287838
-0.0271526
-0.0263832
-0.0266905
-0.0282228
-0.0310179
-0.0349852
-0.0399118
-0.0454942
-0.0513597
-0.057116
-0.0623827
-0.0668558
-0.0703361
-0.0727499
-0.0741247
-0.0745657
-0.0742036
-0.073167
-0.0715585
-0.0694478
-0.0668693
-0.0638151
-0.0602483
-0.0560972
-0.0533944
-0.0552213
-0.056823
-0.0577186
-0.0584861
-0.0592054
-0.0599163
-0.0604785
-0.0611918
-0.0618264
-0.0624734
-0.0513124
-0.0458569
-0.043687
-0.042168
-0.0406766
-0.0369209
-0.0392198
-0.0339552
-0.0311424
-0.0285764
-0.026404
-0.0248191
-0.0240449
-0.0242972
-0.0257341
-0.0284111
-0.0322565
-0.0370806
-0.0425968
-0.0484452
-0.0542425
-0.0596095
-0.0642341
-0.0678976
-0.0704986
-0.0720425
-0.0726101
-0.0723204
-0.0712939
-0.0696344
-0.0674135
-0.0646595
-0.0613578
-0.0574571
-0.0528945
-0.0498375
-0.0517979
-0.0535498
-0.0545229
-0.055361
-0.0561545
-0.0569334
-0.0575496
-0.0583192
-0.0590291
-0.0597235
-0.0476214
-0.0468264
-0.0452497
-0.0441286
-0.0433732
-0.0426581
-0.0418892
-0.0410975
-0.0403732
-0.0377941
-0.0342102
-0.0364021
-0.0396873
-0.0389508
-0.0313824
-0.0287017
-0.0262523
-0.0241676
-0.0226267
-0.0218438
-0.0220312
-0.0233536
-0.0258821
-0.029572
-0.0342544
-0.0396632
-0.0454545
-0.0512564
-0.0566926
-0.061444
-0.0652732
-0.0680561
-0.0697667
-0.0704655
-0.0702518
-0.0692397
-0.0675291
-0.0651859
-0.0622388
-0.0586606
-0.0543888
-0.0493837
-0.0459463
-0.0480471
-0.0499615
-0.051008
-0.051936
-0.052799
-0.053658
-0.054318
-0.0551737
-0.055947
-0.0567134
-0.0436053
-0.0465025
-0.0457589
-0.0449596
-0.0441305
-0.0433977
-0.0427249
-0.0419737
-0.0410986
-0.040396
-0.0381951
-0.0375029
-0.035042
-0.0316338
-0.0337166
-0.0368472
-0.036144
-0.0397505
-0.0390304
-0.0289471
-0.0264013
-0.0240707
-0.0220745
-0.0205791
-0.0197841
-0.019897
-0.0210882
-0.023446
-0.0269473
-0.0314494
-0.0367089
-0.0424022
-0.0481682
-0.0536382
-0.0584872
-0.0624619
-0.0654139
-0.0672872
-0.0681168
-0.0679815
-0.0669849
-0.0652169
-0.0627415
-0.059575
-0.0556873
-0.0510181
-0.0455344
-0.041753
-0.0439377
-0.0460287
-0.0471629
-0.048172
-0.0491183
-0.0500617
-0.0507721
-0.0517154
-0.0525616
-0.0534118
-0.0392695
-0.0465299
-0.0458316
-0.0450505
-0.0381965
-0.0375245
-0.0354234
-0.0347635
-0.0324232
-0.0291932
-0.0311655
-0.0341386
-0.0334695
-0.0369069
-0.0362186
-0.0266499
-0.0242408
-0.0220299
-0.020125
-0.0186744
-0.0178665
-0.0179
-0.0189485
-0.0211147
-0.0243986
-0.0286849
-0.033754
-0.039305
-0.0449935
-0.0504581
-0.0553716
-0.0594665
-0.0625693
-0.0645955
-0.0655512
-0.0654951
-0.0645099
-0.0626781
-0.0600507
-0.0566373
-0.0524129
-0.0473149
-0.0413317
-0.0373598
-0.0394377
-0.0417177
-0.0429579
-0.0440551
-0.0450882
-0.0461196
-0.0468927
-0.0479102
-0.0488486
-0.0497729
-0.0346049
-0.0354249
-0.0347837
-0.0327845
-0.0321575
-0.0299394
-0.026889
-0.02875
-0.031564
-0.0309295
-0.0341945
-0.033539
-0.0244902
-0.0222181
-0.0201289
-0.0183153
-0.0169127
-0.0160916
-0.0160439
-0.0169418
-0.0189009
-0.0219427
-0.0259791
-0.0308177
-0.0361833
-0.0417508
-0.0471688
-0.0521101
-0.0562937
-0.0595242
-0.0616874
-0.0627623
-0.0627763
-0.061797
-0.0598875
-0.057086
-0.0534051
-0.048808
-0.0432661
-0.0368117
-0.0325264
-0.0349297
-0.0370938
-0.0383431
-0.039548
-0.0406909
-0.0418142
-0.0426395
-0.043757
-0.0447751
-0.0457874
-0.0296733
-0.032786
-0.0321759
-0.0302804
-0.0296864
-0.0275918
-0.0247211
-0.0264707
-0.0291243
-0.0285249
-0.0316159
-0.0309937
-0.0224663
-0.0203315
-0.0183632
-0.0166431
-0.0152891
-0.0144588
-0.0143297
-0.0150736
-0.0168151
-0.0195937
-0.0233509
-0.0279218
-0.0330609
-0.0384635
-0.0437916
-0.0487192
-0.0529561
-0.056285
-0.0585651
-0.0597403
-0.0598166
-0.0588285
-0.0568223
-0.0538306
-0.0498483
-0.0448702
-0.038894
-0.0320269
-0.0273843
-0.0297278
-0.0323321
-0.0338802
-0.0347176
-0.0358471
-0.0370492
-0.0379689
-0.0392121
-0.0403364
-0.0414493
-0.024528
-0.0302817
-0.029703
-0.0279125
-0.0273516
-0.0253802
-0.0226879
-0.0243269
-0.0268206
-0.0262562
-0.0291719
-0.0285836
-0.0205758
-0.0185766
-0.0167292
-0.0151024
-0.0138006
-0.0129632
-0.0127569
-0.0133485
-0.014865
-0.0173671
-0.0208189
-0.0250909
-0.0299639
-0.0351582
-0.0403518
-0.0452223
-0.0494713
-0.0528649
-0.0552323
-0.0564905
-0.0566058
-0.0555904
-0.053473
-0.050263
-0.0459755
-0.0406164
-0.0342416
-0.0270228
-0.022112
-0.0244851
-0.0270881
-0.028402
-0.0297174
-0.0309375
-0.0323312
-0.0339981
-0.0338443
-0.0352604
-0.0365984
-0.0192565
-0.0279136
-0.0273665
-0.0256804
-0.0251524
-0.0233033
-0.020787
-0.0223169
-0.0246527
-0.024123
-0.0268639
-0.0263095
-0.0188152
-0.0169496
-0.015221
-0.0136881
-0.0124399
-0.0116012
-0.0113239
-0.0117657
-0.0130589
-0.0152741
-0.0184033
-0.0223482
-0.0269198
-0.0318661
-0.0368803
-0.0416469
-0.0458647
-0.0492818
-0.0517045
-0.0530114
-0.0531443
-0.0520834
-0.049828
-0.0463964
-0.0417982
-0.0360805
-0.0293696
-0.0218676
-0.0167656
-0.0191285
-0.0217909
-0.0231246
-0.0244754
-0.0257621
-0.0270789
-0.0279557
-0.0292476
-0.0303949
-0.0315184
-0.0342791
-0.0139909
-0.0256811
-0.0251655
-0.0235833
-0.0230879
-0.0213592
-0.0190152
-0.0204383
-0.022619
-0.0221236
-0.0246917
-0.024171
-0.0171806
-0.0154448
-0.0138329
-0.0123932
-0.0112012
-0.0103658
-0.0100254
-0.0103266
-0.0113984
-0.0133239
-0.0161203
-0.0197177
-0.0239598
-0.0286192
-0.0334098
-0.0380267
-0.0421657
-0.0455622
-0.0479974
-0.0493226
-0.0494434
-0.0483085
-0.0459083
-0.0422422
-0.0373509
-0.0313321
-0.0243413
-0.0166942
-0.0114565
-0.0137293
-0.0163935
-0.0177062
-0.0190803
-0.0204055
-0.0217489
-0.0226493
-0.0240146
-0.0253
-0.0266067
-0.0274983
-0.02879
-0.0300057
-0.0310429
-0.0088839
-0.0235834
-0.0230991
-0.0216192
-0.0211558
-0.0195451
-0.0173685
-0.0186879
-0.0207173
-0.0202554
-0.0226538
-0.0221664
-0.0156666
-0.0140565
-0.0125583
-0.0112101
-0.0100757
-0.00925046
-0.00885573
-0.0090253
-0.00988391
-0.0115261
-0.0139857
-0.017223
-0.0211124
-0.0254513
-0.0299786
-0.0343987
-0.0384105
-0.0417375
-0.044143
-0.0454463
-0.0455224
-0.0442955
-0.041732
-0.0378493
-0.0327061
-0.026434
-0.0192828
-0.0116463
-0.00636207
-0.00842862
-0.011014
-0.0122771
-0.0136386
-0.0149642
-0.0163104
-0.0171932
-0.0185794
-0.0198991
-0.0212444
-0.0221303
-0.0234938
-0.0248264
-0.0261265
-0.00411224
-0.0216186
-0.0211652
-0.0197856
-0.0193534
-0.0178573
-0.0158419
-0.0170617
-0.0189446
-0.0185153
-0.0207481
-0.0202934
-0.0142678
-0.0127786
-0.0113898
-0.0101309
-0.00905572
-0.0082456
-0.00780609
-0.00785624
-0.00851657
-0.00988384
-0.0120132
-0.0148869
-0.0184052
-0.0223985
-0.0266245
-0.0308038
-0.0346394
-0.0378487
-0.0401768
-0.0414177
-0.0414182
-0.0400783
-0.0373607
-0.0332781
-0.0279294
-0.0215039
-0.0143336
-0.00689411
-0.00162738
-0.00340073
-0.00587201
-0.00695394
-0.00828173
-0.00957347
-0.0108932
-0.0117356
-0.0131116
-0.0144263
-0.015773
-0.0166352
-0.0180153
-0.0193759
-0.0207107
0.00016194
-0.0197843
-0.0193609
-0.0180788
-0.0176769
-0.0162912
-0.01443
-0.0155546
-0.0172968
-0.0168989
-0.0189715
-0.0185485
-0.0129782
-0.0116045
-0.01032
-0.0091471
-0.00813168
-0.00734249
-0.00686805
-0.00681309
-0.00729065
-0.00840329
-0.0102127
-0.0127244
-0.0158673
-0.0194936
-0.0233866
-0.0272844
-0.0308979
-0.0339409
-0.0361451
-0.037284
-0.0371813
-0.0357203
-0.0328509
-0.0286127
-0.0231342
-0.0166783
-0.00964667
-0.00260675
0.00256423
0.00113891
-0.00100818
-0.00214041
-0.00443807
-0.00562777
-0.00639161
-0.00773064
-0.00901408
-0.0103377
-0.011153
-0.0125216
-0.0138728
-0.015206
0.00375947
-0.0180767
-0.0176826
-0.0164945
-0.0161218
-0.0148418
-0.013127
-0.0141614
-0.0157693
-0.0154014
-0.01732
-0.0169277
-0.0117917
-0.0105272
-0.00934045
-0.00825
-0.0072959
-0.00653208
-0.00603173
-0.00588757
-0.00620427
-0.00708153
-0.00859161
-0.0107543
-0.0135206
-0.0167658
-0.0203025
-0.0238836
-0.0272336
-0.0300661
-0.0321043
-0.0331065
-0.0328783
-0.0312898
-0.0282971
-0.0239566
-0.0184484
-0.0121031
-0.00539849
0.00104301
0.00603518
0.00505563
0.0032394
0.00215994
4.13753e-05
-0.000900202
-0.00342666
-0.00211406
-0.00500903
-0.00582457
-0.00713652
-0.00844663
-0.00975226
0.00650082
-0.0164916
-0.0161257
-0.0150278
-0.0146829
-0.0135035
-0.0119266
-0.0128764
-0.0143568
-0.0140176
-0.0157891
-0.0154261
-0.0107014
-0.00953878
-0.00844277
-0.00743319
-0.00653977
-0.00580515
-0.00528883
-0.00507155
-0.00525021
-0.00592061
-0.00715396
-0.00898452
-0.01138
-0.0142432
-0.0174057
-0.020644
-0.0236955
-0.0262792
-0.0281153
-0.0289519
-0.0285839
-0.0268788
-0.0238005
-0.0194325
-0.0140159
-0.00793694
-0.00174989
0.00388609
0.00860101
0.00817747
0.00678523
0.00599961
0.00419202
0.00350611
0.00246628
0.000307082
0.00140763
-0.00331993
-0.00452599
0.00810566
-0.015024
-0.0146851
-0.013673
-0.0133546
-0.01227
-0.0108222
-0.0116933
-0.0130535
-0.0127414
-0.0143733
-0.0140384
-0.00969985
-0.00863095
-0.00762084
-0.0066893
-0.00585679
-0.00515336
-0.00462997
-0.00435839
-0.00442327
-0.00491136
-0.00589783
-0.00741833
-0.00946096
-0.011944
-0.0147262
-0.0176038
-0.0203313
-0.0226366
-0.0242432
-0.0248963
-0.0243871
-0.0225862
-0.019473
-0.0151689
-0.00997244
-0.00433807
0.00114252
0.00561504
0.0100173
0.0103046
0.00944142
0.00902158
0.00764628
0.00723669
0.00638847
0.00457747
0.00550467
0.00868213
-0.0136684
-0.0133552
-0.0124243
-0.0121309
-0.011135
-0.00980592
-0.0106054
-0.0118534
-0.0115669
-0.013067
-0.0127587
-0.0087805
-0.00779686
-0.00687003
-0.00601446
-0.00523862
-0.00456917
-0.00404953
-0.00373953
-0.00371288
-0.00404932
-0.00481643
-0.00605575
-0.00776508
-0.00988249
-0.0122871
-0.0147964
-0.0171853
-0.0191939
-0.0205548
-0.0210171
-0.0203741
-0.0185085
-0.0154218
-0.0112927
-0.00645993
-0.00143687
0.00297803
0.00648028
0.0102455
0.0112003
0.0109794
0.0110078
0.0101746
0.0100873
0.00948512
0.00810012
0.00881526
0.006524
-0.012419
-0.01213
-0.0112752
-0.0110053
-0.0100907
-0.00887531
-0.00960408
-0.0107499
-0.0104874
-0.0118641
-0.0115808
-0.00794048
-0.00703338
-0.0061883
-0.00540031
-0.00467956
-0.00404741
-0.00353976
-0.00320669
-0.0031112
-0.00332136
-0.00389991
-0.00488819
-0.00629301
-0.00806414
-0.010103
-0.0122489
-0.014296
-0.0160018
-0.0171128
-0.0173874
-0.0166306
-0.0147403
-0.0117658
-0.00790794
-0.00359035
0.000505018
0.00409511
0.00436269
0.00828622
0.0107665
0.0112586
0.0117449
0.0115591
0.0118447
0.0115407
0.0106891
0.0111372
0.00711259
-0.0112693
-0.0110031
-0.0102188
-0.00997067
-0.00912706
-0.00804913
-0.00867616
-0.00973528
-0.00949556
-0.010758
-0.0104982
-0.00716223
-0.00634023
-0.00556624
-0.00484157
-0.00417468
-0.00358259
-0.00309448
-0.0027517
-0.0026059
-0.00271541
-0.00313534
-0.00390526
-0.00503456
-0.00648833
-0.00818335
-0.00997894
-0.0116924
-0.0131024
-0.0139712
-0.0140728
-0.0132283
-0.0113737
-0.00857232
-0.00512816
-0.0015443
0.00181361
0.00233848
0.00645037
0.00705397
0.00832631
0.00999112
0.0110502
0.0116159
0.0123259
0.012348
0.0121298
0.0122653
-0.0102124
-0.00996729
-0.00924694
-0.00901805
-0.00825144
-0.0072513
-0.00789064
-0.00879534
-0.00857316
-0.00974144
-0.00950373
-0.00645338
-0.00570671
-0.00499902
-0.00433443
-0.00372014
-0.00316999
-0.00270744
-0.00236532
-0.00218613
-0.00221725
-0.00250687
-0.00308909
-0.00397846
-0.00514642
-0.00652434
-0.00799477
-0.00939598
-0.0105265
-0.0111707
-0.0111209
-0.0102327
-0.00844703
-0.00594256
-0.0030005
-0.000125112
0.000707586
0.00531928
0.00448833
0.00727746
0.00906779
0.0102777
0.0111994
0.0117066
0.012263
0.0120349
-0.00924149
-0.00901474
-0.00833648
-0.00812681
-0.00746265
-0.00651934
-0.00706268
-0.00795296
-0.00784285
-0.00880195
-0.00857819
-0.00580791
-0.00512855
-0.00448298
-0.00387513
-0.003312
-0.00280512
-0.00237227
-0.00203935
-0.00183954
-0.00181198
-0.00199635
-0.00242314
-0.0031056
-0.00402254
-0.00511995
-0.00629836
-0.00741446
-0.00829296
-0.00873652
-0.00857156
-0.00765419
-0.00604835
-0.00380381
-0.00157197
-0.000363427
0.00375874
0.00386311
0.00685871
0.00749877
0.010245
0.0106005
0.0095358
-0.00832183
-0.00807991
-0.00753803
-0.00733329
-0.0067078
-0.00586666
-0.00636444
-0.00715867
-0.00697212
-0.00784908
-0.00797748
-0.00522052
-0.00460255
-0.00401458
-0.00346044
-0.00294701
-0.00248371
-0.00208287
-0.0017647
-0.00155482
-0.00148463
-0.00158639
-0.00188572
-0.00239592
-0.0031007
-0.00395588
-0.00487821
-0.0057455
-0.00640319
-0.00668408
-0.00641387
-0.0055696
-0.00400322
-0.00247027
-0.000861938
0.00185548
0.00214814
0.00535331
0.00693832
0.00613862
0.00744999
0.0110934
-0.00741888
-0.00730132
-0.00679749
-0.00661855
-0.00604094
-0.00527379
-0.00572681
-0.00645563
-0.0062857
-0.00714906
-0.00697513
-0.00812669
-0.00468612
-0.00412463
-0.00359048
-0.00308743
-0.00262199
-0.0022007
-0.00183308
-0.00153287
-0.00132033
-0.00122006
-0.00125878
-0.00145761
-0.001828
-0.00235794
-0.00301069
-0.00371815
-0.00437652
-0.00485476
-0.00498786
-0.0047057
-0.003736
-0.00285189
-0.000904905
-0.0002137
0.00198625
0.00519035
0.00686502
0.00613243
-0.00742862
-0.00732016
-0.00679199
-0.00661649
-0.00612049
-0.00595786
-0.00542959
-0.00473375
-0.00514328
-0.0058061
-0.00565142
-0.00645562
-0.00628735
-0.00715049
-0.00697769
-0.00420077
-0.0036917
-0.00320791
-0.00275311
-0.00233273
-0.00195172
-0.00161618
-0.00133535
-0.00112511
-0.0010053
-0.000997486
-0.00111921
-0.00137982
-0.00177037
-0.00226111
-0.0027965
-0.00328953
-0.00361233
-0.00368224
-0.00318448
-0.00282521
-0.000699221
-0.00217293
-0.00678968
-0.00661727
-0.00611512
-0.00595379
-0.00549926
-0.00535167
-0.00487183
-0.00424252
-0.00461167
-0.00521274
-0.0050722
-0.00580458
-0.00565061
-0.00645045
-0.00628476
-0.00376024
-0.00330001
-0.00286347
-0.00245394
-0.0020754
-0.00173167
-0.00142583
-0.00116445
-0.000959784
-0.000828184
-0.000787749
-0.000852379
-0.00103048
-0.00131528
-0.00168298
-0.00208929
-0.00244882
-0.00269141
-0.00252844
-0.00253413
-0.000452546
-0.00372635
-0.00611043
-0.00595164
-0.00549338
-0.00534657
-0.00493321
-0.0047991
-0.00436478
-0.00379668
-0.00412862
-0.00467252
-0.0045451
-0.0052102
-0.00506999
-0.0057983
-0.00564663
-0.00336175
-0.00294686
-0.00255405
-0.00218627
-0.00184586
-0.00153542
-0.00125633
-0.00101327
-0.000816033
-0.000678897
-0.000617274
-0.0006428
-0.000763042
-0.000973064
-0.00125506
-0.00156544
-0.00185431
-0.00190002
-0.00212013
-0.000310157
-0.0046553
-0.005488
-0.00534331
-0.00492698
-0.0047934
-0.00441889
-0.00429719
-0.00390473
-0.00339278
-0.00369091
-0.00418217
-0.00406676
-0.00466916
-0.00454192
-0.00520346
-0.00506526
-0.00300118
-0.00262829
-0.00227598
-0.00194616
-0.00164
-0.00135831
-0.00110269
-0.000876215
-0.000687753
-0.000550234
-0.000476544
-0.000477395
-0.00056081
-0.000724925
-0.000951742
-0.00121544
-0.0013705
-0.00168756
-0.000310713
-0.00489588
-0.00492121
-0.00478947
-0.00441231
-0.00429109
-0.00395243
-0.00384208
-0.00348829
-0.0030275
-0.00329458
-0.00373792
-0.00363364
-0.00417822
-0.00406295
-0.00466222
-0.00453671
-0.00267622
-0.00234184
-0.00202607
-0.00173008
-0.00145364
-0.00119664
-0.000960886
-0.000749908
-0.000571164
-0.000436534
-0.00035868
-0.000349272
-0.000416185
-0.000557441
-0.00076343
-0.000957686
-0.00129493
-0.000404817
-0.00455337
-0.00440628
-0.00428668
-0.00394569
-0.00383584
-0.00353039
-0.00343049
-0.00311142
-0.0026976
-0.00293646
-0.00333611
-0.00324171
-0.00373355
-0.00362942
-0.00417117
-0.00405742
-0.00238282
-0.00208361
-0.0018009
-0.00153456
-0.00128343
-0.00104756
-0.000828991
-0.000632321
-0.000463471
-0.000334976
-0.000261195
-0.00025341
-0.000318901
-0.000460801
-0.000647142
-0.000960871
-0.000512368
-0.00384468
-0.00393952
-0.00383114
-0.00352357
-0.00342417
-0.00314832
-0.00305778
-0.00277117
-0.00240023
-0.00261303
-0.00297253
-0.00288732
-0.00333149
-0.00323718
-0.00372655
-0.00362373
-0.00211923
-0.00185167
-0.00159786
-0.00135679
-0.00112711
-0.000909209
-0.000705552
-0.000521384
-0.000364467
-0.000246673
-0.000183785
-0.000187553
-0.000267666
-0.0004193
-0.000686315
-0.000570014
-0.00300365
-0.00351735
-0.00341924
-0.00314145
-0.00305137
-0.00280317
-0.00272141
-0.00246426
-0.00213249
-0.00232197
-0.00264456
-0.00256755
-0.00296746
-0.00288234
-0.00332447
-0.00323134
-0.00188165
-0.00164255
-0.00141417
-0.00119483
-0.000983423
-0.000780875
-0.000591012
-0.000419506
-0.000276348
-0.00017353
-0.000127954
-0.000152937
-0.000256787
-0.000468191
-0.000556357
-0.00220638
-0.00313516
-0.00304627
-0.00279605
-0.00271472
-0.00249185
-0.00241796
-0.00218836
-0.00189201
-0.00205983
-0.00234901
-0.00227977
-0.00263889
-0.00256225
-0.0029605
-0.00287635
-0.00166915
-0.00145505
-0.0012483
-0.00104753
-0.000851535
-0.000661926
-0.000484318
-0.000327268
-0.000201344
-0.000119097
-9.72234e-05
-0.000151527
-0.000304869
-0.00048812
-0.00154747
-0.00278964
-0.00270935
-0.00248447
-0.00241109
-0.00221203
-0.00214536
-0.0019402
-0.0016765
-0.00182471
-0.00208338
-0.00202083
-0.00234289
-0.00227408
-0.00263187
-0.00255598
-0.00147825
-0.00128631
-0.00109885
-0.000913775
-0.000730625
-0.000553283
-0.000389657
-0.00024963
-0.000143919
-8.69341e-05
-9.52882e-05
-0.000195109
-0.000398787
-0.00105434
-0.00247787
-0.00240547
-0.00220428
-0.00213824
-0.0019601
-0.00189981
-0.00171813
-0.00148433
-0.00161399
-0.0018444
-0.00178823
-0.00207685
-0.00201482
-0.00233574
-0.00226754
-0.00130855
-0.00113593
-0.000964284
-0.000792211
-0.000620924
-0.000456088
-0.000307354
-0.000186991
-0.000106753
-8.03978e-05
-0.000135185
-0.000318759
-0.000712117
-0.0021974
-0.0021322
-0.00195198
-0.00189241
-0.00173439
-0.00168013
-0.00151999
-0.00131262
-0.00142698
-0.00163074
-0.00158026
-0.00183724
-0.00178172
-0.00206936
-0.0020079
-0.00115616
-0.00100024
-0.000842682
-0.00068239
-0.00052267
-0.000371838
-0.000241479
-0.000143733
-9.15381e-05
-0.000112855
-0.000264405
-0.000487907
-0.00194478
-0.00188604
-0.00172561
-0.00167234
-0.00153295
-0.00148425
-0.00134423
-0.00116073
-0.00126193
-0.00144099
-0.00139631
-0.00162312
-0.00157362
-0.00182958
-0.00177454
-0.00102151
-0.000879574
-0.000733253
-0.000583566
-0.000436325
-0.000301284
-0.000190228
-0.000117156
-0.000111982
-0.000233552
-0.000351192
-0.00171816
-0.00166564
-0.00152386
-0.0014765
-0.0013558
-0.00131307
-0.00120681
-0.00102523
-0.00111565
-0.00127711
-0.00124264
-0.00143315
-0.00138977
-0.00161523
-0.00156622
-0.000899513
-0.000769749
-0.000634161
-0.000495474
-0.000361596
-0.000243103
-0.000153501
-0.000124662
-0.000217992
-0.000292587
-0.00151626
-0.00146973
-0.00134631
-0.00130447
-0.00123039
-0.00128694
-0.00105014
-0.000904812
-0.000982033
-0.00109525
-0.00126531
-0.00122433
-0.00142544
-0.0013827
-0.00079187
-0.000671661
-0.000544733
-0.000416748
-0.000295899
-0.000194338
-0.000144999
-0.000208634
-0.000256815
-0.00133949
-0.00129946
-0.00116581
-0.000996769
-0.00103529
-0.000926533
-0.000797438
-0.000866428
-0.000971689
-0.00107976
-0.00111686
-0.00126148
-0.00122582
-0.000692851
-0.000580628
-0.000462703
-0.000344261
-0.000235799
-0.000169679
-0.000204159
-0.00022567
-0.00118885
-0.00112339
-0.00104509
-0.00100919
-0.00091402
-0.000818549
-0.000701006
-0.000763714
-0.000857659
-0.000946551
-0.000979361
-0.000603581
-0.000497358
-0.000384851
-0.000274031
-0.000194901
-0.000203019
-0.000200435
-0.000919281
-0.000888244
-0.000807293
-0.000722185
-0.000612165
-0.000672152
-0.000756966
-0.000834424
-0.000863531
-0.000518064
-0.00041515
-0.00030664
-0.000218425
-0.000203725
-0.000180597
-0.000811651
-0.000784062
-0.000712629
-0.000635039
-0.000528873
-0.000587539
-0.000667441
-0.000736571
-0.000762682
-0.000436225
-0.000332782
-0.000238823
-0.000204958
-0.000164595
-0.000717251
-0.000692433
-0.000627647
-0.000553595
-0.00044709
-0.000508244
-0.00058565
-0.000650053
-0.000673738
-0.000350476
-0.000254874
-0.000205647
-0.000151097
-0.000633319
-0.000610548
-0.000548732
-0.000475442
-0.000363643
-0.000429904
-0.000508923
-0.000571471
-0.0005935
-0.000268196
-0.000205569
-0.000139305
-0.00055628
-0.000534758
-0.000473361
-0.000396742
-0.000279057
-0.000350272
-0.000433864
-0.000497642
-0.000518872
-0.000204625
-0.000128881
-0.000483271
-0.000462319
-0.000398064
-0.000315223
-0.000204188
-0.000265571
-0.000357909
-0.00042547
-0.000446665
-0.000119994
-0.000411078
-0.000389963
-0.000320559
-0.000229252
-0.000112685
-0.000177475
-0.000277567
-0.00035249
-0.000374227
-0.000337882
-0.000315944
-0.000236464
-0.000139346
-7.21408e-05
-0.000188321
-0.000276349
-0.000299437
-0.000260792
-0.000236561
-0.000141881
-8.16049e-05
-0.000190728
-0.00021812
-0.000170096
-0.000135083
-5.8858e-05
-0.000110117
)
;

boundaryField
{
    inlet
    {
        type            zeroGradient;
    }
    outlet
    {
        type            fixedValue;
        value           uniform 0;
    }
    wall
    {
        type            zeroGradient;
    }
    front
    {
        type            empty;
    }
    back
    {
        type            empty;
    }
    vanem
    {
        type            zeroGradient;
    }
    vaneu
    {
        type            zeroGradient;
    }
    vanel
    {
        type            zeroGradient;
    }
    procBoundary1to0
    {
        type            processor;
        value           nonuniform List<scalar> 
57
(
-0.006724
-0.00669649
-0.00665104
-0.00661345
-0.00658586
-0.0065802
-0.00660333
-0.00666049
-0.00675523
-0.00688151
-0.00702615
-0.00716762
-0.00729414
-0.0972168
-0.097394
-0.0975609
-0.097713
-0.097855
-0.0979907
-0.0981216
-0.0982428
-0.0983391
-0.0983724
-0.0982722
-0.0979218
-0.0971499
-0.0957399
-0.0934801
-0.0902435
-0.0860534
-0.081099
-0.0756728
-0.0701017
-0.0647059
-0.0597897
-0.0556373
-0.0524584
-0.0503212
-0.0491269
-0.0486512
-0.0486289
-0.0488332
-0.0491023
-0.00737361
-0.00737658
-0.00737658
-0.0963719
-0.0484435
-0.047282
-0.0968613
-0.0964341
-0.0472859
-0.00743396
-0.00744337
-0.0964341
-0.00749486
-0.047282
)
;
    }
}


// ************************************************************************* //
