/*--------------------------------*- C++ -*----------------------------------*\
| =========                 |                                                 |
| \\      /  F ield         | OpenFOAM: The Open Source CFD Toolbox           |
|  \\    /   O peration     | Version:  v1912                                 |
|   \\  /    A nd           | Website:  www.openfoam.com                      |
|    \\/     M anipulation  |                                                 |
\*---------------------------------------------------------------------------*/
FoamFile
{
    version     2.0;
    format      ascii;
    class       labelList;
    note        "nPoints:3854  nCells:1600  nFaces:6726  nInternalFaces:3109";
    location    "constant/polyMesh";
    object      neighbour;
}
// * * * * * * * * * * * * * * * * * * * * * * * * * * * * * * * * * * * * * //


3109
(
38
41
42
44
91
98
3
43
44
1516
1518
3
5
42
43
47
48
6
1519
5
8
46
47
51
52
6
9
10
1520
8
13
50
51
55
56
9
14
10
15
16
125
61
79
81
13
20
54
55
63
64
14
21
15
22
16
23
24
126
57
65
85
87
59
68
88
90
110
20
26
62
63
89
90
21
27
22
28
23
29
24
30
31
127
26
88
89
27
32
28
33
29
34
30
35
31
36
37
128
33
118
34
119
35
120
36
121
37
122
123
129
91
93
44
91
92
1516
1536
42
48
95
97
98
43
95
44
46
52
99
100
47
69
70
99
48
70
71
97
50
56
101
102
51
72
73
101
52
73
74
100
54
64
104
106
55
75
76
104
56
76
77
102
107
59
68
108
109
110
112
62
90
110
111
113
114
114
63
79
80
64
80
81
106
115
117
67
85
86
68
88
86
87
109
70
71
94
73
74
76
77
111
113
80
114
81
103
83
84
116
115
86
117
87
107
89
90
92
93
1579
97
96
98
97
106
105
106
109
112
111
112
114
116
117
119
417
120
418
121
419
122
420
123
421
124
422
129
136
423
126
131
1520
127
132
128
133
129
134
135
131
148
1520
1568
132
160
133
172
134
185
135
199
136
214
266
383
138
148
1202
1568
139
149
1203
140
150
1204
141
151
1205
142
152
1206
143
153
233
1207
144
154
1208
145
155
1209
146
156
1210
147
157
1211
158
1212
1224
149
160
150
161
151
162
152
163
153
164
231
236
231
233
155
166
232
233
241
156
167
157
168
158
169
159
170
171
1224
1235
161
172
162
173
163
174
164
175
234
234
236
231
236
294
295
238
239
241
541
168
178
240
241
169
179
170
180
171
181
182
1245
173
185
174
186
175
187
176
188
242
298
234
242
320
321
239
245
246
248
328
179
191
247
248
180
192
181
193
182
194
183
195
184
196
1245
197
1246
1255
186
199
187
200
188
201
296
296
298
242
298
330
331
334
335
246
251
299
301
343
192
205
300
301
193
206
194
207
195
208
196
209
197
210
198
211
212
1255
1263
200
214
201
215
202
216
252
252
254
296
249
254
302
304
205
220
257
258
299
300
206
221
207
222
208
223
209
224
210
225
211
226
212
227
213
228
229
1263
1270
215
266
216
267
217
259
268
360
252
259
352
353
255
261
307
256
308
310
221
264
265
271
222
272
223
273
224
274
225
275
226
276
227
277
228
278
229
279
230
280
281
1270
1276
232
295
233
238
539
312
313
243
311
313
294
311
312
239
245
314
316
539
541
240
314
241
248
318
319
320
322
246
251
323
325
326
328
247
323
248
301
297
329
331
258
299
338
340
341
343
253
254
255
261
345
352
297
302
345
346
348
258
265
346
347
305
306
340
269
350
351
363
349
351
352
354
263
293
355
356
264
270
308
309
355
265
367
309
310
267
384
268
358
385
464
358
360
360
361
363
293
365
367
376
272
283
366
367
273
284
274
285
275
286
276
287
277
288
278
289
279
280
281
282
1276
1319
284
377
389
285
378
286
379
287
380
288
381
289
382
359
369
387
372
388
365
372
373
375
376
405
374
376
539
297
298
331
300
338
301
303
345
304
344
329
306
347
336
354
309
357
310
346
312
313
320
315
541
316
540
326
318
322
319
321
334
321
322
324
328
325
327
341
327
328
330
333
331
332
333
335
335
337
340
339
339
343
340
342
342
343
345
347
348
350
354
351
353
370
353
354
357
374
359
386
360
369
401
480
361
362
369
363
368
371
370
373
375
366
389
367
389
369
371
373
467
375
376
378
395
379
380
381
382
384
390
423
385
391
462
470
462
464
464
477
478
480
481
401
465
467
395
404
405
391
396
414
429
468
468
470
462
470
489
490
492
493
400
407
395
403
404
410
411
412
414
508
414
468
500
501
502
503
406
416
412
457
474
475
463
476
478
480
482
403
411
484
486
404
465
466
484
405
466
467
469
488
490
463
492
494
409
495
496
410
471
472
495
411
472
473
486
475
498
499
507
415
497
499
497
498
501
469
502
504
418
419
424
420
425
421
426
422
427
423
428
429
425
430
426
431
427
432
428
433
429
434
435
508
431
436
510
432
437
447
433
438
450
434
439
453
435
440
456
506
506
508
510
447
510
515
516
447
448
450
450
453
518
519
453
456
524
525
456
506
529
530
532
533
445
458
511
448
459
512
451
460
513
509
514
516
447
448
459
514
515
536
449
512
450
451
460
519
537
517
519
454
461
520
522
520
521
523
525
526
528
526
527
507
532
534
509
535
536
537
538
463
464
478
492
466
487
467
469
470
490
502
472
473
483
534
505
477
478
479
481
481
482
486
485
487
486
489
490
491
493
493
494
498
501
499
505
501
503
504
507
508
532
510
516
535
514
536
537
517
538
515
516
518
522
519
521
521
525
522
538
524
528
525
527
527
530
528
530
531
533
533
534
540
541
543
564
1537
544
565
545
566
546
567
547
568
548
569
549
570
550
571
551
572
552
573
553
574
554
575
555
576
556
577
557
578
558
579
559
580
560
581
561
582
562
583
563
584
1281
1281
1326
1327
565
586
1538
566
587
567
588
568
589
569
590
570
591
571
592
572
593
573
594
574
595
575
596
576
597
577
598
578
599
579
600
580
601
581
602
582
603
583
604
584
605
585
606
1282
1281
1282
1330
1331
587
608
1539
588
609
589
610
590
611
591
612
592
613
593
614
594
615
595
616
596
617
597
618
598
619
599
620
600
621
601
622
602
623
603
624
604
625
605
626
606
627
607
628
1283
1282
1283
1334
1335
609
630
1540
610
631
611
632
612
633
613
634
614
635
615
636
616
637
617
638
618
639
619
640
620
641
621
642
622
643
623
644
624
645
625
646
626
647
627
648
628
649
629
650
1284
1283
1284
1338
1339
631
652
1541
632
653
633
654
634
655
635
656
636
657
637
658
638
659
639
660
640
661
641
662
642
663
643
664
644
665
645
666
646
667
647
668
648
669
649
670
650
671
651
672
1285
1284
1285
1342
1343
653
674
1542
654
675
655
676
656
677
657
678
658
679
659
680
660
681
661
682
662
683
663
684
664
685
665
686
666
687
667
688
668
689
669
690
670
691
671
692
672
693
673
694
1286
1285
1286
1346
1347
675
696
1543
676
697
677
698
678
699
679
700
680
701
681
702
682
703
683
704
684
705
685
706
686
707
687
708
688
709
689
710
690
711
691
712
692
713
693
714
694
715
695
716
1287
1286
1287
1350
1351
697
718
1544
698
719
699
720
700
721
701
722
702
723
703
724
704
725
705
726
706
727
707
728
708
729
709
730
710
731
711
732
712
733
713
734
714
735
715
736
716
737
717
738
1288
1287
1288
1354
1355
719
740
1545
720
741
721
742
722
743
723
744
724
745
725
746
726
747
727
748
728
749
729
750
730
751
731
752
732
753
733
754
734
755
735
756
736
757
737
758
738
759
739
760
1289
1288
1289
1358
1359
741
762
1546
742
763
743
764
744
765
745
766
746
767
747
768
748
769
749
770
750
771
751
772
752
773
753
774
754
775
755
776
756
777
757
778
758
779
759
780
760
781
761
782
1290
1289
1290
1362
1363
763
784
1547
764
785
765
786
766
787
767
788
768
789
769
790
770
791
771
792
772
793
773
794
774
795
775
796
776
797
777
798
778
799
779
800
780
801
781
802
782
803
783
804
1291
1290
1291
1366
1367
785
806
1548
786
807
787
808
788
809
789
810
790
811
791
812
792
813
793
814
794
815
795
816
796
817
797
818
798
819
799
820
800
821
801
822
802
823
803
824
804
825
805
826
1292
1291
1292
1370
1371
807
828
1549
808
829
809
830
810
831
811
832
812
833
813
834
814
835
815
836
816
837
817
838
818
839
819
840
820
841
821
842
822
843
823
844
824
845
825
846
826
847
827
848
1293
1292
1293
1374
1375
829
850
1550
830
851
831
852
832
853
833
854
834
855
835
856
836
857
837
858
838
859
839
860
840
861
841
862
842
863
843
864
844
865
845
866
846
867
847
868
848
869
849
870
1294
1293
1294
1378
1379
851
872
1551
852
873
853
874
854
875
855
876
856
877
857
878
858
879
859
880
860
881
861
882
862
883
863
884
864
885
865
886
866
887
867
888
868
889
869
890
870
891
871
892
1295
1294
1295
1382
1383
873
894
1552
874
895
875
896
876
897
877
898
878
899
879
900
880
901
881
902
882
903
883
904
884
905
885
906
886
907
887
908
888
909
889
910
890
911
891
912
892
913
893
914
1296
1295
1296
1386
1387
895
916
1553
896
917
897
918
898
919
899
920
900
921
901
922
902
923
903
924
904
925
905
926
906
927
907
928
908
929
909
930
910
931
911
932
912
933
913
934
914
935
915
936
1297
1296
1297
1390
1391
917
938
1554
918
939
919
940
920
941
921
942
922
943
923
944
924
945
925
946
926
947
927
948
928
949
929
950
930
951
931
952
932
953
933
954
934
955
935
956
936
957
937
958
1298
1297
1298
1394
1395
939
960
1555
940
961
941
962
942
963
943
964
944
965
945
966
946
967
947
968
948
969
949
970
950
971
951
972
952
973
953
974
954
975
955
976
956
977
957
978
958
979
959
980
1299
1298
1299
1398
1399
961
982
1556
962
983
963
984
964
985
965
986
966
987
967
988
968
989
969
990
970
991
971
992
972
993
973
994
974
995
975
996
976
997
977
998
978
999
979
1000
980
1001
981
1002
1300
1299
1300
1402
1403
983
1004
1557
984
1005
985
1006
986
1007
987
1008
988
1009
989
1010
990
1011
991
1012
992
1013
993
1014
994
1015
995
1016
996
1017
997
1018
998
1019
999
1020
1000
1021
1001
1022
1002
1023
1003
1024
1301
1300
1301
1406
1407
1005
1026
1558
1006
1027
1007
1028
1008
1029
1009
1030
1010
1031
1011
1032
1012
1033
1013
1034
1014
1035
1015
1036
1016
1037
1017
1038
1018
1039
1019
1040
1020
1041
1021
1042
1022
1043
1023
1044
1024
1045
1025
1046
1302
1301
1302
1410
1411
1027
1048
1559
1028
1049
1029
1050
1030
1051
1031
1052
1032
1053
1033
1054
1034
1055
1035
1056
1036
1057
1037
1058
1038
1059
1039
1060
1040
1061
1041
1062
1042
1063
1043
1064
1044
1065
1045
1066
1046
1067
1047
1068
1303
1302
1303
1414
1415
1049
1070
1560
1050
1071
1051
1072
1052
1073
1053
1074
1054
1075
1055
1076
1056
1077
1057
1078
1058
1079
1059
1080
1060
1081
1061
1082
1062
1083
1063
1084
1064
1085
1065
1086
1066
1087
1067
1088
1068
1089
1069
1090
1304
1303
1304
1418
1419
1071
1092
1561
1072
1093
1073
1094
1074
1095
1075
1096
1076
1097
1077
1098
1078
1099
1079
1100
1080
1101
1081
1102
1082
1103
1083
1104
1084
1105
1085
1106
1086
1107
1087
1108
1088
1109
1089
1110
1090
1111
1091
1112
1305
1304
1305
1422
1423
1093
1114
1562
1094
1115
1095
1116
1096
1117
1097
1118
1098
1119
1099
1120
1100
1121
1101
1122
1102
1123
1103
1124
1104
1125
1105
1126
1106
1127
1107
1128
1108
1129
1109
1130
1110
1131
1111
1132
1112
1133
1113
1134
1306
1305
1306
1426
1427
1115
1136
1563
1116
1137
1117
1138
1118
1139
1119
1140
1120
1141
1121
1142
1122
1143
1123
1144
1124
1145
1125
1146
1126
1147
1127
1148
1128
1149
1129
1150
1130
1151
1131
1152
1132
1153
1133
1154
1134
1155
1135
1156
1307
1306
1307
1430
1431
1137
1158
1564
1138
1159
1139
1160
1140
1161
1141
1162
1142
1163
1143
1164
1144
1165
1145
1166
1146
1167
1147
1168
1148
1169
1149
1170
1150
1171
1151
1172
1152
1173
1153
1174
1154
1175
1155
1176
1156
1177
1157
1178
1308
1307
1308
1434
1435
1159
1180
1565
1160
1181
1161
1182
1162
1183
1163
1184
1164
1185
1165
1186
1166
1187
1167
1188
1168
1189
1169
1190
1170
1191
1171
1192
1172
1193
1173
1194
1174
1195
1175
1196
1176
1197
1177
1198
1178
1199
1179
1200
1309
1308
1309
1438
1439
1181
1202
1566
1182
1203
1183
1204
1184
1205
1185
1206
1186
1207
1187
1208
1188
1209
1189
1210
1190
1211
1191
1212
1192
1213
1193
1214
1194
1215
1195
1216
1196
1217
1197
1218
1198
1219
1199
1220
1200
1221
1201
1222
1310
1309
1310
1442
1443
1203
1567
1204
1205
1206
1207
1208
1209
1210
1211
1212
1213
1214
1224
1215
1225
1216
1226
1217
1227
1218
1228
1219
1229
1220
1230
1221
1231
1222
1232
1223
1233
1311
1310
1311
1446
1447
1225
1226
1235
1227
1236
1228
1237
1229
1238
1230
1239
1231
1240
1232
1241
1233
1242
1234
1243
1312
1311
1312
1450
1451
1236
1245
1237
1246
1238
1247
1239
1248
1240
1249
1241
1250
1242
1251
1243
1252
1244
1253
1313
1312
1313
1454
1455
1246
1247
1248
1255
1249
1256
1250
1257
1251
1258
1252
1259
1253
1260
1254
1261
1314
1313
1314
1458
1459
1256
1257
1263
1258
1264
1259
1265
1260
1266
1261
1267
1262
1268
1315
1314
1315
1462
1463
1264
1265
1270
1266
1271
1267
1272
1268
1273
1269
1274
1316
1315
1316
1466
1467
1271
1272
1276
1273
1277
1274
1278
1275
1279
1317
1316
1317
1470
1471
1277
1278
1319
1279
1320
1280
1318
1321
1317
1318
1474
1475
1324
1325
1328
1329
1332
1333
1336
1337
1340
1341
1344
1345
1348
1349
1352
1353
1356
1357
1360
1361
1364
1365
1368
1369
1372
1373
1376
1377
1380
1381
1384
1385
1388
1389
1392
1393
1396
1397
1400
1401
1404
1405
1408
1409
1412
1413
1416
1417
1420
1421
1424
1425
1428
1429
1432
1433
1436
1437
1440
1441
1444
1445
1448
1449
1452
1453
1456
1457
1460
1461
1464
1465
1468
1469
1322
1472
1473
1320
1321
1322
1323
1323
1478
1479
1476
1477
1325
1327
1330
1327
1329
1331
1334
1331
1333
1335
1338
1335
1337
1339
1342
1339
1341
1343
1346
1343
1345
1347
1350
1347
1349
1351
1354
1351
1353
1355
1358
1355
1357
1359
1362
1359
1361
1363
1366
1363
1365
1367
1370
1367
1369
1371
1374
1371
1373
1375
1378
1375
1377
1379
1382
1379
1381
1383
1386
1383
1385
1387
1390
1387
1389
1391
1394
1391
1393
1395
1398
1395
1397
1399
1402
1399
1401
1403
1406
1403
1405
1407
1410
1407
1409
1411
1414
1411
1413
1415
1418
1415
1417
1419
1422
1419
1421
1423
1426
1423
1425
1427
1430
1427
1429
1431
1434
1431
1433
1435
1438
1435
1437
1439
1442
1439
1441
1443
1446
1443
1445
1447
1450
1447
1449
1451
1454
1451
1453
1455
1458
1455
1457
1459
1462
1459
1461
1463
1466
1463
1465
1467
1470
1467
1469
1471
1474
1471
1473
1475
1478
1475
1477
1479
1479
1481
1482
1483
1537
1483
1484
1538
1485
1539
1486
1540
1487
1541
1488
1542
1489
1543
1490
1544
1491
1545
1492
1546
1493
1547
1494
1548
1495
1549
1496
1550
1497
1551
1498
1552
1499
1553
1500
1554
1501
1555
1502
1556
1503
1557
1504
1558
1506
1559
1506
1507
1570
1508
1560
1570
1598
1599
1509
1561
1569
1570
1511
1522
1523
1562
1521
1573
1575
1513
1525
1526
1563
1524
1576
1578
1515
1529
1530
1564
1528
1532
1533
1535
1589
1596
1517
1534
1535
1565
1517
1533
1534
1536
1518
1566
1519
1567
1520
1568
1581
1583
1523
1526
1581
1582
1569
1571
1572
1584
1586
1526
1530
1584
1585
1574
1575
1528
1532
1587
1589
1591
1530
1535
1589
1590
1577
1578
1533
1536
1592
1594
1596
1534
1592
1535
1579
1580
1594
1538
1539
1540
1541
1542
1543
1544
1545
1546
1547
1548
1549
1550
1551
1552
1553
1554
1555
1556
1557
1558
1559
1560
1561
1562
1563
1564
1565
1566
1567
1568
1570
1597
1598
1572
1582
1597
1574
1586
1575
1585
1581
1577
1588
1591
1578
1590
1584
1580
1582
1583
1585
1586
1588
1591
1590
1591
1593
1596
1594
1595
1596
1598
1599
)


// ************************************************************************* //
