/*--------------------------------*- C++ -*----------------------------------*\
| =========                 |                                                 |
| \\      /  F ield         | OpenFOAM: The Open Source CFD Toolbox           |
|  \\    /   O peration     | Version:  v1912                                 |
|   \\  /    A nd           | Website:  www.openfoam.com                      |
|    \\/     M anipulation  |                                                 |
\*---------------------------------------------------------------------------*/
FoamFile
{
    version     2.0;
    format      ascii;
    class       volScalarField;
    location    "90";
    object      p;
}
// * * * * * * * * * * * * * * * * * * * * * * * * * * * * * * * * * * * * * //

dimensions      [0 2 -2 0 0 0 0];


internalField   nonuniform List<scalar> 
3753
(
5.24887e-05
0.000141057
6.65476e-05
0.00024725
0.000153495
9.69331e-05
0.000347088
0.000260201
0.000181135
0.000124244
0.000432987
0.000360669
0.000283275
0.000205429
0.0001532
0.000499047
0.000449848
0.000379696
0.000306502
0.000232472
0.000178088
0.000535156
0.000520447
0.000469252
0.000404686
0.000329774
0.000256162
0.00019322
0.000533384
0.000565829
0.000545218
0.00049361
0.000421482
0.000351087
0.000270394
0.000204782
0.000491951
0.000578964
0.000598561
0.000567729
0.000505259
0.000440071
0.000364354
0.000280865
0.000210817
0.000410148
0.000553758
0.000623832
0.000620354
0.00057672
0.000521529
0.000452617
0.000372818
0.000286161
0.000212126
0.000294315
0.000490012
0.000619237
0.000648146
0.000627487
0.00058792
0.000531501
0.000457669
0.000377576
0.000288205
0.000211429
0.0001534
0.000384923
0.000588706
0.000649181
0.000651609
0.000632941
0.000594988
0.000532933
0.000463484
0.000378492
0.000286019
0.000215283
3.77114e-05
0.000234831
0.000537498
0.000624205
0.000644877
0.000653369
0.000636933
0.000594985
0.000538211
0.000460251
0.000376527
0.000288703
0.000216255
5.10399e-05
-8.14224e-05
4.79726e-05
0.000462321
0.00057318
0.000607332
0.000644499
0.000653146
0.0006362
0.000597149
0.000534793
0.00046248
0.000377561
0.000288533
0.000218177
0.000357322
0.000102818
-0.000152191
-3.89884e-05
3.16572e-05
0.000503156
0.00054667
0.000607676
0.000641837
0.000652767
0.000636583
0.000596259
0.000536815
0.000459039
0.000376383
0.000288683
0.000215074
0.000400755
0.000280446
0.000236666
2.72e-05
-0.000350741
-4.62208e-05
1.63646e-05
-3.72998e-05
0.000466205
0.000543209
0.00060257
0.000641143
0.00065077
0.000635991
0.000594786
0.000531682
0.000458362
0.000373807
0.000286071
0.000206806
0.000372541
0.000302897
0.000257205
0.000202309
0.000203607
7.1963e-05
2.77242e-05
-2.42291e-05
-0.000708522
2.73543e-05
-1.6164e-05
-5.4676e-05
0.000460996
0.000542894
0.000602856
0.000637705
0.000650406
0.000633675
0.000589984
0.000530297
0.000452136
0.000369945
0.000275842
0.000203974
0.000368819
0.000304919
0.000273402
0.000231819
0.000203233
0.000146327
0.000118715
0.000113471
0.000146492
0.000115792
0.000549464
0.00040717
-0.0012437
-7.3615e-05
-6.96285e-05
-8.73091e-05
0.000461995
0.000538957
0.000598916
0.000638447
0.000647662
0.000628183
0.000587663
0.000521527
0.000446437
0.000359927
0.000272637
0.000197319
0.000369043
0.000311019
0.000285695
0.000246517
0.000228266
0.000201105
0.000172331
0.00014886
0.000172431
0.000103283
9.64415e-05
9.71455e-05
9.08046e-05
0.000337948
-0.00195323
0.000461574
0.000542682
0.000601131
0.000635257
0.000643045
0.000624369
0.000576703
0.000513588
0.000436782
0.000353586
0.000265297
0.000195628
0.000370588
0.000308649
0.000289439
0.000254563
0.000245544
0.00021539
0.000196678
0.00018113
0.000204398
0.000169372
0.000158838
0.000130417
0.000143343
0.000466017
0.00053862
0.000597477
0.000632548
0.000636609
0.000612129
0.000566718
0.000502333
0.000427098
0.000347442
0.000262076
0.000195269
0.000376405
0.000310134
0.000295468
0.000254258
0.000251294
0.000220593
0.000207493
0.000208956
0.000214455
0.00019294
0.000174796
0.000162709
0.000182364
0.000462785
0.0005423
0.000597165
0.00062352
0.000626388
0.000601917
0.000554013
0.000492262
0.000422091
0.000341367
0.000259276
0.000187158
0.000375895
0.000314197
0.000298907
0.000261394
0.00025502
0.000220903
0.000210946
0.00021331
0.000220025
0.00019996
0.000182988
0.000189401
0.000192085
0.000469079
0.000538806
0.000587903
0.000616235
0.000614425
0.000587999
0.000542564
0.000485086
0.000413266
0.000336772
0.000253075
0.000182986
0.000384511
0.000314648
0.000306305
0.000265748
0.000254756
0.000229992
0.000216863
0.00022001
0.000218796
0.000197986
0.000189881
0.00019045
0.000199412
0.000466685
0.000534543
0.000582218
0.000605104
0.000600654
0.000573676
0.000532148
0.000474546
0.000407442
0.000331702
0.000246302
0.00017684
0.000381868
0.00032204
0.000311896
0.000268967
0.000265207
0.000229407
0.000224617
0.000217155
0.000226257
0.000206246
0.000196438
0.000198732
0.000194386
0.000463545
0.000527271
0.000574295
0.000591467
0.000584861
0.000559907
0.000519352
0.000466491
0.00040145
0.000323069
0.000240766
0.000168693
0.000383863
0.000322572
0.000315252
0.000274207
0.000268351
0.000239012
0.000227928
0.000228544
0.000234278
0.000206178
0.000202908
0.000197407
0.000206258
0.00046051
0.000524241
0.000561426
0.000574525
0.000565515
0.000543347
0.000509879
0.000460951
0.000393134
0.000316873
0.000231399
0.000160854
0.000380183
0.000322591
0.000317756
0.000277508
0.00027673
0.000237855
0.000239857
0.000230873
0.000237169
0.000217345
0.000205861
0.000209738
0.000212357
0.000455368
0.000512502
0.000544753
0.00055168
0.000545355
0.000531809
0.000502649
0.000452086
0.000385997
0.000306299
0.00022326
0.000153913
0.000377565
0.000319679
0.000319195
0.000277361
0.000279141
0.000245223
0.000241215
0.00024251
0.000245198
0.000217164
0.000224333
0.000213672
0.000210683
0.00044999
0.000500398
0.000521873
0.000526946
0.000527899
0.000522442
0.00049563
0.000444369
0.000373206
0.000297479
0.000216015
0.000148544
0.00037271
0.000318211
0.0003156
0.000276755
0.000282245
0.000244997
0.000244925
0.000243022
0.000248611
0.000225773
0.000223295
0.000222155
0.000221539
0.000439402
0.000478699
0.000491638
0.000500015
0.000517312
0.000517694
0.000487994
0.000430483
0.000362967
0.000288734
0.000209493
0.000142631
0.000366391
0.000312926
0.000315234
0.000277912
0.000276083
0.00024838
0.000244695
0.000246139
0.000253044
0.000223498
0.000231441
0.000219401
0.000228579
0.000425887
0.000448348
0.000454188
0.000485161
0.000515553
0.00051335
0.000474383
0.000418491
0.000352912
0.00028136
0.00020279
0.000141089
0.000355273
0.000304979
0.000309077
0.000273402
0.000277573
0.000248818
0.000242402
0.00024278
0.000246698
0.000227779
0.000230568
0.000222309
0.000234098
0.000398642
0.000401507
0.000428422
0.000486654
0.000518152
0.000501386
0.000459227
0.00040661
0.00034481
0.000273306
0.000200941
0.000139976
0.000339052
0.000290272
0.000304385
0.000265945
0.000272637
0.000242745
0.000244995
0.000247712
0.000246818
0.000226388
0.000225323
0.000220051
0.000230786
0.000359516
0.000353336
0.000430964
0.000502307
0.000510772
0.000483813
0.000445231
0.000395162
0.000333928
0.000270457
0.000198419
0.000145139
0.000316962
0.000270633
0.000292127
0.000255451
0.000266767
0.000237387
0.000235171
0.000241752
0.000245128
0.000221128
0.0002302
0.000229754
0.000229149
0.000280838
0.000343754
0.000469235
0.000503859
0.000490088
0.000465064
0.000429998
0.000382923
0.000328318
0.000266542
0.000201118
0.000151744
0.000252643
0.000244333
0.000276957
0.000239159
0.000251868
0.000224902
0.000232444
0.000238303
0.000236125
0.000217701
0.00021835
0.000224205
0.00022974
0.000221168
0.000422138
0.000484111
0.000479616
0.000466089
0.000446324
0.000415355
0.000373
0.000324089
0.000266536
0.000207334
0.000160567
8.26212e-05
0.000207007
0.000247803
0.000216758
0.000232946
0.000209499
0.000215336
0.000225055
0.000222347
0.000203429
0.000219413
0.000220867
0.000219143
0.000350601
0.000456504
0.000454212
0.000448912
0.000443642
0.000428306
0.000401631
0.000367039
0.000320579
0.000271208
0.000213744
0.000174327
0.000262545
-5.77109e-05
0.000131498
0.000222892
0.000210382
0.000182175
0.000197596
0.000207196
0.000196421
0.000190833
0.000201108
0.000208804
0.000208196
0.000423855
0.000416379
0.000415687
0.000423206
0.000422645
0.000411832
0.00039156
0.000359772
0.000321446
0.000274565
0.00022473
0.000192036
0.000358801
0.000294285
0.000163356
-0.000260204
0.000202847
0.000157753
0.000182016
0.00018041
0.000162983
0.000168021
0.000179774
0.000190278
0.00018121
0.000368841
0.000368446
0.0003875
0.000398963
0.000401494
0.000395902
0.000380949
0.000355417
0.000321565
0.000283343
0.000241696
0.000213931
0.000309626
0.000267809
0.000252865
0.000274541
0.000139288
-0.000620745
0.000338789
0.000216215
0.000238278
0.00013389
0.000144342
0.000160274
0.00014901
0.000314729
0.000341747
0.000361762
0.000374333
0.000381455
0.00038092
0.000369718
0.000352958
0.000327297
0.000297944
0.000260179
0.000240946
0.000257644
0.000246747
0.000233393
0.000212705
0.000214295
0.000204878
0.0001964
0.000443451
0.000229984
-0.00126504
0.000310175
0.000149177
0.000205001
0.00028509
0.000313957
0.000333924
0.000351566
0.000361812
0.000364705
0.000363411
0.000351701
0.000336536
0.000312625
0.000285387
0.000276369
0.000227885
0.000218485
0.000211952
0.000205976
0.00020403
0.000192776
0.000172256
0.000164981
0.000177483
0.000263155
0.000286812
0.000309855
0.000327429
0.000341148
0.000351404
0.000354226
0.00035444
0.000346485
0.000334528
0.0003173
0.000316934
0.000204587
0.000189106
0.000188163
0.00018228
0.000189733
0.000186153
0.00018043
0.000181973
0.000187676
0.000233488
0.000260359
0.0002826
0.000302198
0.000320314
0.000334836
0.000349562
0.000359336
0.000363535
0.000362825
0.000354687
0.000365766
0.000177753
0.000163439
0.000165155
0.000154932
0.000166375
0.000158074
0.000157519
0.000174258
0.000171068
0.000209044
0.000234511
0.000256029
0.000276162
0.000297236
0.000322174
0.000346214
0.00036837
0.000385736
0.000396093
0.000400003
0.000421644
0.000154025
0.000136632
0.000138995
0.000131095
0.000142097
0.000134654
0.000134623
0.000148375
0.000145937
0.000182579
0.000205636
0.000224484
0.000248009
0.00027494
0.000308182
0.000345156
0.000381834
0.000412868
0.00043686
0.000452685
0.000488712
0.00012951
0.000112725
0.000118331
0.000105226
0.000114729
0.000109901
0.000109193
0.000124037
0.000120321
0.000155824
0.000173429
0.000194169
0.000217164
0.000251734
0.000297361
0.000348074
0.000399761
0.000446217
0.000485714
0.000514958
0.000564624
0.000103407
8.78005e-05
9.38716e-05
8.41932e-05
9.43933e-05
7.86633e-05
8.63344e-05
9.89207e-05
9.39589e-05
0.000123105
0.000140192
0.000156055
0.000185404
0.000229978
0.000287568
0.000354649
0.000423578
0.000488088
0.000542034
0.000587543
0.000651262
7.39785e-05
6.22541e-05
7.03667e-05
5.96189e-05
6.94443e-05
6.39369e-05
6.49275e-05
7.65088e-05
7.30249e-05
9.20044e-05
0.000101087
0.000118664
0.000153449
0.000208514
0.000280021
0.000365298
0.000452886
0.000536168
0.000609572
0.000670272
0.000749253
4.44992e-05
3.47236e-05
4.31698e-05
3.3762e-05
4.74608e-05
3.93596e-05
4.17048e-05
5.18464e-05
5.01917e-05
5.1292e-05
5.6694e-05
7.82914e-05
0.000121963
0.000186899
0.000274947
0.00037844
0.000489707
0.000594326
0.000687202
0.000766772
0.000856547
8.61302e-06
6.56295e-06
1.62807e-05
8.04399e-06
2.19925e-05
1.28523e-05
1.50554e-05
3.08366e-05
2.77041e-05
7.29376e-06
1.11961e-05
3.88884e-05
8.83703e-05
0.00016486
0.000271235
0.000399343
0.00053496
0.000663665
0.000777152
0.000878033
0.000987504
-3.5479e-05
-2.35794e-05
-1.40517e-05
-1.9072e-05
-5.08015e-06
-1.00909e-05
-8.94401e-06
6.21193e-06
2.82519e-06
-4.59592e-05
-3.52588e-05
-2.3158e-06
5.09948e-05
0.000143318
0.000271601
0.000427409
0.000588845
0.000742592
0.000886023
0.00101115
0.00111349
-8.66854e-05
-6.1409e-05
-4.50501e-05
-4.60215e-05
-3.29352e-05
-3.94827e-05
-3.29526e-05
-1.95452e-05
-2.46259e-05
-9.60606e-05
-7.6121e-05
-5.10106e-05
1.30364e-05
0.000122485
0.000277034
0.000460697
0.000653509
0.000843398
0.00100264
0.00122996
0.000445138
-0.000139779
-0.000233973
-0.000108393
-5.50113e-05
-5.73781e-05
-6.99183e-05
-6.33473e-05
-4.69623e-05
-5.34101e-05
-0.00013667
-0.000132225
-0.000102775
-2.82646e-05
0.000103565
0.000287918
0.000504472
0.000737398
0.000935511
0.0012622
0.00054266
-0.000183028
-0.000165179
-0.000145938
-0.000430322
-0.000890396
-4.14836e-05
-9.27176e-05
-8.98757e-05
-7.66952e-05
-8.33239e-05
-0.000189668
-0.000190969
-0.000159725
-6.87842e-05
8.90542e-05
0.000304562
0.00056486
0.000803759
0.00118462
0.000578178
-0.000233583
-0.000216403
-0.000196654
-0.000194343
-0.000205197
-0.000210046
-0.000259398
-0.000133626
0.000625026
-9.84515e-05
-0.000106415
-0.000252824
-0.000259694
-0.00021894
-0.000109843
7.66901e-05
0.000336858
0.000605352
0.00102086
0.000525788
-0.000293032
-0.000268533
-0.000243063
-0.00022669
-0.000224512
-0.000207101
-0.000206878
-0.00021172
-0.000215124
-0.000220422
-0.0002288
-0.000188186
4.67086e-05
-0.000323815
-0.000330599
-0.000282187
-0.000149264
7.69956e-05
0.000351362
0.000777958
0.000415245
-0.000363888
-0.000329173
-0.000298078
-0.000280678
-0.000270088
-0.000254515
-0.000243443
-0.00023462
-0.000227583
-0.000215213
-0.000212998
-0.000225058
-0.000227065
-0.000236517
-0.000243523
-0.000402717
-0.000412213
-0.000346256
-0.000181534
6.64439e-05
0.000470781
0.000265985
-0.000442412
-0.000397761
-0.000362234
-0.000342744
-0.000328599
-0.000310228
-0.000298289
-0.000286351
-0.00027277
-0.000262107
-0.000246294
-0.000241103
-0.000231653
-0.000222665
-0.000218251
-0.000491501
-0.000494135
-0.000408084
-0.000215864
0.000126987
9.61049e-05
-0.000532981
-0.000475973
-0.000435529
-0.00040853
-0.000395224
-0.000373501
-0.000358409
-0.00034763
-0.000332196
-0.000314962
-0.000301819
-0.00029172
-0.000277925
-0.0002674
-0.00025141
-0.000588323
-0.000582666
-0.000463868
-0.000215985
-7.5937e-05
-0.000632634
-0.000565555
-0.000518091
-0.00048586
-0.000468934
-0.000447497
-0.000427715
-0.000413026
-0.000395858
-0.000377548
-0.000361674
-0.000350413
-0.000337431
-0.000319665
-0.000305922
-0.000694845
-0.00065582
-0.000521341
-0.000233203
-0.000751505
-0.000665788
-0.000611398
-0.00057515
-0.000554569
-0.000527983
-0.000509166
-0.000489071
-0.000467241
-0.000450652
-0.000428232
-0.000416115
-0.00039767
-0.000381385
-0.000368811
-0.00079233
-0.000765467
-0.000363331
-0.000873043
-0.000785068
-0.000720514
-0.00067207
-0.000651423
-0.000620895
-0.000598438
-0.000576274
-0.000551936
-0.000529579
-0.000508773
-0.000491779
-0.0004689
-0.00045138
-0.000431332
-0.000945404
-0.000462898
-0.00108879
-0.000908301
-0.000842517
-0.00079049
-0.000759833
-0.000730546
-0.00069903
-0.000670523
-0.000646527
-0.000621836
-0.000597803
-0.000575321
-0.000552707
-0.000530825
-0.00050914
-0.000533964
-0.00064088
-0.00113796
-0.00100388
-0.000914887
-0.000883092
-0.000854172
-0.000819033
-0.000783161
-0.00075499
-0.000726278
-0.000697136
-0.000669284
-0.00064402
-0.000621991
-0.000599625
-0.000617896
-0.00123977
-0.00112525
-0.00106952
-0.00100537
-0.000957897
-0.000908687
-0.000876412
-0.000846872
-0.000813764
-0.000778794
-0.000752629
-0.000721924
-0.000695394
-0.000532266
-0.00129976
-0.00130466
-0.0011946
-0.00110809
-0.00105265
-0.000995343
-0.000951441
-0.000899847
-0.00086878
-0.000839067
-0.000809032
-0.000539816
-0.0014479
-0.00130715
-0.00116867
-0.0010918
-0.00103495
-0.000981081
-0.000938941
-0.000682097
-0.0015767
-0.00128411
-0.00115364
-0.0683861
-0.0661723
-0.0682953
-0.066389
-0.0656783
-0.0681478
-0.0681626
-0.0668628
-0.0658012
-0.0649709
-0.0685765
-0.0690187
-0.0686907
-0.0668034
-0.066074
-0.065111
-0.0643041
-0.069324
-0.0697863
-0.0699219
-0.0700366
-0.0665718
-0.0653413
-0.0653008
-0.06444
-0.063559
-0.0700299
-0.070805
-0.0732305
-0.0705629
-0.0717975
-0.0670621
-0.0635612
-0.0637417
-0.064663
-0.0636792
-0.0629979
-0.0710329
-0.0716401
-0.0740981
-0.0712704
-0.0718256
-0.067475
-0.0638478
-0.0613214
-0.0627145
-0.0638079
-0.0632761
-0.0630973
-0.06247
-0.072434
-0.0750762
-0.0720706
-0.0726932
-0.0678848
-0.0639158
-0.0612414
-0.0615246
-0.0598152
-0.0610511
-0.062685
-0.0622476
-0.0625586
-0.0619842
-0.0761757
-0.0729627
-0.0683851
-0.0638664
-0.0608593
-0.0593428
-0.0615998
-0.0613161
-0.0602077
-0.0589346
-0.0597506
-0.0610781
-0.0611924
-0.0620714
-0.0614864
-0.0773385
-0.0738644
-0.0689997
-0.0639013
-0.0602888
-0.05849
-0.0581563
-0.06154
-0.0611971
-0.0601089
-0.0594008
-0.0587204
-0.0592601
-0.0597478
-0.0608812
-0.060054
-0.061131
-0.0784118
-0.0747868
-0.0697406
-0.0641627
-0.0598215
-0.0574118
-0.0569426
-0.057745
-0.0601738
-0.0599607
-0.0595386
-0.0592749
-0.0593192
-0.0593345
-0.0594776
-0.0597018
-0.0597636
-0.0608395
-0.0603714
-0.0794026
-0.0756444
-0.0705229
-0.0646641
-0.0596961
-0.0564715
-0.0554839
-0.0563523
-0.0582511
-0.0596037
-0.0595822
-0.0595636
-0.059913
-0.0606324
-0.0601666
-0.0596974
-0.0596175
-0.0595577
-0.0802387
-0.076329
-0.0712416
-0.0653359
-0.0599302
-0.0559661
-0.0541878
-0.054731
-0.0568734
-0.0596853
-0.0597395
-0.0598003
-0.0604555
-0.0611473
-0.0625864
-0.0617651
-0.0606456
-0.0599269
-0.0598917
-0.0808346
-0.0768071
-0.0718794
-0.0660741
-0.0604913
-0.0559284
-0.0533625
-0.0532693
-0.0553346
-0.0585763
-0.0619494
-0.0600674
-0.0609735
-0.0615833
-0.0630889
-0.0646326
-0.0636536
-0.0624856
-0.061105
-0.0606514
-0.0811513
-0.0770402
-0.0724074
-0.0668597
-0.0612844
-0.0563783
-0.0530716
-0.0522378
-0.0539287
-0.0573749
-0.0613638
-0.0646002
-0.061621
-0.0618885
-0.0621816
-0.0635781
-0.0649842
-0.0661994
-0.0652923
-0.0643821
-0.063154
-0.0628424
-0.0615288
-0.0607986
-0.0811439
-0.0769676
-0.0727501
-0.0676753
-0.0622692
-0.0572428
-0.0534121
-0.0517466
-0.0528412
-0.0562443
-0.0607587
-0.0648558
-0.0670442
-0.062157
-0.0625399
-0.063917
-0.0641355
-0.0653374
-0.0663363
-0.0667021
-0.0661595
-0.0658784
-0.0649614
-0.0647709
-0.0635111
-0.0630715
-0.0807595
-0.0765519
-0.0728236
-0.0684347
-0.0634014
-0.0584504
-0.0543392
-0.051983
-0.0522339
-0.0552598
-0.0601066
-0.0651331
-0.0684451
-0.0685939
-0.064149
-0.0644964
-0.0656762
-0.0657498
-0.0664436
-0.0666208
-0.065792
-0.0657846
-0.0664755
-0.066259
-0.0662846
-0.0653297
-0.0649806
-0.0799794
-0.0757942
-0.0725821
-0.0690169
-0.0645733
-0.0599042
-0.0557501
-0.0529408
-0.0523752
-0.0546343
-0.0593718
-0.0651537
-0.0698708
-0.0713442
-0.0686908
-0.0658711
-0.0660966
-0.0667844
-0.0665836
-0.0664134
-0.0654201
-0.0634389
-0.0638253
-0.0657439
-0.0665159
-0.066876
-0.0665725
-0.0664346
-0.0788368
-0.0747487
-0.0720368
-0.0693285
-0.0656328
-0.061464
-0.0574769
-0.05448
-0.0533043
-0.0546985
-0.0588222
-0.0648039
-0.0707365
-0.0741035
-0.072738
-0.0669145
-0.0668854
-0.0668395
-0.0667067
-0.0661704
-0.0648409
-0.0628383
-0.0587177
-0.0607237
-0.0633096
-0.0653688
-0.0660924
-0.0667147
-0.0669057
-0.0774096
-0.0734962
-0.0712436
-0.0693328
-0.0664497
-0.0629429
-0.0593333
-0.05636
-0.0548486
-0.055519
-0.0588272
-0.0644116
-0.0708966
-0.0759318
-0.07681
-0.0718794
-0.0626297
-0.0666586
-0.0662843
-0.0650984
-0.0641884
-0.0618918
-0.0585573
-0.0513044
-0.054744
-0.0601039
-0.0624849
-0.0636006
-0.0653952
-0.0659696
-0.0758033
-0.0721338
-0.0702784
-0.0690481
-0.0669527
-0.0641862
-0.061112
-0.0583556
-0.0567079
-0.0569036
-0.0594517
-0.0643622
-0.0707316
-0.0767135
-0.0796155
-0.0769991
-0.0681686
-0.0556174
-0.0648841
-0.064122
-0.0617463
-0.0606916
-0.0571502
-0.0511948
-0.0412339
-0.0461307
-0.0534284
-0.0585036
-0.0606114
-0.0622738
-0.0633324
-0.0741238
-0.0707667
-0.0692401
-0.0685259
-0.0671295
-0.0651054
-0.0626581
-0.0602595
-0.0586287
-0.0585169
-0.0604881
-0.0646983
-0.0706161
-0.0768414
-0.0811025
-0.0806817
-0.073983
-0.0614857
-0.0460777
-0.0611711
-0.0598253
-0.0572314
-0.05521
-0.0493617
-0.0410095
-0.0286235
-0.0344827
-0.0443556
-0.0514128
-0.0536875
-0.0576685
-0.0610092
-0.0724924
-0.0695134
-0.0682349
-0.0678495
-0.0670103
-0.0656719
-0.0638825
-0.0619348
-0.0604273
-0.0601066
-0.0616018
-0.0651955
-0.0705687
-0.0766471
-0.0815959
-0.0829195
-0.0783767
-0.0676737
-0.0522137
-0.0345802
-0.0563763
-0.0546803
-0.0495073
-0.0469697
-0.0387794
-0.0274277
-0.0151862
-0.0202004
-0.0321919
-0.0417734
-0.0446656
-0.0508223
-0.0529436
-0.0570679
-0.0615085
-0.071026
-0.0684907
-0.067383
-0.0671156
-0.0666618
-0.065901
-0.0647525
-0.0633153
-0.0620175
-0.0615436
-0.0625881
-0.0655685
-0.0703668
-0.0761469
-0.081351
-0.0838673
-0.0813623
-0.0726047
-0.0585396
-0.0410582
-0.0220851
-0.0557709
-0.0541571
-0.0486742
-0.0462644
-0.0390024
-0.0357541
-0.0245267
-0.00832721
-0.00220066
-0.0157441
-0.0288552
-0.0325883
-0.0409512
-0.0437827
-0.050172
-0.052268
-0.0698433
-0.0677875
-0.0667795
-0.0664435
-0.0661722
-0.0658415
-0.0652726
-0.0643781
-0.0633759
-0.0628163
-0.0634049
-0.0657058
-0.0698197
-0.075163
-0.0804079
-0.0836671
-0.0828374
-0.0762189
-0.0638058
-0.0473852
-0.0288288
-0.00912684
-0.0478983
-0.0455659
-0.0380081
-0.034815
-0.0250649
-0.0212809
-0.00874421
0.00376331
-0.00308286
0.0113413
-0.0143051
-0.0276917
-0.0314798
-0.0401375
-0.042946
-0.0690234
-0.067431
-0.0664742
-0.0659356
-0.0656578
-0.0655695
-0.0654729
-0.0651215
-0.0645011
-0.063962
-0.0641352
-0.0656804
-0.0689414
-0.0736265
-0.0786758
-0.0823906
-0.0827956
-0.0781735
-0.0677842
-0.0526959
-0.0349516
-0.0158584
0.00439513
-0.0370918
-0.0339763
-0.0234292
-0.0180073
-0.00911381
-0.00641356
0.00376038
0.0172722
0.0101038
-0.0033575
-0.000214365
0.0249793
-0.0152572
-0.0124318
-0.0267372
-0.0305142
-0.0685882
-0.0673894
-0.0664503
-0.0656606
-0.0652269
-0.0651923
-0.0654088
-0.0655519
-0.0653881
-0.0650086
-0.0648845
-0.0656796
-0.0679367
-0.0716943
-0.0762263
-0.0800786
-0.0813776
-0.0783769
-0.0700743
-0.0567468
-0.0400558
-0.0216818
-0.00225884
0.0182271
-0.0225819
-0.0183141
0.00375333
0.00670694
0.0175768
0.0306434
0.0239921
0.0101092
0.0134784
0.0384445
-0.0684936
-0.0675769
-0.0666403
-0.065627
-0.0649683
-0.0648235
-0.0651667
-0.0656926
-0.0660153
-0.0659519
-0.0657168
-0.0658797
-0.0670908
-0.0696944
-0.0733628
-0.0769633
-0.078784
-0.0770517
-0.0705704
-0.059193
-0.0439182
-0.0264191
-0.0077861
0.011742
0.0321679
0.0177454
0.020708
0.0314933
0.0432576
0.0372225
0.0241927
0.0274589
0.0519791
-0.0686441
-0.0678899
-0.0669531
-0.0657967
-0.0649195
-0.0645663
-0.0648534
-0.0655977
-0.0663651
-0.066741
-0.0666305
-0.0663807
-0.0666441
-0.0679947
-0.070509
-0.0734691
-0.0754114
-0.0745816
-0.0695797
-0.0599476
-0.0463008
-0.0299259
-0.0121186
0.00648117
0.0259394
0.046064
0.0318219
0.0346549
0.0433704
0.0566349
0.0492473
0.0380055
0.0407461
0.064432
-0.0689302
-0.0682331
-0.0673037
-0.0660983
-0.0650665
-0.0644819
-0.0645837
-0.0653553
-0.0664445
-0.0673084
-0.0675454
-0.0671861
-0.0667292
-0.0668795
-0.0680718
-0.0700533
-0.0717278
-0.0714443
-0.0676572
-0.0595359
-0.0473218
-0.0321419
-0.0152286
0.00254245
0.0209086
0.0400845
0.0591519
0.044047
0.0453929
0.0569905
0.068517
0.0625616
0.0498345
0.053092
0.0749039
-0.0692536
-0.068544
-0.0676282
-0.0664553
-0.065359
-0.0645867
-0.0644423
-0.0650777
-0.0663063
-0.0676024
-0.068342
-0.0681892
-0.0673572
-0.0665074
-0.0663533
-0.0671187
-0.068181
-0.0681135
-0.0652195
-0.0583807
-0.0474887
-0.0333447
-0.0172237
-0.000175011
0.0172905
0.035232
0.0536482
0.070664
0.0462479
0.0573425
0.0601137
0.0690007
0.0781158
0.0734681
0.0632248
0.0658747
0.0513525
0.0547942
0.0830991
-0.0695479
-0.0687867
-0.0678882
-0.0668042
-0.0657306
-0.0648505
-0.0644719
-0.0648686
-0.0660531
-0.0676296
-0.0689004
-0.0692189
-0.0684034
-0.0669001
-0.065529
-0.0649503
-0.0650965
-0.0649476
-0.0628489
-0.0572323
-0.0474618
-0.0341447
-0.0185641
-0.00195229
0.0149197
0.0318739
0.0490994
0.0660497
0.0801391
0.0586454
0.0614848
0.069344
0.0715751
0.0786393
0.0853689
0.0820227
0.0741371
0.0761987
0.0642901
0.0671353
0.0890741
-0.0697811
-0.0689525
-0.0680658
-0.067096
-0.066114
-0.0652189
-0.0646727
-0.064806
-0.0657996
-0.0674601
-0.0691621
-0.0700844
-0.0696525
-0.0679292
-0.0656403
-0.0637297
-0.062715
-0.0621377
-0.0605379
-0.0561372
-0.047726
-0.0352668
-0.0199716
-0.00339367
0.0133618
0.0297961
0.0459977
0.062101
0.0768225
0.0874363
0.0703024
0.0726854
0.0789958
0.0807004
0.0859123
0.09047
0.0882771
0.08269
0.0841878
0.0749996
0.0772506
0.0930681
-0.0699405
-0.0690453
-0.0681638
-0.0672996
-0.0664483
-0.0656266
-0.065008
-0.0649136
-0.0656405
-0.0672018
-0.0691531
-0.0706556
-0.0708489
-0.0693543
-0.0665745
-0.0635258
-0.0612048
-0.059858
-0.058555
-0.0553923
-0.0485034
-0.037205
-0.0222462
-0.00534476
0.0118602
0.0284483
0.0441943
0.0594131
0.0739117
0.0856629
0.0925802
0.0797508
0.0816096
0.0862824
0.0874819
0.0909775
0.0937212
0.0924609
0.0889117
0.0898941
0.0833856
0.0850343
0.0953583
-0.0700359
-0.0688396
-0.0693089
-0.0674116
-0.0679839
-0.0683886
-0.0666892
-0.0659988
-0.0654105
-0.0651709
-0.0656251
-0.0669634
-0.0689574
-0.0708932
-0.0717867
-0.070869
-0.0680913
-0.0642667
-0.0606685
-0.0582064
-0.0566645
-0.0545324
-0.0495834
-0.0400654
-0.025917
-0.00869571
0.00946313
0.0269568
0.0430898
0.0579369
0.0719223
0.0841781
0.092328
0.0957083
0.086851
0.0881854
0.0913249
0.0920688
0.0941299
0.0954486
0.0948763
0.0930046
0.0935568
0.0894335
0.0905308
0.0963295
-0.0698104
-0.0703352
-0.0687306
-0.0689568
-0.0691765
-0.0694247
-0.0668254
-0.0672698
-0.0675957
-0.0678834
-0.0680758
-0.0682712
-0.0684854
-0.066278
-0.0657953
-0.0655187
-0.0657547
-0.0668078
-0.0686748
-0.0708404
-0.0723537
-0.0721999
-0.0698624
-0.06575
-0.0611079
-0.0573604
-0.0551502
-0.0536252
-0.0505514
-0.043444
-0.031018
-0.0140425
0.0051824
0.0242507
0.0416892
0.0570972
0.0709164
0.083304
0.0924794
0.0966466
0.0971478
0.0917147
0.0925667
0.094418
0.0947726
0.0957144
0.0960282
0.0958912
0.0953007
0.095505
0.0933546
0.0939846
0.0964352
-0.0696951
-0.0699553
-0.0701978
-0.0687387
-0.0689601
-0.069167
-0.0694079
-0.0664464
-0.0667367
-0.0669689
-0.0671854
-0.0673336
-0.067496
-0.0676721
-0.0678868
-0.0680772
-0.0682606
-0.0684718
-0.0661
-0.0658691
-0.0659812
-0.0667596
-0.0683848
-0.0705823
-0.0725398
-0.0731604
-0.0715644
-0.0676568
-0.0623862
-0.0573726
-0.0540038
-0.0524099
-0.0509434
-0.0466672
-0.0370247
-0.0214317
-0.0016702
0.0192523
0.0388411
0.0558831
0.070411
0.0830413
0.093062
0.0982476
0.0987578
0.0974755
0.0946407
0.0950799
0.0959243
0.0959747
0.0961369
0.0958331
0.0958959
0.0961983
0.0961523
0.0954902
0.0957552
0.0960034
-0.0697092
-0.0699621
-0.0701908
-0.066303
-0.0664272
-0.0665534
-0.0666772
-0.0667744
-0.0668923
-0.0670214
-0.0671829
-0.0673325
-0.0674856
-0.0676635
-0.0661687
-0.0662301
-0.0668006
-0.0681414
-0.0702045
-0.0723997
-0.0736777
-0.072942
-0.0696438
-0.0642493
-0.0582566
-0.0535283
-0.0511761
-0.0505388
-0.04898
-0.0429842
-0.0302642
-0.0112305
0.0111675
0.0333806
0.0530549
0.0694255
0.0829734
0.0938886
0.100349
0.101254
0.0992887
0.0971223
0.0960064
0.0961328
0.0962687
0.0960982
0.0957454
0.0951272
0.0952157
0.0961108
0.0958758
0.0962586
0.0962662
0.0948716
-0.0663998
-0.0663668
-0.0663845
-0.0664042
-0.0664456
-0.0665065
-0.0665805
-0.0666711
-0.0667699
-0.0668817
-0.0670151
-0.0664791
-0.0668809
-0.0679599
-0.0697881
-0.0720124
-0.0737516
-0.0738522
-0.0714139
-0.0663728
-0.0598354
-0.0537868
-0.050138
-0.0494303
-0.0499044
-0.047828
-0.0393771
-0.0229338
-0.000301668
0.024395
0.047384
0.0667188
0.0822315
0.0944771
0.102492
0.10443
0.102014
0.0987429
0.0959063
0.0962328
0.096137
0.0957911
0.095459
0.0948047
0.0936691
0.0941399
0.0953062
0.0949106
0.0960657
0.0958799
0.0922342
-0.0667204
-0.0665522
-0.0664702
-0.0663913
-0.0663788
-0.0663753
-0.0663904
-0.0664001
-0.0664401
-0.066499
-0.066576
-0.0670249
-0.0678201
-0.0693838
-0.0714723
-0.0734324
-0.0742189
-0.0727512
-0.0684504
-0.0618661
-0.0547883
-0.0495979
-0.0479508
-0.0493779
-0.0507313
-0.0473552
-0.0354939
-0.0147219
0.0113822
0.0378494
0.0610326
0.0796563
0.0940215
0.103975
0.107708
0.105524
0.101024
0.0969151
0.0929209
0.0956503
0.0953914
0.0946177
0.0941966
0.0934141
0.0906161
0.0917506
0.0939574
0.0935864
0.0951555
0.09478
0.0873074
-0.0672443
-0.0669552
-0.0667917
-0.0666322
-0.0665735
-0.0665054
-0.0664655
-0.066397
-0.0663771
-0.0663764
-0.0663895
-0.0678018
-0.0689979
-0.0708646
-0.0728144
-0.0740317
-0.0734685
-0.0701925
-0.0640783
-0.0564277
-0.0497485
-0.0465574
-0.0477598
-0.0514303
-0.0529743
-0.0471694
-0.0307965
-0.00539627
0.0237495
0.0512438
0.0740334
0.0915514
0.103988
0.110201
0.109313
0.103946
0.0980963
0.0928333
0.0872764
0.0943032
0.0938876
0.0931545
0.0923557
0.0901459
0.0855976
0.0875472
0.0916709
0.0905538
0.0936974
0.0934604
0.0800374
-0.0679499
-0.0675408
-0.0673172
-0.0670924
-0.0670005
-0.0668733
-0.0667884
-0.0666555
-0.0665817
-0.0665226
-0.0664727
-0.0687619
-0.0702279
-0.0720159
-0.0733689
-0.0734784
-0.0713019
-0.0661286
-0.0584791
-0.0506137
-0.0456425
-0.0456739
-0.0502385
-0.0556715
-0.0562659
-0.0465674
-0.0247524
0.00515746
0.0365312
0.0641626
0.0859507
0.101691
0.110928
0.112451
0.107228
0.0995799
0.0923631
0.0857506
0.079032
0.0926807
0.091842
0.0897162
0.0884186
0.0850238
0.0787241
0.0816862
0.0872718
0.0857766
0.091038
0.0900168
0.0931422
0.0711602
-0.0687764
-0.0682666
-0.0680145
-0.0677304
-0.0676183
-0.0674378
-0.0673217
-0.0671406
-0.0670242
-0.0669133
-0.0668075
-0.0697319
-0.0711386
-0.0723988
-0.0728344
-0.0716088
-0.0676694
-0.060699
-0.0522264
-0.0455395
-0.0437629
-0.0479466
-0.0557137
-0.0618109
-0.0598739
-0.0446743
-0.0169751
0.0167729
0.0492201
0.0760415
0.0960605
0.108959
0.113765
0.110138
0.101372
0.0918923
0.0833872
0.0760499
0.0691103
0.092003
0.0912023
0.0889094
0.0877018
0.0844646
0.082829
0.078298
0.0705443
0.0744131
0.0811996
0.0793901
0.0864709
0.0850115
0.0903578
0.08934
0.061871
-0.0695567
-0.0690478
-0.0688242
-0.0684897
-0.0683785
-0.0681544
-0.0680241
-0.0678064
-0.067659
-0.0675044
-0.0673544
-0.0703775
-0.071308
-0.0717395
-0.0711062
-0.0684231
-0.062689
-0.0544022
-0.0464814
-0.0426616
-0.0454574
-0.0540688
-0.0640101
-0.0691789
-0.0626985
-0.0407536
-0.00736907
0.0289318
0.061099
0.0861007
0.103345
0.112133
0.111495
0.10309
0.0916843
0.0808183
0.0718834
0.064811
0.0588407
0.0881644
0.0869677
0.0834633
0.0818432
0.0776302
0.0757562
0.0704314
0.0620073
0.0661696
0.0737566
0.0717398
0.080188
0.0783489
0.0856437
0.0841673
0.053814
-0.0699932
-0.0696953
-0.0695996
-0.0692675
-0.0691907
-0.0689482
-0.0688317
-0.0685913
-0.0684311
-0.0682429
-0.0680628
-0.0703227
-0.070479
-0.0700146
-0.0683185
-0.0641536
-0.0569268
-0.0485632
-0.0429268
-0.043674
-0.051872
-0.064083
-0.0744568
-0.076658
-0.0635567
-0.0342887
0.00367729
0.0407956
0.0712714
0.0933685
0.106669
0.110082
0.103779
0.0916602
0.0785259
0.0673305
0.0590246
0.0531748
0.0495296
0.0825461
0.0809306
0.0764508
0.0745279
0.0696457
0.0675804
0.061389
0.0550149
0.0577846
0.0652195
0.0628586
0.0725774
0.0704686
0.0792011
0.0773564
0.0475356
-0.0697578
-0.0699154
-0.0700675
-0.0698524
-0.0698643
-0.0696627
-0.069606
-0.0693815
-0.0692423
-0.0690448
-0.0688611
-0.0693483
-0.0686929
-0.0674934
-0.0648172
-0.0593384
-0.0516029
-0.0448595
-0.0433894
-0.0501632
-0.0633034
-0.0771823
-0.0858998
-0.082752
-0.0614914
-0.0253219
0.0152968
0.0513158
0.0787374
0.0968361
0.104988
0.102295
0.091185
0.0766586
0.0630258
0.0526551
0.0458101
0.0424399
0.0424631
0.0754094
0.0735051
0.0683114
0.0661266
0.0598693
0.0565843
0.0548567
0.0495589
0.0525459
0.0553331
0.0638692
0.0614038
0.071503
0.0694084
0.0428579
-0.0686664
-0.0694175
-0.0699014
-0.0699472
-0.0701022
-0.0700263
-0.0700887
-0.0699556
-0.0698972
-0.0697431
-0.0696059
-0.0675394
-0.066345
-0.0646946
-0.0612091
-0.0550475
-0.0482864
-0.0450212
-0.0497336
-0.0626566
-0.0788357
-0.0920358
-0.0969086
-0.0860437
-0.0559319
-0.0145644
0.0262873
0.0593782
0.0825615
0.0956542
0.0977262
0.0892857
0.0748367
0.0593503
0.0464532
0.0377033
0.0333399
0.034061
0.0374734
0.0672088
0.0650454
0.0590682
0.0582936
0.0532493
0.050134
0.0451612
0.0480769
0.0511353
0.0541291
0.0548498
0.06276
0.0603834
0.0384736
-0.0668258
-0.0680779
-0.0688802
-0.0692816
-0.0696057
-0.0697334
-0.0699622
-0.0700114
-0.0701014
-0.070065
-0.0700452
-0.0653211
-0.0640328
-0.0621932
-0.0582156
-0.052429
-0.0483217
-0.0509319
-0.0627795
-0.0802705
-0.0968906
-0.107125
-0.105727
-0.0853332
-0.04716
-0.00329697
0.0353542
0.0640129
0.0820679
0.0893525
0.0852091
0.0722943
0.0561773
0.041072
0.0296746
0.0233853
0.0232712
0.0286298
0.0336149
0.0581269
0.0565165
0.0528311
0.0521017
0.0490788
0.045846
0.040625
0.0440259
0.0470565
0.0500725
0.0508308
0.0336832
-0.064661
-0.0660722
-0.0670519
-0.0677747
-0.0682368
-0.0685931
-0.0689927
-0.0692829
-0.0695637
-0.0697112
-0.0698746
-0.0633067
-0.0623336
-0.0604824
-0.0564863
-0.0523712
-0.0534638
-0.0638278
-0.0818059
-0.101176
-0.115651
-0.120799
-0.110771
-0.0801024
-0.0362974
0.00697153
0.0413742
0.0646003
0.0769567
0.0781111
0.068542
0.0528758
0.0366041
0.0227137
0.0134678
0.0112608
0.0169095
0.0253169
0.0297092
0.0488179
0.0482089
0.0450657
0.0416585
0.0355023
0.0395694
0.0431537
0.0463206
0.0470119
0.0282608
-0.0627672
-0.0638636
-0.064795
-0.0656556
-0.0661597
-0.0666859
-0.0671974
-0.0677041
-0.0681566
-0.0685047
-0.068874
-0.0620551
-0.0615795
-0.0597161
-0.0564439
-0.0563793
-0.0654269
-0.0833235
-0.104894
-0.123333
-0.133457
-0.131316
-0.110615
-0.0709326
-0.0250354
0.014859
0.0436446
0.0609668
0.0674112
0.0627884
0.049222
0.0325853
0.0171478
0.0048747
-0.000863874
0.00324807
0.013889
0.0227862
0.0256581
0.0450813
0.0445746
0.041086
0.0367196
0.0291523
0.0341382
0.0388734
0.0427358
0.0433629
0.0228012
-0.0616616
-0.0620471
-0.0626985
-0.0634197
-0.0638396
-0.0644118
-0.0649237
-0.0655228
-0.0660531
-0.0665428
-0.0670696
-0.0617718
-0.0616302
-0.0599645
-0.0592454
-0.0666528
-0.0843555
-0.107548
-0.129766
-0.144844
-0.148524
-0.136869
-0.104854
-0.0594333
-0.0150764
0.0194396
0.0419858
0.0533687
0.054128
0.0446481
0.0288323
0.0127621
-0.00163762
-0.0116765
-0.0114927
-0.000390116
0.0126355
0.0203302
0.0222578
0.0413998
0.0408067
0.0362773
0.0304685
0.0216878
0.0270417
0.0334091
0.0386272
0.0393426
0.0129493
-0.061559
-0.0611534
-0.0613526
-0.0616736
-0.0618968
-0.062364
-0.062746
-0.0632526
-0.0637248
-0.0642384
-0.0648067
-0.0623933
-0.0623658
-0.0619043
-0.0671183
-0.0839186
-0.108485
-0.134058
-0.154371
-0.163881
-0.159098
-0.135906
-0.0944645
-0.0476248
-0.00772006
0.0203782
0.0366807
0.0424338
0.0381229
0.0252002
0.00891906
-0.00614826
-0.0195838
-0.0252993
-0.017167
-0.00116023
0.0116023
0.0187747
0.0142834
0.0369296
0.0359878
0.0300157
0.022619
0.0106619
0.0180639
0.0263368
0.0330566
0.0341471
-0.062406
-0.0612952
-0.0610887
-0.0609446
-0.0609101
-0.061129
-0.0612729
-0.0615175
-0.0618016
-0.0621962
-0.0626546
-0.0635548
-0.0639668
-0.0673297
-0.081475
-0.10677
-0.135415
-0.160795
-0.176874
-0.178551
-0.163172
-0.128213
-0.0815569
-0.037298
-0.00360353
0.0178779
0.0283482
0.0290273
0.0205778
0.00581514
-0.00959028
-0.023688
-0.0349574
-0.0340436
-0.0187062
-0.0011519
0.0116173
0.0136999
0.0309037
0.0294943
0.022273
0.0118168
0.0055269
0.0173367
0.0256269
0.0271959
-0.0639928
-0.0626172
-0.0617551
-0.0612485
-0.0611025
-0.0610719
-0.0609512
-0.0608396
-0.060854
-0.0610026
-0.0612168
-0.0653456
-0.0676668
-0.0780236
-0.101567
-0.13306
-0.163199
-0.186003
-0.195139
-0.186909
-0.159209
-0.115358
-0.0684207
-0.0295695
-0.00273732
0.0125112
0.0177939
0.0142201
0.00293684
-0.0121104
-0.0263763
-0.0400424
-0.0463256
-0.0376171
-0.0181049
0.00033957
0.010552
0.0232714
0.0215098
0.0109273
0.00443497
0.0156137
0.0188681
-0.0661774
-0.0646966
-0.0633989
-0.0627989
-0.062211
-0.0620025
-0.0616017
-0.0610087
-0.0612441
-0.0611028
-0.0609505
-0.0683365
-0.0750732
-0.0941838
-0.12581
-0.161041
-0.190209
-0.20738
-0.20695
-0.186705
-0.147562
-0.0999493
-0.0568552
-0.0248331
-0.00468364
0.00500865
0.0058628
-0.00101729
-0.0137258
-0.0279385
-0.0412208
-0.0525742
-0.0517187
-0.0367863
-0.0147168
0.00457166
0.0116874
0.00848861
0.00210586
0.00511106
0.0142682
0.0177199
-0.0693596
-0.0675024
-0.0657329
-0.0650546
-0.0642365
-0.0638275
-0.0631721
-0.0627927
-0.0623303
-0.0620688
-0.0618336
-0.0607804
-0.0737441
-0.0871943
-0.114926
-0.152907
-0.189123
-0.214
-0.222095
-0.209955
-0.176953
-0.130647
-0.0845328
-0.0478077
-0.0228784
-0.00877252
-0.00374224
-0.00635538
-0.0154283
-0.0282572
-0.041067
-0.0531908
-0.0588405
-0.0513593
-0.0310564
-0.00392235
0.0107844
0.0076355
0.00182985
0.00465284
-0.0743995
-0.071489
-0.0689805
-0.0681297
-0.0670513
-0.0664561
-0.0655663
-0.0650467
-0.0643587
-0.0638501
-0.063311
-0.0628613
-0.0624239
-0.0620931
-0.0618893
-0.0828358
-0.104109
-0.139389
-0.181426
-0.214507
-0.230957
-0.227611
-0.202235
-0.159272
-0.111615
-0.0708521
-0.0414851
-0.0231782
-0.0142648
-0.0130146
-0.0181259
-0.0280926
-0.0398344
-0.051003
-0.0596559
-0.057452
-0.043227
-0.0133901
-0.0822083
-0.0775214
-0.0738691
-0.0725314
-0.071046
-0.0701041
-0.068867
-0.0681754
-0.0672395
-0.066527
-0.0657636
-0.0651256
-0.064468
-0.0638995
-0.0633899
-0.0960485
-0.125013
-0.166327
-0.208312
-0.232855
-0.238179
-0.221713
-0.184389
-0.137084
-0.0931215
-0.0597252
-0.0376599
-0.0251104
-0.020316
-0.0218684
-0.0284388
-0.0379901
-0.0478431
-0.0561923
-0.0580192
-0.0473449
-0.0207178
-0.0935308
-0.0863819
-0.0813216
-0.0791418
-0.0770624
-0.0754959
-0.0737309
-0.0726958
-0.0713475
-0.0702842
-0.0691796
-0.0682847
-0.0673738
-0.0665861
-0.0658581
-0.113476
-0.148927
-0.192925
-0.228226
-0.240694
-0.233588
-0.204147
-0.159718
-0.113904
-0.0767783
-0.0511901
-0.0356577
-0.0279424
-0.0263544
-0.0296534
-0.0363846
-0.0443666
-0.0513056
-0.0542586
-0.0459603
-0.0229255
-0.10821
-0.0984002
-0.0919414
-0.0886696
-0.0859222
-0.0835107
-0.0810831
-0.0794922
-0.0775084
-0.0758497
-0.0742019
-0.0728828
-0.0715517
-0.0703931
-0.0693243
-0.133544
-0.1728
-0.213879
-0.2363
-0.236535
-0.216564
-0.177852
-0.132389
-0.0922669
-0.063283
-0.0450779
-0.035005
-0.0309067
-0.031477
-0.0354662
-0.0411804
-0.0463896
-0.048701
-0.0422886
-0.0210813
-0.125308
-0.113054
-0.1056
-0.101227
-0.0978847
-0.0945909
-0.0915216
-0.0892632
-0.0865096
-0.0840761
-0.0817152
-0.0797917
-0.0778188
-0.0760591
-0.0744459
-0.154199
-0.192526
-0.223708
-0.231598
-0.220076
-0.189589
-0.147357
-0.105785
-0.0734775
-0.0525167
-0.0406404
-0.0349325
-0.0335255
-0.0351729
-0.0386225
-0.0419932
-0.0431366
-0.0373923
-0.0190595
-0.142554
-0.129091
-0.121423
-0.116112
-0.112436
-0.108453
-0.104913
-0.10203
-0.0985534
-0.0953595
-0.0922752
-0.0896746
-0.0869292
-0.0844069
-0.0820784
-0.171221
-0.202793
-0.220156
-0.215048
-0.193344
-0.157256
-0.116731
-0.0820415
-0.058098
-0.0442396
-0.0373908
-0.0348357
-0.0349133
-0.0365693
-0.0382803
-0.0382472
-0.0324853
-0.0171598
-0.156975
-0.144266
-0.137596
-0.131898
-0.128338
-0.12407
-0.120394
-0.117028
-0.113079
-0.109333
-0.105687
-0.102528
-0.0990671
-0.0958066
-0.0927389
-0.180996
-0.201101
-0.204313
-0.189
-0.160715
-0.124092
-0.0888542
-0.062161
-0.0458268
-0.0377314
-0.0346574
-0.034144
-0.0347622
-0.0351649
-0.0341136
-0.0281312
-0.0151701
-0.165342
-0.155825
-0.151455
-0.146241
-0.143453
-0.139548
-0.136279
-0.132781
-0.128849
-0.124933
-0.121052
-0.117581
-0.113656
-0.109876
-0.106223
-0.180448
-0.187704
-0.179025
-0.15725
-0.126695
-0.0933192
-0.0650439
-0.0460585
-0.0361448
-0.0324811
-0.031951
-0.0323405
-0.0321263
-0.0304983
-0.0243837
-0.0132506
-0.16535
-0.161216
-0.160171
-0.15657
-0.155077
-0.152259
-0.15002
-0.146943
-0.143705
-0.140244
-0.136688
-0.133346
-0.129431
-0.125524
-0.121614
-0.169641
-0.165258
-0.148634
-0.124006
-0.0946906
-0.0667732
-0.0457523
-0.0334817
-0.0285502
-0.0279615
-0.0287827
-0.0288105
-0.0271859
-0.0211162
-0.0115412
-0.156332
-0.158689
-0.161537
-0.16055
-0.160756
-0.15966
-0.158937
-0.156951
-0.155008
-0.152653
-0.150105
-0.147464
-0.144246
-0.140831
-0.137226
-0.15023
-0.137269
-0.116972
-0.0923861
-0.0667552
-0.0450115
-0.0305556
-0.023749
-0.022497
-0.0237422
-0.0245701
-0.0236161
-0.018041
-0.0100908
-0.139199
-0.147913
-0.154565
-0.156693
-0.158777
-0.159765
-0.160869
-0.16055
-0.160382
-0.159673
-0.158676
-0.157317
-0.155418
-0.153159
-0.150561
-0.125114
-0.107454
-0.086762
-0.0645012
-0.0436829
-0.0279567
-0.0191459
-0.0164918
-0.0175648
-0.0192407
-0.0194777
-0.0149534
-0.00886858
-0.116095
-0.129824
-0.139662
-0.144845
-0.148704
-0.151797
-0.154744
-0.15636
-0.158194
-0.159438
-0.160323
-0.160687
-0.160564
-0.159985
-0.158951
-0.0978895
-0.0790425
-0.0599882
-0.0413029
-0.025572
-0.015254
-0.0108934
-0.0111075
-0.0131563
-0.0146384
-0.0116379
-0.00777086
-0.0903866
-0.10624
-0.118298
-0.126074
-0.13138
-0.136259
-0.140811
-0.144259
-0.148038
-0.151226
-0.154042
-0.156276
-0.158141
-0.159515
-0.160367
-0.0714535
-0.0539141
-0.037629
-0.0230228
-0.0121414
-0.00633356
-0.00527561
-0.00704853
-0.00940719
-0.00809968
-0.00664039
-0.0657106
-0.0803609
-0.0929031
-0.101742
-0.108227
-0.114516
-0.120367
-0.125397
-0.130769
-0.135581
-0.140093
-0.144044
-0.147816
-0.151114
-0.153893
-0.0479245
-0.0330163
-0.0199042
-0.00943309
-0.00285207
-0.000591196
-0.00165005
-0.00430256
-0.00454481
-0.00536678
-0.0433701
-0.0572544
-0.068004
-0.0770151
-0.0887379
-0.094689
-0.100958
-0.107698
-0.113858
-0.119756
-0.125157
-0.130469
-0.135372
-0.139851
-0.0279662
-0.0161745
-0.00667235
-0.000109186
0.00290224
0.00262482
0.000141072
-0.00127175
-0.00395139
-0.0244082
-0.036378
-0.0459812
-0.0558923
-0.0665816
-0.0749898
-0.0838437
-0.0805918
-0.0932915
-0.100955
-0.107493
-0.113679
-0.119524
-0.0122816
-0.00367936
0.00236331
0.00552432
0.00575514
0.00360873
0.00143941
-0.00248241
-0.00929788
-0.018688
-0.0266847
-0.0354651
-0.0453472
-0.052752
-0.0578022
-0.0688661
-0.0636275
-0.086739
-0.0939626
-0.000630489
0.00489426
0.00774125
0.00805739
0.00612809
0.00346302
-0.0010833
0.0018659
-0.00471064
-0.0109058
-0.0179762
-0.0262519
-0.032488
-0.036929
-0.0469641
-0.0422102
0.00730183
0.00989675
0.00994812
0.0079586
0.00486309
0.000138344
0.00933012
0.00546989
0.00106106
-0.00409605
-0.0105219
-0.0153882
-0.0190018
-0.0274511
-0.0234041
0.0119248
0.0117611
0.00945793
0.00586348
0.00113849
0.0135358
0.0120266
0.00928733
0.00603372
0.00146678
-0.00195374
-0.00469772
-0.0113037
-0.00809994
0.0135405
0.0109394
0.00673621
0.00194173
0.0148587
0.015378
0.0140978
0.0125615
0.00974269
0.0077178
0.00582363
0.00109019
0.00342227
0.0123781
0.00768498
0.00261343
0.0135267
0.0159127
0.01591
0.015848
0.0145851
0.0138102
0.012698
0.00973181
0.011239
0.00874859
0.0032257
0.0096346
0.0138295
0.0150355
0.0162584
0.0163733
0.0166954
0.0162715
0.0148849
0.0156539
0.00378789
0.00414644
0.00920728
0.0115633
0.0140273
0.0154264
0.0167259
0.0169141
0.0169271
0.0170439
0.00260217
0.00581182
0.00929631
0.0118997
0.0141321
0.0148854
0.0161911
0.0157149
0.00249146
0.00600207
0.00910564
0.0103723
0.0128756
0.0118427
0.00168919
0.00361548
0.00722565
0.00566611
)
;

boundaryField
{
    inlet
    {
        type            zeroGradient;
    }
    outlet
    {
        type            fixedValue;
        value           uniform 0;
    }
    wall
    {
        type            zeroGradient;
    }
    front
    {
        type            empty;
    }
    back
    {
        type            empty;
    }
    vanem
    {
        type            zeroGradient;
    }
    vaneu
    {
        type            zeroGradient;
    }
    vanel
    {
        type            zeroGradient;
    }
    procBoundary3to2
    {
        type            processor;
        value           nonuniform List<scalar> 
58
(
-0.0711224
-0.0710164
-0.070851
-0.0706289
-0.0703525
-0.0700564
-0.0698119
-0.0697159
-0.0698853
-0.0704171
-0.0713615
-0.0727013
-0.0743543
-0.0762067
-0.0781331
-0.0800112
-0.0817159
-0.083125
-0.0841387
-0.0847063
-0.0848497
-0.0846229
-0.0841039
-0.0833328
-0.0823827
-0.081281
-0.0800252
-0.0788017
-0.0777165
-0.0767911
0.000135855
0.000207927
0.000294507
0.000386665
0.000461511
0.00050306
0.00050754
0.00047582
0.000414327
0.000328992
0.00023073
0.000123471
3.30245e-05
-0.070453
-0.0734314
-0.0734314
-0.0734314
-5.78667e-06
1.01317e-05
-0.0708703
-0.0704687
-0.0732326
-5.78667e-06
4.32309e-05
-0.0704687
-9.14258e-05
-0.0734972
-5.3527e-05
)
;
    }
}


// ************************************************************************* //
