/*--------------------------------*- C++ -*----------------------------------*\
| =========                 |                                                 |
| \\      /  F ield         | OpenFOAM: The Open Source CFD Toolbox           |
|  \\    /   O peration     | Version:  v1912                                 |
|   \\  /    A nd           | Website:  www.openfoam.com                      |
|    \\/     M anipulation  |                                                 |
\*---------------------------------------------------------------------------*/
FoamFile
{
    version     2.0;
    format      ascii;
    class       surfaceScalarField;
    location    "350";
    object      phi;
}
// * * * * * * * * * * * * * * * * * * * * * * * * * * * * * * * * * * * * * //

dimensions      [0 3 -1 0 0 0 0];
oriented        oriented;


internalField   nonuniform List<scalar> 
7352
(
0.00711969
0.0028923
0.0107434
0.0063883
0.00176677
0.00112553
0.0123518
0.00840352
0.00424351
0.00391155
0.000165551
0.000959982
0.0129136
0.00945124
0.00623489
0.00641214
0.000978404
0.00309869
-0.000116439
0.00107643
0.0129921
0.00993549
0.00747469
0.00821143
0.00205498
0.00533558
-0.000143832
0.00312609
-5.3435e-05
0.00112987
0.0128762
0.0101319
0.00810253
0.00930766
0.002968
0.00729841
3.73874e-05
0.00515437
-0.000176941
0.0032496
-1.03889e-05
0.00114026
0.0126956
0.0101986
0.00834688
0.00988752
0.0035308
0.00874487
0.000279251
0.00705655
-0.000277219
0.00525466
-7.78229e-05
0.00331703
-1.9926e-05
0.00116018
0.0125027
0.010211
0.00839484
0.0101506
0.00376242
0.0096559
0.000396529
0.0086276
-0.000335431
0.00711476
-0.000187578
0.00536441
-8.15113e-05
0.00337861
-1.57359e-05
0.00117591
0.0123184
0.0102022
0.00836392
0.0102419
0.00375909
0.0101539
0.000290029
0.0097624
-0.00042854
0.00872072
-0.000311951
0.00723912
-0.000187254
0.00547015
-6.93019e-05
0.00343217
-5.6062e-06
0.00118151
0.0121512
0.0101852
0.00832345
0.0102427
0.00361815
0.0103828
-4.69597e-05
0.0104909
-0.000632139
0.00996599
-0.000463169
0.00887193
-0.000330863
0.00738272
-0.000166425
0.00556727
-4.23101e-05
0.00346887
-2.62818e-06
0.00118414
0.0120049
0.0101623
0.00831553
0.0101931
0.00340974
0.0104511
-0.000590918
0.0109268
-0.000979882
0.0108387
-0.000683171
0.010186
-0.000514269
0.00905534
-0.000309066
0.00752536
-0.000121799
0.00564675
-2.92064e-05
0.00349544
-2.18691e-06
0.00118632
0.0118863
0.0101316
0.00836863
0.0101092
0.00318217
0.0104207
-0.0013168
0.011177
-0.00146074
0.0114076
-0.000999385
0.0111549
-0.000753473
0.0104252
-0.000495853
0.00924212
-0.000249123
0.00765268
-9.4261e-05
0.0057118
-2.4402e-05
0.00351765
-1.46983e-06
0.00118778
0.0117954
0.0100989
0.00851185
0.00998837
0.00297433
0.0103171
-0.00221659
0.0113204
-0.00205615
0.0117724
-0.00141415
0.0118224
-0.00106496
0.0114664
-0.000734157
0.0106635
-0.000425927
0.00941892
-0.000206501
0.00776492
-7.99055e-05
0.0057673
-2.04498e-05
0.00353662
-1.75023e-06
0.00118953
0.0117346
0.0100618
0.00877591
0.00983484
0.00281895
0.0101437
-0.00329675
0.0113973
-0.00274261
0.0120069
-0.00190556
0.0122638
-0.00144673
0.0122041
-0.0010285
0.0117607
-0.000654431
0.010892
-0.000370705
0.00958312
-0.000180452
0.00786546
-7.00755e-05
0.00581692
-1.95946e-05
0.00355446
-1.92794e-06
0.00119146
0.0116982
0.0100284
0.00919182
0.00964588
0.00276636
0.00988746
-0.00455981
0.0114068
-0.0034853
0.01214
-0.00244274
0.0125441
-0.00187574
0.0126928
-0.00137055
0.0125462
-0.000932278
0.0120386
-0.000584897
0.0111062
-0.000330491
0.00973315
-0.000160202
0.00795558
-6.56812e-05
0.00586301
-1.9127e-05
0.00357166
-1.66443e-06
0.00119312
0.01167
0.0100061
0.00978604
0.0094342
0.0029101
0.00950213
-0.0059636
0.0112913
-0.00421248
0.0121339
-0.00296724
0.0126644
-0.00229989
0.0129682
-0.00172904
0.0130513
-0.00124402
0.0128579
-0.000843986
0.0122977
-0.000529615
0.0113053
-0.000297123
0.00987007
-0.000149818
0.00803972
-6.20678e-05
0.00590594
-1.73624e-05
0.00358736
-2.09084e-06
0.00119521
0.0116185
0.00999353
0.0105681
0.009224
0.00347271
0.0088716
-0.00734252
0.010881
-0.0047611
0.0118399
-0.0033576
0.0125243
-0.00263314
0.0129977
-0.00204609
0.0132853
-0.00155479
0.0133621
-0.00112807
0.013142
-0.000765652
0.0125337
-0.000478459
0.0114866
-0.000277488
0.00999774
-0.000141147
0.00811879
-5.82087e-05
0.00594679
-1.78074e-05
0.00360307
-2.92136e-06
0.00119813
0.0115943
0.00988817
0.0114386
0.00912315
0.00490725
0.00778947
-0.00823155
0.00976063
-0.00479335
0.0109133
-0.00340212
0.0118844
-0.0027339
0.0126251
-0.00222692
0.0131785
-0.00180233
0.0135328
-0.00139785
0.0136319
-0.00101844
0.0133948
-0.000693585
0.0127488
-0.000446249
0.0116554
-0.000261075
0.0101177
-0.00013108
0.00819166
-5.5815e-05
0.00598479
-1.9348e-05
0.0036195
-3.75438e-06
0.00120188
0.0115554
0.00985391
0.0123159
0.00456754
0.00444324
0.0048205
0.00330311
0.00304524
0.00286155
-0.0041722
0.00392982
-0.00338662
0.0031869
-0.00222578
0.00881051
-0.00161746
-0.00283549
0.0103466
-0.00242505
0.0115755
-0.00215905
0.0125572
-0.00190103
0.0132772
-0.00159125
0.0137262
-0.00124737
0.0138608
-0.000914377
0.0136156
-0.000643268
0.0129458
-0.000417812
0.0118121
-0.000240538
0.0102271
-0.00012431
0.00826016
-5.70331e-05
0.00602248
-2.12627e-05
0.003637
-4.21752e-06
0.0012061
0.0113964
0.010019
0.0131822
0.00445299
0.00453466
0.00553539
0.00385265
0.00619361
0.00378504
-0.00344674
0.00257765
-0.000507515
-0.00155757
0.000766175
0.000897401
0.00396431
0.00145706
0.00129283
-0.00185905
0.00356309
-0.00237471
0.000910813
0.000654923
-0.000540384
0.00227023
-0.000402
-0.000940617
0.00751543
-0.000599796
-0.00103751
0.00298314
-0.00161458
0.00953616
-0.00177285
0.0111893
-0.00177031
0.0124265
-0.00163488
0.0133208
-0.00139479
0.0138736
-0.0011023
0.0140487
-0.000842381
0.0138147
-0.000597866
0.0131259
-0.000383745
0.0119553
-0.000226028
0.0103288
-0.000122239
0.00832536
-5.90422e-05
0.00606026
-2.24798e-05
0.00365526
-4.41729e-06
0.00121051
0.0110962
0.0102572
0.0136104
0.00466213
0.00492867
0.00686803
0.00377856
0.00743854
0.00396416
0.00541637
0.00115948
0.00117348
0.000945107
4.44026e-06
-0.0013236
0.000711134
0.00147731
-0.000711134
0.000540639
0.000756631
-0.000388944
0.000759372
0.000265979
-0.000180091
0.0016584
-0.000245589
-0.000141187
0.000498559
0.0025053
-0.000462781
-0.000288794
0.00641731
-0.000227673
0.00214778
-0.000242285
-0.00115517
0.00891848
-0.00139861
0.0108176
-0.00147947
0.0122711
-0.0014092
0.0133352
-0.00120885
0.0139802
-0.00100536
0.0142117
-0.00077693
0.0139937
-0.000546744
0.0132889
-0.000357598
0.0120869
-0.000217777
0.0104244
-0.00012234
0.00838866
-5.98788e-05
0.00609765
-2.27699e-05
0.00367361
-4.73328e-06
0.00121525
0.0106883
0.0104499
0.0136115
0.00504768
0.00520845
0.0079772
0.00412345
0.00821231
0.00469357
0.00673333
0.00121591
0.0012457
0.00809464
0.00131784
0.00128499
-0.00115699
0.00175533
0.000561141
0.000557127
-0.000566968
0.000124793
-0.000377761
0.00019767
0.00126572
-5.38862e-05
-1.62249e-05
-0.000124793
0.00194336
-8.43747e-05
-0.000273886
0.00584029
-0.000304266
0.00178862
-2.75596e-05
-4.53671e-05
0.0010437
-8.60725e-06
-1.16565e-05
-0.000894489
0.00841436
-0.00112564
0.0104638
-0.00126214
0.012124
-0.00119098
0.0133174
-0.00108693
0.0140617
-0.000918914
0.0143537
-0.000705069
0.0141521
-0.000504924
0.0134362
-0.000339401
0.0122085
-0.000213534
0.0105156
-0.000121613
0.00845039
-5.95771e-05
0.00613446
-2.32321e-05
0.00369211
-4.96657e-06
0.00122021
0.010251
0.0105053
0.0132608
0.0108006
0.0084938
0.00476618
0.00878023
0.00492203
0.00921802
0.00139198
0.0016081
0.00961444
0.00231234
0.00198481
0.00237382
0.000597423
0.00298788
0.00063164
-0.00360626
0.00422732
0.000696779
0.00066661
9.8404e-06
0.000551304
0.000143783
0.000127559
0.000557093
-3.59425e-06
-8.46042e-07
0.000406672
0.00165494
-5.56065e-05
-8.46043e-05
-0.000279931
0.00537501
-0.000149272
0.00157115
-0.000112707
-0.000107772
0.000588924
-5.93913e-05
0.000564101
-2.0544e-05
-0.000115902
0.000107295
-0.000645695
0.00793441
-0.000985762
0.0101874
-0.001046
0.011979
-0.00105633
0.0132868
-0.000984581
0.0141274
-0.000824302
0.0144729
-0.000645912
0.014293
-0.000474222
0.013571
-0.000327661
0.0123226
-0.000208417
0.0106024
-0.000119552
0.00851036
-5.96414e-05
0.00617087
-2.33767e-05
0.00371052
-5.407e-06
0.00122562
0.00980362
0.0105073
0.0127979
0.0109682
-0.0105501
0.0190991
0.005345
0.00568678
0.00989534
0.00233175
0.00215354
0.00426727
0.00486594
0.000753361
0.00546728
0.00100677
-0.005796
0.00589273
0.00221562
0.00165608
0.00114873
0.00178037
-0.00244698
0.00314376
0.0001037
0.000102854
0.00034885
-1.57043e-06
0.000533697
-2.52029e-05
0.000492654
-4.35617e-05
0.00146223
-0.000114161
-5.68486e-05
-8.80861e-05
0.00489036
-7.2962e-05
0.00135837
-3.10106e-05
-1.44011e-05
0.00045806
-7.81127e-05
0.00042937
-7.90827e-05
0.000332046
-3.73998e-06
-0.000637756
0.0075864
-0.000817898
0.0099593
-0.000906145
0.0118288
-0.000945498
0.0132477
-0.000874589
0.0141777
-0.000750418
0.0145774
-0.000599814
0.0144186
-0.000453019
0.0136964
-0.000316896
0.0124311
-0.000202169
0.010685
-0.000116516
0.00856724
-5.91634e-05
0.00620666
-2.45427e-05
0.00372965
-5.40363e-06
0.00123102
0.00934208
0.0105046
0.0122334
0.0110719
0.0181789
0.0118884
0.0157832
-0.0156436
0.00274965
0.0024557
0.0153997
0.00607029
0.00617749
0.00204698
0.00654991
0.00178112
-0.00758838
0.00170871
0.00105327
0.00389712
0.00490389
-0.00655997
0.00627124
0.00250434
0.000101284
0.000311314
-4.47169e-06
0.000278421
-1.06687e-05
0.000387272
-7.20628e-05
0.000357375
-2.69514e-05
0.00128591
-1.01199e-05
-5.51183e-06
-8.89074e-05
0.00451348
-0.000171972
0.00122368
-4.65118e-06
-6.07964e-06
0.000335294
-8.92984e-06
0.00032392
-3.02744e-06
0.00022836
-2.80518e-05
0.000203629
-5.43517e-05
9.7544e-05
-0.00059031
0.00735881
-0.000664475
0.00971763
-0.000797628
0.011681
-0.000833535
0.0132066
-0.000792742
0.01422
-0.000690643
0.0146683
-0.000567236
0.0145329
-0.00043176
0.0138113
-0.000303341
0.0125323
-0.000195901
0.0107644
-0.000114818
0.00862289
-6.00819e-05
0.00624219
-2.4704e-05
0.00374895
-5.23875e-06
0.00123626
0.00886854
0.0105045
0.011612
0.011126
0.0167444
0.0125064
-0.0142769
0.0300149
0.00525757
0.00629257
-0.00733812
0.00782634
0.00226143
-0.00777729
0.00289486
-0.0051563
0.00219455
0.0025815
0.00671967
0.00159855
0.000912418
-0.00606858
-0.00501531
0.00250434
9.30723e-05
8.24036e-05
0.000131566
0.000104615
0.000315441
-1.64099e-06
0.000311176
-1.2471e-06
0.00115181
-6.26931e-06
-1.07685e-05
-0.000210387
0.00431998
-0.000186426
0.00103404
-1.54125e-05
-3.87869e-05
0.00030764
-1.11533e-06
0.000302314
-7.53394e-07
9.56848e-05
9.26574e-05
5.43517e-05
-0.000378085
0.00707242
-0.000560999
0.009481
-0.000702396
0.0115498
-0.000762589
0.0131765
-0.000723171
0.0142525
-0.000645239
0.0147463
-0.000536762
0.0146379
-0.000412661
0.0139206
-0.000291252
0.0126276
-0.000190178
0.0108397
-0.000114358
0.00867716
-6.02183e-05
0.00627771
-2.48419e-05
0.00376855
-5.32466e-06
0.00124158
0.00838904
0.0105035
0.010949
0.0111676
0.0151241
0.0127464
0.0281587
0.0143625
0.00701125
-0.00301217
-0.00140988
0.00154244
0.00112592
0.00849761
0.0048062
-0.00289486
-0.0025815
0.00176388
0.00410289
9.10164e-05
8.97692e-05
0.000297157
-1.11314e-06
0.000288376
-1.98788e-06
0.000962454
-6.76285e-05
-7.11768e-05
-7.39136e-05
0.00403653
-2.07248e-05
0.000866224
-6.71981e-05
-2.29982e-05
0.000276521
-3.55734e-06
0.000247007
-9.27319e-06
8.86539e-05
8.79005e-05
-0.000255197
0.00676661
-0.000498887
0.00927748
-0.000668315
0.0114555
-0.000688417
0.0131417
-0.000667277
0.0142746
-0.000607923
0.0148174
-0.000509309
0.0147345
-0.000391666
0.014021
-0.000278934
0.0127164
-0.000185753
0.0109111
-0.000112871
0.00872982
-5.91185e-05
0.00631198
-2.358e-05
0.00378681
-5.08807e-06
0.00124667
0.00790817
0.0105009
0.0102536
0.0111989
0.0135724
0.0127192
0.0252503
0.0156548
-0.00435065
0.0169246
0.0102862
0.000354007
-0.000781582
0.00123727
0.00108675
-0.000229493
0.000573833
-0.000895224
0.00258804
8.67873e-05
8.47994e-05
0.00020373
-2.43515e-05
0.00018017
-4.76174e-05
0.000800204
-6.83966e-06
-1.05576e-06
-1.3881e-05
0.00213168
-3.91721e-06
0.00166745
0.000779856
-3.04632e-07
-7.25688e-08
0.000112972
8.99738e-05
8.12421e-05
7.19689e-05
-9.77856e-05
0.00653284
-0.000167326
-0.000541507
0.00915067
-0.000602017
0.0113691
-0.000622744
0.0130972
-0.000622688
0.0142893
-0.00057365
0.0148818
-0.000481688
0.0148245
-0.000371722
0.0141138
-0.000269504
0.0128001
-0.000182106
0.0109804
-0.000110385
0.00878108
-5.73845e-05
0.00634579
-2.29327e-05
0.00380465
-5.47401e-06
0.00125214
0.00743355
0.0104936
0.00953164
0.0112228
0.0121823
0.012589
0.0220602
0.0159093
0.0183668
0.0142126
-0.00143837
0.00678603
0.00593769
-0.000999134
0.000124513
-0.000393025
0.000584554
-0.000109926
0.000290734
0.0015803
-0.000430625
4.76174e-05
8.31341e-05
8.20783e-05
0.000766586
-5.62998e-07
-4.82297e-08
-0.000188629
0.00222252
0.000442567
0.000319478
1.20279e-07
5.02907e-07
-3.2672e-06
0.00149283
-1.074e-05
8.17737e-05
8.17011e-05
-0.000183643
0.00640793
-0.000232959
-0.000114611
0.0021698
-0.000488762
0.00903742
-0.000514914
0.0112613
-0.000570232
0.0130447
-0.000589134
0.0143048
-0.000543122
0.0149432
-0.000452382
0.0149052
-0.000355869
0.0142001
-0.000262276
0.0128803
-0.000175193
0.0110452
-0.000106276
0.00882997
-5.55223e-05
0.00637838
-2.20156e-05
0.00382119
-4.91271e-06
0.00125705
0.0069662
0.0104843
0.00878881
0.0112365
0.0109525
0.0124527
0.0189859
0.0156632
0.0180191
0.0162569
0.00995526
0.0110434
0.00208768
0.00384192
2.96604e-05
-2.15596e-05
0.000929997
-0.000348829
1.45876e-05
0.000430231
-5.2108e-06
1.96418e-05
8.11381e-05
8.10898e-05
-3.57947e-05
0.000475095
0.000283204
4.78843e-07
8.12101e-05
8.1713e-05
-2.41639e-05
0.0014181
-1.57184e-05
-6.59775e-06
0.000470952
0.00211595
-0.000129792
-0.000209643
0.0063022
-0.000173387
0.00207456
-0.000191565
-0.000361045
0.00888355
-0.000451074
0.0111422
-0.00054438
0.013
-0.00056368
0.0143254
-0.000507304
0.0149981
-0.00043053
0.0149798
-0.000341563
0.0142794
-0.000252474
0.0129576
-0.000170611
0.0111095
-0.000103513
0.00887796
-5.3456e-05
0.00640982
-2.18387e-05
0.00383812
-5.07367e-06
0.00126213
0.00650616
0.0104761
0.00803728
0.0112359
0.00984113
0.0123478
0.0162313
0.0152073
0.0167181
0.0169643
0.0115241
0.0146881
0.00479258
0.00833847
0.000655056
1.59052e-05
0.00317096
-0.000775612
0.000685878
0.000119395
0.000132827
0.000160787
-5.38827e-05
-2.55017e-05
9.37682e-06
2.90187e-05
0.000277918
-1.31241e-06
8.21918e-05
-0.000462443
0.000448322
-1.00429e-05
0.00134742
-1.99497e-05
-3.91592e-05
-7.2096e-06
0.00204438
-0.000179463
-0.000116861
0.00611948
-6.14688e-05
0.00199956
-0.000128568
0.00129915
-9.03028e-05
-5.29892e-05
-0.00027776
0.00871023
-0.000440886
0.0110387
-0.000540413
0.0129767
-0.000524724
0.0143428
-0.000476769
0.0150444
-0.000407199
0.0150455
-0.000326135
0.0143531
-0.000242649
0.0130296
-0.000166893
0.0111729
-9.94519e-05
0.00892396
-5.18121e-05
0.00643979
-2.16011e-05
0.00385465
-5.60031e-06
0.00126773
0.00605439
0.0104668
0.00728633
0.011227
0.00880497
0.012272
0.0138423
0.0147369
0.0150139
0.0169115
0.0118041
0.0166844
0.00689249
0.0125882
0.00227402
0.00671951
-0.000316629
0.000958328
3.19391e-05
2.81494e-05
0.000364144
-4.94802e-05
0.0028563
-0.000224951
2.77553e-06
2.49427e-05
2.42468e-05
4.44172e-05
-9.41178e-06
-2.34474e-05
-2.10233e-05
-5.89462e-06
0.000272305
-1.59671e-06
8.08794e-05
0.000438193
-9.82086e-06
0.000264297
-2.03423e-06
0.000416038
-1.7005e-05
0.00127727
-7.88276e-05
-7.87601e-05
0.00194588
-6.31817e-05
-4.85549e-05
0.00592953
-3.92529e-05
0.00191379
-2.9386e-05
0.00121296
-1.88708e-05
-4.53844e-05
-0.000394615
0.00036387
-5.9558e-05
-3.15659e-05
-0.000285917
0.00855526
-0.000474262
0.0109725
-0.000506567
0.0129585
-0.000488055
0.0143541
-0.00044528
0.0150824
-0.000387053
0.0151064
-0.00031362
0.0144241
-0.000233563
0.0130963
-0.000158142
0.0112316
-9.58765e-05
0.00896802
-5.06416e-05
0.00646883
-2.16947e-05
0.00387074
-5.17262e-06
0.0012729
0.00560767
0.0104607
0.00654084
0.0112122
0.00781158
0.0122204
0.0117777
0.0143366
0.0132247
0.0165261
0.0112826
0.017433
0.00798814
0.0155887
0.00406785
0.0107943
0.00125158
0.00583208
0.000909939
-1.62971e-05
1.5207e-05
-7.23858e-05
9.81434e-05
3.89368e-06
2.28891e-06
-3.85745e-05
3.305e-06
2.60166e-06
-1.15676e-05
0.000299845
-6.98406e-05
0.0026263
-3.93724e-05
3.57376e-06
-2.39481e-05
9.51882e-06
-1.02248e-05
1.10244e-05
1.02446e-05
5.89462e-06
-2.69179e-05
7.92827e-05
0.000256068
-1.59221e-06
7.72485e-05
0.000242257
-3.19407e-06
0.000346138
-6.10964e-05
0.00032251
-5.5132e-05
0.0011633
-1.0568e-05
-2.95706e-06
0.00188362
-1.83817e-05
-3.989e-05
0.00574687
-6.3368e-05
0.00185913
-1.47625e-05
0.00113734
-6.06281e-07
-2.81932e-06
-0.000297401
0.000285016
-6.48578e-06
-2.02754e-05
-0.000219171
0.000180825
-2.1213e-05
-8.47985e-06
-0.000373764
0.00845476
-0.000465585
0.0109315
-0.000462439
0.0129329
-0.000442574
0.0143514
-0.000413328
0.0151087
-0.000368864
0.0151616
-0.000302195
0.0144927
-0.000225872
0.013164
-0.000152347
0.011288
-9.31411e-05
0.00901052
-5.07971e-05
0.00649793
-2.10681e-05
0.00388663
-3.90907e-06
0.00127681
0.00516701
0.0104537
0.00580883
0.0111927
0.00684444
0.0121794
0.00996624
0.0140319
0.0114971
0.0160641
0.0103593
0.0174495
0.00821701
0.0172041
0.00538321
0.0142734
0.00253413
0.00951177
0.000857382
0.00527454
0.000858868
-2.28711e-05
4.10359e-06
-0.000107878
0.000105116
-8.40096e-06
-5.13323e-06
3.67828e-07
5.10431e-06
-4.0722e-06
8.45205e-06
-4.85862e-07
-1.78325e-06
1.52177e-06
4.12343e-06
-5.3909e-06
-2.60272e-06
0.000270997
-8.03754e-05
0.00243568
5.64893e-06
-1.52073e-06
-1.58935e-05
7.56562e-05
7.24622e-05
0.000162498
-4.27693e-05
0.000107366
0.000276479
-2.03149e-06
0.000274035
-5.13322e-07
0.00112058
-1.25167e-06
-3.72418e-07
0.00183569
-1.64514e-05
-8.28761e-05
0.00560497
-0.00014899
0.00179754
-2.52158e-05
0.00110727
-7.17132e-07
-7.33171e-07
-0.000271493
0.000271069
-1.83316e-07
-2.76573e-07
-8.70908e-05
8.0605e-05
-6.39823e-05
4.27693e-05
-0.000420569
0.00840974
-0.00040953
0.0108786
-0.000396851
0.0128872
-0.000402819
0.0143409
-0.000396713
0.0151366
-0.000358617
0.0152181
-0.000294865
0.0145617
-0.000216467
0.0132282
-0.00014719
0.0113421
-9.37583e-05
0.00905348
-4.92624e-05
0.00652613
-2.03724e-05
0.0039031
-5.03086e-06
0.00128184
0.0047309
0.0104471
0.00508763
0.0111749
0.0058923
0.0121449
0.00834007
0.0138056
0.00987846
0.0156506
0.00928686
0.0171365
0.0078896
0.0177769
0.00601485
0.0165724
0.00372505
0.0130824
0.00175683
0.00861233
0.00068421
0.00486133
0.000806986
-2.60879e-05
-2.40467e-06
-0.000103877
0.000104569
-2.35629e-05
6.49052e-08
5.27799e-06
-1.07808e-05
8.28535e-06
-5.90546e-06
-1.30711e-05
-2.84273e-06
-1.22288e-05
-4.74373e-07
1.32763e-06
-4.85859e-07
1.52073e-06
0.00027355
-0.000108555
0.00227069
7.85735e-05
7.80602e-05
0.000269994
-1.76805e-07
0.000269607
1.5388e-08
0.00109231
-4.05077e-07
-1.08636e-06
0.00175824
-4.3578e-05
-0.00019524
0.00556775
-0.000188112
0.00169651
-8.72614e-05
0.00106983
-2.2464e-06
-4.93987e-07
-0.000268921
0.000268354
-1.50502e-07
-4.79528e-08
-7.77836e-05
7.76003e-05
-0.000335712
0.00833592
-0.00031285
0.0107946
-0.000343865
0.0128283
-0.000380823
0.014325
-0.000387794
0.0151657
-0.000348517
0.0152717
-0.00028131
0.0146265
-0.000210011
0.013291
-0.000142954
0.0113913
-8.9229e-05
0.00909345
-4.87111e-05
0.00655446
-2.11238e-05
0.00391919
-4.67958e-06
0.00128652
0.00429724
0.0104417
0.00437955
0.0111552
0.00495228
0.0121149
0.00684503
0.0136399
0.00835976
0.0153243
0.00818432
0.0167531
0.00727268
0.0177534
0.00607474
0.017717
0.00448964
0.0158078
0.00273849
0.0121008
0.00135315
0.00794339
0.000609672
0.00452521
0.000749603
-3.61644e-05
-1.50048e-05
-0.000100271
9.54843e-05
-2.13006e-05
1.89333e-06
-8.49575e-06
-1.05747e-05
-3.15269e-06
4.4048e-07
-1.77986e-06
-8.94878e-06
5.181e-07
4.61434e-06
2.47532e-06
-8.3808e-06
-3.674e-07
-8.41768e-07
0.00029506
-0.000144273
0.00211991
7.74235e-05
7.74388e-05
0.000268074
-1.25155e-07
0.000267045
-5.73193e-08
0.00103234
-1.06345e-06
-5.02202e-06
0.00166144
-0.000160167
-0.00015516
0.00545971
-7.25115e-05
0.00163774
-0.000164415
0.000966934
-1.6829e-05
-5.02764e-06
-0.00026662
0.000264701
-3.27525e-07
-6.8809e-08
-7.73909e-05
7.72404e-05
-0.000196095
0.00821917
-0.000244281
0.010695
-0.000322612
0.01277
-0.00037955
0.0143167
-0.000384653
0.0152019
-0.000339309
0.0153297
-0.000267769
0.0146843
-0.000200265
0.0133483
-0.000138926
0.011441
-8.71396e-05
0.00913187
-4.75197e-05
0.00658086
-2.0104e-05
0.00393461
-4.54885e-06
0.00129106
0.00387045
0.0104338
0.00368647
0.0111347
0.00402019
0.0120873
0.00543566
0.0135242
0.0069176
0.0150821
0.00710011
0.0164085
0.00654198
0.0174838
0.00577128
0.0180569
0.00476569
0.017441
0.00349248
0.0150539
0.00215434
0.0112996
0.00114359
0.00740947
0.000586069
0.0042342
0.000694113
-6.3304e-05
-2.54764e-05
-8.86019e-05
7.97625e-05
-2.73239e-05
-8.12134e-06
5.95476e-06
-1.51741e-05
-6.62338e-06
-5.45772e-06
-2.10538e-06
-6.2121e-07
4.58782e-06
-7.7405e-06
2.14971e-06
-1.19107e-06
2.80796e-06
-1.61688e-06
0.000325202
-0.000180604
0.00197532
7.71152e-05
7.70579e-05
0.000263938
-3.00831e-07
0.000259479
-5.62696e-07
0.00089929
-2.84671e-05
-6.4057e-05
0.00157858
-9.60055e-05
-4.49869e-05
0.00532593
-1.73253e-05
0.00154163
-3.55631e-05
0.000853031
-5.5889e-05
-6.22678e-05
-0.000255455
0.00024171
-3.0842e-06
-1.00421e-06
-7.69891e-05
7.66615e-05
-0.000128947
0.00810383
-0.000223508
0.0105959
-0.00033251
0.012723
-0.000394816
0.0143269
-0.0003812
0.0152438
-0.000319224
0.0153812
-0.000258831
0.0147428
-0.000192155
0.0134015
-0.000134057
0.0114879
-8.44219e-05
0.00916878
-4.35728e-05
0.00660433
-1.95328e-05
0.00394959
-4.41206e-06
0.00129548
0.00344831
0.0104271
0.00300465
0.0111156
0.00309158
0.0120633
0.00407638
0.0134466
0.00553258
0.0149093
0.00603768
0.0161445
0.00577883
0.0171716
0.00528753
0.0179676
0.00467109
0.0181515
0.00387294
0.0170605
0.00285277
0.0143554
0.00180841
0.0106348
0.00103645
0.00695909
0.000588339
0.00397107
-0.000118922
0.000632434
-6.78771e-05
4.02249e-05
-3.56511e-05
-1.35905e-05
1.95465e-05
-2.84728e-05
-9.62628e-06
-8.77032e-06
-7.0656e-07
-3.04164e-06
1.06065e-05
-1.48471e-05
-2.38267e-06
7.62205e-06
-2.47328e-06
-9.84588e-06
-2.84504e-06
1.61688e-06
0.00034581
-0.000196052
0.00182556
7.63607e-05
7.5798e-05
0.000221772
-8.52896e-06
0.000179016
-2.13017e-05
0.000781326
-1.96572e-05
-4.64315e-06
0.00151067
-1.40244e-05
-1.8137e-05
0.00522636
-1.12429e-05
0.0014993
-5.95341e-06
0.000747442
-8.87733e-08
-1.59081e-06
-0.000158627
0.000102738
-4.18788e-05
-7.47938e-05
7.17095e-05
-0.000109456
0.00798978
-0.000250217
0.0105136
-0.000372348
0.0127005
-0.000403099
0.0143488
-0.000357806
0.0152823
-0.000304571
0.0154269
-0.000240213
0.0147909
-0.000182066
0.0134495
-0.00012983
0.0115333
-8.11707e-05
0.00920637
-4.57039e-05
0.0066305
-1.88622e-05
0.00396404
-4.2778e-06
0.00129975
0.00303414
0.0104172
0.0023395
0.0110923
0.00216972
0.0120375
0.00273858
0.0134011
0.00417948
0.0147997
0.00499037
0.0159566
0.00501287
0.0169105
0.00473083
0.0177283
0.00435607
0.0182826
0.0039062
0.0181182
0.00327508
0.0166382
0.00243961
0.0137242
0.00160685
0.0100644
0.000986649
0.00656078
0.000595801
0.00372108
3.66517e-05
-7.6528e-05
-2.58598e-05
-1.29583e-05
-0.000112512
0.000548898
3.14917e-05
-3.04904e-05
-4.3667e-06
-6.20476e-06
1.93221e-05
-2.24247e-05
-6.52328e-06
1.66711e-05
-6.1191e-06
-1.58054e-05
2.51949e-07
-2.17561e-06
5.31832e-06
-7.70098e-06
2.84504e-06
0.000371412
-0.000221476
0.00167563
6.31805e-05
4.18788e-05
8.30807e-05
7.84375e-05
0.000733705
-3.5685e-07
6.96737e-08
0.0014858
-4.63536e-06
-1.11634e-05
0.00513351
-5.4423e-06
0.0014795
-4.94829e-06
0.000727846
4.57631e-08
-1.40452e-07
-7.68467e-05
7.67579e-05
-0.000136576
0.00787614
-0.000315093
0.0104564
-0.000406241
0.0127037
-0.000375537
0.0143665
-0.000328464
0.0153062
-0.000277598
0.0154643
-0.000229621
0.0148385
-0.000177932
0.0134976
-0.000127184
0.0115793
-8.23474e-05
0.00924302
-4.53616e-05
0.006657
-1.82043e-05
0.00397797
-4.32767e-06
0.00130408
0.00262928
0.0104055
0.00169106
0.0110656
0.00125177
0.0120102
0.00138605
0.01339
0.0028426
0.014738
0.00395435
0.0158357
0.00424903
0.0167204
0.00415313
0.0174882
0.0039376
0.0181468
0.00370346
0.0184854
0.00338833
0.018005
0.00287156
0.0162063
0.00217644
0.0131546
0.00149007
0.00956096
0.000960046
0.00619654
0.000609939
0.00348256
-0.000129245
-3.6222e-05
-2.35708e-05
7.39994e-05
-8.47199e-05
-6.70284e-06
-8.43575e-06
7.23173e-05
-5.25095e-06
-6.02459e-06
-0.000133457
0.000460879
2.40333e-05
-3.6039e-06
-1.61822e-06
2.3016e-05
-2.33754e-05
-3.41592e-06
-5.54684e-06
1.57437e-05
-1.70893e-05
-5.17745e-06
9.62462e-06
-7.44901e-06
0.000388608
-0.000235507
0.00152253
7.64011e-05
7.64708e-05
0.000723346
-1.09513e-07
-2.55934e-08
0.00147118
-2.84049e-06
-7.56269e-06
0.00502535
-2.08554e-05
0.00146457
4.06239e-06
-2.89463e-06
0.000718726
-1.44864e-07
-1.83988e-07
-7.63303e-05
7.63761e-05
-0.000227021
0.00778807
-0.000399347
0.0104495
-0.000376113
0.0127043
-0.000335949
0.014374
-0.000297977
0.0153266
-0.000261439
0.0154961
-0.000220286
0.0148808
-0.000174272
0.0135447
-0.000125161
0.0116221
-7.91018e-05
0.00927676
-4.23883e-05
0.00668118
-1.8075e-05
0.00399171
-4.40558e-06
0.00130848
0.00223512
0.0103925
0.00106552
0.011031
0.000338798
0.0119786
-1.1174e-05
0.0134075
0.00150551
0.0147271
0.00292152
0.0157708
0.00348569
0.0165991
0.00356807
0.0173055
0.00348218
0.0179436
0.00337559
0.0184746
0.00326233
0.0186114
0.0030388
0.0178377
0.00260446
0.0157782
0.0020114
0.0126333
0.00142002
0.00910099
0.000950788
0.00585569
0.000622139
0.00324903
-0.000186433
-4.39734e-05
-3.22947e-05
9.88213e-05
-0.000109394
-1.30981e-05
-1.25502e-05
-6.40862e-06
-3.06004e-06
2.44912e-05
-2.87918e-05
-2.40203e-06
1.95903e-05
-3.53476e-06
1.946e-05
-5.12045e-06
1.34355e-05
-0.000140453
0.000365826
9.83159e-06
8.21337e-06
1.87558e-05
-1.2865e-06
-1.74942e-06
-5.17744e-06
0.000407867
-0.000255936
0.0013706
7.62665e-05
7.62409e-05
0.000418357
6.05439e-08
1.44178e-07
0.000297324
0.0014587
-1.1722e-06
-5.19444e-07
-2.31869e-05
0.00488783
-6.63111e-05
0.00144062
-2.14082e-07
-2.568e-06
0.000451126
-2.87066e-05
0.000453051
-4.82018e-06
-7.60569e-05
7.59121e-05
-0.000366988
0.00775571
-0.000367422
0.0104408
-0.000318088
0.0126864
-0.000286513
0.0143625
-0.00026734
0.0153325
-0.000245129
0.0155209
-0.000213873
0.0149204
-0.000172735
0.0135923
-0.000123074
0.0116661
-7.65655e-05
0.00931093
-4.17553e-05
0.00670486
-1.79956e-05
0.0040053
-4.25784e-06
0.00131274
0.00185667
0.0103753
0.000472956
0.0109851
-0.00056695
0.0119367
-0.00148621
0.0134536
0.000148109
0.0147649
0.00189236
0.0157563
0.00272244
0.0165341
0.00297971
0.0171874
0.00301526
0.0177724
0.00299455
0.0183247
0.00299532
0.0187416
0.00297216
0.018678
0.00280503
0.0176372
0.00242983
0.0153598
0.0019054
0.0121479
0.00137812
0.00867366
0.000947042
0.00553079
0.00063458
0.00302232
-0.000246787
-4.35963e-05
-3.65034e-05
0.000121554
-0.000138413
-2.71144e-05
-9.50679e-06
-1.06281e-05
3.83796e-05
-4.21171e-05
-9.36038e-06
3.47456e-05
-8.91589e-06
3.14722e-05
-3.13497e-06
-3.79317e-07
8.6552e-06
-1.10572e-05
5.12045e-06
-0.000158842
0.000268734
6.92687e-06
0.000420998
-0.000269126
0.00121873
7.59726e-05
7.61168e-05
0.000267459
1.1585e-06
0.000452393
-5.14384e-07
0.000451965
-9.14417e-08
0.0014232
-7.9662e-07
-4.96736e-06
-0.000107903
0.00482267
-0.000193927
0.00137555
-4.74354e-06
-1.39191e-05
0.000451797
-4.568e-08
0.000449577
-3.48313e-07
0.000264146
-1.50765e-06
-0.000351698
0.00773998
-0.000274335
0.010397
-0.000249624
0.0126495
-0.000245376
0.0143406
-0.000247225
0.0153346
-0.000242251
0.0155493
-0.000219475
0.0149672
-0.00017449
0.0136437
-0.000125729
0.0117153
-8.08554e-05
0.00935003
-4.12048e-05
0.00672807
-1.56657e-05
0.00401671
-4.28274e-06
0.00131702
0.00149814
0.0103561
-7.22262e-05
0.0109205
-0.0014609
0.011879
-0.00307357
0.0135241
-0.00124591
0.0148477
0.000861396
0.0157958
0.0019551
0.0165236
0.00238751
0.0171263
0.00254246
0.0176602
0.00259862
0.0181683
0.00266278
0.0186572
0.00274942
0.0189644
0.00278217
0.0187009
0.00265455
0.0174124
0.00231324
0.014952
0.00183584
0.0116902
0.00135081
0.00826989
0.000945887
0.00521948
0.000642538
0.00280078
-0.000314543
-5.05196e-05
-4.05631e-05
0.000151443
-0.000163391
-3.16489e-05
-2.34735e-05
4.60987e-05
-0.000107825
-1.80033e-06
3.76021e-05
-1.19038e-06
4.55915e-05
-8.99956e-06
-7.15362e-06
2.34873e-05
-2.5869e-05
-6.97854e-06
1.45715e-05
1.14365e-05
-0.000169012
0.000168623
0.000433748
-0.000284952
0.00106995
7.72753e-05
0.000263821
-1.89299e-07
0.000263546
1.83385e-07
0.000449133
-3.52369e-07
0.000445627
-1.4618e-06
0.00132214
-1.67166e-05
-3.77742e-05
-0.000181944
0.00477167
-0.00011875
0.00126987
-5.38213e-05
-8.78321e-05
0.000443396
-2.51245e-06
0.000433868
-4.39138e-06
0.000263435
6.61827e-08
0.000263195
-1.09097e-07
7.57676e-05
-0.000196092
0.00766174
-0.000181729
0.0103291
-0.000194218
0.0125983
-0.000221615
0.014315
-0.000247514
0.0153399
-0.000248226
0.0155781
-0.000219262
0.0150119
-0.000171303
0.0136893
-0.000116432
0.0117508
-7.33244e-05
0.00938215
-4.08888e-05
0.00675329
-1.75492e-05
0.00402997
-2.9205e-06
0.00131994
0.00116563
0.0103347
-0.000548784
0.0108327
-0.00233949
0.0117991
-0.00481733
0.0136228
-0.00269658
0.0149748
-0.000173793
0.0158829
0.00118651
0.0165644
0.0017904
0.0171207
0.00206461
0.0176041
0.00219708
0.0180618
0.00230621
0.0185249
0.00244584
0.0189608
0.00259486
0.0191517
0.0026672
0.0186882
0.00255558
0.0171701
0.00223616
0.0145517
0.00178917
0.0112518
0.0013318
0.00788398
0.000943233
0.00491879
0.00064901
0.00258552
-0.00038254
-5.48088e-05
-4.62044e-05
0.000179392
-0.000196864
-3.30465e-05
-2.45613e-05
0.000118547
-0.000129738
-1.07096e-05
-9.74834e-06
-3.22707e-06
-9.52385e-06
1.25888e-05
-1.43892e-05
3.01468e-05
-1.54412e-06
1.13984e-05
-2.87579e-06
-6.97854e-06
-0.000187055
7.07311e-05
0.000441041
-0.000295398
0.000924313
7.55783e-05
7.57617e-05
0.000262767
7.54504e-08
0.000261432
-1.26353e-07
0.000425281
-8.12897e-06
0.000404783
-1.72764e-05
0.00123786
-7.78758e-05
-7.20594e-05
-5.75584e-05
0.00464706
-1.39289e-05
0.00118145
-4.32003e-05
-1.9137e-05
0.000384021
-3.3059e-05
0.000353736
-5.75472e-05
0.000259247
-3.27472e-07
0.000255503
-6.4722e-07
7.58279e-05
7.57188e-05
-9.44204e-05
0.00757443
-0.000125029
0.0102599
-0.000169035
0.0125458
-0.000222982
0.0142904
-0.000259859
0.0153515
-0.000259884
0.0156187
-0.000221894
0.0150625
-0.000171922
0.0137448
-0.000117609
0.0117951
-6.80914e-05
0.00940935
-3.68682e-05
0.00677261
-1.47919e-05
0.00404184
-3.72606e-06
0.00132366
0.00086584
0.0103131
-0.000932329
0.0107182
-0.00319992
0.0116932
-0.00676986
0.0137516
-0.00422077
0.015147
-0.00121752
0.0160185
0.000416872
0.0166525
0.00119137
0.0171635
0.00158579
0.0175995
0.00179566
0.0180056
0.00194419
0.0184238
0.00211278
0.018858
0.00231669
0.019239
0.00251183
0.0193071
0.00259911
0.0186447
0.00249227
0.016914
0.00218228
0.0141585
0.00175316
0.0108305
0.00131588
0.00751134
0.000939841
0.00462796
0.000650375
0.0023762
-0.000449689
-6.79353e-05
-5.19661e-05
0.000211089
-0.000224709
-4.11884e-05
-3.19793e-05
0.000146823
-0.000168696
-6.67641e-06
-4.49665e-06
-4.53771e-06
-2.93825e-06
2.94525e-05
-3.57464e-05
-4.41556e-06
2.71401e-05
-7.43604e-06
-1.76162e-05
9.85433e-06
-0.000198268
-2.63924e-05
0.000445168
-0.000301435
0.000780584
7.57942e-05
7.56679e-05
0.000248695
-1.32088e-06
0.000234614
-3.19564e-06
0.000334731
-5.88708e-05
0.000313414
-5.07427e-05
0.00113629
-1.00559e-05
-2.34674e-06
-1.18826e-05
0.00456517
-6.49579e-07
0.0011235
-1.73486e-06
5.95377e-07
0.000289991
-1.97772e-05
0.00027747
-6.61633e-06
0.000210555
-9.00066e-06
0.000173517
-2.05091e-05
7.53404e-05
7.46932e-05
-5.35977e-05
0.007503
-0.00010029
0.0101912
-0.000171276
0.0124941
-0.000242682
0.0142733
-0.000281023
0.0153726
-0.000266949
0.0156637
-0.000220091
0.0151107
-0.000159734
0.0137869
-0.000110897
0.0118379
-7.13626e-05
0.00944384
-3.56642e-05
0.00679348
-1.38004e-05
0.00405192
-2.4704e-06
0.00132613
0.000600888
0.0102956
-0.00119904
0.0105798
-0.0040347
0.011553
-0.00897565
0.0138989
-0.0058231
0.015354
-0.00226694
0.0161964
-0.000349209
0.0167846
0.000593103
0.0172508
0.00110194
0.0176473
0.00138662
0.0180086
0.00158033
0.0183694
0.00177153
0.018765
0.00199717
0.0191775
0.00225148
0.0194993
0.00247213
0.019434
0.00256356
0.0185734
0.00245177
0.0166445
0.00214363
0.0137681
0.00172513
0.0104212
0.00129865
0.00715253
0.000931627
0.0043467
0.000648647
0.00217272
-0.000134663
-0.000513289
0.000242112
-0.000255871
-5.41754e-05
-3.45611e-05
0.000180029
-0.000189999
-1.67112e-05
-1.45072e-05
-6.84598e-06
-1.37998e-05
4.49e-05
-4.94066e-05
-2.1697e-06
4.14918e-05
-1.08833e-06
-3.93211e-05
-9.62799e-07
-7.6735e-07
7.43604e-06
-1.18516e-05
-0.000201813
-0.000126011
0.000445809
-0.000304418
0.000639195
7.33723e-05
7.01766e-05
0.000155313
-4.06669e-05
0.000104571
0.000269247
-1.83266e-06
0.000267417
-5.17399e-07
0.00111184
-8.22736e-07
6.04247e-07
-4.2711e-06
0.00451687
-1.02574e-06
0.00111078
-2.69644e-08
4.33615e-07
0.000265826
-1.44057e-07
0.000266254
1.67368e-07
8.47935e-05
7.81772e-05
6.1176e-05
4.06669e-05
-3.88168e-05
0.00744152
-0.000104114
0.010124
-0.000198969
0.0124503
-0.00027906
0.0142713
-0.000298984
0.0154047
-0.000265249
0.0157089
-0.00020939
0.0151603
-0.000153831
0.0138298
-0.000103407
0.01187
-6.0582e-05
0.00946876
-3.39828e-05
0.00681366
-1.32349e-05
0.00406268
-3.28634e-06
0.00132942
0.000365151
0.0102815
-0.00133455
0.0104311
-0.00479781
0.011343
-0.0114241
0.0140015
-0.00746185
0.0155377
-0.00329474
0.0163818
-0.00109345
0.0169406
5.92181e-06
0.0173718
0.000619166
0.0177335
0.000976354
0.0180576
0.00121294
0.018376
0.0014261
0.0187149
0.0016656
0.0190966
0.00194212
0.0194869
0.00223175
0.0197397
0.00246375
0.0195339
0.00254868
0.0184765
0.0024243
0.0163638
0.00211144
0.0133818
0.00169853
0.0100214
0.00128079
0.00680337
0.000920901
0.00407445
0.000643407
0.00197512
0.000240005
-0.00057767
-3.35121e-05
-1.93525e-05
-0.000127906
-0.000587194
0.000205514
-1.96838e-05
-1.08722e-05
-8.17264e-06
6.01883e-05
-6.50103e-05
-1.18891e-05
5.63194e-05
-1.06382e-05
-5.27668e-05
-3.48568e-06
-1.02471e-05
1.467e-05
-1.68397e-05
1.35817e-05
-1.28144e-05
-0.000205033
-0.000225394
0.000440164
-0.000300526
0.000499553
7.63445e-05
7.58271e-05
0.000265268
1.63529e-07
0.000265839
3.37926e-08
0.00110667
-4.88267e-07
3.25258e-07
-2.0686e-06
0.00448128
-1.15657e-06
0.00110572
-1.06063e-07
3.03035e-08
0.000265838
-2.62872e-08
0.000266185
8.69062e-08
7.5683e-05
7.58504e-05
-4.05687e-05
0.00737798
-0.000131448
0.0100565
-0.000250241
0.0124215
-0.000320789
0.0142931
-0.000305371
0.0154448
-0.000254917
0.0157544
-0.000197914
0.0152044
-0.000142649
0.0138691
-9.53731e-05
0.0119048
-5.64146e-05
0.00949119
-3.22833e-05
0.00683271
-1.41303e-05
0.00407352
-2.53954e-06
0.00133196
0.00016014
0.0102385
-0.00134007
0.0102871
-0.00533331
0.0109666
-0.0139581
0.013877
-0.00896622
0.0155058
-0.0042036
0.0164466
-0.0017642
0.0170525
-0.000542621
0.0174892
0.000151631
0.0178393
0.000566351
0.0181435
0.000843397
0.0184271
0.00108219
0.0187199
0.00133197
0.0190485
0.00161561
0.0194231
0.00193095
0.0197877
0.00224167
0.0199618
0.0024753
0.0196072
0.00254416
0.0183566
0.0024039
0.0160714
0.00208273
0.0129976
0.00167043
0.00963172
0.00125874
0.00646553
0.000906868
0.00381099
0.000633141
0.00178215
-0.000642669
-2.84423e-05
-3.44643e-05
0.000154553
-0.000164554
-1.17185e-05
-1.17913e-05
0.000140531
-4.30444e-06
-1.02535e-06
-0.000131846
-0.000660382
6.82739e-05
-6.45083e-07
-4.6946e-07
5.36886e-05
-6.97254e-05
-6.15659e-06
-9.62366e-06
3.29964e-05
-4.01747e-05
-4.7108e-06
3.05724e-05
-8.21427e-06
-2.03254e-05
-0.000201487
-0.000324437
0.000437868
-0.00030413
0.00036581
7.60139e-05
7.60477e-05
0.000265621
7.49594e-08
0.00026598
-3.35388e-08
0.00110383
-1.83802e-07
4.39805e-09
-6.39213e-07
0.00444393
-2.58703e-06
0.00110271
-1.6913e-08
-1.94602e-08
0.000265934
-6.06361e-08
0.000265856
1.08411e-07
7.60214e-05
7.61083e-05
-5.78123e-05
0.00730434
-0.000192745
0.00999901
-0.000323213
0.0124239
-0.000331097
0.0143188
-0.000289943
0.0154798
-0.000234635
0.0157912
-0.000170368
0.0152321
-0.000124785
0.0138985
-8.47229e-05
0.0119331
-5.52144e-05
0.00951412
-2.57746e-05
0.00684435
-1.13545e-05
0.00408234
-3.00481e-06
0.00133496
3.47673e-05
0.0100953
-0.00121027
0.0101087
-0.00536128
0.0103151
-0.016064
0.0130725
-0.00988655
0.0147973
-0.00474902
0.0160513
-0.00222967
0.016912
-0.000980992
0.0174909
-0.000268744
0.0179096
0.000172131
0.0182335
0.000478061
0.0185089
0.000736263
0.0187731
0.000996563
0.0190553
0.00128566
0.0193785
0.00160898
0.0197451
0.00195117
0.0200782
0.00227089
0.0201662
0.00249671
0.0196547
0.00254735
0.0182132
0.00238564
0.0157685
0.00205437
0.0126136
0.0016403
0.00925015
0.00123443
0.00613797
0.00088854
0.00355559
0.000623334
0.00159668
-0.000705838
-4.29642e-05
-2.57115e-05
0.00018102
-0.000201319
-3.51706e-06
-4.62602e-06
-6.20099e-06
-1.1797e-05
3.34261e-05
-3.61366e-05
-9.00773e-06
2.16348e-05
1.73304e-05
1.63051e-05
-0.000130125
-0.000731746
1.566e-05
1.51906e-05
4.48799e-05
-8.14557e-07
-1.451e-06
8.21427e-06
-1.2925e-05
-0.000209375
-0.000419193
0.000430903
-0.000300387
0.000235301
7.61833e-05
7.61497e-05
0.000265602
7.04836e-08
0.000265671
-6.43164e-08
0.00110199
4.49233e-08
3.45203e-08
1.70196e-08
0.00439138
-5.27818e-06
0.00109953
1.62672e-07
-2.85011e-07
0.000265836
-1.81761e-07
0.000265727
8.94289e-08
7.60891e-05
7.61975e-05
-0.000107633
0.00721923
-0.000296964
0.00997276
-0.000349669
0.0124425
-0.000314608
0.0143435
-0.000256511
0.0155017
-0.00020039
0.0158212
-0.000161983
0.0152693
-0.000114572
0.0139283
-7.74435e-05
0.0119553
-5.23199e-05
0.00954067
-2.87232e-05
0.00686172
-1.28354e-05
0.00409217
-3.23086e-06
0.00133819
0.0099334
-0.0007637
0.00964874
-0.00465874
0.00480422
0.00460191
-0.00713941
0.00587717
-0.0098101
0.0053234
-0.00621623
0.0125923
-0.00319008
-0.00448061
0.0145289
-0.00225983
0.0160814
-0.00117875
0.0171098
-0.000574654
0.0177968
-0.00017493
0.0182566
0.000128407
0.0185832
0.000395295
0.0188498
0.000663253
0.0191064
0.000957783
0.0193832
0.00128197
0.0197055
0.00163042
0.0200658
0.00198994
0.0203591
0.00231322
0.0203497
0.0025244
0.0196776
0.00254951
0.0180493
0.00236616
0.0154567
0.0020213
0.0122327
0.00160745
0.00887713
0.00120575
0.00582076
0.000868812
0.00331011
0.000610166
0.00141742
-0.000758718
-3.87338e-05
-3.85146e-05
0.000219958
-0.000234412
-1.81687e-05
-1.03416e-05
-5.12113e-06
-1.95051e-06
5.15258e-05
-5.40673e-05
-9.75328e-07
4.80317e-05
-1.13178e-06
4.36875e-05
-1.85677e-06
-4.24601e-06
-9.00772e-06
-0.000138631
-0.000802493
1.4376e-05
-0.000206923
-0.000512653
0.0004264
-0.00030177
0.000110678
7.6268e-05
7.62036e-05
0.000265641
1.30554e-07
0.000265707
-3.2319e-08
0.00109945
1.14545e-07
-2.08423e-08
-1.89059e-06
0.00430168
-1.60377e-05
0.00109431
3.45585e-07
-4.84052e-07
0.00026594
-7.01629e-08
0.000265662
-6.6632e-09
7.60219e-05
7.61113e-05
-0.000222707
0.00714497
-0.000359723
0.00998282
-0.000326737
0.0124546
-0.000268301
0.0143553
-0.000215442
0.0155168
-0.000173867
0.0158331
-0.000133299
0.0152881
-0.000103601
0.0139545
-7.63953e-05
0.0119794
-4.78094e-05
0.00955975
-2.72687e-05
0.00687615
-1.22887e-05
0.00410123
-2.65198e-06
0.00134084
0.00917
-0.00285638
0.00426045
0.00358597
-0.00708978
0.0047546
-0.00639852
0.00187586
0.0020348
-0.0059916
0.00565255
-0.00525418
0.00231193
0.00214527
-0.00425852
-0.00313426
0.00418963
-0.00172357
-0.00161502
0.0110246
-0.00129794
-0.00218575
0.00464821
-0.00163043
0.0138995
-0.000963954
0.0158666
-0.00065464
0.0171898
-0.000408379
0.0180303
-0.000167243
0.0185523
7.64933e-05
0.018902
0.000335771
0.0191773
0.000630361
0.0194338
0.000953885
0.0197113
0.00130347
0.0200324
0.0016731
0.0203827
0.00204311
0.0206292
0.00236174
0.0205123
0.00255172
0.0196754
0.00254899
0.0178665
0.00234123
0.0151367
0.00198497
0.0118551
0.00157005
0.00851283
0.00117568
0.00551389
0.000847245
0.00307303
0.000597767
0.00124606
-0.000825271
-3.88682e-05
-3.32106e-05
0.000242377
-0.000256769
-9.79846e-06
-1.45431e-05
-1.60458e-05
-1.45048e-05
6.46193e-05
-7.00415e-05
-1.27462e-05
5.95404e-05
-5.26248e-06
5.5971e-05
-1.55151e-06
-4.6633e-08
1.62423e-05
-1.72176e-05
1.51105e-05
1.32537e-05
-0.000138843
-0.00087057
-0.0002121
-0.000602318
0.00042085
-0.000301144
-9.0205e-06
7.62418e-05
7.62095e-05
0.000265667
1.08578e-07
0.000265667
-2.08314e-08
0.00109241
2.67521e-07
-2.55693e-07
-1.85708e-05
0.00416269
-6.51544e-05
0.00107771
1.71096e-07
-1.5124e-06
0.000266034
-2.11952e-08
0.000265561
-1.07411e-08
7.61393e-05
7.61326e-05
-0.000358226
0.00714347
-0.000325631
0.00998171
-0.000254652
0.012441
-0.000207272
0.0143471
-0.000175976
0.0155189
-0.000147291
0.015847
-0.00012334
0.0153078
-0.000103665
0.0139817
-7.74551e-05
0.012009
-5.12204e-05
0.0095837
-2.93349e-05
0.0068932
-1.20459e-05
0.00411062
-2.5353e-06
0.00317824
0.00313613
-0.00558273
0.00166761
0.00177705
-0.00395974
0.000733019
0.00122995
0.00515841
-0.00473661
0.00145407
0.00193902
-0.00265111
0.00182878
0.00165506
-0.00216089
-0.00448039
0.00216089
-0.000371067
0.0029203
-0.000545355
-0.00112906
0.00123427
0.0038949
-0.000861706
-0.000400809
0.00989183
-9.68336e-05
0.00323464
-0.000637676
-0.000306362
0.0132419
-0.000426579
0.0156386
-0.000456984
0.0172384
-0.000354119
0.0182171
-0.000184445
0.0188132
3.47433e-05
0.019203
0.000314697
0.019493
0.000633502
0.0197542
0.000977865
0.0200369
0.00134406
0.0203615
0.00172968
0.0206961
0.00210117
0.0208898
0.00240936
0.0206547
0.00257725
0.0196472
0.00254487
0.0176628
0.00231258
0.0148091
0.00194504
0.0114802
0.00153007
0.00815844
0.00114364
0.0052175
0.000824584
0.00284621
0.000584671
0.00108225
-0.000874484
-4.66809e-05
-4.29471e-05
0.000277293
-0.000295857
-2.03051e-05
-1.26879e-05
8.33381e-05
-8.15681e-05
-1.15688e-05
7.77383e-05
-8.94351e-06
7.35442e-05
-1.18519e-05
-1.10024e-05
2.40781e-05
-3.68244e-05
1.88157e-05
1.72642e-05
-0.000144556
-0.00093811
-0.000213979
-0.00068948
0.000413101
-0.000297447
-0.000124672
7.62412e-05
7.62203e-05
0.000265625
2.02586e-07
0.000265385
-1.6002e-08
0.00106133
2.07308e-07
-2.39599e-06
-0.000119764
0.00410456
-0.00018033
0.00100722
-2.08541e-06
-8.95786e-06
0.000265711
-1.54181e-07
0.000264259
-6.03922e-08
7.61991e-05
7.61884e-05
-0.000298032
0.00711587
-0.000214487
0.00994154
-0.000180709
0.0124144
-0.000160607
0.0143317
-0.000143379
0.0155149
-0.000132065
0.0158558
-0.000120091
0.0153242
-9.82268e-05
0.0140025
-7.58071e-05
0.0120336
-5.48594e-05
0.00960923
-3.25956e-05
0.00691375
-1.43845e-05
-0.00195398
0.000567455
0.000605037
0.000597677
0.000585046
0.00431861
-0.00431827
0.00166727
0.00135905
0.00308832
-0.0023553
-0.00302632
0.000526
-0.000931625
0.000668555
-0.000107998
0.00224313
-0.000110836
-7.36959e-05
-0.000242713
0.00299458
-0.00016075
0.000156952
0.00918917
0.000239341
0.00290625
-8.50129e-06
0.0017752
-8.14796e-05
-8.82665e-05
2.08063e-05
0.0127946
-0.000301094
0.0154827
-0.000375614
0.0172599
-0.00033277
0.0183655
-0.000204181
0.0190522
2.85973e-05
0.0194891
0.000326005
0.0198005
0.000658204
0.0200738
0.00101873
0.0203622
0.00140128
0.0206899
0.00179372
0.0210036
0.00216631
0.0211328
0.00245709
0.0207749
0.00259475
0.0195973
0.00253178
0.0174436
0.00227807
0.0144761
0.00189995
0.0111103
0.00148735
0.00781472
0.00110897
0.00493312
0.000801568
0.00262932
0.000570078
0.00092527
-0.000934947
-4.07636e-05
-4.33265e-05
0.000307219
-0.000316494
-3.74049e-05
-3.15858e-05
0.00015688
-0.000174659
-1.86578e-06
-6.61555e-07
6.26352e-05
3.43674e-08
-4.56231e-08
5.21817e-05
-1.11544e-06
4.57004e-05
-2.46237e-06
3.85518e-05
-4.70361e-06
-9.27522e-06
-0.000146931
-0.00100516
-0.000212878
-0.00077405
0.000406392
-0.000296696
-0.000234377
7.63909e-05
7.63749e-05
0.000264412
5.30449e-08
0.000262367
-3.50276e-07
0.000935963
-1.34487e-05
-3.50624e-05
-0.000145016
0.00400479
-5.32425e-05
0.000878429
-5.80286e-05
-6.47677e-05
0.000260685
-4.0325e-07
0.000253041
-1.31412e-06
7.62207e-05
7.61603e-05
-0.000132249
0.00703363
-0.00012631
0.00988714
-0.000124548
0.0123784
-0.000123957
0.0143123
-0.000122793
0.0155057
-0.000119805
0.0158555
-0.000115767
0.0153418
-0.00010151
0.0140282
-8.43746e-05
0.0120631
-5.5209e-05
0.00963184
-3.02847e-05
0.00175026
-0.00118281
0.000597761
0.00166727
0.000283287
0.000576772
-1.90515e-05
0.000175289
0.000515957
-1.28809e-05
0.00164367
-2.28473e-05
-6.37205e-06
0.00288262
0.000180582
0.000233657
0.00886255
0.000113778
0.00287038
0.00025158
0.00163643
4.01711e-06
-5.28274e-06
-0.000447912
0.000389044
-2.26109e-05
-2.02215e-05
-7.53941e-05
0.0125689
-0.000248976
0.015356
-0.000326883
0.017254
-0.000334716
0.018496
-0.000194403
0.0192752
5.08092e-05
0.0197643
0.000355403
0.0201033
0.000699405
0.0203932
0.00107185
0.0206916
0.00146445
0.0210191
0.00186247
0.0213074
0.00222659
0.0213633
0.00249947
0.0208702
0.00260675
0.0195223
0.0025123
0.0172094
0.00223677
0.0141393
0.00185143
0.0107462
0.00144272
0.00748097
0.00107466
0.00466003
0.000776969
0.00242242
0.000555513
0.000776148
-0.000995881
-4.84415e-05
-3.75544e-05
0.000331772
-0.000349354
-2.31811e-05
-2.80474e-05
0.000188495
-0.000198813
-1.32382e-05
-1.38484e-05
-4.62162e-06
-1.31278e-05
1.82296e-05
-2.00954e-05
1.7568e-05
-1.75224e-05
1.75567e-05
1.64412e-05
1.39788e-05
9.27522e-06
-0.000150065
-0.00106797
-0.000216115
-0.000854635
0.00040262
-0.000299215
-0.000337791
7.62133e-05
7.5863e-05
0.00024275
-3.15804e-06
0.000216863
-9.17546e-06
0.000804982
-5.24131e-05
-1.91571e-05
-1.99812e-05
0.0038942
-1.6819e-06
0.000759072
-6.12323e-06
-1.20885e-06
0.000179713
-2.0879e-05
0.000155878
-4.09331e-05
7.54598e-05
7.41456e-05
-5.65373e-05
0.00696386
-7.74262e-05
0.00984002
-9.21474e-05
0.0123466
-9.90913e-05
0.0142886
-0.000107377
0.0154932
-0.000124587
0.0158643
-0.000122416
0.0153627
-0.000113972
0.0140578
-8.91768e-05
0.0120971
-5.9107e-05
0.000156238
0.000143357
0.000368088
-1.89101e-06
0.000362746
-1.03089e-06
0.00171802
2.90996e-05
6.98967e-05
0.00286875
0.000235282
5.13995e-05
0.00876314
-2.73886e-05
0.00288241
0.000100126
0.00175053
0.000113373
0.0001057
-0.000357857
0.000362448
-5.73922e-07
-3.93439e-07
-0.000123135
0.000100525
-9.44729e-05
0.0124144
-0.000183543
0.0152127
-0.000321938
0.0172412
-0.000311846
0.0186134
-0.000158851
0.0194848
9.0428e-05
0.0200293
0.00040166
0.020401
0.000754285
0.0207107
0.00113528
0.0210208
0.00153583
0.0213458
0.00193153
0.0216025
0.00228504
0.0215778
0.00253158
0.0209453
0.00260771
0.0194269
0.00248394
0.0169622
0.00218934
0.0138014
0.00179943
0.0103895
0.00139623
0.0071594
0.00103773
0.00439927
0.000752488
0.00222545
0.000543256
0.000635511
-0.00104137
-5.63783e-05
-4.82015e-05
0.000366494
-0.000381326
-3.36095e-05
-2.04141e-05
0.000216942
-0.000235215
-2.17314e-06
-2.73405e-06
-6.86951e-06
-3.04837e-06
4.174e-05
-4.97569e-05
-5.221e-06
3.78448e-05
-9.95319e-06
-2.4717e-05
-0.000154472
-0.00112962
-0.000223299
-0.000930554
0.000393416
-0.000292279
-0.000438923
7.09876e-05
6.18121e-05
0.000103465
8.43083e-05
0.000739434
-5.09112e-07
1.65e-07
-3.9064e-06
0.00384082
7.50252e-07
0.00073747
6.31306e-09
2.75211e-07
7.8185e-05
7.69761e-05
4.09331e-05
-3.01827e-05
0.00691661
-5.6504e-05
0.00980438
-7.17505e-05
0.0123192
-8.53887e-05
0.0142666
-0.000113156
0.0154818
-0.000132915
0.0158748
-0.00014324
0.0153919
-0.000128204
0.0140968
-9.46516e-05
9.86335e-05
9.76027e-05
0.000380812
1.07365e-05
0.000420441
3.02677e-05
0.00180132
0.00012479
5.96972e-05
0.00289245
4.13538e-05
-6.45148e-05
0.00873319
0.00272505
0.000140018
0.00185775
8.43397e-06
3.52652e-05
-0.0004554
0.00048318
8.55938e-05
7.07409e-05
-9.72092e-05
9.66353e-05
4.67782e-06
0.0122261
-0.0001785
0.0150693
-0.000304813
0.0172342
-0.000272229
0.0187268
-0.000111113
0.0196864
0.000140969
0.02029
0.000454819
0.0207005
0.000815698
0.0210303
0.00120607
0.0213506
0.00160718
0.0216701
0.00199873
0.0218888
0.00233558
0.0217738
0.00255598
0.0209971
0.00260034
0.0193105
0.00244839
0.0167032
0.00213647
0.0134643
0.00174418
0.0100415
0.00134713
0.00685
0.00100156
0.0041502
0.000729357
0.00203934
0.000528112
0.000500817
-0.00109707
-4.9013e-05
-4.97642e-05
0.000390331
-0.000401246
-4.54644e-05
-3.91966e-05
0.000251878
-0.000268728
-1.13462e-05
-5.41319e-06
-1.0221e-06
-2.72926e-06
5.93494e-05
-6.10162e-05
-5.06237e-07
5.71643e-05
-5.48699e-07
-5.4911e-05
-1.71503e-06
-7.94755e-07
9.95319e-06
-1.51742e-05
-0.000164261
-0.00118867
-0.000215919
-0.00100692
0.000386912
-0.000290762
-0.000535073
7.6467e-05
7.6632e-05
0.000733473
-2.19903e-08
1.12927e-07
-1.98005e-06
0.00381226
3.5066e-07
0.000734108
-4.30253e-09
1.18348e-07
7.66383e-05
7.69134e-05
-2.74438e-05
0.00688755
-4.58718e-05
0.00977849
-5.33482e-05
0.0122872
-8.75494e-05
0.014241
-0.000132218
0.0154811
-0.000159444
0.015891
-0.000159595
0.0154233
-0.000131326
0.000107372
0.000137639
0.000526368
8.1602e-05
0.000550495
3.55702e-05
0.00189351
7.60155e-06
-2.01284e-06
-0.00205068
-2.58817e-05
0.00474769
-1.06009e-05
0.000134915
0.00860295
-1.21901e-05
-4.95399e-06
-0.000570584
0.000575646
3.37225e-06
1.51762e-05
-0.00020838
0.000237459
5.65158e-05
3.67459e-05
0.0120109
-0.000194344
0.0149588
-0.000278561
0.0172405
-0.000221756
0.0188375
-5.21921e-05
0.0198795
0.000198617
0.0205462
0.000519505
0.0209967
0.000885096
0.0213513
0.00127607
0.0216817
0.00167751
0.0219914
0.00205793
0.0221664
0.00237774
0.021952
0.00256914
0.0210283
0.00258293
0.019176
0.00240438
0.0164353
0.00208021
0.0131283
0.00168594
0.00970273
0.00129808
0.00655347
0.000965494
0.00391406
0.000704702
0.00186275
0.000514297
0.000373433
-0.000112877
-0.00114845
0.000416505
-0.000415198
-5.03231e-05
-3.45066e-05
0.000274241
-0.000285833
-1.40125e-05
-1.986e-05
-1.62479e-05
-1.74355e-05
6.76757e-05
-7.36332e-05
-5.38885e-06
6.41511e-05
-1.88857e-06
-6.20628e-05
2.46281e-08
-6.40893e-07
1.82326e-05
-1.87388e-05
1.76839e-05
-1.68891e-05
-0.000156918
-0.00124765
-0.000217202
-0.00108046
0.00038012
-0.000287971
-0.000627227
7.68914e-05
7.70044e-05
0.000732153
-4.93128e-08
2.44699e-08
-1.26871e-06
0.00378657
-4.82544e-07
0.000732535
-6.60012e-08
3.38056e-08
7.70001e-05
7.71183e-05
-2.69034e-05
0.00686858
-2.02545e-05
0.0097454
-5.51963e-05
0.0122548
-0.000111636
0.0142204
-0.000159313
0.015481
-0.000186886
0.0159183
-0.000179255
0.000291006
2.80548e-05
0.000317948
8.62817e-06
0.000581336
1.91198e-06
0.000579817
-4.93575e-07
0.000877748
-0.000530332
-0.000371859
-1.19145e-06
-2.47215e-07
1.23351e-05
0.00476148
0.000108797
0.000869518
-8.9847e-07
-1.47175e-06
0.000252857
0.00838684
-0.000575023
3.25013e-05
-1.59686e-07
-0.000330753
0.000334122
3.35173e-09
2.37162e-06
5.65158e-05
-4.92962e-05
0.0118658
-0.0002093
0.0148895
-0.000232878
0.0172516
-0.000153374
0.0189386
8.03338e-06
0.0200701
0.000262237
0.0208035
0.00058719
0.0212946
0.000956021
0.0216713
0.00134665
0.0220125
0.00174075
0.0223085
0.00211235
0.0224318
0.00240909
0.0221121
0.00257357
0.0210376
0.00255493
0.0190254
0.00235244
0.016163
0.00201674
0.0127975
0.00162511
0.0093757
0.00124827
0.00627069
0.00092819
0.00369057
0.000680906
0.00169614
0.000500899
0.00025265
0.000345727
-0.000837777
-2.66146e-05
-9.41747e-06
-0.000110565
-0.00119481
0.000304577
-9.17636e-06
-1.01794e-05
-5.58336e-06
8.78451e-05
-9.32746e-05
-8.58342e-06
8.16672e-05
-1.36821e-05
-7.77291e-05
-1.21518e-05
-1.34973e-05
2.12436e-05
-2.66324e-05
1.9355e-05
-1.87141e-05
-0.0001574
-0.00130746
-0.000216333
-0.00115212
0.000371928
-0.000283072
-0.000716098
7.7069e-05
7.70934e-05
0.000731287
-3.07041e-08
8.50928e-09
-1.19772e-06
0.00212798
6.9245e-07
0.00163219
0.000730851
-4.81521e-08
1.48456e-09
7.70274e-05
7.70611e-05
2.02252e-05
0.00684391
-1.58105e-05
-2.06452e-05
0.00971085
-6.95012e-05
0.0122127
-0.00014085
0.014202
-0.000207253
0.0155014
-0.000217081
8.45707e-05
9.31988e-05
0.000335763
2.7054e-07
0.000335704
-4.33522e-07
-0.000336266
-3.09117e-06
9.04065e-05
-9.1598e-05
9.01593e-05
0.000881888
-1.21319e-06
1.17936e-06
0.000181984
0.00466372
0.000168633
0.000963031
5.09281e-06
2.25613e-05
8.92609e-05
8.77891e-05
4.86803e-05
0.00828887
-7.21749e-07
-9.55704e-05
9.55738e-05
-0.000124563
0.0117811
-0.000178951
0.0148356
-0.000159085
0.0172574
-9.07164e-05
0.0190374
7.30061e-05
0.0202593
0.000331341
0.0210593
0.0006583
0.0215923
0.00102477
0.0219932
0.00141311
0.0223402
0.00180018
0.0226207
0.00215687
0.0226841
0.00243145
0.0222542
0.00256541
0.0210271
0.00251682
0.018861
0.00229411
0.0158857
0.00195024
0.0124724
0.00156232
0.00906166
0.00119685
0.00600203
0.00089193
0.00347955
0.000657744
0.00153929
0.000486844
0.000137729
-0.000870959
-3.89584e-05
-3.84183e-05
0.000182485
-0.000202136
-5.37167e-06
-1.59438e-06
0.00017346
-4.72119e-07
7.82466e-08
-0.00010162
-0.00125056
9.39047e-05
-8.65174e-08
-1.25331e-07
7.05888e-05
-9.80042e-05
-5.45011e-06
-9.6833e-06
5.06993e-05
-5.67612e-05
-2.5216e-06
4.21433e-05
-5.12618e-06
-3.87842e-05
-1.01381e-05
-0.000157172
-0.00136661
-0.000213577
-0.0012216
0.000366718
-0.000282763
-0.000800062
7.70304e-05
7.70389e-05
0.000729601
-4.46069e-09
5.50291e-08
-9.97398e-05
0.00224794
0.000429855
0.000300435
-1.37266e-07
1.40326e-07
9.77504e-06
0.00152022
2.45826e-06
7.69907e-05
7.69921e-05
-5.7611e-06
0.00682707
1.95753e-06
-3.4234e-05
0.00226637
-2.82539e-05
0.00966961
-0.000105511
0.0121774
-0.000200651
0.0141954
-0.000244139
9.58444e-05
9.54109e-05
-9.46891e-05
8.6576e-05
8.77553e-05
0.00101583
5.81185e-05
7.10683e-05
5.01475e-05
0.00468203
-1.97746e-05
0.00108515
7.37057e-05
2.56037e-05
9.28482e-05
0.000115409
-7.30929e-05
0.0082374
-0.000110639
0.0117128
-9.27251e-05
0.0147693
-9.35583e-05
0.0172602
-3.21529e-05
0.0191426
0.000136157
0.0204545
0.000398872
0.0213187
0.000725268
0.0218918
0.00109067
0.0223157
0.00147253
0.0226678
0.00185063
0.0229269
0.00219025
0.0229253
0.00244199
0.0223776
0.00254545
0.0209985
0.00246993
0.0186852
0.00222785
0.0156081
0.00187909
0.0121556
0.00149788
0.00876063
0.00114643
0.00574753
0.000855808
0.00328149
0.000634648
0.00139148
0.000474684
2.97593e-05
-0.00093496
-1.50659e-05
-2.25408e-05
0.000212896
-0.000228678
-7.73594e-06
-1.54383e-05
-1.43497e-05
-1.33083e-05
2.1293e-05
-2.66647e-05
1.96985e-05
1.92263e-05
1.93044e-05
-0.000101171
-0.00130658
1.92178e-05
1.90924e-05
6.12071e-05
-3.01967e-07
-1.0045e-06
1.52643e-05
-1.77859e-05
1.01381e-05
-0.000158137
-0.00142207
-0.000216067
-0.00128832
0.000362557
-0.000282321
-0.000880308
7.69875e-05
7.70425e-05
-2.17111e-05
0.000461341
0.000276044
2.6801e-06
7.69052e-05
7.70455e-05
-6.39736e-06
0.00149803
-5.64357e-06
-3.29969e-06
0.000467099
0.00226919
-8.5848e-06
7.5553e-06
0.00679141
-1.46381e-07
0.00226951
1.63857e-06
-5.81138e-05
0.00962221
-0.000170433
0.0121471
-0.000259067
0.000173528
0.000198039
4.65576e-05
0.00112699
9.66256e-06
-1.35156e-06
-1.78534e-05
0.00465603
-2.92352e-05
0.00111838
-3.60082e-06
-7.56756e-06
0.000248025
2.37195e-05
0.000266549
7.0803e-06
-6.51777e-05
0.00819194
-4.77394e-06
0.0116249
-1.62215e-05
0.0146919
-4.48487e-05
0.0172729
1.87496e-05
0.01926
0.000196146
0.0206573
0.00046497
0.021579
0.00079151
0.022191
0.00115087
0.0226373
0.00152481
0.0229937
0.00189127
0.0232259
0.00221471
0.0231525
0.00243982
0.0224832
0.00251503
0.0209534
0.00241344
0.0184996
0.00215598
0.0153312
0.00180521
0.0118483
0.00143321
0.00847386
0.00109532
0.00550801
0.000820417
0.00309571
0.000612803
0.00125335
0.000463757
-7.14439e-05
-0.000997086
-2.56135e-05
-1.34309e-05
0.000246063
-0.000258171
-1.26322e-06
-1.68986e-06
-1.49302e-06
-3.65753e-06
5.38771e-05
-5.91055e-05
-2.5065e-06
4.39725e-05
-5.53357e-06
3.99731e-05
-1.03501e-05
-0.000114797
-0.00134991
1.87904e-05
-0.000161059
-0.00147707
-0.000217145
-0.00135349
0.000358301
-0.000281882
-0.00095673
0.000273324
-5.79585e-07
7.97257e-05
-0.000464292
0.000461429
-3.53491e-06
0.00149574
-3.67591e-06
-2.6286e-06
-2.83605e-06
0.00227239
4.67754e-06
3.18276e-06
0.00674139
-1.12774e-05
0.00226866
3.58211e-06
0.00149691
4.93012e-07
-2.29776e-08
-0.000112392
0.00956417
-0.000250334
4.65576e-05
0.000274601
1.61048e-06
0.000274007
-7.57454e-07
0.00110652
-2.82894e-06
-3.16126e-06
-1.99309e-05
0.00462639
-1.56096e-05
0.00108763
-4.39329e-06
-5.94745e-06
0.000272002
-1.59552e-06
0.000266523
-2.08836e-06
7.02771e-05
7.73574e-05
4.83033e-05
0.00813886
0.000103075
0.0115056
1.50228e-05
0.0146321
-2.11489e-05
0.0173128
6.3667e-05
0.0193924
0.000259253
0.020863
0.000530699
0.0218398
0.000852961
0.0224889
0.00120534
0.0229568
0.00156942
0.0233155
0.0019231
0.0235175
0.00222629
0.0233661
0.00242757
0.0225707
0.00247293
0.0208939
0.00234682
0.0183088
0.00207822
0.0150582
0.00172825
0.0115532
0.00136707
0.00820211
0.00104472
0.0052837
0.000785952
0.00292256
0.000592234
0.00112487
0.000453339
-0.000166483
-0.00102583
-4.58637e-05
-4.01909e-05
0.00026984
-0.000286484
-6.30007e-06
-2.66994e-06
-1.38797e-06
-3.75453e-07
6.4801e-05
-6.56809e-05
-3.81942e-07
6.35052e-05
-3.92091e-07
6.22682e-05
-2.53915e-07
-4.93197e-07
1.58836e-05
-1.83899e-05
1.03501e-05
-0.000112485
-0.00139851
-0.000160035
-0.0015342
-0.000218848
-0.00141654
0.000353385
-0.000279865
-0.00103025
0.000271419
-9.30402e-07
7.91461e-05
0.000459918
-2.16473e-06
0.000268894
-1.01008e-06
0.000458623
-1.3341e-06
0.00149856
1.82304e-06
1.20953e-06
0.00226973
2.10721e-06
-5.62172e-06
0.00666899
-3.43699e-05
0.00226065
-2.19508e-06
0.00149988
8.05672e-07
1.45138e-06
-0.000458648
0.00045884
3.00691e-07
-4.81097e-08
-0.000208177
7.89679e-05
7.82105e-05
0.000263853
-1.59219e-07
0.000261503
-8.10502e-07
0.00107197
-2.48365e-06
-1.78588e-06
-6.3491e-06
0.00464867
3.23696e-05
0.00106386
-3.46108e-06
-4.04677e-06
0.00025849
-1.38081e-06
0.000254254
-1.7112e-06
7.6615e-05
7.45266e-05
0.000215292
0.00802665
0.000114052
0.0114065
-3.62186e-06
0.0146145
-2.54896e-06
0.017379
0.000117042
0.0195347
0.00032368
0.02107
0.000594728
0.0220981
0.000906021
0.0227882
0.00124683
0.0232794
0.00160199
0.0236366
0.0019432
0.0238006
0.00222667
0.023567
0.00239903
0.0226446
0.00241943
0.0208213
0.00227347
0.0181135
0.001995
0.0147914
0.00164825
0.011272
0.00130044
0.00794638
0.000994998
0.00507465
0.000752697
0.0027621
0.000572374
0.00100583
0.00044294
-0.000256038
-0.00107439
-2.57022e-05
-3.82292e-05
0.000298052
-0.000304429
-1.98148e-05
-1.96738e-05
-1.86139e-05
-1.00116e-05
6.93178e-05
-7.35693e-05
-2.04863e-06
6.74052e-05
-7.573e-07
6.62095e-05
-1.93035e-07
1.52737e-07
1.95286e-05
-1.99104e-05
1.91368e-05
1.88831e-05
-0.000103083
-0.00145546
-0.000164418
-0.00158862
-0.000218206
-0.00147818
0.000350917
-0.000281193
-0.00109998
7.82157e-05
0.000267286
-5.56921e-07
7.72056e-05
0.000266428
-4.76504e-07
0.00046008
5.83897e-07
0.000460536
7.53607e-07
0.00150011
1.34592e-06
5.38921e-07
0.00225874
-3.71345e-06
-3.34392e-05
-8.86362e-05
0.0022373
-1.29266e-05
0.0014971
-3.6026e-07
1.17288e-06
-0.000461214
0.000461633
3.86296e-07
7.73597e-07
-0.000266491
0.000266673
1.17987e-07
-1.10529e-07
7.43674e-05
7.35569e-05
0.000251676
9.45679e-08
0.000250371
-4.80724e-07
0.00105958
-2.13669e-06
7.45196e-08
9.37795e-05
0.00461564
0.000154548
0.00108862
-1.22929e-06
4.56055e-06
0.000247997
-1.08686e-06
0.000245281
-1.33109e-06
7.21761e-05
7.04649e-05
0.000203655
0.00793705
3.25228e-05
0.0113704
-2.23512e-05
0.0146343
3.50003e-05
0.0174611
0.000179561
0.0196788
0.000390069
0.0212747
0.000646296
0.0223578
0.000948869
0.0230862
0.00128224
0.0235991
0.00162626
0.0239536
0.00195137
0.0240759
0.00221283
0.0237532
0.00236111
0.0227029
0.00235477
0.02074
0.00219007
0.0179185
0.00190635
0.0145333
0.00156748
0.011005
0.00123344
0.00770794
0.000945942
0.00488141
0.000719689
0.00261478
0.000553234
0.000895536
0.000434176
-0.000339296
-0.00113902
-2.08479e-05
-1.7611e-05
0.000320676
-0.00033511
-4.48084e-06
-6.78956e-06
-7.98592e-06
-1.39975e-05
8.87934e-05
-9.4207e-05
-1.44013e-05
8.40704e-05
-1.49511e-05
7.83925e-05
-1.29373e-05
-5.18931e-06
2.07081e-05
-2.27569e-05
1.99507e-05
1.97576e-05
-0.000115142
-0.00150475
-0.000166307
-0.00164053
-0.000221236
-0.00153815
0.000349376
-0.000283081
-0.00116627
7.66487e-05
7.61721e-05
0.000267048
2.08988e-07
0.000267631
1.71004e-07
0.000462532
4.46935e-07
0.000462347
7.2343e-07
0.00149309
1.20211e-06
-9.08281e-07
0.00222542
-2.15588e-05
-4.59411e-05
0.0014815
-2.12398e-06
7.91415e-07
-0.000462994
0.00046264
-7.05552e-09
5.25946e-07
-0.000268278
0.000268538
1.26529e-07
1.26395e-07
-7.60616e-05
7.61796e-05
7.05595e-05
7.00788e-05
0.000242975
1.69965e-07
0.000243292
-2.42903e-07
0.00112772
1.54832e-05
3.91954e-05
0.000161202
0.00459779
6.03066e-05
0.0011518
6.04687e-05
6.99972e-05
0.000242744
-6.81204e-07
0.000247072
2.32273e-07
6.89919e-05
6.76608e-05
4.61426e-05
0.00792343
-2.5025e-05
0.0113731
-7.35794e-06
0.0146767
9.34465e-05
0.0175472
0.00024813
0.0198207
0.000443577
0.0214774
0.000687818
0.0226189
0.000981241
0.0233872
0.00130553
0.0239199
0.00163914
0.0242658
0.001948
0.0243408
0.00218796
0.0239263
0.0023094
0.0227483
0.00227943
0.0206506
0.00210107
0.0177238
0.0018149
0.0142859
0.00148379
0.0107546
0.00116657
0.00748731
0.000897301
0.00470379
0.000688291
0.00247973
0.000535129
0.000794582
0.000426502
-0.000416422
-0.00118837
-4.12149e-05
-2.45819e-05
0.000347119
-0.000360357
-7.61198e-06
-1.87215e-06
-3.73146e-06
0.000107898
-0.000109954
-2.42564e-06
0.00010414
-3.03043e-06
0.000100469
-4.31606e-06
-7.73615e-06
4.51077e-05
-5.40287e-05
-5.4805e-06
4.08837e-05
-1.07274e-05
2.79462e-05
-0.000124207
-0.00154685
-0.000167687
-0.00169408
-0.000224122
-0.00159711
0.000348352
-0.000285605
-0.00122902
7.63886e-05
7.65596e-05
0.000268737
2.47658e-07
0.000269332
1.28126e-07
0.000463683
1.60039e-07
0.000462561
2.13646e-07
0.00146407
1.92727e-07
-4.32614e-06
-1.00017e-05
-1.78516e-06
-0.000463155
0.000461499
-4.6758e-07
1.96801e-07
-0.000269802
0.000269749
4.56641e-08
5.65984e-08
-7.6686e-05
7.68125e-05
6.78308e-05
6.75879e-05
0.000256478
6.07818e-06
0.000277739
1.79345e-05
0.0011932
7.88739e-05
4.09303e-05
2.58255e-05
0.00463314
-1.50263e-05
0.00122589
2.33522e-05
4.26983e-06
0.000296902
4.13063e-05
0.000313032
5.38673e-05
6.69067e-05
6.7139e-05
-2.8499e-05
0.00792691
-2.77796e-05
0.0113935
4.8192e-05
0.014722
0.000168211
0.0176271
0.000306546
0.0199577
0.000480372
0.0216848
0.000716341
0.0228838
0.00100099
0.0236917
0.00131782
0.0242412
0.00163967
0.0245741
0.00193131
0.0245974
0.00214945
0.0240863
0.00224581
0.0227819
0.00219487
0.0205568
0.0020041
0.0175345
0.00171829
0.0140514
0.00140059
0.0105206
0.00109975
0.00728487
0.000849581
0.0045425
0.000657528
0.00235733
0.000518204
0.000702879
0.000419516
-0.000487586
-0.00121555
-5.02285e-05
-4.6798e-05
0.000373193
-0.000388425
-2.59886e-05
-1.17506e-05
0.000105329
-0.000190285
-1.98675e-07
7.75638e-05
-2.24506e-08
0.000111402
-7.94626e-06
-2.28476e-06
6.54512e-05
-6.73437e-05
-5.33289e-07
6.30052e-05
-5.84398e-07
5.96612e-05
-9.72466e-07
-2.10403e-06
1.07274e-05
-1.62079e-05
-0.000117483
-0.00159706
-0.000168101
-0.00175011
-0.000228487
-0.00165423
0.00034789
-0.000288493
-0.00128842
7.70602e-05
7.71883e-05
0.00026974
1.69271e-07
0.000269872
8.13529e-08
0.000461933
-2.4144e-07
0.000458374
-7.67299e-07
-0.000457693
0.000450722
-3.03109e-06
-1.10468e-06
-0.000270058
0.000269632
-4.08717e-08
1.04825e-08
-7.72449e-05
7.72905e-05
7.32172e-05
9.11517e-05
0.000340125
5.17812e-05
0.000357068
2.39876e-05
0.00124644
6.28246e-06
-1.01496e-06
-8.15036e-06
0.00463445
-2.16567e-05
0.00124204
-3.28675e-06
-7.33975e-06
0.000371021
9.39918e-06
0.000373528
1.76349e-06
0.000132458
0.000151059
3.52662e-05
-3.74309e-05
0.00793656
2.00579e-05
0.0114216
0.000131937
0.0147582
0.000232799
0.0177008
0.000338864
0.0200993
0.000502874
0.0218983
0.000730672
0.0231541
0.00101241
0.0239972
0.00132057
0.0245603
0.00162969
0.0248758
0.00190211
0.0248447
0.00209605
0.024236
0.00216887
0.0228079
0.00209855
0.0204624
0.00189993
0.0173529
0.00161971
0.0138323
0.00131453
0.0103059
0.00103382
0.00710062
0.000802544
0.00439748
0.000627512
0.00224802
0.000501919
0.000620475
0.000413146
-0.000552842
-0.0012676
-2.74338e-05
-3.80043e-05
0.00039512
-0.000405063
-4.02849e-05
-4.01022e-05
0.00020142
-0.000220124
-5.6391e-06
-1.64862e-06
-4.21257e-08
-5.76398e-07
2.04374e-05
-2.06364e-05
6.9371e-05
2.45608e-07
2.04148e-05
-2.58031e-07
1.98689e-05
-2.04023e-05
1.92845e-05
1.8312e-05
-0.000110532
-0.00165463
-0.00017477
-0.00180382
-0.000233602
-0.00170912
0.000349028
-0.000293226
-0.00134422
7.74598e-05
7.75412e-05
0.000269363
2.69672e-08
0.000268662
-6.63296e-08
-4.76802e-06
-0.000267714
0.00026503
-3.47447e-07
-1.56882e-07
-7.75516e-05
7.75108e-05
0.000185217
1.7624e-05
0.000203266
5.93895e-06
0.000377243
2.5675e-06
0.000376775
-5.46692e-07
0.00123697
-1.33197e-06
-1.74659e-06
-1.32819e-05
0.0046275
-1.72057e-05
0.00122624
-1.88457e-06
-9.03817e-06
0.000376093
-2.60393e-06
0.000372486
-3.73334e-06
0.00021122
1.44471e-06
0.000213352
-3.67616e-07
3.52662e-05
-2.83008e-06
0.00795945
0.00011372
0.0114398
0.000211596
0.0147794
0.000261418
0.0177783
0.000348306
0.0202538
0.000507964
0.022121
0.000736837
0.0234296
0.00101337
0.0243044
0.00131324
0.0248767
0.00160655
0.0251713
0.00186008
0.0250807
0.00203014
0.0243748
0.00207994
0.0228265
0.0019941
0.0203682
0.00179068
0.0171819
0.0015174
0.0136294
0.0012284
0.0101113
0.000967114
0.00693605
0.000756076
0.00426892
0.000598402
0.00215154
0.000486443
0.000547177
0.000408025
-0.000611838
-0.00133187
-2.38126e-05
-2.24527e-05
0.000420116
-0.000433066
-1.44869e-05
-2.29534e-05
0.00023059
-0.000246276
-8.20125e-06
-1.63975e-05
-1.38816e-05
-1.57537e-05
2.29039e-05
-2.85432e-05
2.12551e-05
-2.06787e-05
2.06603e-05
-0.000121948
-0.00170746
-0.000183526
-0.0018539
-0.000240048
-0.0017623
0.000351167
-0.000298656
-0.00139674
7.75377e-05
7.74714e-05
-6.94299e-07
-7.73145e-05
7.6967e-05
5.28902e-05
5.88292e-05
0.000215354
5.65793e-07
0.00021507
-2.6252e-07
0.000370979
1.75443e-07
0.000369775
-5.41611e-07
0.00122273
-9.77041e-06
-1.27306e-05
0.00464157
-4.16173e-06
0.00121486
-9.33663e-06
0.000366922
9.67807e-07
0.000338069
1.98156e-05
0.000213214
-7.47517e-07
0.000210747
-1.26622e-06
6.02739e-05
5.99063e-05
8.58131e-05
0.00798736
0.000221242
0.0114302
0.000239027
0.0148018
0.000253962
0.0178726
0.000339455
0.0204223
0.000504082
0.0223538
0.00073527
0.0237077
0.00100706
0.0246106
0.00129648
0.0251868
0.00157138
0.02546
0.00180383
0.025307
0.00195068
0.024504
0.0019794
0.0228412
0.00188181
0.0202771
0.00167585
0.0170235
0.00141214
0.0134457
0.00114075
0.00993764
0.000900418
0.00679171
0.000709612
0.00415771
0.000569661
0.00206832
0.000471687
0.000483514
0.000403888
-0.000664559
-0.00138635
-4.08982e-05
-2.65662e-05
0.000445766
-0.000458562
-1.10162e-05
-9.75103e-06
0.000263173
-0.00027503
-9.0059e-07
-1.73151e-06
-4.44573e-06
-1.61151e-06
5.77581e-05
-6.3348e-05
-2.61116e-06
4.71405e-05
-5.77968e-06
-4.24248e-05
-1.10378e-05
-0.000139757
-0.00175123
-0.000188949
-0.001905
-0.000245034
-0.00181592
0.000355276
-0.000306722
-0.00144529
6.04722e-05
6.02097e-05
0.000210623
2.99695e-07
0.00021022
-1.38982e-07
0.000560722
-0.000232785
2.16292e-07
1.45227e-07
0.00120598
-3.84653e-06
1.09304e-06
0.00469464
3.16511e-05
0.00120704
-5.22218e-06
0.0005527
-7.03608e-07
-6.11107e-07
0.000211022
1.66042e-07
-1.94719e-06
5.94622e-05
5.8196e-05
0.000230803
0.0079778
0.00025089
0.0114183
0.000206722
0.0148491
0.000224181
0.0179879
0.000322251
0.0206042
0.000497447
0.0225916
0.000729173
0.0239856
0.000994087
0.0249129
0.00126616
0.025492
0.00152348
0.0257404
0.00173097
0.0255267
0.00185675
0.0246267
0.00186753
0.0228555
0.00175825
0.0201947
0.00155567
0.0168799
0.00130411
0.0132823
0.00105204
0.00978601
0.000833981
0.00666734
0.000663818
0.00406355
0.000541626
0.00199838
0.000457772
0.000429628
0.000401073
-0.000710357
-0.00141772
-5.68473e-05
-5.15455e-05
0.000471301
-0.000486513
-2.56887e-05
-1.38291e-05
0.00028384
-0.000293067
-1.05298e-06
-7.36228e-07
-5.10013e-07
-4.30177e-07
6.96427e-05
-7.03293e-05
-2.14588e-07
6.82239e-05
-3.1347e-07
-6.69932e-05
-8.01096e-07
-3.81249e-07
1.68175e-05
-1.94287e-05
1.10378e-05
-0.000141609
-0.00179857
-0.000189896
-0.00196014
-0.00025498
-0.00186767
0.000359047
-0.000314044
-0.00149029
5.84957e-05
5.83567e-05
5.67919e-05
-5.65756e-05
5.69371e-05
0.000549048
-1.36899e-07
-5.77973e-08
0.00120671
1.41861e-06
6.57684e-05
0.00472529
0.000134381
0.00123021
8.15163e-06
0.000544938
-5.55788e-07
-5.56338e-07
-5.6326e-05
5.56224e-05
5.85228e-05
0.000273513
0.00795518
0.000182555
0.0114425
0.00014804
0.0149252
0.000189674
0.0181205
0.000307957
0.0207936
0.000492253
0.0228285
0.000719138
0.0242606
0.000969173
0.0252099
0.00122314
0.0257924
0.00145769
0.0260137
0.00164395
0.0257395
0.00174742
0.0247468
0.00174364
0.0228701
0.00162852
0.0201219
0.00143031
0.0167537
0.00119335
0.013141
0.000962614
0.00965738
0.000766768
0.00656439
0.00061815
0.00398703
0.000513829
0.00194233
0.000444583
0.000386117
0.000398273
-0.000749583
-0.00146082
-4.39717e-05
-5.4536e-05
0.000495394
-0.000503162
-4.90798e-05
-4.26639e-05
0.000304648
-0.000321034
-6.68387e-06
-2.62073e-06
-4.77537e-07
-1.77082e-06
7.17733e-05
-7.26198e-05
-2.06392e-07
7.11829e-05
-1.45435e-07
-7.08872e-05
4.81192e-08
-1.34182e-07
2.09247e-05
-2.11394e-05
2.06111e-05
-2.02299e-05
-0.000131486
-0.00185699
-0.000200048
-0.00201508
-0.000264527
-0.00191719
0.000362057
-0.000320071
-0.00153228
5.54855e-05
5.54277e-05
0.000546379
-1.27469e-07
1.05824e-07
0.00125623
3.97496e-05
0.000155231
0.00472533
0.000118244
0.00128933
0.000101277
0.000555202
-1.33203e-07
-5.3879e-07
-5.48714e-05
5.43156e-05
0.000151989
0.00798574
9.55097e-05
0.011495
9.72068e-05
0.0150177
0.000165426
0.018263
0.00030131
0.0209846
0.000486719
0.0230609
0.00070338
0.0245264
0.000933169
0.0254999
0.00116372
0.0260863
0.00137638
0.0262812
0.00154165
0.0259453
0.00162627
0.0248641
0.00160794
0.0228907
0.00148995
0.0200622
0.00129995
0.0166471
0.00108036
0.0130233
0.000871279
0.00955286
0.00069924
0.0064833
0.000571947
0.00392891
0.000486125
0.00190078
0.000431335
0.000353055
0.000394957
-0.000782483
-0.0015225
-2.95737e-05
-4.02355e-05
0.000516201
-0.000529772
-3.04027e-05
-4.14986e-05
0.000332946
-0.000338249
-2.20086e-05
-2.17685e-05
-1.09394e-05
-1.98119e-05
7.64009e-05
-8.09928e-05
-2.09253e-06
7.45157e-05
-7.36069e-07
-7.30781e-05
-1.95357e-08
-3.33563e-07
2.13707e-05
-2.15771e-05
2.12254e-05
-2.10912e-05
-0.000141335
-0.0019157
-0.000211624
-0.00206798
-0.000270941
-0.00196631
0.000366309
-0.000327976
-0.00157061
5.41881e-05
5.4294e-05
0.000589928
6.3276e-07
4.39153e-06
0.00131128
0.000133283
7.09842e-05
0.00479101
1.53273e-05
0.00134709
8.24406e-05
0.000642511
3.539e-05
1.33042e-05
-5.37552e-05
5.3622e-05
4.77349e-05
0.00803352
3.52694e-05
0.011557
6.71576e-05
0.0151159
0.000158551
0.0184058
0.000303286
0.021168
0.000480189
0.0232841
0.000674761
0.0247848
0.000880153
0.0257835
0.00108795
0.0263747
0.00127718
0.0265457
0.00142286
0.0261487
0.0014911
0.024981
0.00146271
0.0229179
0.00134462
0.0200176
0.00116452
0.016563
0.000963761
0.0129308
0.000778658
0.00947345
0.000630427
0.00642482
0.00052549
0.00388954
0.00045808
0.00187404
0.000417617
0.000330395
0.000392115
-0.00080829
-7.71463e-05
-0.0015867
0.000543631
-0.000532644
-4.05624e-05
-2.63771e-05
0.000354544
-0.00037264
-4.48325e-06
-7.82468e-06
-1.61644e-05
-9.04051e-06
9.75933e-05
-0.000104003
-1.5599e-05
9.22462e-05
-1.64213e-05
-8.62489e-05
-5.6832e-06
-1.38145e-05
2.26664e-05
-2.47591e-05
2.19303e-05
-2.15967e-05
-0.000157729
-0.00196962
-0.000218819
-0.00212012
-0.000279623
-0.00201467
0.000371077
-0.000336391
-0.0016053
5.42547e-05
5.86463e-05
0.00068207
5.04183e-05
4.33064e-05
0.00138303
3.50441e-05
1.19644e-05
0.00483666
-9.88125e-06
0.00139271
5.64322e-06
0.000737136
5.56563e-06
2.18088e-05
-7.19504e-05
0.00010734
-2.50507e-06
0.00807129
4.75704e-06
0.0116194
5.86688e-05
0.0152158
0.00016686
0.0185422
0.000308243
0.02134
0.000463667
0.0234952
0.000628828
0.0250361
0.000807997
0.0260634
0.0009923
0.0266596
0.00116347
0.0268051
0.00128984
0.0263499
0.00134205
0.0251016
0.00130811
0.0229544
0.00119164
0.0199904
0.00102402
0.0165027
0.000843907
0.0128655
0.000683596
0.00942027
0.000560587
0.00638973
0.000477832
0.00386979
0.000429243
0.00186241
0.000403611
0.000318899
0.000389344
-0.000826558
0.000429029
-0.00102965
-6.74159e-06
-2.43284e-06
-0.000103564
-0.00164087
0.000391538
-4.74854e-07
-2.59784e-06
-4.2562e-06
-3.22262e-06
0.000119422
-0.0001218
-2.10628e-06
0.000114895
-3.2978e-06
-0.000111027
-9.1412e-06
-5.17287e-06
4.91339e-05
-5.88512e-05
-5.88191e-06
4.42568e-05
-1.15441e-05
-3.04422e-05
-0.000168903
-0.00201953
-0.000224811
-0.00217492
-0.000287666
-0.0020634
0.000376126
-0.000345754
0.000128574
2.91851e-05
0.000156845
1.50349e-05
0.000767116
4.99841e-06
6.59998e-08
0.00140234
2.33522e-06
-3.45583e-06
0.00485066
-1.30512e-05
0.00139888
-6.41823e-06
0.000774948
-2.20684e-06
1.83677e-08
-0.000173779
0.000178408
9.36273e-07
4.87555e-06
-2.30264e-05
0.00809907
-2.36925e-06
0.0116804
7.27552e-05
0.0153099
0.000186738
0.0186637
0.000308732
0.0214949
0.000428834
0.0236952
0.000562715
0.0252814
0.000715798
0.0263399
0.000880076
0.026943
0.00103144
0.0270635
0.00114258
0.0265494
0.00118364
0.0252261
0.00114225
0.0230038
0.00103194
0.0199825
0.000878975
0.0164677
0.000721701
0.0128274
0.000586845
0.00939402
0.000488803
0.00637875
0.000428808
0.00387022
0.000399293
0.00186673
0.000388891
0.000319352
0.000386318
-0.00109013
-3.14976e-05
-1.15986e-05
0.000208114
-0.000214521
-2.26681e-07
-1.10538e-07
0.000119191
-5.82219e-08
1.24719e-07
8.6422e-05
-0.000128529
-0.00168126
0.000126376
-7.65938e-06
0.000126062
-2.28481e-06
-0.000124497
-1.55952e-06
-1.65709e-06
7.21173e-05
-7.3804e-05
-4.20134e-07
6.93932e-05
-5.74195e-07
-6.54004e-05
-2.59239e-06
-1.18033e-06
1.15441e-05
-1.7426e-05
-0.000167117
-0.00207724
-0.000228177
-0.00223441
-0.000298437
2.91851e-05
4.422e-05
0.000182592
8.15055e-07
0.000182662
-4.04846e-09
0.000777734
4.10328e-07
-8.60304e-07
0.00139803
-2.6042e-06
-9.01743e-06
0.0048497
-1.30483e-05
0.00139259
-7.61327e-06
0.000774482
-2.04781e-06
-1.11879e-06
-0.000182846
0.000181425
-7.85258e-07
-1.65931e-07
-4.90956e-05
5.00319e-05
-2.7729e-05
0.00812444
1.29728e-05
0.0117402
0.000105342
0.0153913
0.000208038
0.0187644
0.000289562
0.0216342
0.000370404
0.0238875
0.000473755
0.0255234
0.000604426
0.0266156
0.000750833
0.0272236
0.000886848
0.0273192
0.000981124
0.0267519
0.00101165
0.0253567
0.000968212
0.0230675
0.000863686
0.0199978
0.000729057
0.0164603
0.000594198
0.0128201
0.000485711
0.00939711
0.000414242
0.00639332
0.000377822
0.00389169
0.000367783
0.00188784
0.000373184
-0.00112016
-4.85756e-05
-4.99233e-05
0.000225251
-0.00024863
-6.2325e-06
-1.8884e-06
-7.1986e-07
-1.4937e-07
2.27813e-05
-2.30082e-05
2.26706e-05
2.26123e-05
2.2737e-05
7.82998e-05
4.62602e-07
-0.00010868
-0.00173969
7.63662e-05
-3.51367e-07
-7.50916e-05
-2.72086e-07
-3.82677e-07
2.17731e-05
-2.21934e-05
2.11988e-05
-2.00185e-05
-0.000159922
-0.00214548
-0.000236896
5.0847e-05
5.08429e-05
0.000181656
1.78932e-07
0.000180979
-1.8253e-07
0.000772372
6.78706e-08
-5.62133e-07
0.00138756
-3.99193e-06
-1.21846e-05
0.00484593
-1.17697e-05
0.00138248
-7.96104e-06
0.000767613
-1.7185e-06
-1.13606e-06
-0.000180115
0.000178808
-7.4015e-07
-2.55503e-07
-5.0677e-05
4.98918e-05
-1.76097e-05
0.00815502
5.21047e-05
0.0117934
0.000150831
0.0154485
0.000210003
0.018844
0.00024025
0.0217643
0.000284588
0.0240767
0.000363847
0.025764
0.000476739
0.0268897
0.000606737
0.0275037
0.000727361
0.027573
0.000807924
0.0269556
0.000828367
0.0254965
0.000785028
0.0231462
0.000689246
0.0200376
0.000571739
0.0164828
0.000462715
0.0128431
0.000381749
0.0094296
0.000336661
0.00643448
0.000324414
0.00393506
0.000334323
-0.00118459
-1.46835e-05
-2.95695e-05
0.000264748
-0.000284593
-9.71058e-06
-1.90219e-05
-1.82122e-05
-1.55937e-05
2.57659e-05
-3.19988e-05
2.38775e-05
2.31576e-05
2.31995e-05
-8.68852e-05
-0.00181273
2.28481e-05
-2.24655e-05
-0.000164993
5.00707e-05
4.98881e-05
0.000178691
1.84633e-07
0.000178249
-1.20272e-07
0.000764206
-8.73494e-08
-4.97067e-07
0.00137519
-4.89127e-06
-1.36214e-05
0.00485002
-8.07748e-06
0.00137142
-8.00092e-06
0.000759072
-1.62084e-06
-1.2068e-06
-0.000177325
0.00017626
-6.5362e-07
-2.11873e-07
-4.96326e-05
4.88925e-05
1.52433e-05
0.00819189
0.000117652
0.0118266
0.000180375
0.0154782
0.000172872
0.0189113
0.000156887
0.021892
0.000174012
0.0242665
0.000236629
0.0260041
0.000334875
0.0271615
0.000450151
0.0277809
0.000555433
0.0278255
0.000623079
0.0271609
0.000635993
0.0256456
0.000590588
0.0232448
0.000506659
0.0201027
0.000408667
0.0165368
0.000325463
0.0128994
0.000273475
0.00949279
0.000255652
0.00650324
0.000267261
-0.00125203
-8.30158e-06
-1.11483e-05
0.000306446
-0.000317925
-1.04412e-06
-2.16034e-06
-2.16089e-06
-5.55476e-06
6.58422e-05
-7.24275e-05
-3.1256e-06
5.34489e-05
-6.62905e-06
4.75924e-05
-1.23559e-05
-8.72951e-05
4.90771e-05
4.89569e-05
0.000176012
1.60646e-07
0.000175634
-1.19101e-07
0.000754958
-2.53266e-07
-5.22091e-07
0.00136303
-5.23534e-06
-1.15144e-05
0.0048738
2.97215e-06
0.00136218
-7.2268e-06
0.000749821
-1.56342e-06
-1.29973e-06
-0.000174643
0.00017365
-6.27742e-07
-2.16344e-07
-4.8745e-05
4.80914e-05
8.72663e-05
0.00822226
0.000183057
0.0118239
0.0001579
0.0154931
9.24294e-05
0.0189758
4.88009e-05
0.0220172
5.01314e-05
0.024453
9.64913e-05
0.0262425
0.000182349
0.0274293
0.000282364
0.028054
0.000371199
0.0280773
0.000426662
0.0273703
0.000431333
0.0258048
0.000387696
0.0233638
0.000314684
0.0201967
0.000239328
0.0166229
0.000183408
0.0129894
0.000159613
0.00958883
0.000169884
-1.045e-05
-7.99603e-06
0.000327505
-0.000334041
-8.42101e-07
-9.22731e-07
-6.69491e-07
-8.97936e-07
8.04122e-05
-8.11414e-05
-3.14849e-07
7.86718e-05
-4.19862e-07
7.69681e-05
-4.56782e-07
-1.01396e-06
1.8985e-05
-2.21106e-05
1.23559e-05
4.8252e-05
4.81329e-05
0.000173274
1.23469e-07
0.00017289
-1.37559e-07
0.000745533
-4.16874e-07
-5.315e-07
0.00135491
-4.24222e-06
3.64886e-06
0.00491877
3.86431e-05
0.00136141
-3.53327e-06
0.000741164
-1.47025e-06
-1.38882e-06
-0.000171821
0.000170874
-6.16041e-07
-2.30505e-07
-4.79165e-05
4.72888e-05
0.000192824
0.0082125
0.000178786
0.011803
7.64836e-05
0.0155091
-1.79638e-05
0.0190425
-7.57577e-05
0.0221431
-8.69204e-05
0.0246364
-4.98111e-05
0.0264746
2.04635e-05
0.0276912
0.000104662
0.0283205
0.000178238
0.0283258
0.000217679
0.0275839
0.000214359
0.0259782
0.000174205
0.0235043
0.000114477
0.0203215
6.07134e-05
0.0167456
3.28285e-05
0.0131162
3.96689e-05
0.000340835
-1.12702e-06
-8.47031e-07
-7.04195e-07
-4.96708e-07
8.32233e-05
-8.38106e-05
-2.54925e-07
8.25448e-05
-2.44113e-07
8.19713e-05
-9.52607e-08
-6.77318e-08
2.40011e-05
-2.43159e-05
2.35813e-05
2.31246e-05
4.74124e-05
4.72749e-05
0.000170369
8.83206e-08
0.000169994
-1.57434e-07
0.000737962
-5.91792e-07
-4.47272e-07
0.00136189
3.16919e-06
6.28586e-05
0.00493054
0.000118202
0.00138576
1.47735e-05
0.00073705
-1.13499e-06
-1.4859e-06
-0.00016885
0.000167985
-6.0514e-07
-2.4596e-07
-4.70444e-05
4.64284e-05
0.000212624
0.00817865
8.62649e-05
0.0117932
-3.83887e-05
0.0155295
-0.000139327
0.0191061
-0.000203724
0.0222599
-0.000225439
0.024812
-0.000203101
0.0266982
-0.00014836
0.0279442
-8.27619e-05
0.0285815
-2.78586e-05
0.0285713
-2.63811e-06
0.0278009
-1.28732e-05
0.0261652
-5.1252e-05
0.02367
-9.62619e-05
0.0204785
-0.000125832
0.0169043
-0.000124581
8.55111e-05
-2.81646e-07
-8.63564e-05
8.48862e-05
-2.216e-07
8.43048e-05
-1.22207e-07
-2.17468e-09
2.47228e-05
-2.49776e-05
2.44788e-05
2.43836e-05
4.65166e-05
4.63591e-05
0.000167343
5.00098e-08
0.000167067
-1.70314e-07
0.000740596
-6.63089e-07
2.84412e-07
0.00140259
4.60237e-05
0.000131904
0.00490959
0.000101654
0.00142565
9.51412e-05
0.000754983
1.44681e-06
-1.06169e-06
-0.000165842
0.000165277
-5.70203e-07
-2.59922e-07
-4.61131e-05
4.55079e-05
9.49694e-05
0.00816995
-3.35212e-05
0.0117884
-0.000152998
0.0155432
-0.000256674
0.0191591
-0.000331626
0.0223661
-0.000365336
0.0249743
-0.000358782
0.0269086
-0.000324863
0.0281863
-0.000279677
0.0288334
-0.000245761
0.0288144
-0.000236424
0.0280245
-0.000254596
0.0263686
-0.000287953
0.0238617
-0.000317226
0.0206699
-0.000322611
2.53234e-05
-2.56051e-05
-5.94608e-08
2.5102e-05
2.49798e-05
4.5558e-05
4.53878e-05
0.00016458
3.33274e-08
0.000164968
-1.04127e-07
0.000784999
3.45569e-06
1.25527e-05
0.00143768
0.000119872
6.38736e-05
0.0049302
1.04819e-05
0.00145736
8.19735e-05
0.000816042
4.1626e-05
2.24707e-05
-0.000164089
0.000165738
-2.03006e-07
-1.83537e-07
-4.51278e-05
4.45577e-05
-2.52374e-05
0.00816165
-0.000136002
0.0117714
-0.000256443
0.0155429
-0.000368783
0.0191962
-0.000454235
0.022455
-0.000504261
0.0251197
-0.000518587
0.0271023
-0.000506533
0.0284132
-0.000486931
0.0290745
-0.000476391
0.0290544
-0.000483527
0.0282534
-0.000508756
0.0265894
-0.000536197
0.0240807
-0.000549926
4.45909e-05
4.44866e-05
0.000168144
1.0501e-06
0.000177185
3.51202e-06
0.000832201
5.41757e-05
4.9535e-05
0.00148287
3.83573e-05
5.77766e-07
0.00493056
-2.61749e-05
0.00148737
5.98258e-06
0.000866328
1.3934e-05
3.39106e-05
-0.000188257
0.000204252
2.563e-05
1.1399e-05
-4.43031e-05
4.41e-05
-0.000102316
0.00812797
-0.000215617
0.0117306
-0.000345097
0.0155192
-0.000470739
0.0192127
-0.000573
0.0225237
-0.000641832
0.025243
-0.000679005
0.0272748
-0.000696338
0.0286226
-0.00070644
0.0293046
-0.000721664
0.0292925
-0.000747039
0.0284917
-0.000776474
0.0268297
-0.000800176
4.51501e-05
4.86621e-05
0.000219344
3.90829e-05
0.000234499
3.43796e-05
0.000892372
1.09249e-05
1.38878e-06
0.00149211
-4.17031e-06
-2.39493e-05
0.0048898
-3.76124e-05
0.00148132
-1.53859e-05
0.000900817
-3.56088e-06
1.09733e-06
-0.000250667
0.00025751
7.09e-06
1.7741e-05
-6.00611e-05
8.5691e-05
-0.000151242
0.00806359
-0.000278813
0.0116643
-0.000424496
0.015473
-0.000564761
0.0192045
-0.000684069
0.022566
-0.000775694
0.0253397
-0.000844918
0.0274234
-0.000896078
0.0288122
-0.000939937
0.0295228
-0.000982205
0.0295277
-0.00102342
0.0287386
-0.00105981
0.000101779
2.29939e-05
0.000124549
1.16094e-05
0.000264594
3.84051e-06
0.000265241
7.41746e-07
0.000900783
-7.67707e-07
-3.37258e-06
0.00147276
-1.53848e-05
-3.52112e-05
0.00481678
-4.30086e-05
0.00145624
-2.10912e-05
0.000893464
-4.90325e-06
-3.16492e-06
-0.000266542
0.00026483
-1.84956e-06
-2.03477e-07
-0.000138056
0.000144087
1.05805e-06
4.23293e-06
-0.000186535
0.00797132
-0.000332975
0.0115727
-0.000493407
0.0154016
-0.000648877
0.0191693
-0.0007888
0.0225791
-0.000910487
0.0254052
-0.00101698
0.0275443
-0.00110947
0.0289818
-0.00118892
0.0297296
-0.00125744
0.0297617
-0.00131666
2.29938e-05
3.46032e-05
0.000147287
6.40044e-07
0.000148157
-1.27928e-07
0.000264718
-6.57123e-07
0.000262755
-1.41027e-06
0.000884404
-2.5825e-06
-3.74085e-06
0.00144074
-1.97152e-05
-4.24628e-05
0.00471828
-4.5573e-05
0.00142148
-2.3749e-05
0.00087232
-4.99243e-06
-4.01565e-06
-0.000261129
0.000258692
-2.4682e-06
-1.54049e-06
-0.000148133
0.00014692
-6.36502e-07
-1.79418e-07
-3.88361e-05
3.9894e-05
-0.000220204
0.00785854
-0.00037949
0.0114588
-0.000552801
0.0153056
-0.000723661
0.0191042
-0.00088738
0.022556
-0.00104692
0.0254352
-0.00119862
0.0276334
-0.00133657
0.0291294
-0.00145463
0.0299267
-0.00155107
4.0534e-05
4.04061e-05
0.000146302
-4.0615e-08
0.00014534
-4.49364e-07
0.000257231
-1.12114e-06
0.000255099
-1.60847e-06
0.000859793
-3.24541e-06
-3.94493e-06
0.00140104
-2.20263e-05
-4.69813e-05
0.00461521
-7.01546e-05
0.00137878
-2.3305e-05
0.000845663
-5.12851e-06
-4.49057e-06
-0.000252811
0.000250334
-2.51619e-06
-1.72747e-06
-0.000144151
0.000142398
-7.15955e-07
-3.52118e-07
-4.02266e-05
3.959e-05
-0.000248276
0.00772732
-0.000417784
0.0113238
-0.000600402
0.0151823
-0.000788247
0.019005
-0.000984114
0.0224932
-0.00119091
0.0254275
-0.00139576
0.0276926
-0.00158037
0.0292552
-0.00173483
3.95493e-05
3.90998e-05
0.000141375
-9.84273e-08
0.000140236
-4.69137e-07
0.000248396
-1.30749e-06
0.000246178
-1.72833e-06
0.000831408
-3.6841e-06
-4.08483e-06
0.00134753
-1.57362e-05
-0.000136913
0.00450384
0.00124473
3.26445e-05
0.000816953
-4.32357e-06
-4.52477e-06
-0.000243561
0.000241015
-2.58358e-06
-1.87394e-06
-0.000138876
0.000137071
-7.11429e-07
-3.66637e-07
-3.87477e-05
3.80315e-05
-0.000270698
0.00758023
-0.000444969
0.0111684
-0.000635612
0.0150297
-0.000844863
0.0188658
-0.0010852
0.0223874
-0.00134862
0.0253803
-0.00160964
0.0277219
-0.00184133
3.79331e-05
3.7464e-05
0.000135896
-1.32757e-07
0.000134661
-4.9378e-07
0.000238787
-1.45468e-06
0.000236484
-1.78211e-06
0.000809688
-2.0602e-06
-6.41397e-06
-0.000862632
-5.48487e-06
0.00198395
-8.024e-06
-0.000135211
0.00436835
-2.03013e-05
-0.000233703
0.000231281
-1.90087e-06
-1.7432e-06
-0.000133177
0.000131317
-7.24268e-07
-3.90493e-07
-3.70974e-05
3.63859e-05
-0.000283063
0.00741833
-0.000459736
0.0109925
-0.000658449
0.0148432
-0.000900635
0.0186812
-0.00119829
0.0222371
-0.00152509
0.0252958
-0.00184003
3.62531e-05
3.57592e-05
0.000130031
-1.68359e-07
0.000128751
-5.01291e-07
0.000227856
1.36482e-06
0.000210686
1.07553e-05
0.000325263
-0.000330203
-3.20052e-07
-2.26308e-07
-1.1532e-05
0.00187304
-1.27681e-05
0.000318062
-3.29424e-07
-4.94113e-07
-0.000135704
0.00422099
-0.000138939
-3.92647e-07
-4.88561e-07
-0.000127351
0.000125988
-5.36343e-07
-3.43224e-07
-3.53687e-05
3.46444e-05
-0.000286263
0.00724485
-0.000459362
0.0107934
-0.000673577
0.0146162
-0.00096729
0.0184502
-0.00133334
0.0220454
-0.00172087
3.44761e-05
3.39749e-05
0.000126848
5.04261e-07
-1.33571e-06
3.10624e-05
-3.13826e-05
3.08359e-05
0.000307389
-4.47224e-07
-4.11978e-07
-1.31954e-05
0.00176431
-1.37827e-05
0.000296119
-6.83701e-07
-8.1487e-07
3.05064e-05
3.00124e-05
-0.000134666
0.00406939
3.18711e-05
-3.2264e-05
-3.36317e-05
3.30955e-05
-0.000276619
0.0070621
-0.000443153
0.010563
-0.000694189
0.0143431
-0.00106119
0.018178
-0.00149088
3.35997e-05
2.95652e-05
2.91531e-05
0.000284033
-5.82746e-07
-5.26926e-07
-1.34485e-05
0.00165665
-1.35611e-05
0.00027186
-7.48152e-07
-8.62034e-07
2.84694e-05
2.76546e-05
-0.000128299
0.00392106
-0.000246304
0.00686524
-0.000424166
0.0102929
-0.000749622
0.0140315
-0.0011838
2.70719e-05
2.65448e-05
0.000259528
-5.92088e-07
-5.25166e-07
-1.35603e-05
0.0015549
-1.30016e-05
0.000247552
-7.42311e-07
-8.44414e-07
2.57965e-05
2.49346e-05
-0.000106312
0.00378105
-0.00019663
0.00663769
-0.000442569
0.00998588
-0.000845549
2.43425e-05
2.38172e-05
0.000235112
-5.99149e-07
-5.23135e-07
-1.35023e-05
0.00147262
-1.05384e-05
0.000223673
-7.40149e-07
-8.25254e-07
2.30747e-05
2.22303e-05
-4.60526e-05
0.00363046
-0.000181128
0.00637624
-0.000523361
2.16311e-05
2.11077e-05
0.000211341
-6.35135e-07
-5.37099e-07
-6.85896e-06
0.00142043
1.29833e-05
0.000202336
-7.62601e-07
-7.7493e-07
2.03673e-05
1.95421e-05
7.4046e-07
0.00344858
-0.00026181
1.89068e-05
1.83693e-05
0.000196399
-6.42606e-07
-2.83181e-07
3.73192e-05
0.00135617
2.7675e-05
0.000206558
2.08572e-08
2.80006e-06
1.76065e-05
1.68315e-05
-9.19122e-05
1.61886e-05
1.59051e-05
0.000220973
9.14436e-06
1.37575e-05
-3.02519e-07
-2.01833e-05
0.000232831
1.21369e-05
3.6763e-06
1.59256e-05
1.87256e-05
2.78696e-05
3.46985e-05
6.9276e-06
0.000233734
8.18716e-07
-2.02695e-06
-2.96207e-06
-3.87684e-06
4.3669e-05
3.16484e-06
4.67899e-05
5.54416e-07
6.92747e-06
4.74974e-05
1.10837e-07
4.59467e-05
-4.77085e-07
4.39524e-05
-9.68865e-07
-1.16929e-06
4.12439e-05
1.00921e-05
1.06465e-05
1.07572e-05
1.02799e-05
9.31087e-06
8.14145e-06
-2.07926e-07
)
;

boundaryField
{
    inlet
    {
        type            calculated;
        value           nonuniform List<scalar> 
50
(
-0.010012
-0.010012
-0.010012
-0.010013
-0.010014
-0.010016
-0.010018
-0.010018
-0.010018
-0.010018
-0.010016
-0.010013
-0.010008
-0.010001
-0.009992
-0.009978
-0.009942
-0.009864
-0.009815
-0.00986
-0.009957
-0.010042
-0.010068
-0.01006
-0.010043
-0.010031
-0.010024
-0.01002
-0.010019
-0.010017
-0.010016
-0.010015
-0.010014
-0.010013
-0.010011
-0.010008
-0.010007
-0.010005
-0.010003
-0.0100006
-0.0099983
-0.0099969
-0.0099976
-0.0100022
-0.0100133
-0.0100307
-0.0100458
-0.0100335
-0.0099699
-0.0098986
)
;
    }
    outlet
    {
        type            calculated;
        value           nonuniform 0();
    }
    wall
    {
        type            calculated;
        value           uniform -0;
    }
    front
    {
        type            empty;
        value           nonuniform 0();
    }
    back
    {
        type            empty;
        value           nonuniform 0();
    }
    vanem
    {
        type            calculated;
        value           uniform 0;
    }
    vaneu
    {
        type            calculated;
        value           nonuniform 0();
    }
    vanel
    {
        type            calculated;
        value           uniform 0;
    }
    procBoundary0to1
    {
        type            processor;
        value           nonuniform List<scalar> 
57
(
0.00134338
0.00412247
0.00692965
0.00966066
0.0121326
0.0141335
0.0154713
0.0159561
0.0155284
0.0142103
0.0121384
0.00952201
0.00658289
-0.00132087
-0.00189041
-0.00221737
-0.00229595
-0.00211071
-0.00163568
-0.000836752
0.000332485
0.0019267
0.00400213
0.00660062
0.00971904
0.0132804
0.0171023
0.0208972
0.0243309
0.0270893
0.0289955
0.0299961
0.0301105
0.0293616
0.0277206
0.0251766
0.0218154
0.017871
0.0136932
0.00966369
0.00611468
0.00327868
0.00128473
0.00218272
8.69144e-06
0.000446799
-2.56646e-05
0.000220388
2.33586e-06
-0.000349308
5.94813e-07
7.93351e-06
0.00142992
0.000260957
-8.68917e-05
7.62728e-05
3.91158e-05
)
;
    }
    procBoundary0to2
    {
        type            processor;
        value           nonuniform List<scalar> 5(-5.04827e-08 -3.29022e-07 -7.97351e-07 -5.9161e-07 -8.30941e-08);
    }
}


// ************************************************************************* //
