/*--------------------------------*- C++ -*----------------------------------*\
| =========                 |                                                 |
| \\      /  F ield         | OpenFOAM: The Open Source CFD Toolbox           |
|  \\    /   O peration     | Version:  v1912                                 |
|   \\  /    A nd           | Website:  www.openfoam.com                      |
|    \\/     M anipulation  |                                                 |
\*---------------------------------------------------------------------------*/
FoamFile
{
    version     2.0;
    format      ascii;
    class       volScalarField;
    location    "500";
    object      p;
}
// * * * * * * * * * * * * * * * * * * * * * * * * * * * * * * * * * * * * * //

dimensions      [0 2 -2 0 0 0 0];


internalField   nonuniform List<scalar> 
3673
(
0.00143701
0.00168025
0.0012909
0.00192344
0.00152441
0.00115281
0.00213537
0.00176046
0.0013807
0.00102669
0.00232333
0.00196978
0.00160897
0.00124834
0.000913565
0.00247651
0.00215861
0.00181251
0.00147563
0.00113092
0.00080488
0.00258325
0.00231262
0.00200011
0.00167772
0.00135056
0.00101681
0.000706909
0.00262858
0.00242082
0.00215728
0.00185826
0.00154372
0.00122962
0.000913956
0.00061747
0.00260518
0.0024721
0.00227137
0.00201266
0.00172313
0.00142155
0.00112408
0.000821294
0.000532677
0.00251589
0.00246091
0.00233598
0.00213319
0.0018768
0.00159748
0.00131153
0.00102514
0.00072992
0.000459535
0.00237094
0.00237966
0.00234461
0.00220758
0.00199253
0.00174592
0.00148093
0.0012075
0.000932329
0.000652921
0.000390503
0.00219002
0.0022286
0.00229372
0.00223418
0.00206801
0.00186
0.00162502
0.00137455
0.00111226
0.000848977
0.000579753
0.000329137
0.0020249
0.00199921
0.00219051
0.00221847
0.00209986
0.00192887
0.00173177
0.00151119
0.00127142
0.00102038
0.000772901
0.000513371
0.000268093
0.00194973
0.00170089
0.00203157
0.00216691
0.00208716
0.00194867
0.00179446
0.00161201
0.0014064
0.00117911
0.000945011
0.000701908
0.000451155
0.0002183
0.00142961
0.00171466
0.00196841
0.00177617
0.00209821
0.00203508
0.00192171
0.00180758
0.00166982
0.00150681
0.00131035
0.00109621
0.000865445
0.000634742
0.000397118
0.000173449
0.00144217
0.00113215
0.0015935
0.00172956
0.00184804
0.00197744
0.00200794
0.00194873
0.00184566
0.00176936
0.00167814
0.00155933
0.00140127
0.00121809
0.00101293
0.000797158
0.000576677
0.000346908
0.000135856
0.00184153
0.00159502
0.00114422
0.00106136
0.00163991
0.00155781
0.00170461
0.00179564
0.0019055
0.00166796
0.00184027
0.00172566
0.0016846
0.00163669
0.00156231
0.00144954
0.00130643
0.00113428
0.000941803
0.000734909
0.000524441
0.000306422
0.000103583
0.0016733
0.0015834
0.00163409
0.00155826
0.000690082
0.000880064
0.00156012
0.00166755
0.00148146
0.00153141
0.00160293
0.00177068
0.00171595
0.00189255
0.00162779
0.00157554
0.00156077
0.00155142
0.00151623
0.00144996
0.00135099
0.00121945
0.00105735
0.000873434
0.000679893
0.000478871
0.000270164
7.73967e-05
0.00140847
0.00140944
0.00141622
0.00141653
0.0015859
0.00158523
0.00150488
4.1439e-05
0.00118458
0.00228758
0.00177217
0.00155225
0.0015706
0.00146948
0.00154216
0.00173335
0.00165079
0.00182361
0.00159508
0.00140346
0.00142778
0.00142686
0.00140205
0.00134666
0.00125976
0.00113622
0.000985934
0.00081465
0.00062458
0.000439547
0.000240468
5.86054e-05
0.0012363
0.00123898
0.00125903
0.00127106
0.00131103
0.00130413
0.00128505
0.00140964
0.00141104
0.00151099
0.0018141
-0.00127454
0.00262161
0.00201532
0.00142555
0.00143693
0.00146655
0.00170248
0.00176995
0.00127432
0.00130187
0.00130948
0.00129435
0.00125285
0.00117289
0.00105979
0.000917624
0.000753462
0.00058601
0.000405848
0.000218053
4.44375e-05
0.0011055
0.00108639
0.00112067
0.00112794
0.00118249
0.00118672
0.0011902
0.00123141
0.00123374
0.001239
0.00126117
0.00135507
0.00131044
-0.00378955
0.00115028
0.00118081
0.00120221
0.00120039
0.00116394
0.00109287
0.000987606
0.000854912
0.000710255
0.000546028
0.000378382
0.000200029
3.86412e-05
0.000980218
0.000953124
0.000990084
0.000983446
0.00103932
0.00104219
0.00106289
0.00112191
0.0011047
0.00113156
0.00116478
0.00119334
0.00118605
0.00103203
0.00107848
0.00110741
0.00111058
0.00108117
0.00101641
0.000920257
0.000803511
0.000665285
0.000517045
0.000360297
0.000192026
3.46416e-05
0.000865465
0.00082753
0.000864926
0.000853175
0.000906772
0.000897071
0.000923423
0.000984361
0.000958599
0.000989282
0.00103473
0.00108316
0.00106354
0.000930983
0.0009809
0.00101559
0.00102662
0.00100157
0.000943246
0.000859329
0.000753475
0.000631822
0.000492249
0.00034617
0.000186193
4.31964e-05
0.00076472
0.000711338
0.000753364
0.000730321
0.000778865
0.000765168
0.000790422
0.0008479
0.00082095
0.000844947
0.000891158
0.000943176
0.00091792
0.000829932
0.000891304
0.000932907
0.000943369
0.00092437
0.00087486
0.000801153
0.000710208
0.0005985
0.000473769
0.000337753
0.000187353
5.39085e-05
0.000665687
0.000611117
0.00064875
0.000618929
0.000664192
0.000643166
0.000667776
0.000720261
0.000694759
0.000713098
0.000753437
0.00080345
0.000782405
0.000742497
0.000808545
0.00085072
0.000869087
0.000851798
0.000809383
0.00074988
0.000673367
0.000579846
0.00046445
0.000335592
0.000198516
7.44183e-05
0.000578324
0.000514689
0.000550529
0.000517477
0.000558349
0.000532062
0.000559088
0.00060495
0.000578904
0.000591805
0.000630247
0.000675052
0.00065645
0.000658309
0.000727704
0.000776818
0.000790662
0.000777431
0.000748712
0.000707479
0.000647824
0.000563911
0.000459599
0.000342682
0.000213987
9.07638e-05
0.000494492
0.000427229
0.000462762
0.000422945
0.000461813
0.00043272
0.000455473
0.000498071
0.000473651
0.000478488
0.00052327
0.000558408
0.000541231
0.000580991
0.000652766
0.000696934
0.000711791
0.000706434
0.000693619
0.000672277
0.00062844
0.000556612
0.000459498
0.000352409
0.00022507
0.000119571
0.00041698
0.000344776
0.000381118
0.000337052
0.000373328
0.00034088
0.000359413
0.000398626
0.000383809
0.000380264
0.000419632
0.00045408
0.00043437
0.000506727
0.000579049
0.000622496
0.000632251
0.0006386
0.000647976
0.000647592
0.000617368
0.00055059
0.000465677
0.000364131
0.000253775
0.000152645
0.000344783
0.000267226
0.000306193
0.000256979
0.000291887
0.000257274
0.00027365
0.000309454
0.000295592
0.000293935
0.000318827
0.000356832
0.000344028
0.000438945
0.00050816
0.000535064
0.000550301
0.000578417
0.000617086
0.000632762
0.000608283
0.000554023
0.000472844
0.000389442
0.000281744
0.000192159
0.000278871
0.000191367
0.000239311
0.0001831
0.000216499
0.000179167
0.000194748
0.000226401
0.000215975
0.000211224
0.000233527
0.000266502
0.000256094
0.000369504
0.00042311
0.000442877
0.000471765
0.000535925
0.000601453
0.000623604
0.000603858
0.000555834
0.00049259
0.000409372
0.000320339
0.000238659
0.000210392
0.000121126
0.000173826
0.000111064
0.000146081
0.000107484
0.000123456
0.000152185
0.000139822
0.000133252
0.000155204
0.000183381
0.000177023
0.00029749
0.000332876
0.000343239
0.000410086
0.00051929
0.000593508
0.000615028
0.000600907
0.00056334
0.000507704
0.000444745
0.000360659
0.000288716
0.000149235
5.38293e-05
0.000109678
4.16707e-05
8.20225e-05
3.80754e-05
5.03325e-05
8.06517e-05
7.3692e-05
6.2508e-05
8.49923e-05
0.000110463
0.000100117
0.000219711
0.000213377
0.000250229
0.000389649
0.000519089
0.000586201
0.000605757
0.000597982
0.000573616
0.000533354
0.000480363
0.000409132
0.00035134
8.32888e-05
-1.67597e-05
4.71597e-05
-2.42526e-05
1.81367e-05
-2.81955e-05
-1.43748e-05
1.41153e-05
8.90025e-06
-6.92996e-06
6.53396e-06
3.67771e-05
4.43403e-05
0.000107798
8.32182e-05
0.000214399
0.000402987
0.000522761
0.000570273
0.000589894
0.000598438
0.000589477
0.000566298
0.000526308
0.000466717
0.000422289
7.99741e-06
-9.21523e-05
-1.44408e-05
-8.85715e-05
-4.66174e-05
-9.44205e-05
-7.48742e-05
-4.60341e-05
-5.81442e-05
-7.15601e-05
-5.70532e-05
-2.96413e-05
-2.06137e-05
-4.1534e-05
-6.70961e-06
0.00025016
0.000434754
0.000503917
0.000541846
0.000576983
0.000600311
0.000612555
0.000602608
0.000578989
0.000532571
0.000503578
-9.17258e-05
-0.000176235
-7.16992e-05
-0.000163185
-0.000112117
-0.00015982
-0.000138336
-0.000110079
-0.000120845
-0.000137226
-0.000114833
-8.74751e-05
-8.91347e-05
-0.000252388
5.00683e-05
0.000334136
0.0004181
0.000460991
0.000513015
0.000564643
0.000610885
0.000639387
0.000649719
0.000635757
0.000611005
0.000595589
-0.000398548
-0.000267272
-0.000133367
-0.000235482
-0.000175916
-0.000232859
-0.000203779
-0.000172773
-0.000188181
-0.000199976
-0.000178368
-0.000152028
-0.000148899
-0.00024475
0.000234505
0.000322413
0.00035492
0.000414199
0.0004853
0.000558603
0.000622203
0.000671656
0.000695222
0.000715233
0.000697487
0.000699963
-0.000617043
-0.000589384
-0.000241346
-0.000291708
-0.000245685
-0.00031519
-0.000273776
-0.000235969
-0.000263481
-0.00026887
-0.000241381
-0.000215127
-0.000215325
0.000139572
0.000230212
0.000234384
0.000290632
0.000370659
0.000460792
0.000553279
0.000638916
0.000709067
0.000765867
0.000789072
0.00079848
0.000817623
1.14173e-05
-0.000482351
-0.000927068
-0.000319235
-0.000221764
-0.00041593
-0.00034118
-0.000312642
-0.000353913
-0.000348838
-0.000314173
-0.000283868
-0.000284781
0.000140612
9.71971e-05
0.000149587
0.000231589
0.000328402
0.000438143
0.000552843
0.000663607
0.000760821
0.000829704
0.000889628
0.000906725
0.000942776
3.74713e-06
-0.000146135
-0.000130372
-0.000586911
-0.00154521
-0.000129633
-0.000208793
-0.000334883
-0.000411747
-0.00045384
-0.000401226
-0.000357815
-0.000379353
-4.7677e-05
-3.06998e-06
8.04758e-05
0.000176595
0.000289587
0.000416626
0.000554784
0.000692269
0.000813848
0.000919257
0.000983868
0.00103142
0.00109401
-0.000190153
-0.000241332
-0.000271833
-0.000289141
-0.000119633
-0.000177363
0.000441123
0.000251816
-0.00239812
-0.000267017
-0.000406802
-0.000437655
-0.000472007
-0.000158388
-7.03336e-05
1.89338e-05
0.000122637
0.000247124
0.000397287
0.000561314
0.000728235
0.00088137
0.00100589
0.00110783
0.00117381
0.00125818
-0.000296405
-0.00031895
-0.000329263
-0.000357814
-0.000365505
-0.0004006
-0.000440348
-0.000283491
-0.000321341
-3.97094e-05
-0.00462453
-0.000219855
-0.000136006
-4.79085e-05
6.4139e-05
0.000207692
0.000380811
0.000574528
0.000772754
0.000958865
0.00111198
0.00124179
0.00133057
0.00143719
-0.000359853
-0.000391892
-0.000390015
-0.000404435
-0.000384108
-0.000403811
-0.000418862
-0.000427313
-0.000406964
-0.000283083
-0.000207817
-0.000114742
8.93306e-06
0.000168298
0.000365219
0.000590593
0.000824431
0.00104036
0.00123582
0.00138771
0.00150532
0.0016412
-0.000424651
-0.000460626
-0.000451715
-0.000472149
-0.000444018
-0.000447942
-0.000451116
-0.000421266
-0.000424679
-0.000353597
-0.000279509
-0.000183616
-5.22753e-05
0.000126177
0.000352801
0.000613436
0.000882841
0.00114294
0.00136741
0.00155699
0.00170519
0.00186307
-0.000489023
-0.000529744
-0.00051196
-0.000538491
-0.000508273
-0.000525109
-0.000515621
-0.000475301
-0.000489676
-0.000428186
-0.000355518
-0.000256917
-0.000116027
8.53977e-05
0.000344531
0.000641582
0.000954861
0.00126036
0.00151925
0.00174922
0.00191681
0.00210258
-0.000561474
-0.000596943
-0.00057461
-0.000601921
-0.000573914
-0.000590455
-0.000582152
-0.000544493
-0.000557643
-0.000501496
-0.000433079
-0.000335829
-0.000181025
4.58977e-05
0.000338335
0.000680534
0.00104328
0.00138297
0.00169454
0.00194413
0.00216303
0.00236561
-0.000632094
-0.000666605
-0.000643043
-0.000667391
-0.000634969
-0.000658463
-0.000641804
-0.000610584
-0.000623991
-0.000580974
-0.000523068
-0.000422992
-0.000248967
5.14567e-06
0.000338539
0.000726213
0.00113088
0.00152401
0.00187429
0.00218495
0.00243359
0.00269131
-0.000707815
-0.000739973
-0.000710298
-0.000735519
-0.000701227
-0.000719966
-0.000707486
-0.000674296
-0.000687344
-0.000672077
-0.000622535
-0.000514991
-0.000320874
-3.20471e-05
0.000342331
0.000778014
0.00123658
0.00168697
0.00209017
0.00245202
0.00275654
0.00304435
-0.000791479
-0.000810736
-0.000780989
-0.000805069
-0.000769563
-0.00078735
-0.000772555
-0.000733001
-0.000751015
-0.00077497
-0.000730349
-0.000607637
-0.000389263
-6.68485e-05
0.000351382
0.000841378
0.00136407
0.00186186
0.00233876
0.002732
0.00329572
0.00127183
-0.000889719
-0.000888056
-0.000852642
-0.000872817
-0.000839063
-0.000854492
-0.000841315
-0.000805438
-0.000819906
-0.000896346
-0.000847219
-0.000700662
-0.000458883
-0.0001029
0.000365327
0.000915135
0.00149305
0.00207791
0.00255982
0.00334242
0.0014832
-0.00101299
-0.000974476
-0.000932487
-0.000944846
-0.000909876
-0.000921386
-0.000908885
-0.000873245
-0.000888083
-0.00103571
-0.000951717
-0.00079756
-0.000535781
-0.00013845
0.000386206
0.00099532
0.00165796
0.00223898
0.00312827
0.00154289
-0.00115001
-0.00117396
-0.00103505
-0.00100634
-0.000977454
-0.00099877
-0.000979419
-0.000944783
-0.000961121
-0.0011473
-0.00105819
-0.000902394
-0.000614013
-0.000169136
0.000410934
0.00110167
0.00175969
0.00272795
0.00139852
-0.00128398
-0.00119486
-0.00148391
-0.000979952
-0.00100269
-0.00107809
-0.00105589
-0.00101719
-0.00103702
-0.00124486
-0.00118102
-0.00101739
-0.000692816
-0.000200168
0.000455586
0.001152
0.00215828
0.00112758
-0.00137515
-0.00136062
-0.0012754
-0.0014591
-0.00161624
-0.0021828
-0.00378636
0.0013358
-0.00119701
-0.00116069
-0.00109917
-0.00112607
-0.00137305
-0.0013226
-0.0011379
-0.000774195
-0.000218148
0.000456487
0.00144246
0.00077149
-0.00149678
-0.00146313
-0.00140757
-0.00140224
-0.00140541
-0.00139094
-0.00141682
-0.00143441
-0.00141936
-0.00101881
-0.000744462
-0.00152783
-0.00147362
-0.00126003
-0.00085026
-0.000260916
0.000628729
0.000359711
-0.00164982
-0.00159298
-0.00152167
-0.00149763
-0.00147676
-0.00144381
-0.00142519
-0.00143166
-0.00142703
-0.00142873
-0.00142847
-0.00149376
-0.00150179
-0.0013375
-0.00169783
-0.00163029
-0.00138688
-0.000929745
-0.000209568
-6.77385e-05
-0.00182522
-0.00174394
-0.00166107
-0.00163481
-0.00159707
-0.00156115
-0.00153299
-0.00151762
-0.00148965
-0.00146538
-0.0014451
-0.00145006
-0.00144574
-0.00145909
-0.00146844
-0.00187796
-0.00179715
-0.00149582
-0.000995414
-0.000476163
-0.00201678
-0.00191693
-0.00182014
-0.00178491
-0.00174102
-0.00170497
-0.00166242
-0.00164882
-0.00161685
-0.00157829
-0.00154977
-0.0015309
-0.00149911
-0.00148161
-0.00145717
-0.0020778
-0.00193388
-0.00166579
-0.000832217
-0.00224113
-0.00210807
-0.00199919
-0.00195068
-0.00190649
-0.00186299
-0.00181544
-0.00179559
-0.00175743
-0.00172052
-0.00167837
-0.00166036
-0.00162725
-0.0015926
-0.00156124
-0.00225298
-0.0021902
-0.00111414
-0.00246906
-0.00233894
-0.00220765
-0.00213808
-0.00209155
-0.00204127
-0.00198901
-0.00195901
-0.00191804
-0.00187257
-0.00183264
-0.00180439
-0.00176786
-0.00172964
-0.00169136
-0.00258465
-0.00131939
-0.00291785
-0.00256267
-0.00243512
-0.00236063
-0.00230508
-0.00224344
-0.00218778
-0.0021445
-0.00209545
-0.00204876
-0.00200354
-0.00196546
-0.00192931
-0.00187798
-0.00184133
-0.00145956
-0.00168392
-0.00303361
-0.00273903
-0.00259503
-0.00253245
-0.0024776
-0.00241446
-0.00235851
-0.00230381
-0.00224768
-0.00219532
-0.0021436
-0.00210149
-0.00205311
-0.00200911
-0.00159777
-0.00320867
-0.0029956
-0.00288504
-0.00275773
-0.00266739
-0.00259535
-0.00253184
-0.00247445
-0.00241652
-0.00235533
-0.00230268
-0.00224748
-0.00219475
-0.00137091
-0.00331571
-0.00336455
-0.00311532
-0.00296696
-0.00286493
-0.00276059
-0.00267221
-0.00258036
-0.00252255
-0.00246528
-0.00241026
-0.001344
-0.00364103
-0.00337936
-0.00308164
-0.00294957
-0.00283778
-0.00273922
-0.00265196
-0.00165002
-0.00394305
-0.00335923
-0.00306629
-0.0591015
-0.0591621
-0.0580563
-0.0594705
-0.0591293
-0.0582157
-0.0575446
-0.0601282
-0.0596859
-0.0589555
-0.0584128
-0.0576802
-0.0569702
-0.0603018
-0.0607604
-0.0601815
-0.0586306
-0.0576839
-0.0578225
-0.0570908
-0.0563558
-0.0609201
-0.0614055
-0.0611285
-0.0614389
-0.0589643
-0.0561946
-0.0564853
-0.0572047
-0.0564797
-0.0557834
-0.0615643
-0.0621181
-0.0636935
-0.0614767
-0.0627217
-0.0592767
-0.056543
-0.0538099
-0.0552793
-0.0566102
-0.056014
-0.0558941
-0.0552022
-0.0622346
-0.0627817
-0.0663283
-0.0640714
-0.0640366
-0.0617937
-0.0628981
-0.0595623
-0.0568467
-0.0541691
-0.0541066
-0.0515171
-0.0529478
-0.0554333
-0.0548303
-0.0553303
-0.0546095
-0.0633904
-0.0690483
-0.0667236
-0.0666968
-0.0653511
-0.0643959
-0.0641768
-0.063531
-0.0620813
-0.0598317
-0.0571211
-0.0544741
-0.0518627
-0.0542382
-0.0536585
-0.0518382
-0.0492894
-0.0506625
-0.053093
-0.0524996
-0.0547305
-0.0539959
-0.06402
-0.0718663
-0.0694579
-0.0694286
-0.0680488
-0.0670622
-0.066841
-0.0661788
-0.0655313
-0.0648519
-0.0646825
-0.0623559
-0.0601181
-0.0573835
-0.0547443
-0.0521639
-0.0496284
-0.0541194
-0.0535424
-0.051933
-0.0513968
-0.0495619
-0.0471304
-0.0484661
-0.0503508
-0.0529821
-0.0523807
-0.0534304
-0.0647348
-0.0747733
-0.0722809
-0.0722414
-0.0708253
-0.0698081
-0.0695814
-0.0689002
-0.0682362
-0.0675365
-0.0673597
-0.0666795
-0.0660352
-0.0654135
-0.0649587
-0.0626483
-0.0604554
-0.0576592
-0.0550006
-0.0524279
-0.0499205
-0.0474572
-0.0517442
-0.0509639
-0.0493393
-0.0473932
-0.0450319
-0.0463208
-0.0482655
-0.050016
-0.0505977
-0.0528588
-0.0522736
-0.0777006
-0.0751636
-0.0751494
-0.0736705
-0.0726338
-0.072404
-0.0717045
-0.0710213
-0.0703004
-0.0701144
-0.0694168
-0.0687539
-0.0681171
-0.0674177
-0.0676436
-0.0652589
-0.0629968
-0.0608841
-0.0579849
-0.0552699
-0.052678
-0.0501754
-0.0477378
-0.0453383
-0.0516746
-0.0511107
-0.0494593
-0.0489156
-0.0471891
-0.0452702
-0.042984
-0.0442313
-0.0461219
-0.0478452
-0.0483891
-0.0807399
-0.0781063
-0.07809
-0.0766352
-0.0755184
-0.0752864
-0.0745665
-0.0738669
-0.0731353
-0.0729436
-0.0722407
-0.071559
-0.0709031
-0.0701818
-0.0704079
-0.0679489
-0.0656183
-0.0634415
-0.0614371
-0.0584003
-0.0555844
-0.0529405
-0.0504175
-0.0479848
-0.0456114
-0.0432749
-0.0472875
-0.0467584
-0.0450509
-0.0432395
-0.0409834
-0.0421994
-0.044021
-0.0457119
-0.0462428
-0.0836744
-0.0812044
-0.0811882
-0.0796325
-0.0784813
-0.0781675
-0.0774399
-0.0769341
-0.0760049
-0.0758384
-0.075097
-0.0744132
-0.0737547
-0.0730234
-0.0732408
-0.070721
-0.0683157
-0.0660766
-0.0640142
-0.0621264
-0.0589352
-0.0559854
-0.0532484
-0.0506723
-0.0482204
-0.0458564
-0.0435433
-0.0412784
-0.0451569
-0.0446266
-0.0431261
-0.0412101
-0.0390239
-0.0402159
-0.0420239
-0.0435371
-0.0440878
-0.0843476
-0.0843646
-0.0827225
-0.0857978
-0.0862941
-0.0815801
-0.0813484
-0.0805967
-0.0798659
-0.0790329
-0.0788152
-0.0767796
-0.0758275
-0.0761449
-0.0735615
-0.0710965
-0.0687873
-0.0666651
-0.0647243
-0.0629411
-0.059602
-0.0565014
-0.0536387
-0.050974
-0.0484693
-0.0460884
-0.0437873
-0.0415426
-0.0393298
-0.0429958
-0.042836
-0.0409971
-0.0392512
-0.0371254
-0.0382923
-0.040018
-0.0415474
-0.0420345
-0.0876059
-0.0847731
-0.0860078
-0.0845598
-0.0837687
-0.0829939
-0.0821692
-0.0879308
-0.0877788
-0.0819035
-0.0791331
-0.0764752
-0.0739485
-0.0715784
-0.0693922
-0.067394
-0.0655599
-0.0638503
-0.0603935
-0.0571482
-0.0541397
-0.0513512
-0.0487613
-0.0463298
-0.0440151
-0.0417809
-0.0395931
-0.0374284
-0.0429013
-0.0410846
-0.0405966
-0.0390609
-0.0373537
-0.0352852
-0.036421
-0.038111
-0.0396437
-0.0401343
-0.0414454
-0.0418563
-0.0880635
-0.0850941
-0.087046
-0.0870551
-0.08623
-0.0853921
-0.0897155
-0.0879657
-0.0894785
-0.0822259
-0.0794767
-0.076878
-0.0744436
-0.0721986
-0.0701402
-0.0682509
-0.0664892
-0.0648156
-0.0612803
-0.0579181
-0.0547668
-0.0518375
-0.0491277
-0.0466131
-0.0442516
-0.042004
-0.0398259
-0.0376887
-0.0355807
-0.0409737
-0.0404994
-0.0391597
-0.0386779
-0.0371737
-0.0355075
-0.0334965
-0.0345985
-0.0362463
-0.0377378
-0.0382166
-0.0395394
-0.0400259
-0.0883913
-0.0854253
-0.0878527
-0.0870032
-0.0888635
-0.0897288
-0.082583
-0.0798943
-0.0773921
-0.0750823
-0.0729656
-0.071018
-0.0692006
-0.0674741
-0.0657983
-0.0622253
-0.0587825
-0.0555126
-0.0524463
-0.0495994
-0.0469683
-0.0445273
-0.0422347
-0.0400446
-0.037917
-0.0358357
-0.0337836
-0.0390491
-0.0385739
-0.0372619
-0.036794
-0.0353312
-0.0337089
-0.0317578
-0.0328216
-0.0344263
-0.0358786
-0.0363428
-0.0376307
-0.0381042
-0.088731
-0.0857898
-0.0887224
-0.0877249
-0.0895829
-0.0830118
-0.0804288
-0.0780505
-0.0758704
-0.0738633
-0.0719889
-0.0702045
-0.0684744
-0.0667701
-0.0631903
-0.0597059
-0.0563525
-0.0531719
-0.0501885
-0.0474224
-0.0448685
-0.0424984
-0.0402682
-0.0381305
-0.0360585
-0.0340318
-0.0320323
-0.0371513
-0.0366891
-0.0354138
-0.0349594
-0.0335335
-0.0319543
-0.0300622
-0.0310864
-0.0326497
-0.0340667
-0.0345184
-0.0357715
-0.0362319
-0.0891051
-0.086231
-0.0885769
-0.0894201
-0.0835608
-0.0811084
-0.0788597
-0.0767879
-0.0748531
-0.0730108
-0.0712217
-0.0694617
-0.0677163
-0.0641465
-0.0606504
-0.057252
-0.0539874
-0.0508895
-0.0479907
-0.0453063
-0.0428273
-0.0405233
-0.0383485
-0.0362659
-0.034248
-0.0322721
-0.0303196
-0.0353044
-0.0348549
-0.0336131
-0.0331725
-0.031777
-0.0302396
-0.0284059
-0.0294053
-0.03091
-0.032302
-0.0327399
-0.0339611
-0.0344101
-0.0895553
-0.0867952
-0.0842602
-0.0819391
-0.0797998
-0.0777971
-0.0758931
-0.0740434
-0.0722237
-0.0704205
-0.0686191
-0.0650783
-0.0615878
-0.058174
-0.0548621
-0.0516813
-0.0486694
-0.0458542
-0.0432488
-0.0408412
-0.0385969
-0.0364783
-0.03445
-0.0324835
-0.0305535
-0.0286538
-0.0335058
-0.0330705
-0.0318584
-0.0314291
-0.0300597
-0.0285965
-0.02678
-0.0277535
-0.0292648
-0.030575
-0.0310023
-0.0321976
-0.0326336
-0.0901297
-0.0875106
-0.0851114
-0.0828993
-0.0808288
-0.078855
-0.0769418
-0.0750594
-0.0731952
-0.0713346
-0.0694735
-0.0659689
-0.062503
-0.0590911
-0.0557605
-0.0525321
-0.0494359
-0.0465091
-0.0437752
-0.0412442
-0.0389034
-0.0367181
-0.0346554
-0.0326796
-0.0307634
-0.0288835
-0.0270345
-0.031755
-0.0313276
-0.0301287
-0.0297028
-0.0284774
-0.0269523
-0.0251936
-0.0261451
-0.0275926
-0.0289143
-0.0292923
-0.0304709
-0.0309003
-0.0908603
-0.0883793
-0.0860914
-0.0839464
-0.0819029
-0.0799192
-0.0779714
-0.0760433
-0.0741203
-0.0721991
-0.0702681
-0.0668127
-0.0633796
-0.0599874
-0.0566554
-0.0534064
-0.0502607
-0.0472493
-0.0444042
-0.0417493
-0.0392921
-0.0370129
-0.0348872
-0.0328804
-0.0309583
-0.0290918
-0.0272621
-0.0254536
-0.0300231
-0.0295766
-0.0286119
-0.0280623
-0.0267736
-0.0253635
-0.0236631
-0.0245786
-0.0259768
-0.0272377
-0.0276581
-0.0286317
-0.0291152
-0.0917477
-0.0893771
-0.087156
-0.0850357
-0.0829801
-0.0809619
-0.0789673
-0.0769801
-0.0749962
-0.0730034
-0.0709915
-0.0675992
-0.0642102
-0.0608464
-0.0575306
-0.0542782
-0.0511102
-0.0480474
-0.0451181
-0.0423555
-0.0397776
-0.0373869
-0.0351715
-0.0331066
-0.0311553
-0.029285
-0.0274664
-0.025681
-0.0239155
-0.0286892
-0.0278408
-0.0268497
-0.0264438
-0.0251968
-0.0238139
-0.0222037
-0.0230402
-0.0244164
-0.0256659
-0.0260672
-0.0271338
-0.0274997
-0.0927629
-0.0904578
-0.0882593
-0.0861256
-0.0840338
-0.081969
-0.0799157
-0.0778671
-0.0758114
-0.0737344
-0.0716348
-0.0683145
-0.0649854
-0.0616604
-0.0583699
-0.0551313
-0.051958
-0.048871
-0.0458897
-0.0430437
-0.0403583
-0.0378534
-0.0355317
-0.0333822
-0.0313739
-0.029477
-0.0276558
-0.025882
-0.0241396
-0.0224338
-0.0288486
-0.0277459
-0.0267538
-0.0263623
-0.0252774
-0.0248819
-0.0236414
-0.0222945
-0.0207142
-0.0215305
-0.0228653
-0.0241116
-0.0245048
-0.0255845
-0.0259792
-0.0270481
-0.0274127
-0.0938587
-0.091575
-0.0893601
-0.0871894
-0.0850504
-0.0829285
-0.0808141
-0.0786945
-0.0765541
-0.0743838
-0.0721948
-0.0689524
-0.0656925
-0.0624194
-0.0591644
-0.0559495
-0.0527883
-0.0496938
-0.0466866
-0.0437871
-0.0410191
-0.0384126
-0.0359793
-0.0337271
-0.0316387
-0.0296904
-0.0278443
-0.0260685
-0.0243376
-0.0226441
-0.0209789
-0.0266608
-0.0262764
-0.0251944
-0.0248032
-0.0237247
-0.0233387
-0.0221147
-0.0202532
-0.0192972
-0.0211163
-0.0226006
-0.0229677
-0.0240306
-0.0244199
-0.0254937
-0.0258823
-0.0949876
-0.0926862
-0.0904326
-0.0882144
-0.0860189
-0.0838378
-0.0816534
-0.0794508
-0.0772177
-0.0749502
-0.0726752
-0.069512
-0.0663232
-0.0631096
-0.0599037
-0.0567239
-0.0535846
-0.0505003
-0.0474839
-0.0445563
-0.0417355
-0.039047
-0.0365141
-0.0341548
-0.0319695
-0.029943
-0.0280492
-0.0262519
-0.0245191
-0.0228358
-0.0211843
-0.0195518
-0.0250971
-0.0247136
-0.023644
-0.0232572
-0.0222793
-0.0220934
-0.0205552
-0.0189753
-0.0198353
-0.0179175
-0.0211837
-0.0224855
-0.0228762
-0.0239388
-0.0243227
-0.0961069
-0.0937662
-0.0914646
-0.0891906
-0.0869359
-0.0846891
-0.0824236
-0.0801303
-0.0778007
-0.0754396
-0.0730858
-0.0699994
-0.0668771
-0.063725
-0.0605747
-0.0574435
-0.054338
-0.0512735
-0.0482653
-0.0453264
-0.0424769
-0.0397345
-0.0371224
-0.0346662
-0.0323783
-0.030258
-0.0282931
-0.0264506
-0.0246977
-0.0230114
-0.02137
-0.0197587
-0.0181633
-0.0235492
-0.0231708
-0.0220557
-0.0213524
-0.0206397
-0.0202716
-0.0191495
-0.0176239
-0.0184574
-0.0199159
-0.0195528
-0.0165753
-0.0213551
-0.0209989
-0.0224101
-0.0227873
-0.097193
-0.0948039
-0.0924463
-0.0901148
-0.0877953
-0.0854719
-0.0831185
-0.0807319
-0.0783106
-0.0758634
-0.0734332
-0.0704246
-0.0673614
-0.0642639
-0.0611716
-0.0580955
-0.0550369
-0.0520043
-0.0490149
-0.0460824
-0.04322
-0.0404473
-0.0377822
-0.0352479
-0.0328662
-0.0306474
-0.0285937
-0.0266837
-0.0248904
-0.0231849
-0.0215408
-0.0199415
-0.0183686
-0.0168053
-0.0220284
-0.0216226
-0.0191939
-0.0188536
-0.0177642
-0.0163273
-0.0170822
-0.0185213
-0.0181668
-0.0152682
-0.0982346
-0.0957903
-0.093375
-0.0909808
-0.0885869
-0.0861793
-0.0837365
-0.0812622
-0.0787617
-0.0762394
-0.0737039
-0.0707975
-0.0677851
-0.0647305
-0.061691
-0.058672
-0.0556688
-0.0526822
-0.049724
-0.0468076
-0.0439496
-0.0411626
-0.0384669
-0.0358788
-0.0334203
-0.0311109
-0.028962
-0.0269692
-0.0251139
-0.0233682
-0.021708
-0.0201087
-0.0185478
-0.0170093
-0.0154829
-0.0178089
-0.017481
-0.0163883
-0.0150559
-0.0157881
-0.0171555
-0.0168092
-0.0139697
-0.0992236
-0.0967227
-0.0942453
-0.0917796
-0.0893048
-0.0868094
-0.0842843
-0.0817352
-0.0791718
-0.0765867
-0.0739325
-0.0711295
-0.0681529
-0.0651323
-0.0621368
-0.0591736
-0.0562294
-0.0532959
-0.0503815
-0.0474929
-0.0446497
-0.0418653
-0.0391534
-0.0365333
-0.0340213
-0.031637
-0.0294011
-0.027319
-0.0253854
-0.0235821
-0.0218843
-0.0202688
-0.0187095
-0.0171874
-0.0156834
-0.014194
-0.0164356
-0.016078
-0.0152482
-0.0137019
-0.0144221
-0.0157166
-0.0153063
-0.0127047
-0.100157
-0.0975962
-0.0950474
-0.0925031
-0.0899458
-0.087367
-0.0847697
-0.0821608
-0.0795512
-0.0769293
-0.0714375
-0.0735141
-0.0747231
-0.068471
-0.0654749
-0.0625209
-0.0596078
-0.0567185
-0.0538394
-0.0509765
-0.0481287
-0.0453114
-0.0425399
-0.0398284
-0.0371905
-0.0346456
-0.0322086
-0.0298997
-0.0277332
-0.0257158
-0.0238393
-0.0220883
-0.0204393
-0.0188651
-0.0173479
-0.0158607
-0.0143919
-0.0129323
-0.0154266
-0.0146758
-0.0137917
-0.0124387
-0.0131647
-0.0144222
-0.0141275
-0.0114709
-0.101031
-0.0984012
-0.0957757
-0.0931476
-0.0905114
-0.0878591
-0.0851991
-0.0825357
-0.0798792
-0.0763662
-0.0778828
-0.0687321
-0.0709168
-0.0722658
-0.0736896
-0.0746403
-0.0657645
-0.0628542
-0.0599843
-0.0571416
-0.0543137
-0.0515045
-0.0487038
-0.0459258
-0.043178
-0.0404762
-0.0378368
-0.0352726
-0.0328021
-0.0304401
-0.0282033
-0.0261067
-0.0241506
-0.0223312
-0.0206308
-0.0190296
-0.0175011
-0.0160197
-0.0145674
-0.0131301
-0.0116996
-0.0156515
-0.0145976
-0.0138432
-0.0135269
-0.0125547
-0.0112126
-0.0119311
-0.0132317
-0.0129131
-0.0143507
-0.0140707
-0.0102654
-0.101838
-0.0991302
-0.0964273
-0.0937193
-0.0910096
-0.0882926
-0.0855709
-0.0828417
-0.07929
-0.0808129
-0.0765894
-0.0779917
-0.0660081
-0.0681932
-0.069519
-0.0709732
-0.0723946
-0.0735942
-0.0743709
-0.0756416
-0.0741218
-0.0631431
-0.060314
-0.0575108
-0.0547277
-0.0519661
-0.0492147
-0.046483
-0.0437707
-0.0410891
-0.0384578
-0.0358895
-0.0333983
-0.0310014
-0.0287135
-0.026548
-0.0245176
-0.0226246
-0.0208605
-0.0192123
-0.017658
-0.0161683
-0.0147239
-0.0133042
-0.0118982
-0.0104959
-0.0137585
-0.0134494
-0.0126038
-0.0122924
-0.0113255
-0.0100087
-0.0107125
-0.0119891
-0.0116756
-0.0131575
-0.0128405
-0.00908314
-0.10257
-0.0997825
-0.097004
-0.094226
-0.0914495
-0.0886682
-0.0858791
-0.0822612
-0.0838063
-0.0794081
-0.0808957
-0.0763757
-0.0770331
-0.0783913
-0.0776454
-0.0633897
-0.0655242
-0.0668248
-0.0682666
-0.0696008
-0.0707111
-0.0713705
-0.0727824
-0.0720967
-0.0734714
-0.0742878
-0.0732065
-0.0606019
-0.0578349
-0.0550895
-0.0523685
-0.0496643
-0.0469786
-0.0443078
-0.0416595
-0.0390457
-0.0364824
-0.0339849
-0.0315661
-0.0292431
-0.0270266
-0.0249328
-0.0229681
-0.021135
-0.0194276
-0.0178288
-0.0163165
-0.0148681
-0.013458
-0.0120711
-0.0106958
-0.00931928
-0.012513
-0.0122071
-0.011368
-0.0110638
-0.0101136
-0.00882293
-0.00951187
-0.0107645
-0.0104575
-0.0119114
-0.0115988
-0.00792125
-0.103223
-0.100363
-0.0975156
-0.0946753
-0.0918336
-0.0889865
-0.0852999
-0.0868675
-0.0823864
-0.0839054
-0.0791187
-0.0798706
-0.0813298
-0.0805791
-0.0608464
-0.0629244
-0.0642027
-0.0656137
-0.0669261
-0.0680125
-0.068675
-0.0700022
-0.0693412
-0.0707471
-0.0714101
-0.0727813
-0.0721033
-0.0581173
-0.0554075
-0.052722
-0.050058
-0.047414
-0.0447873
-0.0421774
-0.0395927
-0.0370437
-0.0345486
-0.0321219
-0.0297751
-0.0275243
-0.025381
-0.0233538
-0.0214556
-0.0196825
-0.0180281
-0.0164779
-0.0150096
-0.0135983
-0.0122218
-0.0108678
-0.00952281
-0.00816634
-0.0112778
-0.0109783
-0.0101535
-0.00985453
-0.00891881
-0.0076523
-0.00832655
-0.00956008
-0.00925755
-0.0106873
-0.0103802
-0.00677472
-0.103806
-0.100881
-0.0979728
-0.0950705
-0.0921642
-0.0884017
-0.0899974
-0.085429
-0.0869754
-0.0820958
-0.0828568
-0.0843467
-0.0835844
-0.0583574
-0.0603845
-0.0616406
-0.0630151
-0.0643026
-0.0653591
-0.0660149
-0.067324
-0.0666647
-0.0680535
-0.0687142
-0.0700478
-0.0693818
-0.0556851
-0.0530335
-0.0504038
-0.0477964
-0.0452098
-0.04264
-0.0400904
-0.0375675
-0.0350829
-0.0326561
-0.0302987
-0.0280236
-0.0258451
-0.023771
-0.0218138
-0.0199771
-0.0182623
-0.0166629
-0.0151616
-0.0137322
-0.0123542
-0.0110126
-0.00969297
-0.00837485
-0.00703123
-0.0100648
-0.00976993
-0.00895587
-0.00866232
-0.00773721
-0.00649216
-0.00715278
-0.00837076
-0.008072
-0.00948315
-0.00917985
-0.00564116
-0.104328
-0.101345
-0.0983783
-0.0954143
-0.0915714
-0.0931988
-0.0885341
-0.0901119
-0.0851325
-0.0859066
-0.0874261
-0.0866492
-0.0559205
-0.0579002
-0.059133
-0.0604736
-0.0617348
-0.0627626
-0.0634064
-0.0646893
-0.0640402
-0.0653974
-0.0660486
-0.067364
-0.0667046
-0.0533047
-0.0507086
-0.0481343
-0.0455823
-0.0430489
-0.0405364
-0.0380442
-0.0355822
-0.0331622
-0.0308023
-0.0285148
-0.0263106
-0.0242028
-0.0221993
-0.0203075
-0.0185336
-0.0168776
-0.0153281
-0.0138681
-0.0124777
-0.0111366
-0.00983107
-0.00854306
-0.00724501
-0.00590562
-0.00886756
-0.00857893
-0.00777139
-0.00748108
-0.00656264
-0.0053475
-0.00598575
-0.00719137
-0.00689566
-0.008293
-0.00799292
-0.00452453
-0.104799
-0.101758
-0.0987366
-0.0948127
-0.0964735
-0.0917075
-0.0933193
-0.0882317
-0.0890215
-0.0905736
-0.0897802
-0.0535349
-0.0554698
-0.0566787
-0.0579876
-0.0592226
-0.0602251
-0.0608557
-0.0621107
-0.0614746
-0.062799
-0.0634368
-0.0647246
-0.0640776
-0.0509738
-0.0484322
-0.0459105
-0.0434101
-0.040932
-0.0384722
-0.036039
-0.0336364
-0.0312798
-0.028987
-0.0267689
-0.0246357
-0.022598
-0.0206626
-0.0188353
-0.0171233
-0.0155194
-0.0140172
-0.0125989
-0.0112466
-0.00994386
-0.0086729
-0.00741085
-0.00612335
-0.00478056
-0.00768315
-0.00739627
-0.0065932
-0.00630561
-0.00539042
-0.00425607
-0.00481812
-0.00601735
-0.00572402
-0.00711152
-0.00681313
-0.00342413
-0.105229
-0.102136
-0.0981268
-0.0998203
-0.094953
-0.0966
-0.0913994
-0.0922063
-0.093793
-0.0929821
-0.0511986
-0.0530911
-0.0542763
-0.0555552
-0.0567647
-0.0577437
-0.0583611
-0.0595891
-0.0589662
-0.0602602
-0.0608844
-0.0621435
-0.0615104
-0.0486906
-0.0462003
-0.0437303
-0.041282
-0.0388544
-0.0364517
-0.0340708
-0.0317278
-0.0294352
-0.0272088
-0.0250605
-0.0229965
-0.0210279
-0.0191581
-0.0173951
-0.0157386
-0.0141879
-0.01273
-0.0113518
-0.0100357
-0.00876791
-0.0075277
-0.00628436
-0.00499475
-0.00365141
-0.00650316
-0.00621773
-0.00541839
-0.00513378
-0.00422759
-0.00319182
-0.00373769
-0.00484247
-0.00455242
-0.00593295
-0.00563594
-0.00232454
-0.105632
-0.101512
-0.103242
-0.0982713
-0.0999516
-0.0946397
-0.0954648
-0.0970871
-0.096258
-0.0489099
-0.0507619
-0.051924
-0.0531744
-0.0543591
-0.0553159
-0.0559204
-0.0571224
-0.0565126
-0.0577776
-0.0583887
-0.0596204
-0.0590009
-0.0464531
-0.0440137
-0.0415932
-0.0391953
-0.0368197
-0.0344646
-0.0321401
-0.0298561
-0.0276265
-0.0254675
-0.0233882
-0.0213932
-0.019491
-0.0176868
-0.0159823
-0.0143817
-0.0128775
-0.0114621
-0.0101198
-0.00883944
-0.00760301
-0.00638528
-0.005146
-0.00384294
-0.00249548
-0.00532677
-0.00503941
-0.00423081
-0.00394342
-0.00321466
-0.00210785
-0.00263809
-0.0036662
-0.00344561
-0.00475408
-0.0044549
-0.00125571
-0.10498
-0.10659
-0.101655
-0.103345
-0.0979549
-0.0987977
-0.100453
-0.0996082
-0.0466673
-0.0484805
-0.04962
-0.0508433
-0.0520038
-0.0529396
-0.0535316
-0.0547085
-0.0541114
-0.0553488
-0.055947
-0.0571526
-0.0565461
-0.0442604
-0.0418694
-0.0394984
-0.0371482
-0.0348193
-0.0325164
-0.0302457
-0.0280197
-0.0258535
-0.0237631
-0.0217515
-0.0198236
-0.0179869
-0.0162427
-0.0145955
-0.0130442
-0.0115842
-0.0102056
-0.00889902
-0.00764975
-0.0064362
-0.00522735
-0.0039719
-0.00263057
-0.00131937
-0.00413109
-0.00381354
-0.00326585
-0.00287108
-0.00209461
-0.00113896
-0.00164499
-0.00259938
-0.00233442
-0.00348314
-0.00311757
-0.000337988
-0.105023
-0.108513
-0.104995
-0.106977
-0.10134
-0.102193
-0.103866
-0.10301
-0.0444694
-0.0462451
-0.0473627
-0.04856
-0.0496972
-0.0506128
-0.0511927
-0.0523455
-0.0517606
-0.0529715
-0.0535573
-0.0547377
-0.0541439
-0.04211
-0.0397675
-0.0374421
-0.0351383
-0.0328581
-0.0306034
-0.0283846
-0.0262171
-0.0241185
-0.0220943
-0.0201494
-0.0182865
-0.0165109
-0.0148258
-0.0132296
-0.0117247
-0.0103033
-0.00895809
-0.00767968
-0.00645007
-0.00524865
-0.00402512
-0.00271597
-0.00134758
-0.000393144
-0.00332413
-0.00261399
-0.00207467
-0.00183689
-0.00119247
-0.000277012
-0.000827745
-0.00161557
-0.00139498
-0.00241937
-0.00220713
-0.104742
-0.107779
-0.105732
-0.108098
-0.109073
-0.107469
-0.0423145
-0.0440543
-0.0451506
-0.0463228
-0.0474374
-0.0483337
-0.0489019
-0.0500313
-0.0494582
-0.0506437
-0.0512176
-0.0523737
-0.0517921
-0.0400023
-0.0377045
-0.0354256
-0.0331674
-0.0309297
-0.0287221
-0.0265577
-0.024453
-0.0224188
-0.0204608
-0.0185803
-0.016779
-0.015063
-0.0134298
-0.0118828
-0.0104148
-0.00902457
-0.00770723
-0.00644635
-0.00522772
-0.0040096
-0.00273635
-0.00133508
-0.000432054
-0.0036113
-0.00256044
-0.00196488
-0.00173192
-0.00116576
-0.000975525
-0.000475121
-9.39791e-05
-0.000793825
-0.000635884
-0.00151064
-0.00128567
-0.00233773
-0.00211028
-0.106941
-0.10828
-0.10918
-0.107366
-0.0402016
-0.0419067
-0.0429822
-0.0441303
-0.045223
-0.0461006
-0.0466576
-0.0477644
-0.0472028
-0.0483637
-0.048926
-0.0500587
-0.0494888
-0.0379342
-0.0356819
-0.0334464
-0.0312291
-0.0290358
-0.0268749
-0.0247664
-0.0227242
-0.0207554
-0.0188614
-0.0170425
-0.0153001
-0.0136378
-0.0120557
-0.0105462
-0.00911363
-0.00774741
-0.00644299
-0.00518985
-0.0039503
-0.00269651
-0.00126868
-0.000463689
-0.00185984
-0.00162464
-0.00106393
-0.000868749
-0.000481829
-0.000376955
-0.00025215
-2.27901e-05
-0.000693526
-0.000532796
-0.00139275
-0.00116617
-0.108316
-0.109223
-0.0381292
-0.0398007
-0.0408563
-0.041981
-0.0430525
-0.0439121
-0.0444581
-0.0455431
-0.0449925
-0.0461298
-0.0466809
-0.047791
-0.0472325
-0.0359056
-0.033697
-0.0315023
-0.0293256
-0.0271714
-0.025061
-0.0230105
-0.0210324
-0.0191276
-0.0172946
-0.0155343
-0.0138466
-0.0122344
-0.0106928
-0.00921987
-0.00781079
-0.00645727
-0.00515492
-0.00387268
-0.00261657
-0.00115064
-0.00048934
-0.000944078
-0.000749991
-0.000391216
-0.000298497
-0.000224835
4.18855e-06
-0.00057198
-0.000413415
-0.036096
-0.0377352
-0.0387714
-0.0398735
-0.0409246
-0.0417667
-0.0423022
-0.043366
-0.0428261
-0.0439404
-0.0444808
-0.0455689
-0.0450214
-0.0339157
-0.0317472
-0.0295917
-0.0274513
-0.0253401
-0.0232812
-0.0212934
-0.0193795
-0.0175349
-0.0157589
-0.014053
-0.0124166
-0.0108486
-0.00934341
-0.00789438
-0.00649269
-0.00514152
-0.00380446
-0.00252355
-0.000996837
-0.000511223
-0.000277256
-0.000191868
-0.000136963
3.26834e-05
-0.0341009
-0.0357087
-0.0367264
-0.0378066
-0.0388378
-0.0396631
-0.0401883
-0.0412316
-0.0407021
-0.0417942
-0.0423243
-0.0433911
-0.0428541
-0.0319613
-0.0298332
-0.0277127
-0.0256069
-0.0235406
-0.0215421
-0.0196176
-0.0177627
-0.0159732
-0.0142508
-0.0125972
-0.0110081
-0.00947917
-0.00799989
-0.00656345
-0.00516362
-0.00376755
-0.00245178
-0.000841942
-0.000538737
-0.0321423
-0.03372
-0.03472
-0.0357789
-0.0367909
-0.0375999
-0.0381152
-0.0391386
-0.0386192
-0.0396898
-0.0402098
-0.0412561
-0.0407294
-0.0300435
-0.0279512
-0.0258614
-0.0237937
-0.0217814
-0.0198454
-0.0179795
-0.0161781
-0.0144405
-0.0127707
-0.0111655
-0.00961824
-0.00811945
-0.00665534
-0.00522217
-0.00377584
-0.0024172
-0.000720844
-0.000584405
-0.0302193
-0.0317677
-0.032751
-0.0337891
-0.0347827
-0.0355759
-0.0360816
-0.0370858
-0.0365761
-0.037626
-0.0381361
-0.0391625
-0.0386458
-0.0281593
-0.0260991
-0.0240375
-0.0220148
-0.0200668
-0.0181908
-0.0163761
-0.014623
-0.0129359
-0.0113165
-0.00975711
-0.00824585
-0.00676708
-0.00531288
-0.00383376
-0.00243893
-0.000665205
-0.000651105
-0.0283304
-0.0298502
-0.030818
-0.0318359
-0.0328118
-0.0335898
-0.0340862
-0.0350718
-0.0345716
-0.0356014
-0.0361019
-0.037109
-0.0366021
-0.0263068
-0.0242706
-0.0222438
-0.0202844
-0.0183996
-0.0165715
-0.0148001
-0.0130944
-0.0114595
-0.0098891
-0.00837087
-0.00688721
-0.00542563
-0.00393632
-0.00251828
-0.000696581
-0.000734452
-0.0264753
-0.0279659
-0.0289199
-0.0299178
-0.0308768
-0.0316403
-0.0321278
-0.0330955
-0.0326043
-0.0336147
-0.0341062
-0.0350945
-0.0345969
-0.0244839
-0.0224663
-0.0204973
-0.0186085
-0.0167696
-0.0149786
-0.0132487
-0.0115958
-0.0100128
-0.00848817
-0.00700542
-0.00554643
-0.00406322
-0.00263645
-0.000813208
-0.000816486
-0.0246562
-0.0261126
-0.0270553
-0.0280329
-0.0289763
-0.0297258
-0.0302049
-0.0311553
-0.0306728
-0.0316647
-0.0321473
-0.0331177
-0.0326291
-0.0226804
-0.0206974
-0.0188136
-0.0169719
-0.0151632
-0.0134059
-0.0117268
-0.0101279
-0.00859682
-0.0071157
-0.00566541
-0.00419934
-0.00277925
-0.00100077
-0.000882289
-0.0228707
-0.0242888
-0.0252229
-0.026179
-0.0271083
-0.0278446
-0.0283161
-0.0292501
-0.0287756
-0.0297499
-0.0302241
-0.0311771
-0.0306972
-0.020882
-0.019004
-0.0171777
-0.0153556
-0.0135701
-0.0118603
-0.0102363
-0.00869452
-0.00721388
-0.00577517
-0.004332
-0.00293016
-0.00122598
-0.000929181
-0.0210635
-0.0225013
-0.0234217
-0.0243535
-0.0252704
-0.0259947
-0.0264595
-0.0273781
-0.0269108
-0.0278687
-0.0283349
-0.0292714
-0.0287998
-0.019169
-0.0173779
-0.015551
-0.0137441
-0.0120027
-0.0103471
-0.00878423
-0.00729769
-0.00586956
-0.00445108
-0.003075
-0.00145389
-0.000963119
-0.0193223
-0.0206978
-0.0216377
-0.0225699
-0.0234609
-0.0241739
-0.0246335
-0.0255377
-0.0250762
-0.0260191
-0.0264781
-0.027399
-0.026935
-0.0175635
-0.0157425
-0.013922
-0.0121563
-0.0104679
-0.00887447
-0.00737117
-0.00594618
-0.00455099
-0.00320452
-0.00165814
-0.00100095
-0.0177367
-0.0190394
-0.0198118
-0.0207705
-0.0217127
-0.0223812
-0.0228415
-0.0237275
-0.0232688
-0.0241994
-0.0246526
-0.0255577
-0.0251015
-0.0159201
-0.0140987
-0.0123189
-0.0106035
-0.00897437
-0.00744372
-0.00600831
-0.00462886
-0.00331269
-0.00182946
-0.00105909
-0.016071
-0.0174094
-0.0182259
-0.0191233
-0.019842
-0.0205724
-0.0210793
-0.0219614
-0.0215107
-0.0224071
-0.0228563
-0.0237473
-0.0232963
-0.0142645
-0.0124865
-0.0107537
-0.00909058
-0.00752352
-0.00606338
-0.004686
-0.003395
-0.00196703
-0.00114097
-0.0144081
-0.0157459
-0.0165537
-0.0174432
-0.0182952
-0.0189712
-0.0193533
-0.019979
-0.0197593
-0.0208157
-0.0211382
-0.0219673
-0.0215411
-0.0126481
-0.0109133
-0.00922407
-0.00761859
-0.00612073
-0.0047293
-0.00345144
-0.00207293
-0.00123541
-0.0127946
-0.0141101
-0.014907
-0.0157866
-0.0166065
-0.01728
-0.0176808
-0.0185168
-0.0181178
-0.0189983
-0.0194745
-0.0199428
-0.0199934
-0.011072
-0.00937213
-0.0077329
-0.006191
-0.00476952
-0.00348612
-0.00215144
-0.00131903
-0.0112174
-0.0125069
-0.0132945
-0.0141604
-0.0149677
-0.0156278
-0.0160311
-0.016849
-0.0164453
-0.0172978
-0.0177104
-0.0185522
-0.0181311
-0.0189873
-0.019406
-0.0193767
-0.01983
-0.00952435
-0.00786407
-0.00628056
-0.0048163
-0.00350445
-0.0022048
-0.00136623
-0.00966673
-0.0109322
-0.0117104
-0.0125599
-0.0133557
-0.0140012
-0.0144023
-0.0152094
-0.0148061
-0.0156485
-0.0160574
-0.016879
-0.0164676
-0.0173184
-0.01773
-0.018565
-0.0181491
-0.00800442
-0.00639004
-0.0048764
-0.00351667
-0.00223607
-0.00136002
-0.00814134
-0.0093844
-0.0101524
-0.0109861
-0.0117697
-0.0124018
-0.012798
-0.0135927
-0.0131938
-0.0140227
-0.0144262
-0.0152367
-0.0148296
-0.0156699
-0.0160765
-0.0169002
-0.0164893
-0.00651361
-0.00495551
-0.00353653
-0.00225059
-0.00130165
-0.00664105
-0.00786247
-0.00862027
-0.00943908
-0.0102101
-0.0108309
-0.0112205
-0.0120024
-0.0116089
-0.0124236
-0.0128203
-0.0136178
-0.0132159
-0.0140433
-0.014444
-0.0152567
-0.0148509
-0.00505406
-0.00357418
-0.0022563
-0.00120767
-0.00516553
-0.00636493
-0.00711337
-0.0079181
-0.00867689
-0.00928683
-0.00967055
-0.0104388
-0.0100513
-0.0108517
-0.0112425
-0.0120259
-0.0116315
-0.0124436
-0.0128375
-0.0136368
-0.0132374
-0.00363588
-0.00226466
-0.00110289
-0.0037204
-0.00488916
-0.00563039
-0.00642211
-0.00716923
-0.00776946
-0.00814706
-0.00890225
-0.00852096
-0.00930792
-0.00969182
-0.0104624
-0.0100745
-0.0108721
-0.0112594
-0.0120443
-0.0116517
-0.00228804
-0.00101149
-0.00233013
-0.00343071
-0.00416922
-0.00494876
-0.00568563
-0.00627806
-0.00664991
-0.00739226
-0.00701697
-0.00779114
-0.00816857
-0.00892543
-0.0085442
-0.00932787
-0.00970854
-0.0104796
-0.010094
-0.000949416
-0.000924489
-0.00199804
-0.00272897
-0.00349227
-0.00422299
-0.0048109
-0.00517827
-0.00590834
-0.00553836
-0.00630113
-0.0066721
-0.00741564
-0.00704093
-0.00781131
-0.00818503
-0.00894302
-0.00856428
-0.000531942
-0.00133854
-0.00204654
-0.00277297
-0.00336179
-0.00372843
-0.00444898
-0.00408218
-0.00483731
-0.00520225
-0.00593268
-0.00556436
-0.00632227
-0.00668926
-0.00743353
-0.00706153
-0.000550839
-0.00134954
-0.00190485
-0.00228375
-0.00300643
-0.00263569
-0.00339552
-0.00375651
-0.00447582
-0.00411292
-0.00486115
-0.00522138
-0.00595171
-0.00558656
-0.000329048
-0.000804629
-0.00154953
-0.00116343
-0.00194996
-0.00231874
-0.00303857
-0.00267606
-0.00342641
-0.00378087
-0.00449799
-0.00413946
-0.000339821
-0.000824901
-0.00158262
-0.00120265
-0.00199642
-0.00235571
-0.00306891
-0.00271344
-0.000353912
-0.000850125
-0.00162737
-0.0012477
)
;

boundaryField
{
    inlet
    {
        type            zeroGradient;
    }
    outlet
    {
        type            fixedValue;
        value           uniform 0;
    }
    wall
    {
        type            zeroGradient;
    }
    front
    {
        type            empty;
    }
    back
    {
        type            empty;
    }
    vanem
    {
        type            zeroGradient;
    }
    vaneu
    {
        type            zeroGradient;
    }
    vanel
    {
        type            zeroGradient;
    }
    procBoundary3to2
    {
        type            processor;
        value           nonuniform List<scalar> 
57
(
-0.109179
-0.109179
-0.108783
-0.108344
-0.107863
-0.107336
-0.10675
-0.106095
-0.105364
-0.104559
-0.103684
-0.10275
-0.10176
-0.100717
-0.0996266
-0.0985002
-0.0973625
-0.0962528
-0.0952229
-0.0943187
-0.0935703
-0.0929797
-0.0925184
-0.0921355
-0.0917828
-0.0914241
-0.091026
-0.091026
-0.0914951
0.00204339
0.00223499
0.00223499
0.0023434
0.00246149
0.00259395
0.00271669
0.00279511
0.00281488
0.0027713
0.00266826
0.00251259
0.00231916
0.00210175
0.00185577
0.0016062
-0.110338
-0.110043
-0.109969
-0.0912185
-0.0905756
-0.0904385
0.00183066
0.0021778
-0.110116
-0.0902941
0.00190749
0.00186382
)
;
    }
}


// ************************************************************************* //
