/*--------------------------------*- C++ -*----------------------------------*\
| =========                 |                                                 |
| \\      /  F ield         | OpenFOAM: The Open Source CFD Toolbox           |
|  \\    /   O peration     | Version:  v1912                                 |
|   \\  /    A nd           | Website:  www.openfoam.com                      |
|    \\/     M anipulation  |                                                 |
\*---------------------------------------------------------------------------*/
FoamFile
{
    version     2.0;
    format      ascii;
    class       labelList;
    note        "nPoints:8726  nCells:3754  nFaces:15624  nInternalFaces:7354";
    location    "constant/polyMesh";
    object      neighbour;
}
// * * * * * * * * * * * * * * * * * * * * * * * * * * * * * * * * * * * * * //


7354
(
1
2
3
4
4
5
6
7
7
8
8
9
10
11
12
12
13
13
14
15
10
16
17
14
18
19
20
21
21
22
22
23
24
15
25
26
23
27
28
17
19
19
26
29
30
30
31
31
32
24
33
34
32
35
26
28
28
34
36
37
38
39
39
40
40
41
35
41
42
43
34
35
44
45
44
46
47
37
45
48
49
49
50
50
51
51
52
43
46
53
54
52
55
45
56
47
54
56
57
58
59
59
60
60
61
61
62
55
62
63
55
64
65
66
57
66
67
68
69
70
70
71
71
72
72
73
73
74
67
74
75
76
67
77
78
79
66
77
80
68
76
80
81
82
82
83
83
84
84
85
85
86
86
87
87
88
89
90
78
90
79
91
92
93
94
94
95
91
96
97
97
98
98
99
99
100
100
101
101
102
102
103
103
104
105
106
90
106
107
92
95
107
108
109
94
108
110
111
111
112
113
113
114
114
115
115
116
116
117
117
118
118
119
119
120
120
121
122
123
106
123
124
125
125
126
127
109
128
127
129
111
128
130
131
131
132
132
133
133
134
134
135
135
136
136
137
137
138
138
139
139
140
141
142
123
142
143
144
125
144
145
146
147
148
127
147
149
150
129
150
151
152
152
153
153
154
154
155
155
156
156
157
157
158
158
159
159
160
160
161
161
162
163
142
162
164
165
144
165
166
167
168
169
146
168
170
148
171
148
172
173
150
172
174
175
175
176
176
177
177
178
178
179
179
180
180
181
181
182
182
183
183
184
184
185
164
186
187
188
185
186
189
165
190
191
192
193
167
192
194
169
195
169
196
197
171
196
198
173
173
199
200
200
201
201
202
202
203
203
204
204
205
205
206
206
207
207
208
208
209
209
210
210
211
212
213
214
188
214
215
216
190
217
218
219
211
212
220
191
219
193
221
193
222
223
195
222
224
197
225
197
226
227
226
228
229
229
230
230
231
231
232
232
233
233
234
234
235
235
236
236
237
237
238
238
239
239
240
240
241
242
243
244
214
244
245
246
247
248
216
248
217
218
249
221
249
241
242
250
223
251
223
252
253
225
252
227
227
254
255
255
256
256
257
257
258
258
259
259
260
260
261
261
262
262
263
263
264
264
265
265
266
266
267
267
268
269
270
271
244
271
272
273
274
275
246
275
247
248
251
268
269
276
253
253
277
278
278
279
279
280
280
281
281
282
282
283
283
284
284
285
285
286
286
287
287
288
288
289
289
290
290
291
291
292
293
294
295
271
295
296
297
298
299
273
299
300
274
301
275
302
292
293
303
304
305
305
306
306
307
307
308
308
309
309
310
310
311
311
312
312
313
313
314
314
315
315
316
316
317
317
318
318
319
319
320
321
322
323
295
323
324
325
326
327
297
327
328
298
329
299
330
331
301
331
302
320
321
332
333
334
334
335
335
336
336
337
337
338
338
339
339
340
340
341
341
342
342
343
343
344
344
345
345
346
346
347
347
348
348
349
349
350
351
352
353
323
353
354
355
356
357
325
357
358
326
359
327
360
361
329
361
330
331
350
351
362
363
364
364
365
365
366
366
367
367
368
368
369
369
370
370
371
371
372
372
373
373
374
374
375
375
376
376
377
377
378
378
379
379
380
380
381
382
383
384
353
384
385
386
387
388
355
388
389
356
390
357
391
392
359
392
360
361
381
382
393
394
395
395
396
396
397
397
398
398
399
399
400
400
401
401
402
402
403
403
404
404
405
405
406
406
407
407
408
408
409
409
410
410
411
411
412
412
413
414
415
416
384
416
417
418
419
420
386
420
421
387
422
388
423
424
390
424
391
392
413
414
425
426
427
427
428
428
429
429
430
430
431
431
432
432
433
433
434
434
435
435
436
436
437
437
438
438
439
439
440
440
441
441
442
442
443
443
444
444
445
445
446
447
448
449
416
449
450
451
452
453
418
453
454
419
455
420
456
457
422
457
423
424
446
447
458
459
460
460
461
461
462
462
463
463
464
464
465
465
466
466
467
467
468
468
469
469
470
470
471
471
472
472
473
473
474
474
475
475
476
476
477
477
478
478
479
479
480
481
482
483
449
483
484
485
486
487
451
487
488
452
489
453
490
491
455
491
492
456
457
480
481
493
494
495
495
496
496
497
497
498
498
499
499
500
500
501
501
502
502
503
503
504
504
505
505
506
506
507
507
508
508
509
509
510
510
511
511
512
512
513
513
514
514
515
515
516
517
518
519
483
519
520
521
522
523
485
523
524
486
525
487
526
527
489
527
528
490
529
491
530
531
531
516
517
532
533
534
534
535
535
536
536
537
537
538
538
539
539
540
540
541
541
542
542
543
543
544
544
545
545
546
546
547
547
548
548
549
549
550
550
551
551
552
552
553
553
554
554
555
555
556
557
558
559
519
559
560
561
521
561
562
522
563
523
564
565
525
565
566
526
567
527
568
569
529
569
530
531
556
557
570
571
572
572
573
573
574
574
575
575
576
576
577
577
578
578
579
579
580
580
581
581
582
582
583
583
584
584
585
585
586
586
587
587
588
588
589
589
590
590
591
591
592
592
593
593
594
594
595
596
597
598
559
598
599
600
561
600
601
602
562
603
604
563
605
564
606
565
607
608
567
608
568
569
595
596
609
610
611
611
612
612
613
613
614
614
615
615
616
616
617
617
618
618
619
619
620
620
621
621
622
622
623
623
624
624
625
625
626
626
627
627
628
628
629
629
630
630
631
631
632
632
633
633
634
634
635
636
637
638
598
638
639
640
600
640
641
642
643
644
602
643
604
604
605
606
607
608
635
636
645
646
647
647
648
649
648
650
651
652
650
653
654
655
653
656
657
656
658
658
659
659
660
660
661
661
662
662
663
663
664
664
665
665
666
666
667
667
668
668
669
669
670
670
671
671
672
672
673
673
674
674
675
675
676
676
677
677
678
679
680
681
638
681
682
683
640
683
684
685
686
687
642
686
644
644
678
679
688
689
690
690
691
692
649
652
691
693
651
654
694
695
696
693
694
655
657
696
697
698
699
697
700
701
702
703
704
705
702
703
706
704
707
707
708
708
709
709
710
710
711
711
712
712
713
713
714
714
715
715
716
716
717
717
718
718
719
719
720
720
721
721
722
722
723
723
724
724
725
725
726
726
727
728
729
730
681
730
731
732
683
732
733
734
735
736
685
735
687
687
727
728
737
738
739
739
740
741
692
742
740
743
742
744
745
745
746
747
748
696
747
749
699
698
700
749
750
702
750
751
706
705
752
753
754
755
753
756
751
752
754
757
757
758
758
759
759
760
760
761
761
762
762
763
763
764
764
765
765
766
766
767
767
768
768
769
769
770
770
771
771
772
772
773
773
774
774
775
775
776
776
777
778
779
780
730
780
781
782
732
782
783
784
785
786
734
785
736
736
777
778
787
788
789
789
790
791
741
792
790
793
743
794
795
792
796
797
745
794
798
748
747
799
798
799
800
752
800
756
801
802
755
803
804
805
804
806
803
807
808
805
809
809
810
810
811
811
812
812
813
813
814
814
815
815
816
816
817
817
818
818
819
819
820
820
821
821
822
822
823
823
824
824
825
825
826
826
827
827
828
828
829
830
831
832
780
832
833
834
782
834
835
836
837
838
784
837
839
786
840
786
841
842
829
830
843
844
845
845
846
791
847
846
848
793
849
850
847
851
852
795
853
797
854
797
849
855
856
853
857
857
801
802
808
806
858
859
806
860
861
862
861
863
864
865
808
858
866
867
863
868
868
869
869
870
870
871
871
872
872
873
873
874
874
875
875
876
876
877
877
878
878
879
879
880
880
881
881
882
882
883
883
884
884
885
885
886
886
887
887
888
889
890
891
832
891
892
893
834
893
894
895
896
897
836
896
898
838
899
838
900
901
840
900
842
842
888
889
902
903
904
904
905
848
905
906
907
848
908
909
910
911
850
912
852
913
852
908
914
915
854
916
856
856
912
916
859
917
865
918
862
864
919
920
921
922
923
924
922
925
926
923
927
865
919
928
867
917
927
929
929
930
930
931
931
932
932
933
933
934
934
935
935
936
936
937
937
938
938
939
939
940
940
941
941
942
942
943
943
944
944
945
945
946
946
947
947
948
948
949
950
951
952
891
952
953
954
893
954
955
956
957
958
895
957
959
897
960
897
961
962
899
961
901
901
949
950
963
964
965
965
966
966
967
907
910
968
969
970
967
971
909
972
911
973
911
968
974
913
915
915
972
918
928
928
975
921
975
925
924
976
977
978
979
980
978
981
982
926
976
983
979
984
985
984
986
986
987
987
988
988
989
989
990
990
991
991
992
992
993
993
994
994
995
995
996
996
997
997
998
998
999
999
1000
1000
1001
1001
1002
1002
1003
1003
1004
1004
1005
1005
1006
1007
1008
1009
952
1009
1010
1011
954
1011
1012
1013
1014
1015
956
1014
1016
958
1017
958
1018
1019
960
1018
962
962
1006
1007
1020
1021
1022
1022
1023
1023
1024
971
1024
1025
1026
974
1027
970
971
1027
1028
1029
973
974
985
977
1030
981
1031
980
1032
1033
1034
1035
1036
1034
1037
982
1038
1032
1039
1030
1035
1040
1040
1041
1041
1042
1042
1043
1043
1044
1044
1045
1045
1046
1046
1047
1047
1048
1048
1049
1049
1050
1050
1051
1051
1052
1052
1053
1053
1054
1054
1055
1055
1056
1056
1057
1057
1058
1058
1059
1059
1060
1060
1061
1062
1063
1064
1009
1064
1065
1066
1011
1066
1067
1068
1069
1070
1013
1069
1071
1015
1072
1015
1073
1074
1017
1073
1019
1019
1061
1062
1075
1076
1077
1077
1078
1078
1079
1079
1080
1026
1028
1081
1082
1080
1083
1029
1082
1084
1031
1038
1033
1085
1037
1086
1036
1087
1088
1089
1090
1088
1091
1086
1087
1092
1093
1039
1085
1089
1094
1094
1095
1095
1096
1096
1097
1097
1098
1098
1099
1099
1100
1100
1101
1101
1102
1102
1103
1103
1104
1104
1105
1105
1106
1106
1107
1107
1108
1108
1109
1109
1110
1110
1111
1111
1112
1112
1113
1113
1114
1114
1115
1116
1117
1118
1064
1118
1119
1120
1066
1120
1121
1122
1123
1124
1068
1123
1125
1070
1126
1070
1127
1128
1072
1127
1074
1074
1115
1116
1129
1130
1131
1131
1132
1132
1133
1133
1134
1083
1134
1135
1083
1136
1137
1138
1084
1138
1139
1140
1086
1141
1142
1091
1143
1144
1090
1145
1146
1147
1148
1146
1149
1145
1150
1151
1093
1143
1142
1147
1152
1152
1153
1153
1154
1154
1155
1155
1156
1156
1157
1157
1158
1158
1159
1159
1160
1160
1161
1161
1162
1162
1163
1163
1164
1164
1165
1165
1166
1166
1167
1167
1168
1168
1169
1169
1170
1170
1171
1171
1172
1172
1173
1174
1175
1176
1118
1176
1177
1178
1120
1178
1179
1180
1181
1182
1122
1181
1183
1124
1184
1124
1185
1186
1126
1185
1128
1128
1173
1174
1187
1188
1189
1189
1190
1190
1191
1191
1192
1192
1193
1139
1193
1194
1195
1139
1196
1197
1198
1138
1196
1140
1195
1142
1144
1151
1199
1149
1200
1201
1148
1202
1203
1204
1203
1205
1202
1206
1207
1151
1200
1208
1209
1204
1210
1210
1211
1211
1212
1212
1213
1213
1214
1214
1215
1215
1216
1216
1217
1217
1218
1218
1219
1219
1220
1220
1221
1221
1222
1222
1223
1223
1224
1224
1225
1225
1226
1226
1227
1227
1228
1228
1229
1229
1230
1230
1231
1232
1233
1234
1176
1234
1235
1236
1178
1236
1237
1238
1239
1240
1180
1239
1241
1182
1242
1182
1243
1244
1184
1243
1186
1186
1231
1232
1245
1246
1247
1247
1248
1248
1249
1249
1250
1250
1251
1251
1252
1252
1253
1254
1255
1197
1255
1198
1256
1257
1258
1258
1209
1201
1259
1207
1260
1205
1261
1262
1205
1263
1264
1265
1264
1266
1267
1207
1261
1268
1269
1209
1259
1266
1270
1270
1271
1271
1272
1272
1273
1273
1274
1274
1275
1275
1276
1276
1277
1277
1278
1278
1279
1279
1280
1280
1281
1281
1282
1282
1283
1283
1284
1284
1285
1285
1286
1286
1287
1287
1288
1288
1289
1289
1290
1290
1291
1292
1293
1294
1234
1294
1295
1296
1236
1296
1297
1298
1299
1300
1238
1299
1301
1240
1302
1240
1303
1304
1242
1303
1244
1244
1291
1292
1305
1306
1307
1307
1308
1308
1309
1309
1310
1310
1311
1311
1312
1312
1313
1313
1314
1315
1316
1255
1316
1317
1318
1256
1318
1319
1320
1321
1258
1319
1260
1269
1262
1322
1267
1323
1265
1267
1324
1325
1326
1327
1328
1326
1329
1330
1327
1331
1323
1332
1333
1269
1322
1334
1331
1335
1335
1336
1336
1337
1337
1338
1338
1339
1339
1340
1340
1341
1341
1342
1342
1343
1343
1344
1344
1345
1345
1346
1346
1347
1347
1348
1348
1349
1349
1350
1350
1351
1351
1352
1352
1353
1353
1354
1354
1355
1355
1356
1357
1358
1359
1294
1359
1360
1361
1296
1361
1362
1363
1364
1365
1298
1364
1366
1300
1367
1300
1368
1369
1302
1368
1304
1304
1356
1357
1370
1371
1372
1372
1373
1373
1374
1374
1375
1375
1376
1376
1377
1377
1378
1378
1379
1379
1380
1381
1382
1316
1382
1383
1384
1385
1386
1318
1386
1387
1321
1320
1388
1387
1388
1323
1389
1390
1325
1333
1329
1391
1328
1392
1393
1394
1395
1396
1394
1397
1398
1330
1399
1392
1400
1395
1401
1333
1390
1389
1401
1402
1402
1403
1403
1404
1404
1405
1405
1406
1406
1407
1407
1408
1408
1409
1409
1410
1410
1411
1411
1412
1412
1413
1413
1414
1414
1415
1415
1416
1416
1417
1417
1418
1418
1419
1419
1420
1420
1421
1421
1422
1422
1423
1424
1425
1426
1359
1426
1427
1428
1361
1428
1429
1430
1431
1432
1363
1431
1433
1365
1434
1365
1435
1436
1367
1435
1369
1369
1423
1424
1437
1438
1439
1439
1440
1440
1441
1441
1442
1442
1443
1443
1444
1444
1445
1445
1446
1446
1447
1447
1448
1449
1450
1382
1450
1451
1452
1453
1454
1384
1454
1455
1385
1456
1386
1457
1458
1458
1459
1459
1390
1399
1393
1460
1397
1461
1396
1462
1463
1464
1465
1466
1464
1467
1398
1468
1462
1469
1400
1460
1465
1470
1470
1471
1471
1472
1472
1473
1473
1474
1474
1475
1475
1476
1476
1477
1477
1478
1478
1479
1479
1480
1480
1481
1481
1482
1482
1483
1483
1484
1484
1485
1485
1486
1486
1487
1487
1488
1488
1489
1489
1490
1490
1491
1491
1492
1493
1494
1495
1426
1495
1496
1497
1428
1497
1498
1499
1500
1501
1430
1500
1502
1432
1503
1432
1504
1505
1434
1504
1506
1436
1507
1436
1508
1509
1492
1493
1510
1511
1512
1512
1513
1513
1514
1514
1515
1515
1516
1516
1517
1517
1518
1518
1519
1519
1520
1520
1521
1521
1522
1523
1524
1450
1524
1525
1526
1527
1528
1452
1528
1529
1453
1530
1454
1531
1532
1456
1532
1533
1457
1534
1458
1535
1536
1536
1461
1468
1463
1537
1467
1538
1466
1539
1540
1541
1542
1540
1543
1538
1539
1544
1545
1469
1537
1546
1541
1547
1547
1548
1548
1549
1549
1550
1550
1551
1551
1552
1552
1553
1553
1554
1554
1555
1555
1556
1556
1557
1557
1558
1558
1559
1559
1560
1560
1561
1561
1562
1562
1563
1563
1564
1564
1565
1565
1566
1566
1567
1567
1568
1568
1569
1570
1571
1572
1495
1572
1573
1574
1497
1574
1575
1576
1577
1578
1499
1577
1579
1501
1580
1501
1581
1582
1503
1581
1583
1505
1584
1505
1585
1586
1507
1585
1509
1509
1569
1570
1587
1588
1589
1589
1590
1590
1591
1591
1592
1592
1593
1593
1594
1594
1595
1595
1596
1596
1597
1597
1598
1598
1599
1599
1600
1601
1602
1524
1602
1603
1604
1605
1606
1526
1606
1607
1527
1608
1528
1609
1610
1530
1610
1531
1532
1534
1535
1536
1538
1611
1612
1543
1613
1614
1542
1615
1616
1617
1618
1616
1619
1615
1620
1621
1545
1613
1612
1611
1617
1622
1622
1623
1623
1624
1624
1625
1625
1626
1626
1627
1627
1628
1628
1629
1629
1630
1630
1631
1631
1632
1632
1633
1633
1634
1634
1635
1635
1636
1636
1637
1637
1638
1638
1639
1639
1640
1640
1641
1641
1642
1642
1643
1643
1644
1645
1646
1647
1572
1647
1648
1649
1574
1649
1650
1651
1652
1653
1576
1652
1654
1578
1655
1578
1656
1657
1580
1656
1658
1582
1659
1582
1660
1661
1584
1660
1586
1586
1644
1645
1662
1663
1664
1664
1665
1665
1666
1666
1667
1667
1668
1668
1669
1669
1670
1670
1671
1671
1672
1672
1673
1673
1674
1674
1675
1675
1676
1677
1678
1602
1678
1679
1680
1681
1682
1604
1682
1683
1605
1684
1606
1685
1686
1608
1686
1609
1610
1612
1614
1621
1619
1687
1688
1618
1689
1690
1691
1692
1690
1693
1689
1694
1695
1621
1687
1696
1697
1691
1698
1698
1699
1699
1700
1700
1701
1701
1702
1702
1703
1703
1704
1704
1705
1705
1706
1706
1707
1707
1708
1708
1709
1709
1710
1710
1711
1711
1712
1712
1713
1713
1714
1714
1715
1715
1716
1716
1717
1717
1718
1718
1719
1719
1720
1721
1722
1647
1721
1723
1724
1649
1724
1725
1726
1727
1728
1651
1727
1729
1653
1730
1653
1731
1732
1655
1731
1733
1657
1734
1657
1735
1736
1659
1735
1661
1661
1720
1722
1737
1738
1739
1739
1740
1740
1741
1741
1742
1742
1743
1743
1744
1744
1745
1745
1746
1746
1747
1747
1748
1748
1749
1749
1750
1750
1751
1751
1752
1753
1754
1755
1678
1754
1756
1757
1758
1759
1680
1759
1681
1682
1760
1761
1684
1761
1685
1686
1688
1762
1695
1763
1693
1764
1765
1692
1766
1767
1768
1767
1769
1766
1770
1771
1695
1764
1772
1773
1697
1762
1768
1774
1774
1775
1775
1776
1776
1777
1777
1778
1778
1779
1779
1780
1780
1781
1781
1782
1782
1783
1783
1784
1784
1785
1785
1786
1786
1787
1787
1788
1788
1789
1789
1790
1790
1791
1791
1792
1792
1793
1793
1794
1794
1795
1795
1796
1723
1797
1798
1799
1797
1800
1724
1801
1802
1803
1726
1802
1804
1728
1805
1728
1806
1807
1730
1806
1808
1732
1809
1732
1810
1811
1734
1810
1736
1736
1796
1800
1812
1813
1813
1814
1814
1815
1815
1816
1816
1817
1817
1818
1818
1819
1819
1820
1820
1821
1821
1822
1822
1823
1823
1824
1824
1825
1825
1826
1755
1827
1828
1829
1754
1827
1830
1831
1832
1833
1834
1826
1835
1757
1834
1758
1759
1761
1763
1773
1765
1836
1771
1837
1769
1838
1839
1769
1840
1841
1842
1841
1843
1844
1771
1838
1845
1846
1773
1836
1843
1847
1847
1848
1848
1849
1849
1850
1850
1851
1851
1852
1852
1853
1853
1854
1854
1855
1855
1856
1856
1857
1857
1858
1858
1859
1859
1860
1860
1861
1861
1862
1862
1863
1863
1864
1864
1865
1865
1866
1866
1867
1867
1868
1868
1869
1870
1871
1872
1799
1872
1873
1874
1801
1875
1876
1870
1877
1803
1878
1879
1880
1803
1881
1880
1805
1881
1882
1807
1883
1807
1884
1885
1809
1884
1811
1811
1869
1877
1886
1887
1887
1888
1888
1889
1889
1890
1890
1891
1891
1892
1892
1893
1893
1894
1894
1895
1895
1896
1896
1897
1897
1898
1898
1899
1835
1899
1900
1829
1832
1835
1901
1902
1903
1903
1904
1831
1905
1833
1904
1905
1834
1906
1837
1846
1839
1907
1844
1908
1842
1844
1909
1910
1911
1912
1913
1911
1914
1915
1912
1916
1908
1917
1918
1846
1907
1919
1920
1916
1921
1921
1922
1922
1923
1923
1924
1924
1925
1925
1926
1926
1927
1927
1928
1928
1929
1929
1930
1930
1931
1931
1932
1932
1933
1933
1934
1934
1935
1935
1936
1936
1937
1937
1938
1938
1939
1939
1940
1940
1941
1941
1942
1942
1943
1944
1945
1946
1872
1946
1947
1948
1949
1950
1874
1950
1875
1876
1878
1944
1951
1879
1952
1881
1952
1953
1883
1953
1885
1885
1943
1951
1954
1955
1955
1956
1956
1957
1957
1958
1958
1959
1959
1960
1960
1961
1961
1962
1962
1963
1963
1964
1964
1965
1965
1966
1966
1967
1906
1967
1968
1969
1906
1970
1971
1972
1903
1970
1973
1974
1974
1975
1975
1969
1908
1976
1977
1910
1918
1914
1913
1978
1979
1980
1981
1982
1980
1983
1984
1915
1978
1985
1981
1986
1918
1977
1920
1976
1986
1987
1987
1988
1988
1989
1989
1990
1990
1991
1991
1992
1992
1993
1993
1994
1994
1995
1995
1996
1996
1997
1997
1998
1998
1999
1999
2000
2000
2001
2001
2002
2002
2003
2003
2004
2004
2005
2005
2006
2006
2007
2007
2008
2008
2009
2010
2011
2012
1946
2012
2013
2014
2015
2016
1948
2016
1949
1950
2010
2017
1953
2009
2017
2018
2019
2019
2020
2020
2021
2021
2022
2022
2023
2023
2024
2024
2025
2025
2026
2026
2027
2027
2028
2028
2029
2029
2030
2030
2031
2031
2032
2033
2034
1971
2034
1972
2035
2036
2037
2038
2038
2039
1974
2035
2040
2041
2041
1977
1979
2042
1983
2043
1982
2044
2045
2046
2047
2048
2046
2049
2050
1984
2051
2044
2052
2042
2047
2053
2053
2054
2054
2055
2055
2056
2056
2057
2057
2058
2058
2059
2059
2060
2060
2061
2061
2062
2062
2063
2063
2064
2064
2065
2065
2066
2066
2067
2067
2068
2068
2069
2069
2070
2070
2071
2071
2072
2072
2073
2073
2074
2074
2075
2075
2076
2077
2078
2079
2012
2079
2080
2081
2082
2083
2014
2083
2015
2016
2077
2084
2076
2084
2085
2086
2086
2087
2087
2088
2088
2089
2089
2090
2090
2091
2091
2092
2092
2093
2093
2094
2094
2095
2095
2096
2096
2097
2097
2098
2098
2099
2100
2101
2034
2101
2102
2036
2039
2103
2102
2104
2105
2038
2104
2106
2107
2107
2108
2041
2103
2043
2051
2045
2109
2049
2110
2048
2111
2112
2113
2114
2115
2113
2116
2117
2050
2118
2111
2119
2052
2109
2114
2120
2120
2121
2121
2122
2122
2123
2123
2124
2124
2125
2125
2126
2126
2127
2127
2128
2128
2129
2129
2130
2130
2131
2131
2132
2132
2133
2133
2134
2134
2135
2135
2136
2136
2137
2137
2138
2138
2139
2139
2140
2140
2141
2141
2142
2142
2143
2144
2145
2146
2079
2146
2147
2148
2149
2150
2081
2150
2082
2083
2144
2151
2143
2151
2152
2153
2153
2154
2154
2155
2155
2156
2156
2157
2157
2158
2158
2159
2159
2160
2160
2161
2161
2162
2162
2163
2163
2164
2164
2165
2165
2166
2167
2168
2101
2168
2169
2170
2170
2171
2172
2108
2105
2173
2172
2174
2107
2173
2175
2176
2176
2110
2118
2112
2177
2116
2178
2115
2179
2180
2181
2182
2180
2183
2117
2184
2179
2185
2119
2177
2181
2186
2186
2187
2187
2188
2188
2189
2189
2190
2190
2191
2191
2192
2192
2193
2193
2194
2194
2195
2195
2196
2196
2197
2197
2198
2198
2199
2199
2200
2200
2201
2201
2202
2202
2203
2203
2204
2204
2205
2205
2206
2206
2207
2207
2208
2208
2209
2210
2211
2212
2146
2212
2213
2214
2215
2216
2148
2216
2149
2150
2210
2217
2209
2217
2218
2218
2219
2219
2220
2220
2221
2221
2222
2222
2223
2223
2224
2224
2225
2225
2226
2226
2227
2227
2228
2228
2229
2229
2230
2230
2231
2232
2233
2168
2233
2234
2235
2170
2235
2236
2237
2238
2239
2172
2238
2240
2241
2174
2242
2241
2176
2242
2178
2243
2184
2244
2183
2185
2245
2246
2182
2247
2248
2249
2250
2248
2251
2247
2252
2253
2185
2254
2255
2249
2256
2256
2257
2257
2258
2258
2259
2259
2260
2260
2261
2261
2262
2262
2263
2263
2264
2264
2265
2265
2266
2266
2267
2267
2268
2268
2269
2269
2270
2270
2271
2271
2272
2272
2273
2273
2274
2274
2275
2275
2276
2276
2277
2277
2278
2278
2279
2280
2281
2212
2281
2282
2283
2284
2285
2214
2285
2215
2216
2279
2286
2286
2287
2287
2288
2288
2289
2289
2290
2290
2291
2291
2292
2292
2293
2293
2294
2294
2295
2295
2296
2296
2297
2297
2298
2298
2299
2300
2301
2233
2301
2302
2303
2235
2303
2304
2305
2306
2307
2237
2306
2308
2239
2309
2239
2310
2311
2241
2310
2244
2254
2246
2255
2253
2251
2312
2313
2250
2314
2315
2316
2317
2315
2318
2314
2319
2320
2253
2312
2255
2316
2321
2321
2322
2322
2323
2323
2324
2324
2325
2325
2326
2326
2327
2327
2328
2328
2329
2329
2330
2330
2331
2331
2332
2332
2333
2333
2334
2334
2335
2335
2336
2336
2337
2337
2338
2338
2339
2339
2340
2340
2341
2341
2342
2342
2343
2344
2281
2344
2345
2346
2347
2348
2283
2348
2284
2285
2349
2349
2350
2350
2351
2351
2352
2352
2353
2353
2354
2354
2355
2355
2356
2356
2357
2357
2358
2358
2359
2359
2360
2360
2361
2361
2362
2363
2364
2301
2364
2365
2366
2303
2366
2367
2368
2369
2370
2305
2369
2371
2307
2372
2307
2373
2374
2309
2373
2311
2311
2313
2320
2318
2375
2376
2317
2377
2378
2379
2380
2378
2381
2377
2382
2383
2320
2375
2384
2385
2379
2386
2386
2387
2387
2388
2388
2389
2389
2390
2390
2391
2391
2392
2392
2393
2393
2394
2394
2395
2395
2396
2396
2397
2397
2398
2398
2399
2399
2400
2400
2401
2401
2402
2402
2403
2403
2404
2404
2405
2405
2406
2406
2344
2407
2408
2409
2410
2346
2410
2411
2347
2412
2348
2413
2414
2414
2415
2415
2416
2416
2417
2417
2418
2418
2419
2419
2420
2420
2421
2421
2422
2422
2423
2423
2424
2424
2425
2425
2426
2426
2427
2428
2429
2364
2429
2430
2431
2366
2431
2432
2433
2434
2435
2368
2434
2436
2370
2437
2370
2438
2439
2372
2438
2374
2374
2376
2440
2383
2441
2381
2442
2443
2380
2444
2445
2446
2447
2445
2448
2444
2449
2450
2383
2442
2451
2452
2385
2440
2446
2453
2453
2454
2454
2455
2455
2456
2456
2457
2457
2458
2458
2459
2459
2460
2460
2461
2461
2462
2462
2463
2463
2464
2464
2465
2465
2466
2466
2467
2467
2468
2468
2469
2469
2470
2470
2471
2471
2472
2472
2408
2473
2474
2409
2475
2410
2476
2477
2412
2477
2413
2478
2478
2479
2479
2480
2480
2481
2481
2482
2482
2483
2483
2484
2484
2485
2485
2486
2486
2487
2487
2488
2488
2489
2489
2490
2490
2491
2492
2493
2429
2493
2494
2495
2431
2495
2496
2497
2498
2499
2433
2498
2500
2435
2501
2435
2502
2503
2437
2502
2439
2439
2441
2452
2443
2504
2450
2505
2448
2506
2507
2447
2508
2509
2510
2509
2511
2508
2512
2513
2450
2506
2514
2515
2452
2504
2510
2516
2516
2517
2517
2518
2518
2519
2519
2520
2520
2521
2521
2522
2522
2523
2523
2524
2524
2525
2525
2526
2526
2527
2527
2528
2528
2529
2529
2530
2530
2531
2531
2532
2532
2533
2533
2534
2534
2475
2535
2535
2476
2477
2536
2536
2537
2537
2538
2538
2539
2539
2540
2540
2541
2541
2542
2542
2543
2543
2544
2544
2545
2545
2546
2546
2547
2547
2548
2548
2549
2550
2551
2493
2551
2552
2553
2495
2553
2554
2555
2556
2557
2497
2556
2499
2558
2499
2559
2560
2501
2559
2503
2503
2505
2515
2507
2561
2513
2562
2511
2563
2564
2511
2565
2566
2567
2566
2568
2569
2513
2563
2570
2571
2515
2561
2568
2572
2572
2573
2573
2574
2574
2575
2575
2576
2576
2577
2577
2578
2578
2579
2579
2580
2580
2581
2581
2582
2582
2583
2583
2584
2584
2585
2585
2586
2586
2587
2587
2588
2588
2589
2589
2590
2590
2591
2591
2592
2592
2593
2593
2594
2594
2595
2595
2596
2596
2597
2597
2598
2598
2599
2599
2600
2600
2601
2601
2602
2602
2603
2604
2605
2551
2605
2606
2607
2553
2607
2608
2609
2610
2611
2555
2610
2557
2557
2560
2560
2562
2571
2612
2564
2613
2569
2614
2567
2569
2615
2616
2617
2618
2619
2617
2620
2621
2618
2622
2614
2623
2624
2571
2613
2625
2626
2622
2627
2627
2628
2628
2629
2629
2630
2630
2631
2631
2632
2632
2633
2633
2634
2634
2635
2635
2636
2636
2637
2637
2638
2638
2639
2639
2640
2640
2641
2641
2642
2642
2643
2643
2644
2644
2645
2645
2646
2646
2647
2647
2648
2648
2649
2649
2650
2650
2651
2651
2652
2652
2653
2653
2654
2654
2655
2655
2656
2656
2657
2658
2659
2605
2659
2660
2661
2662
2607
2662
2663
2664
2665
2666
2609
2665
2611
2611
2626
2614
2667
2668
2616
2624
2620
2619
2669
2670
2671
2672
2673
2671
2674
2675
2621
2669
2672
2676
2624
2668
2626
2667
2676
2677
2677
2678
2678
2679
2679
2680
2680
2681
2681
2682
2682
2683
2683
2684
2684
2685
2685
2686
2686
2687
2687
2688
2688
2689
2689
2690
2690
2691
2691
2692
2692
2693
2693
2694
2694
2695
2695
2696
2696
2697
2697
2698
2698
2699
2699
2700
2700
2701
2701
2702
2702
2703
2703
2704
2704
2705
2705
2706
2707
2708
2659
2708
2709
2710
2711
2712
2661
2712
2713
2662
2714
2714
2715
2716
2664
2715
2666
2666
2668
2670
2674
2717
2673
2718
2719
2720
2721
2722
2720
2723
2724
2675
2725
2718
2726
2721
2727
2727
2728
2728
2729
2729
2730
2730
2731
2731
2732
2732
2733
2733
2734
2734
2735
2735
2736
2736
2737
2737
2738
2738
2739
2739
2740
2740
2741
2741
2742
2742
2743
2743
2744
2744
2745
2745
2746
2746
2747
2747
2748
2748
2749
2749
2750
2750
2751
2751
2752
2752
2753
2753
2754
2754
2755
2755
2756
2757
2758
2708
2758
2759
2760
2761
2762
2710
2762
2763
2711
2764
2712
2765
2766
2714
2766
2767
2768
2716
2768
2725
2719
2769
2723
2770
2722
2771
2772
2773
2774
2775
2773
2776
2777
2724
2778
2771
2779
2726
2769
2774
2780
2780
2781
2781
2782
2782
2783
2783
2784
2784
2785
2785
2786
2786
2787
2787
2788
2788
2789
2789
2790
2790
2791
2791
2792
2792
2793
2793
2794
2794
2795
2795
2796
2796
2797
2797
2798
2798
2799
2799
2800
2800
2801
2801
2802
2802
2803
2803
2804
2804
2805
2805
2806
2806
2807
2807
2808
2809
2810
2758
2810
2811
2812
2813
2814
2760
2814
2815
2761
2816
2762
2817
2818
2764
2818
2819
2765
2820
2766
2821
2822
2768
2822
2770
2778
2772
2823
2776
2824
2775
2825
2826
2827
2828
2829
2827
2830
2831
2777
2832
2825
2833
2779
2823
2828
2834
2834
2835
2835
2836
2836
2837
2837
2838
2838
2839
2839
2840
2840
2841
2841
2842
2842
2843
2843
2844
2844
2845
2845
2846
2846
2847
2847
2848
2848
2849
2849
2850
2850
2851
2851
2852
2852
2853
2853
2854
2854
2855
2855
2856
2856
2857
2857
2858
2858
2859
2859
2860
2860
2861
2862
2863
2810
2863
2864
2865
2866
2867
2812
2867
2868
2813
2869
2814
2870
2871
2816
2871
2872
2817
2873
2818
2874
2875
2820
2875
2821
2822
2824
2832
2826
2876
2830
2877
2829
2878
2879
2880
2881
2882
2880
2883
2884
2831
2885
2878
2886
2833
2876
2881
2887
2887
2888
2888
2889
2889
2890
2890
2891
2891
2892
2892
2893
2893
2894
2894
2895
2895
2896
2896
2897
2897
2898
2898
2899
2899
2900
2900
2901
2901
2902
2902
2903
2903
2904
2904
2905
2905
2906
2906
2907
2907
2908
2908
2909
2909
2910
2910
2911
2911
2912
2912
2913
2914
2915
2863
2915
2916
2917
2918
2919
2865
2919
2920
2866
2921
2867
2922
2923
2869
2923
2924
2870
2925
2871
2926
2927
2873
2927
2874
2875
2877
2885
2879
2928
2883
2929
2882
2930
2931
2932
2933
2934
2932
2935
2884
2936
2930
2937
2886
2938
2928
2939
2933
2940
2940
2941
2941
2942
2942
2943
2943
2944
2944
2945
2945
2946
2946
2947
2947
2948
2948
2949
2949
2950
2950
2951
2951
2952
2952
2953
2953
2954
2954
2955
2955
2956
2956
2957
2957
2958
2958
2959
2959
2960
2960
2961
2961
2962
2962
2963
2963
2964
2964
2965
2966
2967
2915
2967
2968
2969
2970
2971
2917
2971
2972
2918
2973
2919
2974
2975
2921
2975
2922
2923
2976
2925
2976
2926
2927
2929
2977
2936
2978
2931
2979
2935
2980
2934
2981
2982
2983
2984
2982
2985
2980
2981
2986
2987
2937
2988
2979
2989
2939
2977
2983
2990
2990
2991
2991
2992
2992
2993
2993
2994
2994
2995
2995
2996
2996
2997
2997
2998
2998
2999
2999
3000
3000
3001
3001
3002
3002
3003
3003
3004
3004
3005
3005
3006
3006
3007
3007
3008
3008
3009
3009
3010
3010
3011
3011
3012
3012
3013
3013
3014
3015
3016
2967
3016
3017
3018
3019
3020
2969
3020
3021
2970
3022
2971
3023
3024
2973
3024
2974
2975
2978
2988
2980
3025
3026
2985
3027
3028
2984
3029
3030
3031
3032
3030
3033
3029
3034
3035
2987
3027
3026
2989
3025
3031
3036
3036
3037
3037
3038
3038
3039
3039
3040
3040
3041
3041
3042
3042
3043
3043
3044
3044
3045
3045
3046
3046
3047
3047
3048
3048
3049
3049
3050
3050
3051
3051
3052
3052
3053
3053
3054
3054
3055
3055
3056
3056
3057
3057
3058
3058
3059
3060
3061
3016
3061
3062
3063
3064
3065
3018
3065
3066
3019
3067
3020
3068
3069
3022
3069
3023
3024
3026
3028
3035
3033
3070
3071
3032
3072
3073
3074
3075
3073
3076
3072
3077
3078
3035
3070
3074
3079
3079
3080
3080
3081
3081
3082
3082
3083
3083
3084
3084
3085
3085
3086
3086
3087
3087
3088
3088
3089
3089
3090
3090
3091
3091
3092
3092
3093
3093
3094
3094
3095
3095
3096
3096
3097
3097
3098
3098
3099
3099
3100
3100
3101
3102
3103
3061
3103
3104
3105
3106
3107
3063
3107
3108
3064
3109
3065
3110
3111
3067
3111
3068
3069
3071
3078
3112
3076
3113
3114
3075
3115
3116
3117
3118
3116
3119
3115
3120
3121
3078
3113
3122
3123
3117
3124
3124
3125
3125
3126
3126
3127
3127
3128
3128
3129
3129
3130
3130
3131
3131
3132
3132
3133
3133
3134
3134
3135
3135
3136
3136
3137
3137
3138
3138
3139
3139
3140
3140
3141
3141
3142
3142
3143
3143
3144
3144
3145
3146
3147
3103
3147
3148
3149
3150
3151
3105
3151
3152
3106
3153
3107
3154
3155
3109
3155
3110
3111
3123
3114
3156
3121
3157
3119
3158
3159
3118
3160
3161
3162
3163
3161
3164
3160
3165
3166
3121
3158
3167
3168
3123
3156
3162
3169
3169
3170
3170
3171
3171
3172
3172
3173
3173
3174
3174
3175
3175
3176
3176
3177
3177
3178
3178
3179
3179
3180
3180
3181
3181
3182
3182
3183
3183
3184
3184
3185
3185
3186
3186
3187
3187
3188
3188
3189
3190
3191
3147
3191
3192
3193
3194
3195
3149
3195
3196
3150
3197
3151
3198
3199
3153
3199
3154
3155
3157
3168
3159
3200
3166
3201
3164
3202
3203
3163
3204
3205
3206
3207
3205
3208
3204
3209
3210
3166
3202
3211
3212
3168
3200
3206
3213
3213
3214
3214
3215
3215
3216
3216
3217
3217
3218
3218
3219
3219
3220
3220
3221
3221
3222
3222
3223
3223
3224
3224
3225
3225
3226
3226
3227
3227
3228
3228
3229
3229
3230
3230
3231
3231
3232
3233
3234
3191
3234
3235
3236
3237
3238
3193
3238
3239
3194
3240
3195
3241
3242
3197
3242
3198
3199
3201
3212
3203
3243
3210
3244
3208
3245
3246
3207
3247
3248
3249
3250
3248
3251
3247
3252
3253
3210
3245
3254
3255
3212
3243
3249
3256
3256
3257
3257
3258
3258
3259
3259
3260
3260
3261
3261
3262
3262
3263
3263
3264
3264
3265
3265
3266
3266
3267
3267
3268
3268
3269
3269
3270
3270
3271
3271
3272
3272
3273
3273
3274
3275
3276
3234
3276
3277
3278
3279
3280
3236
3280
3281
3237
3282
3238
3283
3284
3240
3284
3241
3242
3244
3255
3246
3285
3253
3286
3251
3287
3288
3250
3289
3290
3291
3290
3292
3289
3293
3294
3253
3287
3295
3296
3255
3285
3291
3297
3297
3298
3298
3299
3299
3300
3300
3301
3301
3302
3302
3303
3303
3304
3304
3305
3305
3306
3306
3307
3307
3308
3308
3309
3309
3310
3310
3311
3311
3312
3312
3313
3313
3314
3315
3316
3276
3316
3317
3318
3319
3320
3278
3320
3321
3279
3322
3280
3323
3324
3282
3324
3283
3284
3286
3296
3288
3325
3294
3326
3292
3327
3328
3292
3329
3330
3331
3330
3332
3333
3334
3294
3327
3335
3336
3296
3325
3337
3338
3332
3339
3339
3340
3340
3341
3341
3342
3342
3343
3343
3344
3344
3345
3345
3346
3346
3347
3347
3348
3348
3349
3349
3350
3350
3351
3351
3352
3352
3353
3353
3354
3354
3355
3356
3357
3316
3357
3358
3359
3360
3361
3318
3361
3319
3320
3322
3323
3324
3326
3362
3336
3363
3328
3364
3334
3365
3331
3333
3366
3367
3368
3369
3370
3371
3369
3372
3373
3370
3374
3334
3366
3375
3336
3364
3376
3377
3338
3362
3374
3378
3378
3379
3379
3380
3380
3381
3381
3382
3382
3383
3383
3384
3384
3385
3385
3386
3386
3387
3387
3388
3388
3389
3389
3390
3390
3391
3391
3392
3392
3393
3394
3395
3357
3395
3396
3397
3398
3399
3359
3399
3360
3361
3363
3377
3365
3400
3375
3401
3375
3402
3368
3402
3372
3371
3403
3404
3405
3406
3407
3405
3408
3409
3373
3403
3406
3410
3411
3377
3400
3410
3412
3412
3413
3413
3414
3414
3415
3415
3416
3416
3417
3417
3418
3418
3419
3419
3420
3420
3421
3421
3422
3422
3423
3423
3424
3424
3425
3425
3426
3427
3428
3395
3428
3429
3430
3431
3432
3397
3432
3398
3399
3401
3411
3411
3404
3408
3407
3433
3434
3435
3436
3437
3435
3438
3439
3409
3433
3436
3440
3440
3441
3441
3442
3442
3443
3443
3444
3444
3445
3445
3446
3446
3447
3447
3448
3448
3449
3449
3450
3450
3451
3451
3452
3452
3453
3453
3454
3455
3456
3457
3428
3456
3458
3459
3460
3461
3430
3461
3431
3432
3434
3438
3462
3437
3463
3464
3465
3466
3467
3465
3468
3469
3439
3470
3463
3471
3466
3472
3472
3473
3473
3474
3474
3475
3475
3476
3476
3477
3477
3478
3478
3479
3479
3480
3480
3481
3481
3482
3482
3483
3483
3484
3457
3485
3486
3487
3456
3485
3488
3489
3490
3491
3492
3484
3493
3459
3492
3460
3461
3470
3464
3494
3468
3495
3467
3496
3497
3498
3499
3498
3500
3501
3469
3502
3496
3503
3471
3494
3504
3504
3505
3505
3506
3506
3507
3507
3508
3508
3509
3509
3510
3510
3511
3511
3512
3512
3513
3513
3514
3514
3515
3493
3515
3516
3487
3490
3493
3517
3518
3519
3519
3520
3489
3521
3491
3520
3521
3492
3522
3495
3502
3497
3523
3500
3524
3499
3525
3526
3527
3528
3529
3501
3530
3525
3531
3503
3523
3532
3532
3533
3533
3534
3534
3535
3535
3536
3536
3537
3537
3538
3538
3539
3539
3540
3540
3541
3541
3542
3542
3543
3522
3543
3544
3545
3522
3546
3547
3548
3519
3546
3549
3550
3550
3551
3551
3545
3524
3530
3526
3552
3528
3553
3554
3529
3555
3554
3556
3531
3552
3557
3557
3558
3558
3559
3559
3560
3560
3561
3561
3562
3562
3563
3563
3564
3564
3565
3565
3566
3566
3567
3567
3568
3568
3569
3570
3571
3547
3571
3548
3572
3573
3574
3575
3575
3576
3550
3572
3577
3578
3578
3553
3555
3579
3556
3579
3580
3580
3581
3581
3582
3582
3583
3583
3584
3584
3585
3585
3586
3586
3587
3587
3588
3588
3589
3589
3590
3590
3591
3591
3592
3593
3594
3571
3594
3595
3573
3576
3596
3595
3597
3598
3575
3597
3599
3600
3600
3601
3578
3596
3602
3602
3603
3603
3604
3604
3605
3605
3606
3606
3607
3607
3608
3608
3609
3609
3610
3610
3611
3611
3612
3612
3613
3613
3614
3615
3616
3594
3616
3617
3618
3618
3619
3620
3601
3598
3621
3620
3622
3600
3621
3623
3624
3624
3625
3625
3626
3626
3627
3627
3628
3628
3629
3629
3630
3630
3631
3631
3632
3632
3633
3633
3634
3634
3635
3635
3636
3636
3637
3638
3616
3638
3639
3640
3618
3640
3641
3642
3643
3644
3620
3643
3645
3646
3622
3647
3646
3648
3624
3647
3649
3649
3650
3650
3651
3651
3652
3652
3653
3653
3654
3654
3655
3655
3656
3656
3657
3657
3658
3658
3659
3659
3638
3660
3661
3640
3661
3662
3663
3664
3665
3642
3664
3666
3644
3667
3644
3668
3669
3646
3668
3670
3671
3648
3671
3672
3672
3673
3673
3674
3674
3675
3675
3676
3676
3677
3677
3678
3678
3679
3679
3680
3680
3681
3681
3661
3682
3683
3684
3685
3663
3684
3686
3665
3687
3665
3688
3689
3667
3688
3690
3669
3691
3669
3692
3693
3671
3692
3694
3694
3695
3695
3696
3696
3697
3697
3698
3698
3699
3699
3700
3700
3701
3701
3702
3702
3683
3703
3704
3685
3705
3685
3706
3707
3687
3706
3708
3689
3709
3689
3710
3711
3691
3710
3693
3693
3712
3712
3713
3713
3714
3714
3715
3715
3716
3716
3717
3717
3718
3718
3719
3719
3720
3705
3720
3721
3707
3722
3707
3723
3724
3709
3723
3711
3711
3725
3725
3726
3726
3727
3727
3728
3728
3729
3729
3730
3730
3731
3731
3732
3722
3732
3724
3724
3733
3733
3734
3734
3735
3735
3736
3736
3737
3737
3738
3738
3739
3739
3740
3740
3741
3741
3742
3742
3743
3743
3744
3744
3745
3745
3746
3746
3747
3747
3748
3748
3749
3749
3750
3750
3751
3751
3752
3752
3753
3753
)


// ************************************************************************* //
