/*--------------------------------*- C++ -*----------------------------------*\
| =========                 |                                                 |
| \\      /  F ield         | OpenFOAM: The Open Source CFD Toolbox           |
|  \\    /   O peration     | Version:  v1912                                 |
|   \\  /    A nd           | Website:  www.openfoam.com                      |
|    \\/     M anipulation  |                                                 |
\*---------------------------------------------------------------------------*/
FoamFile
{
    version     2.0;
    format      ascii;
    class       volScalarField;
    location    "50";
    object      p;
}
// * * * * * * * * * * * * * * * * * * * * * * * * * * * * * * * * * * * * * //

dimensions      [0 2 -2 0 0 0 0];


internalField   nonuniform List<scalar> 
3753
(
-0.000330769
-0.000228262
-0.000321587
-0.000125472
-0.000225315
-0.000298393
-3.99869e-05
-0.000126939
-0.000209538
-0.000280815
3.16276e-05
-4.45095e-05
-0.000121085
-0.0001986
-0.000263054
9.08404e-05
2.85759e-05
-4.61755e-05
-0.000115173
-0.000185708
-0.000252006
0.000133407
9.19875e-05
2.60849e-05
-4.15004e-05
-0.000108142
-0.000176759
-0.000252383
0.000145388
0.000141637
9.44549e-05
2.92719e-05
-4.15061e-05
-0.000101299
-0.000178167
-0.000259777
0.000116472
0.000164826
0.000151087
9.63503e-05
2.45844e-05
-3.61843e-05
-0.000101716
-0.000185182
-0.000274172
4.04426e-05
0.000148496
0.000184318
0.000152151
8.9185e-05
2.84818e-05
-3.42332e-05
-0.000107374
-0.000198595
-0.00029442
-8.02728e-05
8.5072e-05
0.000184394
0.000185838
0.000142346
8.79725e-05
3.00049e-05
-3.89394e-05
-0.000118028
-0.000216044
-0.000316221
-0.000223636
-2.22556e-05
0.000152124
0.000188925
0.00017096
0.000133948
8.62682e-05
2.47114e-05
-4.41728e-05
-0.000133515
-0.000237564
-0.000332633
-0.00034336
-0.000178604
9.12298e-05
0.00015775
0.00016401
0.000156176
0.000126845
7.98815e-05
2.24247e-05
-5.99926e-05
-0.000152878
-0.000253793
-0.000347995
-0.000360255
-0.000478127
-0.000330851
1.16361e-05
9.9528e-05
0.000120819
0.000145141
0.000142534
0.000117765
7.59463e-05
9.75061e-06
-7.27745e-05
-0.000169414
-0.00027013
-0.000355872
-9.32785e-05
-0.000325595
-0.000550715
-0.000438718
-0.000359192
2.12462e-05
4.92706e-05
0.000100083
0.000127398
0.000131288
0.000111693
6.84421e-05
6.77349e-08
-9.2033e-05
-0.000186443
-0.000280254
-0.000359094
-7.92865e-05
-0.000181367
-0.00019884
-0.000398119
-0.00075313
-0.000452822
-0.000381392
-0.000438905
-3.48341e-05
2.87738e-05
8.19326e-05
0.000115413
0.000122669
0.000106414
5.93251e-05
-1.80226e-05
-0.000107953
-0.000200125
-0.000285039
-0.00035927
-0.000127668
-0.000187459
-0.0002093
-0.000255053
-0.000235906
-0.000359391
-0.000389484
-0.000426498
-0.00111551
-0.00037986
-0.000418896
-0.000458218
-5.97142e-05
1.35963e-05
7.08489e-05
0.000106011
0.000119174
0.000100814
4.62309e-05
-3.26299e-05
-0.000126187
-0.00020894
-0.000289682
-0.000347887
-0.000149019
-0.00020516
-0.000215475
-0.000254568
-0.000267043
-0.000315323
-0.000328137
-0.000317633
-0.000298785
-0.000312906
0.000125174
-4.21285e-06
-0.00164753
-0.000477129
-0.000472019
-0.000488958
-6.81129e-05
4.35925e-06
6.4662e-05
0.000105982
0.000117687
9.29127e-05
3.47208e-05
-5.33912e-05
-0.00013975
-0.000217299
-0.000281707
-0.000336629
-0.000158476
-0.000215983
-0.000223232
-0.000259687
-0.000264595
-0.000289429
-0.000306572
-0.000314698
-0.00030499
-0.000354671
-0.000351265
-0.000335051
-0.000351166
-7.16039e-05
-0.00234528
-7.57636e-05
4.75183e-06
6.70753e-05
0.000107425
0.000115932
8.55472e-05
1.38693e-05
-7.16338e-05
-0.000152666
-0.000217056
-0.000273501
-0.000316371
-0.000162672
-0.000226405
-0.00023004
-0.000268935
-0.000267665
-0.000294327
-0.000301186
-0.000305939
-0.000294278
-0.000317984
-0.000320779
-0.000333819
-0.000330689
-7.00154e-05
5.56308e-06
7.13698e-05
0.000111596
0.000111694
6.71143e-05
-7.392e-06
-9.09365e-05
-0.000161015
-0.00021165
-0.000257115
-0.000290479
-0.000157405
-0.000230673
-0.000232491
-0.000278065
-0.000272928
-0.000306303
-0.000310309
-0.000299383
-0.000304631
-0.000313655
-0.000324412
-0.000326016
-0.000314125
-7.23723e-05
1.39036e-05
7.81082e-05
0.000108287
9.88218e-05
4.63515e-05
-3.14854e-05
-0.000105219
-0.000159594
-0.000201075
-0.000234901
-0.000265803
-0.000157773
-0.000227566
-0.000231252
-0.000278292
-0.000278839
-0.000315416
-0.000315922
-0.000307648
-0.000309661
-0.000324145
-0.000335632
-0.000319884
-0.000323845
-5.98984e-05
1.96023e-05
7.68767e-05
0.000101112
7.8411e-05
1.93247e-05
-5.2173e-05
-0.000111219
-0.000155005
-0.000182497
-0.000210229
-0.000232755
-0.00014665
-0.000228472
-0.000226864
-0.000276503
-0.000282649
-0.000314471
-0.000320527
-0.000312264
-0.000321547
-0.000336192
-0.000339028
-0.000332541
-0.000328595
-5.89673e-05
1.93303e-05
7.11034e-05
8.30531e-05
5.10488e-05
-7.60814e-06
-6.61896e-05
-0.000112175
-0.00013988
-0.000158334
-0.000181094
-0.000197249
-0.000146935
-0.000219316
-0.000220262
-0.000275929
-0.000276604
-0.00031841
-0.000315699
-0.000320276
-0.000318143
-0.00033723
-0.000343289
-0.000335586
-0.000344162
-5.63819e-05
1.49507e-05
5.86805e-05
5.69564e-05
2.11931e-05
-2.91763e-05
-7.41568e-05
-0.000102064
-0.000117619
-0.000132269
-0.000147114
-0.00016122
-0.000141675
-0.000216996
-0.000216603
-0.000269542
-0.000273001
-0.00031165
-0.000317154
-0.000314342
-0.000315249
-0.000341479
-0.000341317
-0.000343702
-0.000338365
-6.00736e-05
5.93835e-06
3.41193e-05
2.58506e-05
-8.82144e-06
-4.56156e-05
-6.91331e-05
-8.07007e-05
-9.16622e-05
-0.000100343
-0.000114168
-0.000123165
-0.00014407
-0.00021295
-0.000210433
-0.000264503
-0.000264482
-0.000311476
-0.000303457
-0.000312208
-0.000311503
-0.000333589
-0.000342941
-0.00033682
-0.000337005
-6.58537e-05
-1.22889e-05
6.05407e-06
-8.29632e-06
-3.25225e-05
-4.73511e-05
-5.22157e-05
-5.53754e-05
-6.05007e-05
-7.01251e-05
-7.87913e-05
-8.49204e-05
-0.000146523
-0.000213343
-0.00020725
-0.000260034
-0.000257547
-0.000301609
-0.000301367
-0.00030066
-0.000302881
-0.000332269
-0.00032318
-0.000333833
-0.00033875
-7.82179e-05
-3.54368e-05
-2.79404e-05
-3.86481e-05
-4.47123e-05
-3.6766e-05
-2.62494e-05
-2.36794e-05
-3.24108e-05
-3.75621e-05
-4.31708e-05
-4.7345e-05
-0.000154293
-0.000212655
-0.00020793
-0.000257274
-0.000251704
-0.000296592
-0.000291669
-0.000295318
-0.000293689
-0.0003208
-0.000322414
-0.000324522
-0.000326062
-9.3106e-05
-6.29955e-05
-6.23381e-05
-6.27537e-05
-3.99906e-05
-1.17435e-05
5.69832e-06
4.65677e-06
-1.79139e-06
-5.90877e-06
-9.11158e-06
-1.37359e-05
-0.000163439
-0.000219403
-0.0002095
-0.000252912
-0.000253463
-0.000289048
-0.000289174
-0.000289052
-0.000285899
-0.000317343
-0.000308162
-0.000322415
-0.000313561
-0.000112719
-9.79495e-05
-9.82805e-05
-6.62112e-05
-1.69653e-05
2.12459e-05
3.54326e-05
3.47525e-05
2.72877e-05
2.44352e-05
2.15277e-05
2.05745e-05
-0.000176933
-0.000228326
-0.000216154
-0.000257896
-0.000252106
-0.00028492
-0.000286565
-0.00028716
-0.000286934
-0.000308888
-0.000305437
-0.00031521
-0.000303574
-0.00013885
-0.00013964
-0.000113535
-4.49627e-05
1.84209e-05
5.16077e-05
6.3859e-05
6.24581e-05
5.4943e-05
5.0756e-05
5.34393e-05
5.2026e-05
-0.000191824
-0.000244418
-0.000222943
-0.000265439
-0.000256413
-0.000291086
-0.000284869
-0.000281603
-0.000286848
-0.0003065
-0.000306081
-0.000312523
-0.000302401
-0.000175136
-0.000179692
-9.62144e-05
-2.90593e-06
4.92333e-05
7.74139e-05
9.07236e-05
8.65809e-05
7.59543e-05
7.85738e-05
8.17584e-05
8.70083e-05
-0.000209074
-0.000261628
-0.000233569
-0.000276897
-0.000263909
-0.000296272
-0.000293471
-0.000286414
-0.000287337
-0.000311757
-0.000301393
-0.000301384
-0.000303181
-0.00024176
-0.000174563
-3.76147e-05
3.04874e-05
6.92222e-05
9.99202e-05
0.000111787
0.000104886
9.78932e-05
0.000102531
0.000112839
0.000121375
-0.000263665
-0.00028265
-0.000245411
-0.000290812
-0.000276913
-0.000309654
-0.000298053
-0.000291423
-0.000297984
-0.000314734
-0.000312242
-0.000306124
-0.000301984
-0.000290931
-8.465e-05
8.59812e-07
4.14823e-05
8.4372e-05
0.000117616
0.000127409
0.000120325
0.000117911
0.000128318
0.000145758
0.000156567
-0.00042129
-0.000310214
-0.000265753
-0.0003085
-0.000293112
-0.000323081
-0.00031248
-0.000303214
-0.000309552
-0.000329635
-0.000312287
-0.000310286
-0.000313219
-0.000151788
-3.19465e-05
2.00091e-07
4.58409e-05
9.70573e-05
0.000129702
0.00013768
0.000135181
0.000136716
0.000157686
0.000177907
0.000195599
-0.000236786
-0.000562582
-0.000370788
-0.000292945
-0.000307428
-0.000345982
-0.000327838
-0.000319725
-0.000333435
-0.000340171
-0.000328173
-0.000321236
-0.000322429
-7.00622e-05
-5.17165e-05
-9.52509e-06
5.17765e-05
0.000104741
0.000136028
0.000145965
0.000146589
0.000159427
0.000185697
0.000213901
0.000237721
-0.00013533
-0.000210156
-0.000332596
-0.000762668
-0.000304385
-0.000360611
-0.00033357
-0.000339334
-0.000358772
-0.000359382
-0.000347359
-0.00033813
-0.000347091
-0.000107184
-7.44945e-05
-9.96879e-06
5.40294e-05
0.000105612
0.000137134
0.000150815
0.000160598
0.000182338
0.000219168
0.000255183
0.000283137
-0.000173004
-0.000233584
-0.000242979
-0.000229421
-0.00035996
-0.00112425
-0.000162587
-0.000293285
-0.000272382
-0.000383783
-0.000374039
-0.000362412
-0.000372706
-0.000144743
-8.062e-05
-1.29428e-05
5.00867e-05
0.000101617
0.000135481
0.000154787
0.00017824
0.000212194
0.000258544
0.000297468
0.000332378
-0.000210566
-0.000245749
-0.000255645
-0.000290259
-0.000287704
-0.000301532
-0.00030322
-5.35514e-05
-0.000271553
-0.00176706
-0.000193296
-0.000362953
-0.00030465
-0.000154297
-8.62228e-05
-2.0671e-05
4.32668e-05
9.50008e-05
0.000132411
0.00016547
0.000199774
0.00024694
0.000298221
0.000345473
0.000387934
-0.000224295
-0.000261651
-0.000266768
-0.000289723
-0.000293107
-0.000313414
-0.000328735
-0.000335671
-0.000328211
-0.000159811
-9.6642e-05
-2.9171e-05
3.28499e-05
8.67359e-05
0.000133703
0.000176943
0.000228137
0.000283711
0.000344789
0.000398624
0.000445578
-0.000230408
-0.000274847
-0.000275842
-0.000301971
-0.000298241
-0.00031298
-0.000314251
-0.00031555
-0.00031351
-0.000169931
-0.000104785
-4.06964e-05
2.12122e-05
8.00599e-05
0.000135706
0.000196751
0.000261125
0.000328103
0.000397001
0.000454785
0.000507032
-0.000239705
-0.000283274
-0.000282874
-0.000313655
-0.000307385
-0.000329267
-0.000326757
-0.000315089
-0.000320564
-0.000178958
-0.000115803
-5.25553e-05
1.00296e-05
7.41449e-05
0.000145476
0.00022149
0.000300018
0.000377856
0.000452731
0.000515083
0.000569769
-0.000246248
-0.000291952
-0.000291326
-0.000320794
-0.000315964
-0.000337091
-0.000334503
-0.000327572
-0.000331363
-0.000186681
-0.000126401
-6.70524e-05
-8.37599e-07
7.28453e-05
0.000158431
0.000251501
0.000344472
0.000432076
0.000513159
0.000577495
0.00063672
-0.000253696
-0.000299011
-0.000295485
-0.000329065
-0.000325953
-0.000345228
-0.000344392
-0.000336776
-0.000341154
-0.000197738
-0.000142574
-8.02472e-05
-1.16314e-05
7.46575e-05
0.000178093
0.000287513
0.00039376
0.000490782
0.00057718
0.000642947
0.000705034
-0.00026272
-0.000306668
-0.000302834
-0.000333788
-0.000330098
-0.000359356
-0.000350241
-0.00034522
-0.000350756
-0.000211438
-0.000156626
-9.81635e-05
-1.99179e-05
8.1885e-05
0.000201894
0.000328408
0.000448039
0.000554351
0.000642586
0.000711337
0.000776568
-0.000275579
-0.000315968
-0.000310225
-0.000341661
-0.000338277
-0.000358061
-0.000356142
-0.000351796
-0.000355676
-0.000227285
-0.000178705
-0.000114423
-2.49572e-05
9.29895e-05
0.000230018
0.000373265
0.000505093
0.000618524
0.000711735
0.000782527
0.000852523
-0.000289327
-0.000327318
-0.000321116
-0.000351853
-0.000344453
-0.000366362
-0.000363013
-0.000360359
-0.000362278
-0.000249801
-0.000201854
-0.000129306
-2.54738e-05
0.000107052
0.000261317
0.00041863
0.000564302
0.000685094
0.000783181
0.000860604
0.000931849
-0.000310786
-0.000341101
-0.00033334
-0.000361984
-0.000353935
-0.000377334
-0.00037446
-0.0003659
-0.000368946
-0.000277905
-0.000225894
-0.000140249
-2.46624e-05
0.000121969
0.00029242
0.000466781
0.000624294
0.0007541
0.000859594
0.000947501
0.00102981
-0.000340114
-0.000358384
-0.000350056
-0.000375336
-0.000366664
-0.000385017
-0.000383095
-0.000375026
-0.000378225
-0.00030869
-0.000243855
-0.000148367
-2.54129e-05
0.000136623
0.000323556
0.000514728
0.000683504
0.000824014
0.000948138
0.00105161
0.00111917
-0.000372439
-0.000385746
-0.00036983
-0.000390158
-0.000381358
-0.000400703
-0.00039361
-0.000386509
-0.000391291
-0.000334276
-0.000255446
-0.000162231
-2.72477e-05
0.000148454
0.000352926
0.000558653
0.000743337
0.000907066
0.00103968
0.00123432
0.000439926
-0.000397609
-0.000537277
-0.000421462
-0.000391219
-0.000395738
-0.000419072
-0.000411565
-0.000400767
-0.000407265
-0.000344095
-0.000276991
-0.000178494
-3.48041e-05
0.000156918
0.000379411
0.000602225
0.000811568
0.000975474
0.00126392
0.000534931
-0.000411736
-0.000432724
-0.000426129
-0.000744264
-0.00121149
-0.00037477
-0.000433505
-0.000428905
-0.00041952
-0.000426622
-0.000367659
-0.000303846
-0.000202316
-4.57922e-05
0.000162728
0.000401678
0.000650425
0.000854458
0.0011876
0.000568458
-0.000432485
-0.000452363
-0.000443593
-0.000467881
-0.000484662
-0.000501333
-0.000558044
-0.000457499
0.000290472
-0.000434744
-0.000446754
-0.000398487
-0.000339248
-0.000230614
-6.20947e-05
0.000162692
0.000427603
0.000668994
0.00103185
0.000517571
-0.00046329
-0.000474991
-0.000460075
-0.000467675
-0.000470313
-0.000462504
-0.000467928
-0.00049031
-0.000503163
-0.000519356
-0.000538996
-0.000515637
-0.000292687
-0.000441004
-0.000381207
-0.00026655
-8.28867e-05
0.000164767
0.000425176
0.000802475
0.000412419
-0.000505632
-0.000507072
-0.000486526
-0.000492124
-0.000486214
-0.000479583
-0.000473622
-0.000479782
-0.000480391
-0.000476257
-0.00048189
-0.00050621
-0.000517988
-0.000538227
-0.000557504
-0.00048978
-0.000433047
-0.000306681
-0.000104617
0.000144936
0.000511432
0.000271256
-0.00055691
-0.000547383
-0.000522552
-0.000525096
-0.000515674
-0.000506229
-0.00049953
-0.000501671
-0.000495365
-0.000492265
-0.000483433
-0.000488374
-0.000486603
-0.000485462
-0.000489561
-0.000552221
-0.000490128
-0.0003507
-0.000138202
0.00018442
0.000111101
-0.000620702
-0.000597496
-0.000567876
-0.000561727
-0.00055341
-0.000540549
-0.000530739
-0.00053325
-0.000525256
-0.000515643
-0.000509549
-0.000508972
-0.000502449
-0.000499075
-0.000490598
-0.000622095
-0.000555057
-0.000396079
-0.000145386
-5.00635e-05
-0.000696034
-0.000659807
-0.000622807
-0.000609146
-0.000597356
-0.000585093
-0.00057102
-0.000568563
-0.000558929
-0.000548263
-0.00053956
-0.000537531
-0.000532062
-0.000521572
-0.000515435
-0.000706159
-0.000611577
-0.000447184
-0.000196437
-0.000792507
-0.000735236
-0.000690131
-0.000669082
-0.000653513
-0.000635807
-0.000622705
-0.000613142
-0.000599148
-0.000590744
-0.000575949
-0.000572524
-0.000561672
-0.00055273
-0.000547971
-0.000781622
-0.000703319
-0.000319006
-0.000894689
-0.000833504
-0.000776558
-0.000738862
-0.000722433
-0.00070001
-0.000683079
-0.000668815
-0.00065207
-0.000637783
-0.000624729
-0.000615743
-0.000600911
-0.000591359
-0.000579571
-0.000913246
-0.000419679
-0.0010903
-0.000940717
-0.000880041
-0.00083566
-0.000808123
-0.000785406
-0.000758114
-0.000733186
-0.000715684
-0.00069866
-0.000682241
-0.000666253
-0.000651585
-0.000637685
-0.000624467
-0.00050326
-0.00062732
-0.00116038
-0.00102894
-0.000946942
-0.000915535
-0.000890422
-0.000857943
-0.000822265
-0.00079855
-0.000775881
-0.000752825
-0.000728026
-0.000709808
-0.000695619
-0.000681796
-0.000613584
-0.00125183
-0.00116174
-0.00110139
-0.001036
-0.000987763
-0.000937515
-0.000904672
-0.00087725
-0.000847218
-0.000811106
-0.000790059
-0.00076564
-0.000746221
-0.000531816
-0.00132157
-0.00134069
-0.00123271
-0.00115816
-0.0010927
-0.00102858
-0.000980572
-0.000923698
-0.000890735
-0.000861922
-0.00083507
-0.0005465
-0.00149473
-0.00136686
-0.00122586
-0.00115558
-0.00108207
-0.00101536
-0.000965086
-0.000698411
-0.00165267
-0.00136828
-0.00123024
-0.134892
-0.132774
-0.134684
-0.133048
-0.132439
-0.134179
-0.134249
-0.133606
-0.132559
-0.131824
-0.134552
-0.134831
-0.134423
-0.133501
-0.132737
-0.132025
-0.13115
-0.135015
-0.135439
-0.135321
-0.135579
-0.13306
-0.131805
-0.132177
-0.131307
-0.130419
-0.135646
-0.136014
-0.137192
-0.135837
-0.136323
-0.133685
-0.130323
-0.130759
-0.131321
-0.130642
-0.129732
-0.136011
-0.136602
-0.137663
-0.136474
-0.136667
-0.134443
-0.131121
-0.127123
-0.128928
-0.130906
-0.130029
-0.129893
-0.128985
-0.137042
-0.13817
-0.137177
-0.137109
-0.135286
-0.132024
-0.128095
-0.127559
-0.123472
-0.12555
-0.129332
-0.128369
-0.129199
-0.128154
-0.138699
-0.137893
-0.136141
-0.132997
-0.129172
-0.124639
-0.127752
-0.126753
-0.12373
-0.119559
-0.121731
-0.125984
-0.125074
-0.128329
-0.127255
-0.139249
-0.138631
-0.136996
-0.133976
-0.130288
-0.125902
-0.120843
-0.127486
-0.126589
-0.123093
-0.119835
-0.115392
-0.117694
-0.121329
-0.125676
-0.123972
-0.126428
-0.139856
-0.139435
-0.137863
-0.13493
-0.131382
-0.127159
-0.122243
-0.116715
-0.123422
-0.122449
-0.119318
-0.115585
-0.111031
-0.113409
-0.117214
-0.12053
-0.121629
-0.125494
-0.12425
-0.140578
-0.140308
-0.138733
-0.135838
-0.132423
-0.12835
-0.123608
-0.118175
-0.112266
-0.11949
-0.118412
-0.11497
-0.111407
-0.10604
-0.108968
-0.112789
-0.116298
-0.117458
-0.141438
-0.141207
-0.139559
-0.136672
-0.133356
-0.129447
-0.12487
-0.1196
-0.113694
-0.107354
-0.115136
-0.113992
-0.111004
-0.106401
-0.100785
-0.103772
-0.108392
-0.111738
-0.112885
-0.142395
-0.142109
-0.140325
-0.137392
-0.134129
-0.130379
-0.125994
-0.120908
-0.115128
-0.108789
-0.102156
-0.110676
-0.110476
-0.105695
-0.101121
-0.0954542
-0.0984866
-0.103102
-0.107143
-0.108434
-0.143443
-0.143067
-0.141072
-0.137991
-0.134702
-0.131077
-0.126897
-0.122041
-0.116454
-0.110219
-0.103596
-0.0968286
-0.11054
-0.105835
-0.104533
-0.100444
-0.0957772
-0.0901176
-0.0931608
-0.0978023
-0.101972
-0.103303
-0.106813
-0.107908
-0.144642
-0.144209
-0.141923
-0.138514
-0.135088
-0.131501
-0.127507
-0.122903
-0.117583
-0.111547
-0.105009
-0.0982532
-0.0914762
-0.105458
-0.104218
-0.100585
-0.0992773
-0.0951072
-0.0904242
-0.0848437
-0.0878453
-0.0924649
-0.0966472
-0.0979737
-0.101635
-0.102955
-0.146118
-0.145698
-0.143029
-0.139081
-0.135337
-0.131672
-0.127792
-0.123428
-0.11841
-0.112671
-0.106317
-0.0996372
-0.0928698
-0.0861724
-0.100216
-0.0989374
-0.0952261
-0.0939339
-0.0897631
-0.0851182
-0.0797328
-0.0826133
-0.0871427
-0.0913078
-0.0926159
-0.0962939
-0.09762
-0.148027
-0.14767
-0.144545
-0.139828
-0.135579
-0.131656
-0.127781
-0.123592
-0.118866
-0.113473
-0.10742
-0.100907
-0.0942121
-0.0875187
-0.0809799
-0.0948579
-0.0935847
-0.0898774
-0.0885994
-0.0844698
-0.0799529
-0.0748353
-0.0775942
-0.0819068
-0.0859935
-0.0872811
-0.0909459
-0.0922638
-0.150493
-0.150234
-0.146577
-0.140907
-0.135947
-0.131586
-0.127545
-0.12343
-0.118937
-0.113886
-0.108199
-0.10197
-0.0954249
-0.0888054
-0.0822442
-0.075911
-0.0895171
-0.0882421
-0.084573
-0.08333
-0.0793122
-0.0751249
-0.0698985
-0.0729011
-0.0768938
-0.0807911
-0.0820287
-0.0856282
-0.0869312
-0.153597
-0.153422
-0.149184
-0.14242
-0.136589
-0.131603
-0.127217
-0.123021
-0.118665
-0.1139
-0.108586
-0.102717
-0.0964333
-0.0899506
-0.0834571
-0.0770539
-0.0708841
-0.0842173
-0.0829718
-0.0794037
-0.0782175
-0.0745973
-0.0703231
-0.0650248
-0.0679076
-0.0724084
-0.0758045
-0.07696
-0.0804262
-0.0816856
-0.157344
-0.157221
-0.15236
-0.144445
-0.137605
-0.131846
-0.126938
-0.122495
-0.118133
-0.113562
-0.108575
-0.103086
-0.0971398
-0.0908942
-0.0845298
-0.0781812
-0.0719334
-0.0659719
-0.0790581
-0.0778609
-0.0745552
-0.0735806
-0.0697814
-0.0654065
-0.0603999
-0.0631059
-0.0672851
-0.0713117
-0.0726646
-0.0753992
-0.0766146
-0.161692
-0.161541
-0.156063
-0.146988
-0.139079
-0.132415
-0.12685
-0.121987
-0.117464
-0.112956
-0.108212
-0.103069
-0.0974907
-0.0915557
-0.085407
-0.0791854
-0.0729878
-0.0669571
-0.0613095
-0.0741254
-0.0730784
-0.06989
-0.0686509
-0.0648419
-0.0607384
-0.0560136
-0.0584817
-0.0625135
-0.0662248
-0.0674209
-0.0707821
-0.0726658
-0.166526
-0.166245
-0.160165
-0.150025
-0.141028
-0.133397
-0.127045
-0.121637
-0.116789
-0.112201
-0.107579
-0.10271
-0.0974798
-0.0918898
-0.0860257
-0.0800078
-0.0739415
-0.0679499
-0.0622445
-0.0569914
-0.0694583
-0.0682535
-0.0649611
-0.0638221
-0.0601826
-0.0561066
-0.0521178
-0.05388
-0.0578702
-0.0615332
-0.062664
-0.0658625
-0.0670641
-0.0703142
-0.0725062
-0.171675
-0.171085
-0.164473
-0.153458
-0.143449
-0.134818
-0.127606
-0.121534
-0.116243
-0.111419
-0.106786
-0.102086
-0.0971448
-0.0918912
-0.0863475
-0.0805949
-0.0747302
-0.0688632
-0.0631768
-0.0578954
-0.0531337
-0.0690673
-0.0679208
-0.0646446
-0.0634934
-0.0603162
-0.0591966
-0.0554299
-0.0508174
-0.0488291
-0.0529308
-0.0568703
-0.0580359
-0.0612043
-0.0623569
-0.0655434
-0.0667217
-0.176838
-0.175729
-0.168708
-0.157143
-0.14627
-0.136687
-0.128567
-0.12175
-0.115912
-0.110737
-0.105951
-0.101298
-0.0965546
-0.091592
-0.0863678
-0.0809141
-0.0753029
-0.0696296
-0.0640447
-0.0587638
-0.0539938
-0.0497001
-0.0643219
-0.0632006
-0.060029
-0.0588862
-0.0555897
-0.054432
-0.0510813
-0.0479184
-0.0497218
-0.0457046
-0.0525422
-0.0565254
-0.0577354
-0.0609144
-0.0620476
-0.181647
-0.179765
-0.17252
-0.160859
-0.149382
-0.138948
-0.129943
-0.122324
-0.115858
-0.110241
-0.105191
-0.100455
-0.0958025
-0.0910531
-0.0861134
-0.0809611
-0.0756319
-0.0701988
-0.0647813
-0.0595657
-0.0547707
-0.0504768
-0.0464876
-0.0597346
-0.0586161
-0.0551977
-0.0536629
-0.0512142
-0.0505637
-0.0481188
-0.0448972
-0.0466763
-0.0498467
-0.0491216
-0.042721
-0.0528092
-0.0520774
-0.0562557
-0.0574494
-0.185654
-0.18282
-0.175574
-0.164329
-0.152611
-0.141524
-0.131694
-0.123274
-0.116119
-0.109989
-0.10459
-0.0996644
-0.0949871
-0.0903578
-0.0856367
-0.0807579
-0.0757131
-0.0705439
-0.0653399
-0.0602521
-0.055477
-0.0511554
-0.0471961
-0.0434279
-0.0549695
-0.0537058
-0.0481831
-0.047499
-0.0450418
-0.0419984
-0.0436268
-0.0467472
-0.0459976
-0.0398588
-0.188503
-0.18465
-0.177608
-0.167266
-0.155729
-0.144269
-0.133757
-0.12457
-0.116717
-0.11001
-0.104201
-0.0990073
-0.0942042
-0.0895941
-0.0850114
-0.0803505
-0.0755657
-0.0706623
-0.065697
-0.0607836
-0.0560838
-0.0517541
-0.0477998
-0.0440767
-0.0404886
-0.04507
-0.0444017
-0.0420559
-0.0392715
-0.0407604
-0.0436742
-0.0429573
-0.0370172
-0.190003
-0.185246
-0.178541
-0.169414
-0.158484
-0.146996
-0.136019
-0.12617
-0.117632
-0.11033
-0.104048
-0.0985346
-0.0935309
-0.088848
-0.0843163
-0.0798034
-0.0752309
-0.0705714
-0.0658457
-0.0611312
-0.0565574
-0.0522648
-0.0483135
-0.0446264
-0.0410851
-0.0376295
-0.0420668
-0.0414168
-0.039485
-0.036384
-0.038089
-0.0407113
-0.04006
-0.0342864
-0.190257
-0.184872
-0.178501
-0.170619
-0.160622
-0.149483
-0.138324
-0.127977
-0.11883
-0.110936
-0.104159
-0.0982667
-0.0930181
-0.0881905
-0.083627
-0.0791864
-0.0747646
-0.0703079
-0.0658068
-0.0613003
-0.0568789
-0.0526665
-0.0487408
-0.0450814
-0.0415946
-0.0381953
-0.0348846
-0.0393498
-0.0390992
-0.0365168
-0.0336534
-0.0351695
-0.038077
-0.0373453
-0.0317149
-0.189607
-0.183952
-0.177839
-0.170887
-0.161951
-0.151493
-0.140485
-0.129871
-0.12024
-0.111806
-0.104526
-0.098229
-0.092684
-0.0876722
-0.0830092
-0.0785668
-0.0742303
-0.0699213
-0.0656043
-0.0612914
-0.0570412
-0.0529412
-0.0490712
-0.0454483
-0.0420125
-0.0386822
-0.0354248
-0.0322862
-0.0390359
-0.0365416
-0.0358727
-0.0337718
-0.0311121
-0.0325268
-0.0352005
-0.0345366
-0.0377949
-0.0370949
-0.0292974
-0.188498
-0.182736
-0.17683
-0.170479
-0.162416
-0.152834
-0.142298
-0.1317
-0.121765
-0.112879
-0.105133
-0.0984189
-0.092549
-0.0873098
-0.082511
-0.0780042
-0.0736866
-0.0694687
-0.0652941
-0.0611469
-0.0570546
-0.0530817
-0.0492959
-0.045725
-0.0423413
-0.0390791
-0.0358924
-0.032797
-0.0298384
-0.0363041
-0.0356515
-0.0338097
-0.0331935
-0.0312233
-0.0287265
-0.0300527
-0.0325605
-0.0319405
-0.0350218
-0.0343442
-0.0270218
-0.187133
-0.181426
-0.175669
-0.16969
-0.162221
-0.153431
-0.143588
-0.133289
-0.123279
-0.114084
-0.105934
-0.098825
-0.0926147
-0.0871188
-0.0821488
-0.0775439
-0.0731889
-0.0690024
-0.064915
-0.0608919
-0.0569416
-0.0530967
-0.0494082
-0.0459072
-0.042582
-0.0393878
-0.0362765
-0.0332407
-0.03032
-0.027535
-0.0336109
-0.0329968
-0.0312598
-0.0306816
-0.0288256
-0.0264773
-0.0277226
-0.0300843
-0.0295
-0.032399
-0.0317616
-0.0248741
-0.185766
-0.180604
-0.17489
-0.168728
-0.161644
-0.153422
-0.144266
-0.134489
-0.124647
-0.115321
-0.106872
-0.0994105
-0.0928733
-0.0871051
-0.0819348
-0.0772027
-0.0727774
-0.0685733
-0.0645264
-0.0605866
-0.0567384
-0.0530046
-0.0494145
-0.0459922
-0.0427342
-0.0396086
-0.0365739
-0.0336093
-0.0307368
-0.0279881
-0.0253646
-0.0310772
-0.0304979
-0.0288573
-0.0283132
-0.0265652
-0.0243508
-0.025522
-0.0277493
-0.0271985
-0.0299332
-0.029331
-0.0228433
-0.184971
-0.179024
-0.181934
-0.168041
-0.173021
-0.176403
-0.1609
-0.153039
-0.144409
-0.135202
-0.125732
-0.116475
-0.107866
-0.100132
-0.093298
-0.0872632
-0.0818769
-0.0769906
-0.072472
-0.0682168
-0.0641608
-0.0602575
-0.0564831
-0.0528349
-0.0493315
-0.0459869
-0.0427988
-0.0397425
-0.0367836
-0.0338968
-0.0310856
-0.0283802
-0.0257948
-0.0233153
-0.0286854
-0.0281407
-0.0265919
-0.0260776
-0.0244263
-0.0223343
-0.023438
-0.0255427
-0.0250217
-0.0276047
-0.0270385
-0.0209187
-0.183753
-0.186111
-0.178401
-0.17995
-0.181125
-0.182523
-0.160332
-0.16596
-0.169713
-0.172211
-0.173977
-0.175465
-0.177114
-0.152506
-0.144196
-0.135457
-0.12644
-0.117435
-0.108829
-0.100927
-0.0938514
-0.0875701
-0.0819715
-0.0769165
-0.0722799
-0.0679557
-0.0638652
-0.059962
-0.0562154
-0.052621
-0.0491833
-0.0459063
-0.0427834
-0.0397946
-0.0369092
-0.0341003
-0.0313594
-0.0287068
-0.0261628
-0.0237263
-0.0213747
-0.0264279
-0.025911
-0.0244468
-0.0239586
-0.0223979
-0.0204199
-0.0214587
-0.0234515
-0.0229563
-0.0254036
-0.0248652
-0.0190895
-0.183355
-0.184639
-0.185478
-0.178588
-0.180016
-0.181145
-0.182389
-0.152063
-0.15812
-0.16212
-0.164999
-0.166927
-0.168673
-0.17052
-0.172342
-0.174025
-0.175446
-0.176975
-0.143848
-0.135382
-0.126768
-0.118113
-0.109666
-0.101722
-0.094484
-0.0879986
-0.0822014
-0.0769783
-0.0722101
-0.0677957
-0.063649
-0.0597152
-0.0559703
-0.0523986
-0.0489996
-0.0457715
-0.042703
-0.0397732
-0.0369547
-0.0342199
-0.0315534
-0.0289632
-0.0264677
-0.0240746
-0.0217693
-0.0195247
-0.0242895
-0.0237972
-0.0224106
-0.0219463
-0.0204677
-0.0186109
-0.0195745
-0.0214628
-0.0209922
-0.0233147
-0.0228027
-0.0173311
-0.183602
-0.184728
-0.185544
-0.143525
-0.149796
-0.153918
-0.157052
-0.159082
-0.161015
-0.162995
-0.165079
-0.166958
-0.168617
-0.17038
-0.135187
-0.126802
-0.118484
-0.110296
-0.102442
-0.0951417
-0.08851
-0.0825426
-0.0771606
-0.0722611
-0.0677446
-0.0635307
-0.0595528
-0.0557776
-0.0521996
-0.0488123
-0.0456091
-0.042577
-0.0396935
-0.0369309
-0.0342625
-0.0316682
-0.0291457
-0.0267067
-0.0243603
-0.022103
-0.0199052
-0.0177436
-0.0222556
-0.0217875
-0.020471
-0.0200284
-0.0186312
-0.0169031
-0.017795
-0.019567
-0.01912
-0.0213259
-0.0208397
-0.0156045
-0.134967
-0.141264
-0.1454
-0.148665
-0.150737
-0.15278
-0.154833
-0.157088
-0.159099
-0.160929
-0.162857
-0.126726
-0.118599
-0.110687
-0.103021
-0.095762
-0.0890572
-0.0829634
-0.0774456
-0.0724217
-0.0678008
-0.0635026
-0.0594681
-0.0556566
-0.0520509
-0.0486498
-0.0454473
-0.0424293
-0.0395741
-0.0368533
-0.0342388
-0.0317085
-0.0292531
-0.0268753
-0.0245829
-0.0223758
-0.0202279
-0.0181133
-0.0160063
-0.0203174
-0.0198697
-0.0186225
-0.0182034
-0.0169243
-0.0151954
-0.0161796
-0.0177649
-0.0173453
-0.0194292
-0.0189657
-0.0138999
-0.126591
-0.132763
-0.136821
-0.14011
-0.142172
-0.144259
-0.146328
-0.148666
-0.150741
-0.152671
-0.1547
-0.118609
-0.110859
-0.103415
-0.0962858
-0.0895926
-0.0834296
-0.0778075
-0.0726747
-0.0679557
-0.0635763
-0.0594762
-0.0556142
-0.051969
-0.0485353
-0.0453116
-0.0422856
-0.0394373
-0.0367397
-0.034164
-0.031685
-0.0292899
-0.0269737
-0.0247392
-0.0225852
-0.0204911
-0.0184302
-0.0163728
-0.0143047
-0.0184699
-0.0180429
-0.0168766
-0.0165044
-0.0152805
-0.0134671
-0.0144103
-0.0161298
-0.015792
-0.0176214
-0.0171789
-0.012263
-0.118539
-0.124477
-0.128391
-0.131619
-0.133628
-0.135701
-0.137739
-0.140086
-0.142168
-0.144135
-0.146201
-0.110929
-0.103627
-0.0966741
-0.0900687
-0.0838999
-0.078215
-0.0729987
-0.0681943
-0.0637349
-0.0595665
-0.0556497
-0.0519601
-0.0484855
-0.0452235
-0.0421691
-0.0393063
-0.0366111
-0.0340556
-0.0316132
-0.0292659
-0.0270055
-0.0248281
-0.0227302
-0.0206937
-0.0186918
-0.0166914
-0.0146729
-0.012664
-0.0167017
-0.0163037
-0.0152852
-0.0148422
-0.0134953
-0.0118309
-0.0126777
-0.0143774
-0.0139378
-0.0159632
-0.015695
-0.0107198
-0.110907
-0.116538
-0.120263
-0.123367
-0.125296
-0.12731
-0.129281
-0.131577
-0.133618
-0.135569
-0.137619
-0.103734
-0.0969099
-0.0904445
-0.0843326
-0.0786358
-0.073369
-0.0684986
-0.0639724
-0.0597404
-0.0557648
-0.0520246
-0.0485056
-0.0451974
-0.0420986
-0.0392025
-0.0364894
-0.0339338
-0.0315095
-0.0291956
-0.0269795
-0.0248543
-0.0228118
-0.0208337
-0.0188936
-0.0169555
-0.0149954
-0.0130288
-0.0111047
-0.0150954
-0.0146275
-0.0134638
-0.0130539
-0.0118399
-0.0103053
-0.0110828
-0.0126321
-0.0122293
-0.0141911
-0.0137416
-0.0155473
-0.00927427
-0.103744
-0.10903
-0.112539
-0.115479
-0.117308
-0.119234
-0.121113
-0.123316
-0.125281
-0.127176
-0.12917
-0.0970371
-0.0906927
-0.0846919
-0.0790352
-0.0737569
-0.0688455
-0.0642656
-0.0599786
-0.0559522
-0.0521613
-0.0485922
-0.0452368
-0.042088
-0.0391437
-0.0363943
-0.0338191
-0.0313934
-0.0290953
-0.0269099
-0.0248264
-0.0228333
-0.0209115
-0.0190328
-0.0171607
-0.0152667
-0.0133517
-0.0114548
-0.00963879
-0.0148724
-0.0144415
-0.0132873
-0.0128674
-0.0117992
-0.0114232
-0.0103065
-0.00887424
-0.0095918
-0.0110343
-0.010661
-0.0124656
-0.0120497
-0.0140138
-0.0135761
-0.00792436
-0.0970653
-0.101994
-0.105277
-0.108032
-0.10975
-0.111568
-0.113342
-0.115424
-0.11729
-0.119101
-0.121009
-0.0908263
-0.0849429
-0.0793756
-0.0741296
-0.0692115
-0.0646005
-0.06027
-0.056197
-0.0523606
-0.0487445
-0.0453396
-0.0421408
-0.039142
-0.0363419
-0.0337298
-0.0312841
-0.0289837
-0.0268121
-0.0247569
-0.0228037
-0.0209319
-0.0191116
-0.0173052
-0.0154809
-0.0136256
-0.0117671
-0.00996642
-0.00826948
-0.0131267
-0.0127151
-0.0116319
-0.011245
-0.0102631
-0.00990946
-0.00886181
-0.00753556
-0.00817303
-0.00954374
-0.00918781
-0.0108736
-0.0104886
-0.012306
-0.0118955
-0.00669306
-0.0908629
-0.0954395
-0.0984987
-0.101061
-0.102666
-0.104367
-0.106029
-0.107976
-0.109731
-0.11144
-0.113244
-0.0850731
-0.0796189
-0.074452
-0.0695675
-0.0649523
-0.0605938
-0.0564841
-0.0526094
-0.0489535
-0.0455023
-0.0422514
-0.0391997
-0.0363445
-0.0336817
-0.0311995
-0.0288789
-0.026704
-0.024661
-0.0227348
-0.0209029
-0.0191343
-0.0173901
-0.015634
-0.0138443
-0.0120351
-0.010257
-0.00857115
-0.00700812
-0.0114799
-0.0110993
-0.0101011
-0.00973836
-0.00881322
-0.00846723
-0.00746012
-0.00633361
-0.00683109
-0.00811288
-0.00774721
-0.00938858
-0.00902297
-0.0107209
-0.0103407
-0.00555401
-0.0851103
-0.0893539
-0.092199
-0.0945722
-0.0960657
-0.0976491
-0.0991981
-0.101006
-0.102646
-0.104246
-0.105938
-0.0797408
-0.0746829
-0.0698772
-0.0652969
-0.0609331
-0.0567967
-0.0528916
-0.0492027
-0.0457138
-0.0424172
-0.0393135
-0.0364044
-0.0336859
-0.0311535
-0.0287978
-0.0266028
-0.0245557
-0.0226411
-0.0208366
-0.0191092
-0.0174197
-0.015728
-0.0140055
-0.0122531
-0.0105074
-0.00883271
-0.00727728
-0.00584571
-0.00995506
-0.00959874
-0.00865435
-0.00830155
-0.00735156
-0.00693952
-0.00626039
-0.00522284
-0.00573736
-0.00649007
-0.00795644
-0.00758348
-0.00924283
-0.00888336
-0.00448786
-0.0797735
-0.0837093
-0.0863541
-0.0885486
-0.0899377
-0.0914077
-0.0928483
-0.0945202
-0.096046
-0.0975356
-0.0991129
-0.0747929
-0.0700974
-0.0655997
-0.0612652
-0.057119
-0.0531894
-0.049476
-0.0459599
-0.0426286
-0.0394794
-0.0365162
-0.0337439
-0.0311581
-0.0287539
-0.0265245
-0.0244573
-0.0225386
-0.0207464
-0.0190484
-0.0174028
-0.0157678
-0.0141091
-0.0124168
-0.0107142
-0.00905669
-0.00750573
-0.00608287
-0.00475409
-0.00851616
-0.00817052
-0.00719379
-0.00685763
-0.00602105
-0.00518648
-0.00417667
-0.00467217
-0.00551127
-0.00628085
-0.0065169
-0.00781995
-0.00745659
-0.0034755
-0.0748155
-0.078471
-0.0809327
-0.0829625
-0.0842537
-0.0856168
-0.0869561
-0.0885003
-0.0899181
-0.0913017
-0.0927681
-0.0701932
-0.0658179
-0.0615642
-0.0574325
-0.0534869
-0.0497563
-0.0462237
-0.0428687
-0.0396856
-0.0366781
-0.0338531
-0.0312149
-0.0287583
-0.0264817
-0.0243811
-0.0224428
-0.0206475
-0.0189639
-0.0173502
-0.0157615
-0.0141604
-0.0125274
-0.0108738
-0.00924305
-0.00769805
-0.00627551
-0.00496241
-0.00371942
-0.00708651
-0.00677124
-0.00601537
-0.00576763
-0.00498267
-0.00414541
-0.00318195
-0.00365347
-0.00446394
-0.00524166
-0.00549985
-0.00251425
-0.0701974
-0.0736008
-0.0758959
-0.0777767
-0.0789795
-0.0802451
-0.0814913
-0.0829176
-0.0842342
-0.0855184
-0.0868809
-0.0659032
-0.0617821
-0.0577096
-0.0537675
-0.0500283
-0.0464879
-0.043122
-0.0399192
-0.0368795
-0.0340105
-0.0313195
-0.0288123
-0.0264855
-0.0243393
-0.0223683
-0.0205545
-0.0188701
-0.017274
-0.0157199
-0.0141666
-0.0125881
-0.0109853
-0.0093906
-0.00785768
-0.00643301
-0.00512284
-0.00390133
-0.00272542
-0.00495568
-0.00470313
-0.0039497
-0.00315238
-0.00224972
-0.00268393
-0.00345316
-0.00418742
-0.00444249
-0.00158981
-0.0658902
-0.0690586
-0.0712052
-0.0729539
-0.0740762
-0.075253
-0.076415
-0.077735
-0.0789599
-0.0801533
-0.0814202
-0.0618932
-0.05793
-0.0540137
-0.0502775
-0.0467383
-0.0433732
-0.0401647
-0.0371064
-0.0342048
-0.0314711
-0.028914
-0.0265384
-0.0243419
-0.0223263
-0.0204812
-0.0187807
-0.0171874
-0.0156545
-0.0141376
-0.0126052
-0.0110497
-0.0094948
-0.00798505
-0.00656385
-0.00524867
-0.00403296
-0.00287991
-0.00176186
-0.00391648
-0.00367365
-0.00296357
-0.00221476
-0.00137402
-0.00178294
-0.00249299
-0.00318345
-0.00342644
-0.000651566
-0.0618908
-0.064812
-0.0668214
-0.068454
-0.069505
-0.0706028
-0.0716893
-0.0729148
-0.0740566
-0.0751677
-0.076348
-0.0580602
-0.0541966
-0.0504879
-0.0469637
-0.0436102
-0.0404077
-0.0373452
-0.0344258
-0.0316607
-0.0290613
-0.0266362
-0.0243917
-0.0223268
-0.0204387
-0.0187089
-0.0171029
-0.0155769
-0.0140841
-0.0125883
-0.0110765
-0.00956463
-0.00808378
-0.00667051
-0.00534973
-0.0041306
-0.00298713
-0.00188675
-0.000759463
-0.0029264
-0.00269502
-0.00203332
-0.00135343
-0.000528323
-0.000977712
-0.00159885
-0.00223388
-0.0024608
-2.25934e-05
-0.0581715
-0.0608696
-0.0627248
-0.0642452
-0.0652287
-0.0662553
-0.0672738
-0.0684168
-0.069485
-0.0705231
-0.0716255
-0.0543316
-0.0506558
-0.0471573
-0.0438236
-0.0406374
-0.0375835
-0.0346606
-0.0318766
-0.0292445
-0.0267781
-0.0244863
-0.0223735
-0.0204355
-0.0186644
-0.0170324
-0.0154985
-0.0140168
-0.0125468
-0.0110702
-0.00959515
-0.00814418
-0.00674879
-0.00543249
-0.00420788
-0.00306323
-0.00197436
-0.000847437
-6.41532e-05
-0.00199183
-0.00177501
-0.0011823
-0.000593103
2.59763e-05
-0.000268846
-0.000812442
-0.00135055
-0.00155859
-0.0544297
-0.0573702
-0.0589938
-0.060319
-0.0612306
-0.0621907
-0.0631417
-0.0642093
-0.0652084
-0.0661807
-0.0672134
-0.0507517
-0.047302
-0.0440052
-0.0408458
-0.0378112
-0.034897
-0.0321073
-0.0294555
-0.0269567
-0.0246229
-0.0224616
-0.0204755
-0.018656
-0.016986
-0.0154305
-0.013946
-0.0124903
-0.0110398
-0.00959727
-0.00817984
-0.00680805
-0.00549984
-0.00427165
-0.00312233
-0.00203843
-0.000919322
-0.000109287
-0.00112915
-0.000935456
-0.000477401
4.18984e-05
0.000122508
-0.000178502
-0.000575954
-0.000747925
-0.0507887
-0.053479
-0.0553793
-0.0570068
-0.0576955
-0.0584759
-0.0593047
-0.0602644
-0.0612054
-0.06212
-0.0630853
-0.0474002
-0.0441543
-0.0410277
-0.0380198
-0.0351245
-0.0323416
-0.0296827
-0.0271614
-0.0247928
-0.0225892
-0.0205556
-0.0186881
-0.0169713
-0.0153821
-0.0138818
-0.0124283
-0.0109943
-0.00957666
-0.00818626
-0.00683528
-0.00554005
-0.00431898
-0.00317145
-0.00209121
-0.000981675
-0.000159986
-0.000405267
-0.000331177
8.0182e-05
0.000139888
-0.000108045
-0.000158728
-0.04741
-0.0498934
-0.0516112
-0.0529559
-0.0538727
-0.054825
-0.0558097
-0.0572259
-0.0575626
-0.058295
-0.0591991
-0.0442345
-0.0411646
-0.0381986
-0.0353332
-0.0325686
-0.0299138
-0.0273813
-0.0249885
-0.0227491
-0.0206715
-0.0187554
-0.0169919
-0.0153608
-0.013833
-0.0123694
-0.010941
-0.00954031
-0.00817126
-0.00684136
-0.00556511
-0.00435805
-0.00321518
-0.00213907
-0.00103853
-0.000220328
5.25357e-05
0.000170054
0.000105521
0.00023307
-9.98671e-06
-1.78085e-05
-0.0442496
-0.0465801
-0.0481797
-0.0494267
-0.0502675
-0.0511295
-0.0520065
-0.0528966
-0.053812
-0.0546914
-0.0556212
-0.0572757
-0.041256
-0.0383424
-0.0355138
-0.0327769
-0.0301372
-0.0276051
-0.0251983
-0.0229309
-0.020815
-0.0188547
-0.0170451
-0.0153704
-0.0138057
-0.0123218
-0.0108897
-0.00949709
-0.0081425
-0.00682981
-0.00557011
-0.00437633
-0.00324302
-0.0021792
-0.00109075
-0.00029126
0.000120172
0.000211108
0.00010361
0.000245877
-0.0412626
-0.0434618
-0.0449706
-0.0461445
-0.0469314
-0.0477373
-0.048547
-0.0493863
-0.0502416
-0.0510711
-0.0519533
-0.0528585
-0.0537551
-0.0546333
-0.0554788
-0.0384175
-0.0356458
-0.0329518
-0.0303399
-0.0278201
-0.0254093
-0.0231237
-0.020978
-0.0189795
-0.017126
-0.0154071
-0.0138039
-0.0122908
-0.0108453
-0.00945311
-0.00810716
-0.0068067
-0.00556083
-0.0043813
-0.00326287
-0.00221585
-0.00113868
-0.000368989
-0.0384313
-0.040512
-0.0419405
-0.0430473
-0.043792
-0.0445533
-0.0453149
-0.0461076
-0.0469093
-0.0476864
-0.0485057
-0.049352
-0.0501955
-0.0510402
-0.0519107
-0.0357309
-0.0330872
-0.0305104
-0.0280132
-0.0256096
-0.023316
-0.0211495
-0.0191192
-0.017227
-0.0154672
-0.0138253
-0.0122818
-0.0108195
-0.00942073
-0.00807347
-0.00677833
-0.00554211
-0.00437475
-0.00326996
-0.00224031
-0.00117677
-0.000448384
-0.0357364
-0.0377152
-0.0390697
-0.0401163
-0.0408222
-0.0415434
-0.0422639
-0.0430124
-0.0437726
-0.0445074
-0.0452778
-0.0460749
-0.0468658
-0.0476563
-0.0484669
-0.0331555
-0.0306311
-0.0281715
-0.0257873
-0.0234964
-0.0213181
-0.0192644
-0.0173409
-0.0155452
-0.0138666
-0.0122923
-0.0108064
-0.00939258
-0.00804145
-0.00674963
-0.00551932
-0.00436038
-0.0032671
-0.00225532
-0.00120556
-0.000523866
-0.0331683
-0.0350544
-0.0363435
-0.0373399
-0.0380075
-0.038691
-0.039374
-0.0400822
-0.0408031
-0.0414998
-0.0422299
-0.042984
-0.0437336
-0.04448
-0.0452421
-0.0307084
-0.0282927
-0.0259349
-0.0236559
-0.0214746
-0.0194064
-0.0174593
-0.0156335
-0.0139223
-0.0123177
-0.0108107
-0.00938562
-0.00802802
-0.00673058
-0.00549823
-0.00434304
-0.0032575
-0.00226111
-0.00122401
-0.000591901
-0.0307146
-0.0325151
-0.0337459
-0.034698
-0.0353344
-0.0359852
-0.0366333
-0.0373073
-0.0379889
-0.0386493
-0.039342
-0.0400564
-0.0407679
-0.041476
-0.0421989
-0.0283555
-0.0260412
-0.0237874
-0.021613
-0.0195383
-0.017575
-0.0157257
-0.0139876
-0.0123567
-0.0108276
-0.00938738
-0.00801779
-0.00671337
-0.00547967
-0.00432653
-0.00324521
-0.00225993
-0.0012333
-0.000650481
-0.0283719
-0.0300909
-0.0312665
-0.0321736
-0.0327823
-0.0334044
-0.0340229
-0.0346672
-0.0353167
-0.0359454
-0.0366026
-0.0372809
-0.0379546
-0.0386266
-0.0393135
-0.0261154
-0.023894
-0.0217323
-0.0196576
-0.0176849
-0.0158188
-0.0140583
-0.0124043
-0.0108559
-0.00940088
-0.00802128
-0.00671044
-0.00547437
-0.00431794
-0.00323458
-0.00225546
-0.00123577
-0.000699413
-0.0261284
-0.0277766
-0.0288987
-0.0297645
-0.030346
-0.0309406
-0.0315313
-0.032145
-0.0327671
-0.0333681
-0.0339946
-0.0346415
-0.0352828
-0.0359221
-0.0365738
-0.0239568
-0.0218264
-0.0197631
-0.0177883
-0.0159125
-0.0141374
-0.0124669
-0.0108991
-0.00942509
-0.00803359
-0.00671681
-0.0054734
-0.00431119
-0.00322589
-0.00225054
-0.0012345
-0.00073945
-0.0239818
-0.0255632
-0.0266364
-0.0274681
-0.0280213
-0.0285885
-0.0291524
-0.0297383
-0.0303327
-0.0309072
-0.0315063
-0.0321233
-0.0327369
-0.033347
-0.0339677
-0.0219017
-0.0198593
-0.0178872
-0.0160076
-0.014223
-0.0125366
-0.010949
-0.00945822
-0.00805545
-0.00673096
-0.00548277
-0.00431708
-0.00322883
-0.00225073
-0.00123285
-0.000771511
-0.0219244
-0.0234426
-0.024471
-0.0252717
-0.0258014
-0.0263446
-0.0268824
-0.0274446
-0.0280101
-0.0285583
-0.0291308
-0.0297199
-0.0303067
-0.03089
-0.0314838
-0.0199245
-0.0179739
-0.0161028
-0.0143184
-0.0126234
-0.0110218
-0.00951402
-0.0080937
-0.00675616
-0.00550106
-0.00433035
-0.00323476
-0.00225179
-0.00123184
-0.000796511
-0.0199588
-0.0214136
-0.022398
-0.023165
-0.0236732
-0.0241944
-0.0247098
-0.0252509
-0.0257923
-0.026317
-0.0268631
-0.0274265
-0.0279855
-0.0285429
-0.0291113
-0.0180493
-0.0161957
-0.0144206
-0.0127261
-0.0111123
-0.00958256
-0.00814019
-0.00678935
-0.0055274
-0.00435174
-0.00325102
-0.00226081
-0.00123571
-0.000814677
-0.0180763
-0.0194733
-0.0204157
-0.0211505
-0.0216369
-0.022136
-0.0226293
-0.0231472
-0.0236672
-0.0241707
-0.0246934
-0.0252335
-0.0257682
-0.0263013
-0.0268438
-0.0162586
-0.0145152
-0.0128407
-0.0112239
-0.00967612
-0.00821278
-0.00684449
-0.00556808
-0.00438105
-0.00327392
-0.00227642
-0.00124494
-0.000825877
-0.0162842
-0.0176093
-0.0185182
-0.0192266
-0.0196906
-0.0201675
-0.0206396
-0.0211354
-0.0216331
-0.0221154
-0.0226162
-0.023133
-0.0236461
-0.0241568
-0.0246755
-0.0145931
-0.0129589
-0.011352
-0.00979357
-0.00830793
-0.00691328
-0.00561545
-0.00441626
-0.00330254
-0.00229705
-0.00126086
-0.000829316
-0.0146023
-0.0158005
-0.0166906
-0.0173755
-0.0178268
-0.0182848
-0.0187382
-0.019215
-0.0196891
-0.02015
-0.0206294
-0.021124
-0.0216153
-0.0221046
-0.0226019
-0.0130385
-0.011473
-0.00992555
-0.00842656
-0.00700612
-0.00568422
-0.00446718
-0.00334068
-0.00232219
-0.00128334
-0.000824747
-0.0130755
-0.0141151
-0.0148963
-0.0155257
-0.015998
-0.0164517
-0.0169036
-0.0173688
-0.0178276
-0.0182709
-0.0187299
-0.0192046
-0.019673
-0.020141
-0.0206175
-0.0115772
-0.0100592
-0.00855932
-0.00711984
-0.00576981
-0.0045243
-0.00337844
-0.00234713
-0.00130978
-0.000811472
-0.0116164
-0.0126891
-0.013384
-0.0139435
-0.0144332
-0.0150155
-0.0155222
-0.0159994
-0.0164436
-0.0168972
-0.0173632
-0.0178146
-0.0182636
-0.018719
-0.0101504
-0.00868149
-0.00724452
-0.00587279
-0.00459651
-0.00342718
-0.00237759
-0.00134076
-0.00078807
-0.010202
-0.0112618
-0.0119568
-0.0126567
-0.0133302
-0.0138732
-0.0145738
-0.0141984
-0.0150147
-0.0155338
-0.0159974
-0.0164453
-0.0168926
-0.00878413
-0.00736755
-0.00598577
-0.00468179
-0.00348209
-0.00240588
-0.0013709
-0.000753516
-0.00882811
-0.00986272
-0.0105441
-0.0112467
-0.0119507
-0.012504
-0.0128413
-0.0135219
-0.0131952
-0.0145897
-0.0150356
-0.00745147
-0.00608892
-0.00477461
-0.00354533
-0.00243653
-0.00139935
-0.000707502
-0.00750288
-0.00850202
-0.00916465
-0.00985018
-0.0105425
-0.0110783
-0.0114189
-0.0121206
-0.0117793
-0.00617904
-0.00487004
-0.00361613
-0.00247075
-0.00142306
-0.000652524
-0.00622053
-0.00718644
-0.0078276
-0.00849015
-0.00916286
-0.00967939
-0.010012
-0.0107011
-0.0103629
-0.0049381
-0.00368454
-0.0025104
-0.00144133
-0.000593471
-0.00498568
-0.00591729
-0.00653602
-0.00717489
-0.00782518
-0.00832197
-0.00864481
-0.00931333
-0.00898422
-0.00375449
-0.00256113
-0.00145813
-0.000539047
-0.00379189
-0.00469349
-0.00529052
-0.00590704
-0.00653398
-0.00701187
-0.00732346
-0.00796915
-0.0076513
-0.00260491
-0.00147658
-0.000499188
-0.00264093
-0.00351339
-0.0040896
-0.00468488
-0.00528892
-0.00574998
-0.00605032
-0.00667283
-0.00636605
-0.00150322
-0.000480409
-0.00152606
-0.0023749
-0.002932
-0.00350749
-0.00408939
-0.00453429
-0.00482342
-0.00542341
-0.00512726
-0.0004805
-0.000486751
-0.00127191
-0.00181361
-0.00237296
-0.00293375
-0.00336358
-0.00364251
-0.00422032
-0.00393438
-0.000238277
-0.000732486
-0.00127868
-0.0018199
-0.00223646
-0.00250557
-0.00306187
-0.00278608
-0.000245543
-0.00074639
-0.00115427
-0.00141248
-0.00194746
-0.00168112
-0.000129561
-0.00037304
-0.000878832
-0.000620701
)
;

boundaryField
{
    inlet
    {
        type            zeroGradient;
    }
    outlet
    {
        type            fixedValue;
        value           uniform 0;
    }
    wall
    {
        type            zeroGradient;
    }
    front
    {
        type            empty;
    }
    back
    {
        type            empty;
    }
    vanem
    {
        type            zeroGradient;
    }
    vaneu
    {
        type            zeroGradient;
    }
    vanel
    {
        type            zeroGradient;
    }
    procBoundary3to2
    {
        type            processor;
        value           nonuniform List<scalar> 
58
(
-0.187854
-0.188529
-0.189853
-0.191292
-0.192546
-0.193433
-0.193553
-0.192489
-0.190046
-0.186282
-0.181539
-0.176234
-0.170814
-0.165578
-0.160775
-0.156525
-0.152925
-0.149983
-0.14767
-0.145876
-0.144466
-0.143305
-0.142314
-0.141495
-0.140855
-0.140375
-0.139979
-0.139633
-0.13931
-0.138978
-0.000231365
-0.000153105
-5.70988e-05
4.18829e-05
0.000113847
0.000144193
0.000132985
9.42442e-05
3.72126e-05
-3.54314e-05
-0.000120961
-0.000227471
-0.000332761
-0.186472
-0.137564
-0.137564
-0.137564
-0.000398373
-0.000380249
-0.187013
-0.186595
-0.137543
-0.000398373
-0.000343045
-0.186595
-0.000491152
-0.137721
-0.000453401
)
;
    }
}


// ************************************************************************* //
