/*--------------------------------*- C++ -*----------------------------------*\
| =========                 |                                                 |
| \\      /  F ield         | OpenFOAM: The Open Source CFD Toolbox           |
|  \\    /   O peration     | Version:  v1912                                 |
|   \\  /    A nd           | Website:  www.openfoam.com                      |
|    \\/     M anipulation  |                                                 |
\*---------------------------------------------------------------------------*/
FoamFile
{
    version     2.0;
    format      ascii;
    class       surfaceScalarField;
    location    "300";
    object      phi;
}
// * * * * * * * * * * * * * * * * * * * * * * * * * * * * * * * * * * * * * //

dimensions      [0 3 -1 0 0 0 0];
oriented        oriented;


internalField   nonuniform List<scalar> 
7196
(
0.00510622
0.00490078
0.00622975
0.00888448
0.0024589
0.00244188
0.00618594
0.0100508
0.00447052
0.00687285
0.000925965
0.00151591
0.00596186
0.0102331
0.00522357
0.00929776
0.00258457
0.00521424
0.000294296
0.00122161
0.00577383
0.010197
0.00527086
0.0101858
0.00373817
0.00814416
0.00128633
0.00422221
7.7887e-05
0.00114372
0.00562929
0.0101555
0.00510907
0.0103588
0.00419321
0.00973075
0.00232918
0.00710132
0.000564507
0.00373559
4.6923e-07
0.00114325
0.00550461
0.0101357
0.00494176
0.0103229
0.0042315
0.0103205
0.0029653
0.00909463
0.0012828
0.00638302
0.000194035
0.00354202
-2.92222e-05
0.00117248
0.00538915
0.0101275
0.00480907
0.0102684
0.00412387
0.0104305
0.00318797
0.0100978
0.00186666
0.00851078
0.000599689
0.00597737
1.28366e-05
0.00349996
-3.83942e-05
0.00121087
0.00528079
0.0101204
0.00470775
0.0102288
0.00400209
0.0103901
0.00317681
0.0104416
0.00215643
0.00980808
0.0010156
0.00809486
0.000192112
0.00579809
-6.79687e-05
0.00352954
-3.64393e-05
0.00124731
0.0051766
0.0101142
0.00462743
0.0102007
0.00390364
0.0103272
0.00308265
0.0104843
0.00220237
0.0103957
0.00126314
0.00956054
0.00042823
0.00785875
-2.39764e-05
0.0057541
-9.25587e-05
0.00358566
-2.98705e-05
0.00127718
0.00507912
0.0101055
0.00456791
0.0101737
0.00383539
0.0102689
0.00298067
0.0104292
0.00212084
0.0105658
0.0013097
0.0103491
0.000583097
0.00940567
7.24053e-05
0.00776236
-0.00011931
0.00578085
-9.08506e-05
0.00364664
-2.33044e-05
0.00130048
0.00498952
0.0100936
0.00453099
0.0101424
0.003799
0.0102101
0.00290072
0.0103489
0.00199599
0.0105541
0.00121319
0.0106623
0.000589013
0.0103432
0.000133805
0.00934427
-0.000110113
0.00775317
-0.000147025
0.00583702
-7.85869e-05
0.00370192
-1.70885e-05
0.00131757
0.00490642
0.0100821
0.00451606
0.0101085
0.00379653
0.0101449
0.00285356
0.0102573
0.00187011
0.0104748
0.00104009
0.0107272
0.000454997
0.0107964
8.95297e-05
0.0103875
-0.000115695
0.00934986
-0.000185731
0.00779187
-0.000144322
0.00590276
-6.38127e-05
0.00374864
-1.14092e-05
0.00132898
0.00482966
0.0100698
0.00452557
0.0100726
0.00383658
0.0100685
0.00285106
0.0101474
0.00176366
0.0103637
0.000832257
0.0106826
0.000222589
0.0109596
-7.3527e-05
0.0109594
-0.000190441
0.0104622
-0.000230985
0.00939511
-0.000205711
0.00785326
-0.000127748
0.00596669
-4.88489e-05
0.00378608
-7.12722e-06
0.00133611
0.00475725
0.0100574
0.00455906
0.0100363
0.00392356
0.00998562
0.00290508
0.0100144
0.0016947
0.0102163
0.000614159
0.0105818
-7.90988e-05
0.0109843
-0.000340763
0.0112268
-0.000360245
0.0111292
-0.000324212
0.0105555
-0.000274757
0.00946416
-0.000198152
0.00792367
-0.000106971
0.00602481
-3.52615e-05
0.00381422
-3.49382e-06
0.0013396
0.00468632
0.0100499
0.00461137
0.0100051
0.00406327
0.00989655
0.00303557
0.00985513
0.00168817
0.010021
0.000403423
0.0104271
-0.000437491
0.0109402
-0.000695832
0.0113393
-0.000617415
0.011484
-0.000486636
0.0112916
-0.000380081
0.0106608
-0.000280837
0.00954684
-0.000177985
0.00799468
-8.45715e-05
0.00607412
-2.42959e-05
0.00383502
-1.3148e-06
0.00134092
0.00461333
0.010046
0.004678
0.0099833
0.00425381
0.00981456
0.00325781
0.00967431
0.00177549
0.0097678
0.000219698
0.0102047
-0.00085456
0.0108441
-0.0011391
0.0113835
-0.000949814
0.0116717
-0.00071928
0.0117166
-0.00053949
0.011451
-0.000392189
0.0107722
-0.000264251
0.00963311
-0.000152289
0.0080624
-6.5914e-05
0.00611574
-1.55069e-05
0.00384921
6.62167e-07
0.00134026
0.00453455
0.0100498
0.00474532
0.00997866
0.00448645
0.00975067
0.00358887
0.0094835
0.00200061
0.00944919
0.000100664
0.00988684
-0.00133554
0.0106857
-0.00168514
0.0113902
-0.00135386
0.0117875
-0.00100757
0.01196
-0.000751091
0.0119282
-0.000547224
0.0116061
-0.000378564
0.0108865
-0.000238827
0.00971965
-0.00012732
0.00812381
-4.93471e-05
0.00614958
-8.74652e-06
0.00385862
1.8302e-06
0.00133843
0.00444559
0.010061
0.00480144
0.00999366
0.00474299
0.00972213
0.0040297
0.00930983
0.00241996
0.00906415
0.000110608
0.00943925
-0.00188827
0.0104396
-0.00236719
0.0113677
-0.00182986
0.0118662
-0.00133959
0.0121195
-0.00100726
0.0122162
-0.000747015
0.012128
-0.000529297
0.0117568
-0.000350894
0.0109985
-0.000210854
0.00980318
-0.000105309
0.00817977
-3.66201e-05
0.00617746
-4.35073e-06
0.0038648
2.47304e-06
0.00133595
0.00434307
0.0100785
0.00483219
0.0100302
0.00499244
0.0097442
0.00455427
0.00919756
0.00308947
0.00864032
0.000370673
0.00880409
-0.00250233
0.0100533
-0.00322249
0.0112949
-0.00238133
0.0119192
-0.00170921
0.0122358
-0.00129094
0.0124032
-0.000977422
0.0124466
-0.000716872
0.0123156
-0.00049747
0.0119034
-0.000321857
0.0111095
-0.000184897
0.00988277
-8.69903e-05
0.00823014
-2.66502e-05
0.00619976
-3.72295e-07
0.00386765
3.21431e-06
0.00133274
0.00422512
0.010101
0.00482279
0.0100879
0.00520415
0.00981851
0.00510833
0.00919014
0.00400188
0.00828516
0.0011283
0.00788269
-0.00307904
0.0093808
-0.00425451
0.0110853
-0.00297622
0.0118898
-0.00208609
0.0122961
-0.00157872
0.0125236
-0.00122281
0.0126486
-0.000929724
0.0126595
-0.000676309
0.0124944
-0.000463254
0.0120448
-0.000291043
0.0112157
-0.000160616
0.00995639
-7.08387e-05
0.00827433
-1.84263e-05
0.00621781
2.07476e-06
0.00386879
3.47933e-06
0.00132926
0.0040934
0.0101227
0.00476629
0.0101574
0.00534432
0.00994775
0.0056217
0.00930514
0.00505177
0.00814025
0.00268448
0.00672898
-0.00320937
0.00801302
-0.00532081
0.0104471
-0.00343901
0.0115481
-0.00237506
0.0121787
-0.00181681
0.0125342
-0.00144706
0.0127478
-0.00114612
0.012865
-0.000877662
0.0128608
-0.000634616
0.0126658
-0.000427357
0.0121811
-0.000261436
0.0113165
-0.000140071
0.0100256
-5.77014e-05
0.0083136
-1.27111e-05
0.0062326
3.3451e-06
0.00386892
3.59711e-06
0.00132566
0.00394874
0.0101417
0.00466281
0.0102262
0.00538824
0.0101135
0.00601307
0.00955638
0.00611909
0.00823782
0.00460976
0.00317852
0.00303644
-0.000217949
0.00288317
-0.00142234
0.00227674
-0.0032515
0.00449297
-0.0023609
0.00381164
-0.00189871
0.0102998
-0.00139302
-0.00233876
0.0115118
-0.00187665
0.0122386
-0.00157772
0.0126648
-0.00132437
0.0129261
-0.00107366
0.013061
-0.000823642
0.0130498
-0.000590952
0.0128294
-0.000393041
0.0123127
-0.000236414
0.0114128
-0.000122675
0.0100906
-4.82581e-05
0.00834915
-8.49877e-06
0.00624444
4.70537e-06
0.00386782
3.35583e-06
0.00132231
0.00379546
0.0101553
0.00452018
0.0102843
0.00533596
0.0102785
0.00621776
0.00990884
0.00699283
0.00868265
0.00680231
0.00299359
0.00305168
0.000590224
0.00237034
0.00154086
0.0020858
-0.00322331
0.00285497
-0.000706443
0.000873354
0.000781087
-0.00127702
-0.00113386
0.000570754
0.00089356
-0.00175627
0.00435052
-0.000993388
0.0012783
0.000887198
-0.000678038
-0.000647123
0.00322848
-0.000525988
-0.000921049
0.00956959
-0.000687476
-0.000997343
0.00395485
-0.00155461
0.0111898
-0.00148615
0.012147
-0.00138743
0.0127279
-0.00122484
0.0130773
-0.00100504
0.0132424
-0.000766464
0.0132254
-0.000546111
0.0129824
-0.000359413
0.0124357
-0.000214428
0.0115046
-0.000107745
0.0101501
-4.07306e-05
0.00838138
-6.20907e-06
0.00625536
4.70541e-06
0.00386647
3.39637e-06
0.00131891
0.00363683
0.0101636
0.00434663
0.0103288
0.0052011
0.0104191
0.00623299
0.0102632
0.00746869
0.00943298
0.00865297
0.00327433
0.00355767
0.00261224
0.00192222
0.0035685
0.00105836
0.00103706
0.000445149
0.000399014
0.000535195
-0.0010953
0.000691628
-0.000863713
0.000549503
-0.000937976
0.000495742
0.0010665
-0.000495742
0.000966668
-0.000491899
0.00112308
0.000683929
-0.000288631
0.000288631
-0.000171898
0.00266841
-0.000265372
-0.000323505
0.000920595
0.00356603
-0.000532235
-0.000428059
0.00877315
-0.000330113
0.00322984
-0.000351288
-0.00105944
0.0107631
-0.00122931
0.0119889
-0.00125471
0.0127578
-0.0011355
0.0132077
-0.000929811
0.0134057
-0.000706968
0.0133862
-0.000502061
0.0131251
-0.0003287
0.01255
-0.000193968
0.0115908
-9.6717e-05
0.0102061
-3.57675e-05
0.00841094
-4.30128e-06
0.00626436
4.83236e-06
0.00386503
2.96047e-06
0.00131595
0.00347478
0.010169
0.00415073
0.0103595
0.0050055
0.0105244
0.0060998
0.0105523
0.00756256
0.0101694
0.00956475
0.00407711
0.00444408
0.00464175
0.00220108
0.00545014
0.00274928
0.00104384
0.000270273
0.000251673
0.000801577
-0.00142841
0.00176741
0.000719364
0.000652487
0.00071699
-0.000317976
0.000388473
-0.000388473
0.000360425
-0.000771507
0.000653499
-5.38894e-05
0.002275
-8.13145e-05
-5.75075e-05
-0.000116284
0.00301555
-0.000213764
-0.000215409
0.00811449
-0.000185372
0.00284175
-0.000156317
0.00200522
-3.80129e-05
-4.34971e-05
-0.000810019
0.0103438
-0.00108983
0.011824
-0.00115986
0.0127821
-0.0010381
0.013316
-0.000849231
0.013548
-0.000648031
0.0135322
-0.000460635
0.013257
-0.000303169
0.0126592
-0.000178596
0.0116727
-8.92701e-05
0.0102596
-3.18236e-05
0.00843846
-3.91225e-06
0.00627311
4.52324e-06
0.00386347
2.82496e-06
0.00131313
0.00330986
0.0101729
0.00393826
0.0103815
0.00476623
0.0105988
0.00586073
0.0107635
0.00737912
0.0107358
0.00968759
0.0100465
0.00605836
0.00346889
0.00647571
0.00402673
0.00494466
-0.00161951
0.000303527
0.000339804
0.00628139
0.000879725
0.000532823
-4.77035e-05
0.000203969
0.0011848
0.000269265
0.000284658
0.00024414
0.000591598
-1.94137e-05
0.000190251
0.000547231
-1.31408e-05
0.00184149
-2.68405e-05
-2.3194e-05
0.00272546
-9.91192e-05
-0.000138091
0.00758732
-0.000144756
0.00262028
-8.01942e-05
0.00172256
-1.80497e-05
-1.9331e-05
-0.000512652
0.000484103
-9.46384e-06
-8.91789e-06
-0.000723742
0.00997769
-0.00102923
0.0116934
-0.00104525
0.0127893
-0.000930798
0.0133976
-0.000766325
0.0136663
-0.00059106
0.0136626
-0.000425867
0.0133797
-0.000282268
0.0127629
-0.000166847
0.0117503
-8.31121e-05
0.0103109
-3.01825e-05
0.00846473
-3.84364e-06
0.00628147
3.87758e-06
0.00386242
2.2803e-06
0.00131085
0.00314224
0.0101756
0.00371573
0.0103954
0.00449757
0.0106502
0.00555008
0.0109095
0.00702701
0.0111156
0.00927277
0.0111506
-0.00758151
0.0140651
0.00469656
0.00534216
0.00709145
0.0012673
0.00139153
0.00189555
0.00164112
0.00106142
-0.000757892
0.00140122
-0.00193405
0.00281377
0.000473234
0.000170837
0.000157696
0.000462955
-5.69176e-06
0.000445035
-5.27441e-06
0.0016457
-1.17125e-05
-1.05482e-05
0.00254214
-5.99504e-05
-0.000121618
0.0071432
-0.000157999
0.002457
-5.96126e-05
0.00158323
-8.78176e-06
-8.94696e-06
-0.000429851
0.000416342
-4.54074e-06
-4.14655e-06
-0.000148778
0.000139315
-0.000749403
0.00969787
-0.000933955
0.0115821
-0.000914792
0.0127733
-0.00081903
0.0134503
-0.00068616
0.0137614
-0.00054033
0.0137771
-0.000396165
0.0134936
-0.000265856
0.0128619
-0.000158051
0.0118252
-7.91646e-05
0.0103598
-2.87217e-05
0.00848961
-4.06456e-06
0.00628942
3.09122e-06
0.00386161
2.1107e-06
0.00130874
0.00297478
0.0101755
0.0034874
0.010404
0.00420855
0.0106845
0.00519538
0.0110049
0.00658168
0.0113548
0.00862099
0.0117674
0.0128567
0.0123589
0.00878347
-0.00417585
-0.00337612
0.0019597
0.00150536
0.00884075
0.00528488
0.00300423
0.00107684
0.00345159
0.000944179
-0.00391735
0.00163705
0.00117535
0.000133623
0.000128348
0.000407109
-2.48017e-06
0.000398837
-2.27537e-06
0.00153582
-6.10671e-06
-6.43036e-06
0.0023899
-5.45192e-05
-0.000162784
0.00679932
-0.00024274
0.00229878
-6.68767e-05
0.00148851
-6.52228e-06
-5.78188e-06
-0.000391734
0.000384993
-2.04053e-06
-1.84404e-06
-0.000124202
0.000119661
-0.000747373
0.00951128
-0.000786076
0.0114533
-0.000770349
0.0127246
-0.000713944
0.0134781
-0.000619045
0.0138401
-0.000501229
0.0138821
-0.000374864
0.0136026
-0.000254388
0.0129582
-0.000152383
0.0118984
-7.58728e-05
0.010407
-2.80398e-05
0.00851359
-4.54874e-06
0.00629706
2.50838e-06
0.00386121
1.76549e-06
0.00130697
0.0028071
0.0101767
0.00325441
0.0104084
0.00390855
0.010704
0.00481626
0.0110636
0.00608475
0.0115018
0.00790857
0.0120672
0.0112533
0.0133708
-0.00683008
0.0159862
0.00546862
0.00657487
-0.00319637
0.0014573
-0.00296266
0.00313079
0.00179156
-0.0014573
-0.00179156
0.00182645
0.00155071
0.00107684
0.00202102
0.000117181
0.000114906
0.000380242
-1.35614e-06
0.000374948
-1.1359e-06
0.00144447
-4.63241e-06
-5.84189e-06
0.0022201
-8.41055e-05
-0.000292235
0.00662278
-0.000278596
0.00211486
-0.000137493
0.00138952
-7.25332e-06
-4.67709e-06
-0.000370412
0.000365362
-1.47156e-06
-1.24671e-06
-0.000113062
0.000111021
-0.000576998
0.00930221
-0.000614262
0.0112973
-0.000643462
0.0126541
-0.000628551
0.0134876
-0.000568653
0.0139075
-0.000473495
0.0139808
-0.000359219
0.0137075
-0.000244525
0.0130503
-0.000145956
0.0119685
-7.23337e-05
0.0104513
-2.73133e-05
0.00853635
-5.5667e-06
0.00630513
1.62421e-06
0.00386135
1.6212e-06
0.00130535
0.00263966
0.0101764
0.00302103
0.0104101
0.00360156
0.0107154
0.00442178
0.0110984
0.00556375
0.0115846
0.00718411
0.0122263
0.00974807
0.0135725
0.0143555
0.0150015
0.00504073
-0.00201514
-0.00136202
0.00197879
0.00182626
0.00589204
0.00572357
-0.00155071
0.00136202
0.000109665
0.000108529
0.000361787
-1.05763e-06
0.000356985
-1.04001e-06
0.00132072
-4.88786e-06
-1.04158e-05
0.0020418
-0.000219176
-0.000212456
0.00637656
-0.000118323
0.00198531
-0.000222109
0.00121997
-2.64758e-05
-1.02644e-05
-0.000353292
0.00034741
-1.37123e-06
-9.8363e-07
-0.000107282
0.000105811
-0.000380051
0.009068
-0.00047869
0.0111325
-0.000547626
0.0125732
-0.000567468
0.0134864
-0.000534999
0.013969
-0.000456259
0.0140778
-0.000349625
0.0138126
-0.000237368
0.0131418
-0.000141024
0.0120372
-7.08729e-05
0.0104949
-2.75514e-05
0.00855834
-5.71588e-06
0.00631247
1.06771e-06
0.0038619
1.13387e-06
0.00130422
0.00247174
0.0101769
0.00278681
0.0104107
0.00329278
0.0107188
0.00402383
0.0111134
0.00503932
0.0116229
0.00646289
0.0123058
0.0084776
0.0134967
0.0121416
0.0157863
-0.00413137
0.0118488
0.0131761
-0.00108017
0.0014765
0.00158246
0.000746092
-0.000983377
0.00405207
0.000104753
0.000103713
0.000343677
-1.15511e-06
0.000334866
-1.60504e-06
0.00112414
-4.07504e-05
-8.26034e-05
0.00189678
-0.000123929
-8.23493e-05
0.00612351
-4.46569e-05
0.00183348
-5.50159e-05
0.00104731
-6.5403e-05
-7.98727e-05
-0.000326901
0.000305635
-5.20962e-06
-2.29923e-06
-0.00010273
0.000101358
-0.000264117
0.00885342
-0.000389184
0.010974
-0.00048572
0.0124915
-0.000532306
0.0134837
-0.000517676
0.0140304
-0.000444514
0.0141727
-0.000337724
0.0139129
-0.000228015
0.0132287
-0.000134939
0.0121013
-6.83138e-05
0.0105356
-2.672e-05
0.00857934
-6.84933e-06
0.00632039
2.25633e-07
0.00386281
8.614e-07
0.00130336
0.00230559
0.0101772
0.00255488
0.0104088
0.00298594
0.0107175
0.00362701
0.0111157
0.00452127
0.0116314
0.0057606
0.0123252
0.00741012
0.0133733
0.0101194
0.015519
0.0113977
0.0162374
-0.00200539
0.00703877
0.00954703
-0.00140427
-0.000427976
0.00102706
0.000318115
0.00273811
-0.000390347
-0.00030108
0.000100203
9.85982e-05
0.00027729
-1.2405e-05
0.000222261
-2.75747e-05
0.000954604
-2.44979e-05
-6.72532e-06
0.0017791
-2.79721e-05
-4.33907e-05
0.00593203
-2.92433e-05
0.00175081
-1.63655e-05
0.000902993
-6.35381e-07
-2.76913e-06
-0.000193498
0.000128095
-5.11096e-05
-9.62989e-05
9.10893e-05
-0.000204941
0.00866918
-0.000337473
0.0108258
-0.000455449
0.0124146
-0.000521775
0.0134878
-0.000511049
0.014097
-0.00043314
0.0142681
-0.000323632
0.0140085
-0.000216888
0.0133107
-0.000127655
0.0121606
-6.48809e-05
0.0105738
-2.73368e-05
0.00859983
-7.74137e-06
0.00632836
-8.77711e-07
0.00386455
7.92297e-07
0.00130256
0.0021394
0.0101772
0.00232399
0.010408
0.0026797
0.0107151
0.00323252
0.011112
0.00401341
0.0116235
0.0050878
0.0123042
0.00647555
0.0132597
0.00848345
0.0150092
0.0100337
0.016883
0.00847138
0.0148048
0.00349254
0.00675371
-0.000266463
-0.000432752
0.00167208
-0.000160758
-0.000177481
-0.000122863
0.000759573
0.000195252
0.000534671
-7.61775e-05
7.86843e-05
5.11096e-05
0.000103597
9.68718e-05
0.000876479
-1.03255e-06
-4.24967e-07
0.00172056
-1.31386e-05
-3.1882e-05
0.00578635
-2.73767e-05
0.00170187
-1.05534e-05
0.000861167
-3.50655e-07
-7.02984e-07
-9.41027e-05
9.34673e-05
-0.000171994
0.0085037
-0.000316827
0.0106872
-0.000454797
0.0123476
-0.00052672
0.0135035
-0.000502372
0.0141662
-0.000414745
0.0143592
-0.000305769
0.0140974
-0.00020386
0.0133869
-0.000121632
0.0122174
-6.30406e-05
0.0106095
-2.75596e-05
0.00861965
-8.68639e-06
0.00633617
-1.29064e-06
0.00386663
1.73628e-07
0.00130239
0.00197536
0.010177
0.00209575
0.0104054
0.00237923
0.0107085
0.0028452
0.0111024
0.00352046
0.0116049
0.00444782
0.0122635
0.00562926
0.0131505
0.00718249
0.0145607
0.0085624
0.0164805
0.00834797
0.0170064
0.00557924
0.0127181
0.00148601
0.00515785
4.79692e-05
6.18809e-05
-0.00129961
0.00106923
-9.41293e-06
-2.66712e-05
-2.47939e-05
-3.54891e-05
-0.000396387
0.000274581
-3.89514e-05
-3.91978e-05
0.000119075
9.24348e-05
9.20098e-05
0.000848974
-5.64612e-07
-3.81231e-07
0.00168073
-1.07468e-05
-2.48991e-05
0.00565989
-2.06349e-05
0.00166504
-1.16861e-05
0.000839255
-3.449e-07
-4.89304e-07
-9.13068e-05
9.09562e-05
-0.000160544
0.00834742
-0.000330241
0.0105626
-0.000481917
0.0123028
-0.000533053
0.0135342
-0.000482745
0.0142342
-0.000388607
0.0144421
-0.000286424
0.01418
-0.000190717
0.013456
-0.000115407
0.0122697
-6.24001e-05
0.0106443
-2.7949e-05
0.00863891
-1.05307e-05
0.00634541
-2.65383e-06
0.00386946
1.63544e-07
0.00130223
0.0018117
0.0101767
0.00187073
0.0104021
0.00208114
0.0107035
0.00246368
0.01109
0.00304131
0.0115815
0.00383915
0.0122136
0.00485294
0.0130398
0.00610844
0.0142246
0.00726764
0.0158555
0.00754315
0.0172853
0.00634874
0.0162369
0.00343634
0.0107678
0.000710661
0.00448486
-3.93716e-05
1.69777e-06
-0.00102005
0.000998597
2.18796e-05
4.75387e-05
6.13198e-05
4.97457e-05
-0.000194903
0.000186838
-1.34776e-06
-0.00021506
-6.51377e-06
-0.000235805
-4.04937e-06
3.28692e-06
-7.98771e-05
4.09257e-05
9.03916e-05
9.00104e-05
0.000829434
-4.72254e-07
-4.53761e-07
0.00164984
-9.69718e-06
-1.77432e-05
0.0055374
-2.03143e-05
0.00163433
1.7161e-06
-6.84469e-06
0.000818731
-4.83094e-07
-4.99102e-07
-8.9521e-05
8.91762e-05
-0.000177073
0.00819425
-0.00037919
0.0104599
-0.000517749
0.0122875
-0.000514961
0.0135664
-0.000448601
0.0142942
-0.00035725
0.0145129
-0.000262433
0.0142517
-0.000178152
0.0135187
-0.000110937
0.0123183
-6.15934e-05
0.010678
-3.05264e-05
0.00865891
-1.25388e-05
0.00635529
-3.28355e-06
0.00387291
-4.08763e-07
0.00130264
0.00165071
0.010175
0.00164956
0.0103978
0.00178912
0.0106941
0.00209007
0.0110771
0.00257355
0.0115578
0.00325842
0.0121623
0.00413336
0.0129332
0.00518232
0.0139659
0.00617417
0.015318
0.00659528
0.0168033
0.00618927
0.0174448
0.00461237
0.0150609
0.00208153
0.00939688
0.000314796
0.00414531
3.44269e-05
-9.66875e-06
-0.000985732
0.000977196
-3.08357e-05
-1.94687e-06
1.65092e-05
-0.000242974
0.000251309
1.35442e-05
-0.000224157
2.87225e-05
-0.000203245
4.04077e-05
3.33379e-05
-3.36494e-05
3.23016e-05
-4.01632e-05
-4.42126e-05
8.87039e-05
8.82502e-05
0.000474404
-2.71316e-07
-2.46627e-07
0.000335147
0.00162332
-4.21091e-06
-2.51548e-06
-1.55771e-05
0.00540305
-2.7143e-05
0.00160763
-2.01586e-06
-2.61576e-06
0.000504945
-2.88244e-05
0.000506522
-8.42223e-06
-8.77511e-05
8.7268e-05
-0.000236591
0.00805165
-0.000462424
0.0104046
-0.000509836
0.0122824
-0.00047136
0.0135891
-0.000403269
0.0143402
-0.000322469
0.0145729
-0.000242365
0.0143159
-0.000168686
0.0135765
-0.000109154
0.0123658
-6.36258e-05
0.0107111
-3.27417e-05
0.00867911
-1.41363e-05
0.00636614
-4.21578e-06
0.00387672
-4.78586e-07
0.00130311
0.00149078
0.0101749
0.00143208
0.0103925
0.00150183
0.0106851
0.00172121
0.0110629
0.0021165
0.0115342
0.00270034
0.0121159
0.00345949
0.0128362
0.00435854
0.013757
0.00522816
0.014912
0.00570116
0.0162122
0.00562446
0.0173681
0.00490805
0.0171491
0.00325097
0.0138915
0.0012363
0.00847538
0.000103951
0.00393771
4.1488e-05
6.21612e-05
-0.000958392
0.000947082
4.57368e-05
9.13481e-06
-0.000234116
0.000355132
-1.49024e-06
-0.00014939
-9.72041e-07
-0.000254703
1.86406e-05
1.31145e-05
-0.000110086
0.000120793
2.83737e-06
-8.9029e-05
7.66513e-06
-6.56396e-05
1.70182e-05
8.69967e-05
8.675e-05
0.000304533
1.78965e-06
0.000505098
-2.78638e-06
0.000503967
-1.38525e-06
0.00159693
-1.83384e-06
-3.03563e-06
-2.26196e-05
0.00524026
-5.11781e-05
0.00157626
-2.33816e-06
-4.13433e-06
0.000502912
-9.60669e-07
0.000500891
-5.94339e-07
0.000298172
-2.061e-06
-0.000360939
0.00795017
-0.000481671
0.0103764
-0.00045669
0.0122677
-0.000409633
0.0135955
-0.000354675
0.0143724
-0.000292281
0.0146228
-0.000225548
0.0143728
-0.000164228
0.0136316
-0.00010912
0.0124113
-6.63771e-05
0.0107447
-3.55544e-05
0.00870053
-1.58849e-05
0.00637781
-5.31638e-06
0.00388155
-9.28728e-07
0.00130404
0.00133243
0.0101734
0.00122139
0.0103856
0.0012213
0.010673
0.00136021
0.0110461
0.00166819
0.0115113
0.00215935
0.0120752
0.00282046
0.0127549
0.00360599
0.0135887
0.00438653
0.0145986
0.0048918
0.0157213
0.00497125
0.0168654
0.00467142
0.0176048
0.00379219
0.0166079
0.0022409
0.0128869
0.000728217
0.00785111
3.07985e-05
0.00385662
2.35889e-05
2.66938e-05
-0.000938074
0.000944819
3.47428e-05
7.11684e-05
-0.000362526
0.0003847
1.78494e-05
5.7131e-06
-7.70273e-08
1.81727e-06
-2.97069e-05
2.82167e-05
-0.000130163
-5.85874e-07
-3.0679e-05
3.74422e-06
-2.46833e-05
2.75207e-05
-1.70182e-05
8.85397e-05
0.000296344
-9.58289e-07
0.000295244
-2.85528e-07
0.000499762
-7.05047e-07
0.000497962
-1.23545e-06
0.00156034
-2.01817e-06
-4.68268e-06
-6.48594e-05
0.00508367
-0.000139493
0.00152135
-3.66079e-06
-8.53587e-06
0.000496879
-1.25556e-06
0.000493795
-1.04998e-06
0.00029447
-1.86838e-07
0.000293943
-6.73321e-08
8.64787e-05
-0.000447131
0.00791563
-0.000406326
0.010326
-0.000372033
0.0122301
-0.000345932
0.0135868
-0.000311343
0.0143915
-0.000267291
0.0146646
-0.000216158
0.0144247
-0.000162523
0.013685
-0.000113006
0.012458
-7.05998e-05
0.0107797
-3.86892e-05
0.00872333
-1.75669e-05
0.00639006
-6.21771e-06
0.00388684
-8.99667e-07
0.00130494
0.00117879
0.0101691
0.00101698
0.0103778
0.000948045
0.0106589
0.0010065
0.0110267
0.00122687
0.0114874
0.00162892
0.0120417
0.00220603
0.0126896
0.00290486
0.013456
0.00362014
0.0143551
0.00414742
0.015343
0.00433452
0.016358
0.00422503
0.0173117
0.00380078
0.0175962
0.00286944
0.0159794
0.00153925
0.0120758
0.000433734
0.00744818
-5.18275e-05
0.00378847
6.97859e-05
5.01914e-05
-0.000954061
0.000965037
1.26126e-05
1.74519e-05
-0.000408961
0.000433316
1.00955e-06
9.37796e-06
2.5801e-05
2.11067e-05
-3.567e-05
5.35193e-05
-2.99569e-05
2.81396e-05
-3.12649e-05
8.55204e-05
8.52349e-05
0.000293403
-1.64826e-07
0.000292364
-1.95911e-07
0.000492818
-1.04065e-06
0.000489814
-1.67876e-06
0.00148034
-6.81033e-06
-1.70333e-05
-0.000202253
0.00504113
-0.000202334
0.00140435
-2.03861e-05
-4.31207e-05
0.000488013
-1.86057e-06
0.000481962
-2.48428e-06
0.000291345
-2.3643e-07
0.000290542
-2.47117e-07
8.50481e-05
8.49807e-05
-0.000324339
0.00783364
-0.000292478
0.0102465
-0.000293758
0.0121779
-0.000291862
0.0135673
-0.000279528
0.0144037
-0.000252494
0.0147009
-0.000213594
0.0144758
-0.000166965
0.0137389
-0.000117328
0.0125047
-7.39303e-05
0.010815
-3.98859e-05
0.00874565
-1.83017e-05
0.00640215
-6.41325e-06
0.00389236
-1.27067e-06
0.00130621
0.00102797
0.0101653
0.000820852
0.0103653
0.000686376
0.0106394
0.000660259
0.0110051
0.000790167
0.0114634
0.00110615
0.0120102
0.00160661
0.0126411
0.00223941
0.013355
0.00291
0.0141662
0.0034515
0.015051
0.00372687
0.0159506
0.0037357
0.0168474
0.00353414
0.0175784
0.00304462
0.017421
0.00215436
0.0153642
0.0010587
0.0114509
0.000239657
0.00715669
-8.11319e-05
0.00375161
4.64027e-05
7.15898e-05
-0.000972848
0.000978595
6.40389e-05
4.23793e-05
-0.000449047
0.000461901
7.32773e-07
-9.75134e-07
1.84984e-06
-1.29055e-07
-8.84625e-05
8.96508e-05
-1.78824e-07
-8.09037e-05
1.81912e-06
6.61569e-05
1.31634e-05
6.35983e-06
8.48159e-05
8.462e-05
0.000289684
-1.82591e-07
0.000288319
-3.14222e-07
0.000478566
-3.41439e-06
0.000468054
-6.52178e-06
0.00135754
-5.798e-05
-9.74592e-05
-0.000134036
0.00490525
-5.44263e-05
0.00131612
-8.74019e-05
-7.35151e-05
0.000457969
-1.03008e-05
0.000434548
-1.96996e-05
0.000286785
-3.26303e-07
0.000284705
-4.03793e-07
8.43836e-05
8.41365e-05
-0.000175104
0.00771627
-0.000205045
0.0101578
-0.000234637
0.0121207
-0.000255468
0.0135432
-0.00026094
0.0144122
-0.000249466
0.0147368
-0.000217849
0.0145267
-0.000172306
0.0137939
-0.000121595
0.0125523
-7.65661e-05
0.0108517
-4.24558e-05
0.00876981
-1.97551e-05
0.00641549
-7.02365e-06
0.00389811
-1.05618e-06
0.00130727
0.000882198
0.0101581
0.00063689
0.0103493
0.000436456
0.0106152
0.000324839
0.0109749
0.000358764
0.0114365
0.000584207
0.0119854
0.001012
0.0126048
0.00159364
0.0132869
0.00223434
0.0140307
0.00279189
0.0148258
0.00314155
0.0156363
0.0032515
0.0164348
0.00317134
0.0172102
0.00291843
0.0177046
0.00241696
0.0171584
0.00161352
0.0148094
0.00072688
0.0109636
0.000127728
0.00694783
-7.34082e-05
0.00377629
1.47993e-05
3.39296e-05
-0.000986522
0.000998537
3.43877e-05
6.36625e-05
-0.000484241
0.000499252
2.64525e-05
2.25747e-05
5.95889e-06
1.40811e-05
-9.03507e-05
9.1353e-05
-2.69696e-07
-9.10088e-05
-3.17086e-07
9.0898e-05
6.02523e-07
-2.39837e-07
-2.13423e-05
2.11635e-05
-1.95232e-05
1.31634e-05
8.39539e-05
8.36397e-05
0.000281836
-5.45677e-07
0.00027634
-1.02565e-06
0.000413084
-3.65162e-05
0.00037879
-6.3165e-05
0.00124701
-4.52058e-05
-1.97223e-05
-3.22809e-05
0.00477087
-8.44814e-06
0.00120682
-1.10158e-05
-3.21549e-06
0.00035661
-6.52217e-05
0.000333622
-5.05271e-05
0.00026788
-1.84149e-06
0.000252172
-3.99106e-06
8.33134e-05
8.29096e-05
-0.00010122
0.00761244
-0.000152506
0.0100756
-0.000197431
0.0120627
-0.000235261
0.0135175
-0.00025567
0.0144184
-0.000253125
0.0147721
-0.000225801
0.0145802
-0.000178572
0.0138509
-0.000126571
0.0126024
-7.82923e-05
0.0108875
-4.31371e-05
0.00879319
-1.95676e-05
0.00642803
-6.69793e-06
0.00390375
-1.15136e-06
0.00130842
0.00074243
0.0101484
0.000467152
0.0103278
0.000204669
0.0105811
2.81759e-06
0.0109372
-6.77003e-05
0.0114013
6.11123e-05
0.0119596
0.000415448
0.0125819
0.000954272
0.0132442
0.00158184
0.0139394
0.00216182
0.0146608
0.00257235
0.015395
0.0027731
0.0161148
0.00278632
0.0168198
0.00266148
0.0174671
0.00239323
0.0177283
0.00191208
0.0168599
0.00121065
0.0143257
0.000504485
0.0105869
6.22233e-05
0.0068122
-9.81328e-05
8.53155e-05
0.00378911
-0.00100393
0.000953803
6.49295e-05
2.8533e-05
-0.000518353
0.00053917
3.80686e-06
9.76339e-06
2.85441e-05
1.60177e-05
-0.000111863
0.000120006
1.83094e-05
-0.000103743
1.44545e-05
9.51587e-05
2.15319e-06
5.49703e-06
-2.12091e-05
2.09393e-05
-2.15262e-05
2.1766e-05
8.23639e-05
8.13382e-05
0.000225965
-1.03095e-05
0.000185368
-2.25681e-05
0.000309128
-2.07121e-05
0.000296371
-6.96432e-06
0.00117857
-3.35859e-06
-6.70146e-07
-1.22964e-05
0.00468584
-3.88776e-06
0.0011709
-9.663e-07
1.88361e-07
0.000287763
-2.40854e-06
0.000285245
-6.96768e-07
0.000162775
-4.26281e-05
0.000112248
7.94967e-05
7.55057e-05
-6.86176e-05
0.00752855
-0.000122527
0.0100007
-0.000178852
0.0120063
-0.000229562
0.0134914
-0.000264293
0.0144295
-0.000267688
0.014814
-0.000237523
0.0146391
-0.000185201
0.0139095
-0.000128253
0.0126523
-7.86495e-05
0.010923
-4.19078e-05
0.00881553
-1.93293e-05
0.00644067
-6.36332e-06
0.00390896
-1.0394e-06
0.00130946
0.000609936
0.0101357
0.000315729
0.0102998
-4.2302e-06
0.0105367
-0.000300353
0.0108842
-0.000485107
0.0113546
-0.000468962
0.0119314
-0.000194153
0.0125692
0.000307888
0.0132283
0.000937275
0.0138888
0.00154812
0.0145531
0.00201784
0.0152153
0.00229965
0.0158684
0.00239994
0.0165011
0.00236131
0.01712
0.00221707
0.0176433
0.00195692
0.0176835
0.00151331
0.0165572
0.000913594
0.0139165
0.000352404
0.0102967
6.59947e-06
0.00670747
-0.000634722
0.00160714
4.77753e-05
1.89206e-05
-0.00012036
0.000124403
0.00378506
-0.000560238
-9.55469e-06
6.21396e-06
1.25071e-06
-0.000143787
0.000145909
1.68533e-06
-0.000138114
4.08994e-06
0.000131063
1.74867e-05
8.96675e-06
-4.3044e-05
5.10836e-05
1.02698e-05
-2.85895e-05
2.30925e-05
6.51962e-05
4.26281e-05
9.15354e-05
8.45711e-05
0.000282285
-3.98525e-07
0.00028185
-2.35507e-07
0.00116008
-1.10064e-06
-3.79239e-07
-8.1427e-06
0.00462914
-3.77365e-06
0.00115696
-6.35787e-07
-1.31114e-07
0.00028103
-1.46011e-07
0.00028109
1.28155e-07
8.21625e-05
8.14658e-05
-5.33953e-05
0.00745942
-0.000108028
0.00992991
-0.000174613
0.0119513
-0.000240747
0.0134679
-0.000282596
0.0144444
-0.000283609
0.01486
-0.000245962
0.0146999
-0.000186881
0.0139681
-0.000126291
0.0127
-7.66154e-05
0.0109577
-4.1397e-05
0.0088376
-1.87018e-05
0.006453
-6.2033e-06
0.00391413
-9.02903e-07
0.00131036
0.000486079
0.0101201
0.00018688
0.0102645
-0.000182781
0.0104783
-0.000575072
0.0108114
-0.000889776
0.0112889
-0.00100634
0.011892
-0.000823336
0.0125606
-0.000358448
0.0132355
0.000289309
0.0138763
0.000944018
0.0144929
0.0014734
0.0150975
0.00182935
0.0156856
0.00201025
0.0162581
0.00205046
0.016812
0.00198466
0.0173524
0.00184376
0.0177565
0.00159983
0.0175969
0.0012015
0.0162693
0.000695899
0.013573
0.000239376
0.0100639
-3.30272e-05
0.00662013
0.00164014
3.3398e-05
5.80052e-05
-0.000235816
0.000265096
1.35278e-05
4.96734e-06
-0.000218934
1.69281e-06
3.45654e-07
-0.000107724
7.99317e-05
0.00381285
-0.000137879
-2.58741e-07
-3.02088e-07
-9.00491e-05
0.000147574
4.54835e-06
1.09465e-05
-7.36838e-05
7.52588e-05
1.10283e-07
-7.0252e-05
6.58124e-07
6.32483e-05
5.32194e-06
1.96296e-06
1.02698e-05
8.10672e-05
8.08317e-05
0.000280039
-4.92345e-08
0.000279841
-1.81631e-07
0.00115009
-8.22296e-07
-4.53319e-07
-5.94077e-06
0.00458551
-3.82388e-06
0.00114722
-6.58327e-07
-2.43974e-07
0.000279392
-1.8647e-07
0.000279196
6.41598e-08
8.06857e-05
8.08139e-05
-4.61864e-05
0.00739758
-0.000106457
0.00986175
-0.000187822
0.0118984
-0.000266719
0.013452
-0.000311177
0.014472
-0.000300542
0.0149146
-0.000249063
0.014762
-0.000184262
0.0140261
-0.000122345
0.0127457
-7.29341e-05
0.0109893
-3.85166e-05
0.00885741
-1.68983e-05
0.0064637
-5.90064e-06
0.00391913
-8.75029e-07
0.00131124
0.000371695
0.0101024
8.46345e-05
0.0102223
-0.000322145
0.0104039
-0.000810252
0.0107135
-0.00127123
0.0111929
-0.00154807
0.0118306
-0.00148422
0.0125529
-0.0010635
0.0132656
-0.000380225
0.0139051
0.000337709
0.0144826
0.000936472
0.0150298
0.00136367
0.0155632
0.00161914
0.0160767
0.00173102
0.0165775
0.00173051
0.0170661
0.0016614
0.0175348
0.00153371
0.0178226
0.00131099
0.0174875
0.000959932
0.0160053
0.000530135
0.0132823
0.000158202
0.00987269
-5.19581e-05
0.00656437
0.0017039
3.485e-06
1.26922e-05
-0.000288449
0.00031156
2.12207e-06
8.16507e-06
1.60964e-05
1.85554e-05
-2.54723e-05
3.90001e-05
-2.0505e-05
-1.88122e-05
-1.84666e-05
-0.000122618
0.000101923
0.00383355
-1.87253e-05
-1.90274e-05
-7.86158e-05
-4.8689e-07
1.19127e-06
-1.82128e-05
1.8323e-05
-1.75547e-05
1.55917e-05
8.07647e-05
8.0583e-05
0.000278471
-9.70325e-08
0.000278209
-1.90877e-07
0.00114251
-7.24471e-07
-5.06504e-07
-4.64089e-06
0.00454773
-3.77066e-06
0.00113951
-4.38542e-07
-3.86449e-07
0.000277757
-2.06776e-07
0.000277506
7.59211e-09
8.03966e-05
8.04607e-05
-4.51568e-05
0.00733628
-0.00011715
0.00979108
-0.000218501
0.0118502
-0.000306244
0.0134471
-0.000336362
0.0145078
-0.000306384
0.0149719
-0.000244464
0.0148223
-0.000175485
0.0140792
-0.000114454
0.0127872
-6.82654e-05
0.011019
-3.60406e-05
0.00887655
-1.65637e-05
0.00647436
-5.59629e-06
0.00392385
-9.24079e-07
0.00131216
0.000267423
0.0100837
1.27396e-05
0.0101743
-0.000412681
0.0103128
-0.000990317
0.010584
-0.00161425
0.0110565
-0.00209086
0.0117357
-0.00218415
0.0125306
-0.00182531
0.0133147
-0.00108498
0.0139704
-0.000275126
0.0145179
0.0004028
0.0150162
0.000901042
0.0154924
0.00122532
0.015957
0.00140563
0.0164021
0.00147015
0.0168379
0.0014545
0.017273
0.00138843
0.0176801
0.00127598
0.0178576
0.0010787
0.0173687
0.000769599
0.0157658
0.000406915
0.0130336
0.000102081
0.00971865
-7.47965e-05
0.00651654
0.00176114
3.25793e-05
1.20986e-05
-0.000323016
0.000328609
-1.01155e-06
-1.09654e-06
-2.98183e-07
1.5337e-06
-6.5361e-05
6.72814e-05
2.01676e-07
-5.87662e-05
1.57021e-06
-4.77524e-05
5.08248e-06
9.80306e-06
-0.000140886
0.000139627
0.00383481
-1.95143e-05
8.03637e-05
8.01728e-05
0.000276871
-8.93168e-08
0.000276563
-1.989e-07
0.00113586
-4.60767e-07
-5.26557e-07
-3.50292e-06
0.0045105
-4.42157e-06
0.00113283
-3.65652e-07
-3.71553e-07
0.000276272
-1.47026e-07
0.000275922
-3.68182e-08
7.99661e-05
7.99737e-05
-5.0991e-05
0.00727012
-0.000145874
0.00971845
-0.00026884
0.0118128
-0.00035072
0.0134614
-0.000350595
0.014552
-0.000299092
0.0150266
-0.000230293
0.0148771
-0.000163343
0.0141281
-0.000106074
0.012825
-6.30598e-05
0.011046
-3.39128e-05
0.0088939
-1.54102e-05
0.00648418
-5.24225e-06
0.00392817
-9.52586e-07
0.00131312
0.000172155
0.0100666
-2.75055e-05
0.0101239
-0.000445144
0.0102067
-0.0010955
0.010418
-0.00189529
0.010865
-0.0026195
0.0115852
-0.00293326
0.0124848
-0.00267543
0.0133807
-0.00184533
0.014075
-0.00090747
0.0146027
-0.000132857
0.0150536
0.000440578
0.0154767
0.000833021
0.0158847
0.00107738
0.0162853
0.00120113
0.0166711
0.00123585
0.0170565
0.00121507
0.0174464
0.00116284
0.0177932
0.0010663
0.01787
0.000890581
0.0172477
0.000622555
0.0155502
0.000312306
0.0128233
5.50152e-05
0.00958884
-9.20661e-05
0.00646772
0.00179431
5.0701e-05
5.57544e-05
-0.000337873
0.000357275
9.76378e-06
3.41258e-06
2.15504e-06
6.80167e-07
-6.76516e-05
6.71433e-05
-5.0323e-07
-6.82003e-05
-5.47897e-07
-6.83463e-05
-1.52218e-07
4.6872e-07
-1.64557e-05
1.66574e-05
-1.48855e-05
-9.80306e-06
-0.000120761
9.60461e-05
0.00385952
7.98844e-05
7.96855e-05
0.000275479
-1.80261e-08
0.000275158
-2.0527e-07
0.00113007
-3.61983e-07
-3.82478e-07
-2.79677e-06
0.00446766
-5.35016e-06
0.00112641
-3.24007e-07
-4.41778e-07
0.00027492
-1.27806e-07
0.000274533
1.54929e-08
7.95384e-05
7.95016e-05
-6.71191e-05
0.00719137
-0.000199851
0.00964946
-0.000335187
0.0117972
-0.000377607
0.0134885
-0.000340756
0.0145937
-0.000278409
0.0150747
-0.000210617
0.0149243
-0.000147863
0.0141699
-9.70676e-05
0.012859
-5.85416e-05
0.0110707
-3.15843e-05
0.00891008
-1.48154e-05
0.00649375
-5.55572e-06
0.00393277
-9.20591e-07
0.00131404
8.39614e-05
0.0100534
-3.81933e-05
0.0100773
-0.00041368
0.0100925
-0.00110283
0.0102141
-0.00207958
0.0106023
-0.00310748
0.011353
-0.00374274
0.0123947
-0.00365426
0.0134636
-0.00268422
0.0142196
-0.00156458
0.0147322
-0.000669914
0.0151398
-1.54972e-05
0.0155096
0.000443394
0.0158663
0.000747206
0.0162149
0.000926337
0.0165601
0.00100974
0.0168972
0.00103018
0.0172414
0.00101336
0.0175959
0.000973833
0.0178857
0.000893156
0.0178674
0.000739254
0.017131
0.000505346
0.0153571
0.000238808
0.0126396
2.37025e-05
0.00947307
-8.94964e-05
0.00643646
0.00185369
8.74957e-06
2.79222e-05
-0.000372735
0.000390219
1.18276e-05
2.13885e-05
2.18394e-05
1.84556e-05
-7.16005e-05
7.76036e-05
3.76054e-06
-6.9057e-05
8.691e-07
-6.72788e-05
3.76779e-07
5.44648e-07
-1.6426e-05
1.59228e-05
-1.69739e-05
-1.71261e-05
-0.000111915
8.14532e-05
0.00388998
7.94836e-05
7.92783e-05
0.00027422
-4.83929e-08
0.000273981
-1.44049e-07
0.00112426
-2.18676e-07
-4.24416e-07
-2.3408e-06
0.00441065
-7.77094e-06
0.00111976
-3.38265e-07
-5.10389e-07
0.000273819
-1.6187e-07
0.000273364
1.33471e-08
7.91505e-05
7.9166e-05
-0.000106693
0.00709821
-0.000285907
0.00960018
-0.000388698
0.0118083
-0.000366673
0.0135144
-0.000312515
0.0146278
-0.000248303
0.0151124
-0.000187682
0.0149642
-0.000133429
0.0142063
-8.91788e-05
0.0128897
-5.47302e-05
0.0110938
-3.05538e-05
0.00892581
-1.51288e-05
0.00650332
-5.97558e-06
0.00393782
-1.28076e-06
0.00131532
0.0100461
-2.57413e-05
0.0100409
-0.000319611
0.00998319
-0.000990937
0.00998056
-0.00211664
0.0102511
-0.00350699
0.0110018
-0.00462684
0.0122371
-0.00483093
0.0135713
-0.00363792
0.0144173
-0.00225778
0.0149128
-0.00121355
0.0152758
-0.000470317
0.0155946
5.5082e-05
0.015898
0.000417285
0.0161963
0.00064824
0.016493
0.000777749
0.016792
0.000836823
0.0170906
0.000852509
0.0174023
0.000844844
0.0177249
0.00081717
0.0179616
0.000752616
0.017854
0.000618183
0.0170182
0.000412701
0.0151832
0.000184468
0.0124788
4.37951e-06
0.0093792
-8.91818e-05
0.00641373
0.00191138
1.55433e-05
8.22111e-06
-0.000407052
0.000416681
-2.4599e-06
1.58054e-06
2.96603e-06
8.12304e-06
-9.98453e-05
0.000105139
6.53411e-06
-9.12271e-05
1.27703e-05
-8.43327e-05
1.4945e-05
1.17265e-05
-1.77133e-05
2.14738e-05
-1.68442e-05
-1.64674e-05
-0.000121787
0.000114375
0.00389739
7.91177e-05
7.89736e-05
0.00027318
-3.51288e-08
0.000272886
-1.29696e-07
0.00111797
-1.82491e-07
-3.69941e-07
-3.43839e-06
0.00432217
-1.47761e-05
0.00111113
-2.69547e-07
-6.60586e-07
0.000272658
-1.10118e-07
0.000272183
-3.5883e-08
7.88117e-05
7.88251e-05
-0.000194982
0.00700729
-0.000384961
0.00959645
-0.000375505
0.0118172
-0.000323136
0.013525
-0.000268643
0.0146482
-0.00021652
0.0151412
-0.000165839
0.0149966
-0.000120195
0.0142373
-8.18483e-05
0.0129168
-5.24993e-05
0.0111158
-3.08632e-05
0.00894155
-1.604e-05
0.00651339
-6.43988e-06
0.00394298
-1.24179e-06
0.00131656
0.010021
-0.000174751
0.00989608
-0.000752911
0.00974516
-0.0019405
0.00980442
-0.00373271
0.0104769
-0.00558737
0.0119623
-0.0062955
0.0137017
-0.00474649
0.0146799
-0.00298894
0.0151485
-0.00175715
0.0154564
-0.000919004
0.0157245
-0.000327386
0.0159771
9.00233e-05
0.0162252
0.000367879
0.0164766
0.0005414
0.0167293
0.000638944
0.0169899
0.000684884
0.0172582
0.000701725
0.0175454
0.000702558
0.0178395
0.000687377
0.0180269
0.000635866
0.0178364
0.000519833
0.016911
0.000339477
0.0150282
0.000144755
0.0123384
-7.90594e-06
0.00929792
-9.26022e-05
0.00638454
0.00194148
5.09676e-05
3.33042e-05
-0.000427894
0.000439171
4.26625e-06
-2.99172e-06
-0.000111108
0.000102559
6.08985e-06
-0.000110963
1.43548e-06
-0.000109523
1.52549e-06
3.73885e-06
-4.87358e-05
5.38283e-05
1.44156e-06
-3.98862e-05
3.92062e-06
-3.32003e-05
8.25912e-06
-0.000112491
0.000105835
0.00390405
7.879e-05
7.86603e-05
0.000272043
-4.19188e-08
0.000271788
-1.15807e-07
0.00110825
-6.36511e-09
-5.57061e-07
-1.30117e-05
0.00418649
-4.6293e-05
0.00109501
-2.89764e-07
-1.24062e-06
0.000271611
-9.25504e-08
0.000270976
-2.55011e-08
7.85502e-05
7.85143e-05
-0.000353111
0.00697544
-0.00037056
0.0095915
-0.000309089
0.0118031
-0.000264743
0.0135211
-0.000225231
0.0146569
-0.00018575
0.0151611
-0.000146962
0.0150233
-0.000110309
0.0142658
-7.8179e-05
0.0129425
-5.2338e-05
0.0111372
-3.21348e-05
0.00895764
-1.69083e-05
0.00652386
-7.26474e-06
0.00394901
-1.56229e-06
0.0098474
-0.00040892
0.00955209
-0.00150603
0.00931068
-0.00360375
0.00967546
-0.00651835
0.0114078
-0.00807338
0.0137402
-0.0060064
0.0149616
-0.00373827
0.0154292
-0.00229276
0.0156841
-0.00135691
0.0158943
-0.000700292
0.0160974
-0.000233184
0.0163003
8.89362e-05
0.0165042
0.000304283
0.0167137
0.000436446
0.0169318
0.000511686
0.0171631
0.000552012
0.0174079
0.00057249
0.0176755
0.000584998
0.0179419
0.000582433
0.0180803
0.00053935
0.0178168
0.00043914
0.0168114
0.000283896
0.0148891
0.000115306
0.0122152
-1.68831e-05
0.0092222
-8.64564e-05
0.00635851
0.00197035
2.71846e-05
4.97804e-05
-0.00045157
0.000462949
3.95883e-05
2.09045e-05
-0.000165451
0.000169994
3.16829e-08
-3.09162e-07
-6.62691e-05
2.61338e-07
1.23694e-07
-5.94095e-05
-7.69763e-07
-5.81733e-05
1.99284e-07
-5.68258e-05
1.77908e-07
7.41369e-07
-1.21797e-05
1.36213e-05
-8.25912e-06
-8.75292e-05
6.43826e-05
0.00392719
7.84724e-05
7.83566e-05
0.000270974
-3.998e-09
0.000270548
-1.31452e-07
0.00108374
-1.9716e-08
-1.72371e-06
-8.07589e-05
0.00409405
-0.000179909
0.00104387
-1.06603e-06
-5.35892e-06
0.000270391
-1.32159e-07
0.000269243
-9.22718e-08
7.8264e-05
7.82385e-05
-0.000348462
0.00695334
-0.000263088
0.0095455
-0.000231448
0.0117698
-0.000209372
0.0135052
-0.000187009
0.0146581
-0.000160921
0.0151751
-0.000132455
0.0150455
-0.000103426
0.014291
-7.77524e-05
0.0129679
-5.35952e-05
0.0111587
-3.42358e-05
0.00897497
-1.89024e-05
0.00653549
-7.70606e-06
0.00944015
-0.000835273
0.00888133
-0.00287494
0.00858187
-0.00706144
0.0102186
-0.0099475
0.0132819
-0.00721016
0.014944
-0.00435927
0.0155826
-0.00274557
0.015882
-0.00175391
0.0160811
-0.00105671
0.0162507
-0.000548996
0.0164132
-0.000188119
0.0165773
6.31758e-05
0.0167453
0.000229655
0.0169205
0.000333988
0.0171095
0.000397472
0.0173177
0.000437187
0.0175432
0.000464525
0.017796
0.000485548
0.0180387
0.000492749
0.0181269
0.000462703
0.0177933
0.000374974
0.0167203
0.000239847
0.0147645
9.33137e-05
0.012105
-2.00149e-05
0.00915576
-7.29008e-05
0.00634388
0.0020144
5.98108e-06
1.43509e-05
-0.000476591
0.000488894
1.48814e-05
3.61392e-05
-0.000186138
0.000203333
1.26419e-05
9.75165e-06
1.00283e-06
3.75761e-06
-1.40459e-05
1.40776e-05
-1.43551e-05
1.42314e-05
-1.39701e-05
-1.47398e-05
-1.45406e-05
-1.43627e-05
-8.29822e-05
6.363e-05
0.00394654
7.82345e-05
7.81031e-05
0.000269217
5.94722e-09
0.000267758
-2.64547e-07
0.000987943
-5.93331e-06
-1.88971e-05
-0.000171522
0.00400807
-9.09546e-05
0.000906894
-3.24483e-05
-6.64125e-05
0.000266917
-2.2559e-07
0.000262191
-6.3267e-07
7.79709e-05
7.78787e-05
-0.000174586
0.00686484
-0.000168007
0.00948206
-0.000168964
0.0117294
-0.000166753
0.013485
-0.000157379
0.0146546
-0.000142744
0.0151854
-0.000122593
0.0150646
-0.00010252
0.0143158
-7.95019e-05
0.0129938
-5.79977e-05
0.0111824
-3.78123e-05
0.00899388
-2.02395e-05
0.00654803
0.00860716
-0.00168356
0.0039462
0.00374375
-0.00266091
0.00418874
0.00363537
-0.00364277
-0.00559964
0.00594516
-0.00535261
0.00527814
-0.00444421
0.013663
-0.00314699
-0.00440299
0.0149877
-0.0028932
0.0157302
-0.0020122
0.0161403
-0.00135498
0.0163794
-0.000842913
0.0165446
-0.000455819
0.0166809
-0.000172892
0.0168134
2.35122e-05
0.0169514
0.000154389
0.0171001
0.000239769
0.0172672
0.00029603
0.0174588
0.000337261
0.0176705
0.000372203
0.0179093
0.000405027
0.0181265
0.000419238
0.0181704
0.00039813
0.0177701
0.000324966
0.0166352
0.000205641
0.0146522
7.83049e-05
0.0120067
-1.72629e-05
0.00910012
-6.87864e-05
0.00632968
0.00205223
1.80962e-05
7.70318e-06
-0.000497747
0.000503358
3.70711e-07
5.4969e-06
-0.000221207
0.000233508
-5.1094e-09
2.58511e-06
1.26549e-05
5.61056e-06
-2.85897e-05
3.4312e-05
6.91954e-06
-1.8838e-05
1.50804e-05
-9.30644e-05
9.23086e-05
0.0039473
7.78846e-05
7.76201e-05
0.000257598
-1.33994e-06
0.000242595
-3.89436e-06
0.00084615
-6.17231e-05
-4.90542e-05
-3.68954e-05
0.00387683
-6.44999e-06
0.000780547
-1.95738e-05
-5.77801e-06
0.00022019
-1.00435e-05
0.000175842
-2.20644e-05
7.73945e-05
7.67618e-05
-8.1674e-05
0.0067785
-0.000109175
0.00942227
-0.000127611
0.0116903
-0.000136595
0.0134642
-0.000136965
0.0146488
-0.000130774
0.0151936
-0.000121264
0.0150834
-0.000104594
0.0143409
-8.5121e-05
0.0130209
-6.25267e-05
0.0112072
-4.04307e-05
0.00901407
-2.14499e-05
0.00350609
0.00342061
-0.00216068
0.00344598
-0.00153147
0.00311453
-0.00573865
0.00432775
-0.00518678
0.00138592
0.00169758
-0.00307551
0.00287873
-0.00441158
0.00591253
-0.00278205
0.00211478
0.00174402
-0.0021016
-0.00198751
0.00438792
-0.00153384
-0.00187951
0.0123634
-0.00122395
-0.00247789
0.00524343
-0.00231244
0.014407
-0.00191283
0.0156308
-0.00149832
0.0162837
-0.00107571
0.0166121
-0.000701407
0.0167902
-0.000404061
0.0169121
-0.000183077
0.01702
-2.82741e-05
0.0171341
7.69922e-05
0.0172629
0.000150778
0.0174125
0.000205907
0.0175902
0.000251735
0.0177909
0.000295649
0.0180187
0.000335218
0.0182105
0.000358428
0.0182101
0.000345065
0.01775
0.000282645
0.0165582
0.000180156
0.0145503
6.95253e-05
0.0119199
-1.75186e-05
0.00904885
-7.06416e-05
0.00630726
0.00206864
4.49566e-05
3.09386e-05
-0.000508058
0.0005183
7.85435e-06
3.00228e-06
-0.000238879
0.000240646
-7.70738e-07
-6.25534e-07
5.0933e-07
-3.83301e-07
-4.97353e-05
4.98761e-05
-1.45914e-07
-4.74796e-05
3.29367e-07
4.32933e-05
3.67361e-06
1.42416e-06
6.91954e-06
-8.58539e-05
8.48746e-05
0.00394828
7.54219e-05
7.15275e-05
0.000153539
-3.94197e-05
0.000104485
0.000745719
-1.95726e-06
-1.09961e-07
-6.62855e-06
0.00380146
3.18994e-07
0.000739178
-1.35806e-07
2.26303e-07
8.49107e-05
7.91327e-05
6.14841e-05
3.94197e-05
-4.52465e-05
0.00671458
-7.81037e-05
0.00937277
-0.000102182
0.0116559
-0.00011588
0.0134431
-0.000123296
0.0146413
-0.000126119
0.0151984
-0.000123618
0.0151024
-0.000112681
0.0143684
-9.19934e-05
0.0130504
-6.73444e-05
0.0112341
-4.23199e-05
-0.000815996
0.00279062
0.00260649
-0.00232715
0.00113751
0.00122866
-0.00208954
0.000838644
0.00104656
-0.00210371
0.0026083
-0.00218835
0.000965963
0.00152383
-0.00166032
0.00178759
0.00141507
-0.00133137
-0.00190915
0.00133137
-0.000540856
0.00315581
-0.00070492
-0.000978025
0.00123177
0.00447492
-0.00111101
-0.000463622
0.0107536
-0.000238986
0.0037561
-0.000505122
-0.00121803
0.0137122
-0.00132098
0.0154535
-0.00115625
0.0163642
-0.000885754
0.0167965
-0.000610309
0.0169965
-0.000380187
0.0171092
-0.000207583
0.0171993
-8.35703e-05
0.0172946
4.80981e-06
0.0174089
7.23317e-05
0.0175461
0.0001288
0.0177131
0.000180068
0.0179065
0.000231235
0.0181227
0.000277885
0.018291
0.000307678
0.0182475
0.000303812
0.0177289
0.000250802
0.0164875
0.000160529
0.0144593
6.12302e-05
0.0118411
-1.89227e-05
0.00899713
-6.33499e-05
0.00628475
0.00208393
2.7242e-05
4.23394e-05
-0.000526226
0.000534671
3.65123e-05
2.30123e-05
-0.000243761
0.000250901
1.05915e-06
-3.44514e-07
-1.82706e-07
6.92183e-08
-4.95755e-05
4.90864e-05
-2.81623e-07
-5.00226e-05
-1.78498e-07
5.0264e-05
1.21334e-07
-1.41907e-07
-1.23467e-05
1.22007e-05
-1.20173e-05
1.05931e-05
-6.22123e-05
4.71124e-05
0.00396338
7.71755e-05
7.70655e-05
0.000732537
-9.52e-08
1.08285e-07
-3.64081e-06
0.00376044
-5.83829e-07
0.000732745
2.59465e-08
8.45167e-08
7.69297e-05
7.7156e-05
-3.24181e-05
0.00666889
-6.39588e-05
0.00933454
-8.52869e-05
0.0116253
-0.000100631
0.0134204
-0.000117723
0.0146329
-0.000131343
0.0152061
-0.00013429
0.015124
-0.000123607
0.0144
-0.000100491
0.0130835
-7.41005e-05
-0.00123924
0.000922334
0.000780378
0.000675104
0.000694261
0.00183392
-0.00151142
0.000815009
0.000973036
0.00208497
-0.00124633
0.000943184
-0.00174109
0.000610413
-0.000943184
0.000437045
-0.000963897
0.000423041
0.00226389
-0.000140902
-7.81902e-05
-0.000437045
0.00333778
-4.53102e-05
-2.87845e-05
0.00966928
-0.000104923
0.00302203
7.67664e-05
0.00179501
-1.01555e-05
-2.60796e-05
-0.000757259
0.0131484
-0.000971426
0.0152687
-0.000925365
0.0164038
-0.000749248
0.0169354
-0.000547409
0.0171637
-0.000374062
0.0172756
-0.000242172
0.0173579
-0.000143403
0.0174428
-6.48537e-05
0.017546
-1.6106e-07
0.017675
5.94397e-05
0.0178337
0.000117789
0.01802
0.000177075
0.0182235
0.000230241
0.0183685
0.000267975
0.0182833
0.000267662
0.017712
0.0002231
0.016425
0.00014454
0.014376
5.59456e-05
0.0117663
-1.50278e-05
0.00894881
-5.03867e-05
0.00627293
0.00212097
-5.02009e-06
1.50927e-05
-0.000541631
0.000549418
1.94548e-05
3.53784e-05
-0.000263309
0.000273034
1.47429e-05
1.20442e-05
3.01342e-06
7.59021e-06
-4.87503e-05
4.9776e-05
3.33721e-08
-4.89934e-05
-1.01475e-07
4.88447e-05
5.89401e-08
-7.94526e-08
-1.20017e-05
1.172e-05
-1.21802e-05
1.23221e-05
-5.23924e-05
3.506e-05
0.00398071
7.70608e-05
7.71691e-05
0.00072923
-1.15477e-07
-9.64646e-09
-2.89187e-06
0.00373186
-9.48938e-07
0.000728729
-1.02411e-07
1.94812e-08
7.71951e-05
7.72796e-05
-3.32122e-05
0.00663814
-5.50823e-05
0.00930434
-6.98371e-05
0.0115945
-9.43823e-05
0.0133971
-0.000122054
0.0146236
-0.000143993
0.0152158
-0.000150236
0.0151506
-0.000135616
0.0144352
-0.000110518
-0.00119664
0.000607554
-0.000792472
0.000376213
0.000397884
0.000278116
0.000299674
-0.00156199
0.000635912
-0.000635912
0.000282139
0.000203949
0.00165002
2.3263e-05
7.64089e-05
0.00293032
6.29226e-05
-5.14438e-05
0.00906321
-9.97448e-05
0.00283681
-1.14091e-05
0.00155405
7.44841e-05
9.82548e-05
-0.000177869
0.000167714
-0.000537868
0.0127149
-0.000748044
0.0150914
-0.000754109
0.0164087
-0.000642984
0.017031
-0.000506161
0.0172958
-0.000384639
0.0174181
-0.000285375
0.0174999
-0.000203775
0.0175818
-0.000130748
0.0176766
-6.27734e-05
0.0177972
2.02407e-06
0.0179495
6.74441e-05
0.0181296
0.000132775
0.0183209
0.000191662
0.0184448
0.000233067
0.0183179
0.000239229
0.0176959
0.000202909
0.0163666
0.000131792
0.0143002
5.27468e-05
0.0116985
-1.02232e-05
0.00890865
-4.25263e-05
0.00626306
-5.59599e-06
0.00216163
-0.000550768
0.000518063
2.76847e-05
1.37432e-05
-0.000283753
0.000295528
1.91192e-06
5.76757e-06
1.5795e-05
8.86464e-06
-6.08324e-05
6.54504e-05
1.01249e-05
-5.63844e-05
7.5962e-06
5.17555e-05
1.03389e-06
2.96132e-06
-1.1598e-05
1.16314e-05
-1.16995e-05
1.17789e-05
-6.02728e-05
5.83212e-05
0.00398266
7.71641e-05
7.71545e-05
0.000726023
-1.5477e-07
-3.11466e-08
-1.89931e-06
0.00370127
-7.22603e-07
0.000725229
-8.59308e-08
-6.86786e-08
7.70521e-05
7.70716e-05
-3.08263e-05
0.00661389
-3.94863e-05
0.00927399
-6.30402e-05
0.0115631
-9.84225e-05
0.0133735
-0.000136766
0.0146164
-0.000163776
0.0152294
-0.000167404
0.0151824
-0.000150634
-0.000954437
-0.000578224
0.00027855
0.000190977
0.000267385
0.00157819
3.63615e-05
2.424e-06
0.00279343
-8.06184e-06
-6.40269e-05
0.00867119
-8.18208e-05
0.00272229
-2.86101e-05
0.00157344
-8.0563e-06
1.39916e-06
-0.000299482
0.00034588
2.80862e-05
6.61584e-05
-0.000407598
0.0123744
-0.000584789
0.014922
-0.000612497
0.0163782
-0.000558511
0.0170834
-0.000485132
0.0173963
-0.000411122
0.0175439
-0.000335682
0.0176318
-0.000261283
0.0177123
-0.000188875
0.0178027
-0.000117732
0.017917
-4.72896e-05
0.0180642
2.36658e-05
0.0182387
9.34113e-05
0.0184192
0.000159725
0.0185181
0.000204167
0.018353
0.000216249
0.0176825
0.000185262
0.0163131
0.000123423
0.0142295
5.13084e-05
0.011637
-5.29023e-06
0.00887141
-4.36068e-05
0.00624639
-0.000338206
0.000853309
8.83107e-07
-3.51987e-06
4.57669e-05
0.00217418
-0.000306399
-2.95768e-06
-1.16438e-06
2.26933e-06
6.0309e-07
-7.89932e-05
8.01677e-05
7.37457e-07
-7.55746e-05
2.34887e-06
7.17428e-05
9.50252e-06
5.03288e-06
-2.32228e-05
2.77742e-05
5.57346e-06
-1.56266e-05
1.26653e-05
-6.01596e-05
6.53685e-05
0.00397745
7.69168e-05
7.68857e-05
0.000723475
-7.96098e-08
-6.58643e-08
-5.00323e-07
0.00207854
1.35149e-07
0.00159227
0.000722782
-3.68185e-08
6.89546e-09
7.67997e-05
7.67311e-05
8.92007e-06
0.00658509
-1.96134e-05
-3.14194e-05
0.00924237
-6.52647e-05
0.01153
-0.000112948
0.0133497
-0.000161775
0.0146144
-0.000192609
0.0152546
-0.000188909
0.000373368
8.8733e-06
0.000375233
5.5931e-07
0.00156679
1.01468e-06
-2.42461e-06
0.0026784
-2.01362e-05
-6.30171e-05
0.00839173
-6.51232e-05
0.00262467
-2.80872e-05
0.00154458
-4.37157e-06
-2.03353e-06
-0.000376729
0.000370705
-2.03169e-06
-9.77859e-08
-6.61584e-05
9.42446e-05
-0.000315244
0.0121049
-0.000445018
0.0147546
-0.000488983
0.0163087
-0.00049995
0.0170982
-0.000489512
0.0174747
-0.000449543
0.0176577
-0.000389072
0.0177596
-0.000315571
0.017839
-0.000240889
0.0179259
-0.000165754
0.0180355
-8.94965e-05
0.0181774
-1.33036e-05
0.0183454
6.41728e-05
0.0185147
0.000133398
0.0185889
0.000181303
0.0183879
0.000196229
0.0176716
0.000171205
0.0162653
0.00011536
0.0141655
5.093e-05
0.0115808
-4.53909e-06
0.00883234
-3.93897e-05
0.00622562
0.000870621
2.22483e-05
6.20606e-06
-0.000116579
0.000117687
-7.45247e-08
-1.50705e-07
-7.34532e-05
6.57089e-08
1.15798e-07
-4.68271e-05
6.25735e-05
0.00217698
-8.01649e-05
3.754e-06
-8.17923e-05
4.62896e-07
8.15709e-05
8.66031e-07
3.81693e-07
-4.03128e-05
4.10495e-05
6.53833e-10
-3.83279e-05
3.6397e-07
3.44054e-05
2.87126e-06
1.11032e-06
5.57346e-06
-4.31592e-05
3.85093e-05
0.0039821
7.66515e-05
7.65856e-05
0.000722267
-2.95367e-08
4.43214e-08
-8.94248e-05
0.00217688
0.000722015
4.14504e-08
3.46092e-07
8.79628e-06
0.00149405
7.65488e-05
7.65557e-05
-1.28687e-05
0.00657034
-3.7976e-06
-3.71453e-05
0.00219441
-3.01371e-05
0.00920724
-7.65108e-05
0.0114935
-0.000139951
0.0133278
-0.0001956
0.0146174
-0.000219768
0.000103118
0.000103677
0.00037099
7.29872e-07
0.000368563
2.14535e-09
0.00152787
-1.16917e-06
-2.25593e-06
0.00258412
-2.24713e-05
-5.98502e-05
0.00818795
-5.16087e-05
0.00254439
-2.53864e-05
0.00150583
-3.43188e-06
-2.61601e-06
-0.00036679
0.000363424
-1.0049e-06
-2.61066e-07
-0.000103579
0.000101548
-0.00022748
0.0118873
-0.000306162
0.0145717
-0.000392382
0.0162011
-0.000481533
0.0170902
-0.000516686
0.0175418
-0.000495219
0.0177639
-0.000438103
0.0178821
-0.000365172
0.0179633
-0.000285777
0.0180459
-0.000204849
0.0181508
-0.000124148
0.0182882
-4.17398e-05
0.0184513
3.89099e-05
0.0186092
0.000109171
0.018661
0.00016288
0.0184213
0.000180336
0.0176624
0.000161274
0.0162194
0.000110322
0.0141061
5.03628e-05
0.0115259
-1.95543e-06
0.00879491
-2.98592e-05
0.00621232
0.000887437
1.61913e-05
2.95652e-05
-0.000123124
0.000136797
6.31726e-06
2.25804e-06
7.03894e-07
6.49227e-08
-9.63722e-06
9.56267e-06
-9.78795e-06
-9.72226e-06
-9.60647e-06
-4.24305e-05
-6.42722e-07
2.18655e-05
0.00219362
-4.20251e-05
5.74693e-08
4.16947e-05
2.20795e-07
5.13303e-08
-9.91899e-06
9.91962e-06
-9.55503e-06
8.44471e-06
-3.25717e-05
2.48788e-05
0.00398979
7.65262e-05
7.65705e-05
0.000300202
0.000429495
6.16665e-07
4.98459e-07
7.6612e-05
7.69581e-05
-5.67658e-07
-8.95357e-06
0.00146643
0.00219641
-1.48645e-05
3.44795e-07
0.0065413
-1.44202e-06
0.00219697
-4.35445e-06
-3.61642e-05
0.00916689
-0.000100378
0.011454
-0.000179982
0.0133122
-0.000238723
0.000102278
0.00010228
0.000362169
8.52546e-08
0.00036013
-2.16815e-07
0.00148765
-1.98558e-06
-2.30451e-06
0.00250725
-2.27115e-05
-5.42592e-05
0.00804685
-3.21282e-05
0.00247875
-2.31088e-05
0.001468
-2.97595e-06
-2.76645e-06
-0.000357942
0.000355345
-8.3577e-07
-4.27544e-07
-0.000102019
0.000101014
-0.000108814
0.01169
-0.000175845
0.0143552
-0.000353072
0.0160726
-0.000500751
0.0170743
-0.000558936
0.0176055
-0.000542119
0.0178679
-0.000483737
0.0180007
-0.00040735
0.0180849
-0.000322595
0.0181637
-0.000237031
0.0182637
-0.000152026
0.0183985
-6.64526e-05
0.0185567
1.55486e-05
0.0187028
9.29689e-05
0.0187309
0.000145475
0.0184561
0.000167174
0.0176565
0.000150078
0.0161797
0.000106047
0.0140504
4.96515e-05
0.0114742
4.18403e-06
0.00876086
-2.2002e-05
0.00620175
0.000907121
-2.68772e-06
4.86949e-06
-0.000149091
0.000160268
9.46794e-07
4.06695e-06
7.93855e-06
9.33293e-06
-1.25895e-05
1.89068e-05
-1.03315e-05
-9.62759e-06
-1.02492e-05
6.53018e-06
0.00221197
-1.01917e-05
1.01404e-05
-3.73786e-05
3.7382e-05
0.00398979
2.24562e-05
0.000275512
2.2329e-06
0.000451383
7.75747e-05
7.80732e-05
-1.01317e-05
0.000452561
0.00146148
-6.19166e-06
-3.72419e-06
0.0021973
1.5623e-08
9.75702e-07
0.00650923
-5.06658e-06
0.0021951
7.54786e-07
0.00145907
-5.79416e-07
-1.36114e-06
-5.30556e-05
0.00911957
-0.00014168
0.0114157
-0.00023542
0.000101099
0.000100882
0.000353577
-2.17424e-07
0.000351634
-3.60782e-07
0.00145021
-2.50954e-06
-2.40933e-06
0.00244572
-2.12342e-05
-3.33091e-05
0.00795411
1.72426e-05
0.00243108
-1.74883e-05
0.00143294
-2.79187e-06
-3.04419e-06
-0.000349352
0.000347137
-7.601e-07
-4.85373e-07
-0.000100455
9.96188e-05
5.42669e-05
0.0114599
-0.000120251
0.0141224
-0.000378795
0.0159507
-0.000545589
0.0170609
-0.000603906
0.0176673
-0.000585435
0.0179696
-0.0005229
0.0181162
-0.00043956
0.0182018
-0.000353125
0.0182798
-0.000264222
0.0183759
-0.00017645
0.0185085
-8.81053e-05
0.0186603
5.9764e-08
0.0187958
7.62574e-05
0.0188001
0.000133805
0.0184895
0.000156882
0.0176497
0.000143569
0.0161421
0.000101965
0.0139981
5.09378e-05
0.0114275
8.09277e-06
0.00873077
-2.1723e-05
0.0061861
0.000918821
-2.54519e-06
-2.62514e-06
-0.000164971
0.000163966
-9.43148e-07
-7.38802e-07
-4.51468e-07
6.17437e-07
-3.24871e-05
3.33836e-05
5.0221e-08
-2.91294e-05
7.09292e-07
-2.35841e-05
2.39319e-06
4.6556e-06
2.57267e-05
0.00222362
-4.40916e-05
5.51324e-05
0.00397875
0.000267667
-2.2859e-06
8.03061e-05
0.0004513
-4.93008e-06
0.000450057
-2.48183e-06
0.00145871
1.40451e-07
2.33819e-07
0.00219513
9.49355e-07
-5.23067e-07
0.00646683
-1.01308e-05
0.00219039
-3.27702e-07
0.00145851
4.21136e-07
5.28118e-07
-0.000449508
0.00044935
-4.2219e-07
-8.11239e-07
-8.50504e-05
0.00906294
-0.000203376
9.94014e-05
9.90406e-05
0.000345045
-4.18423e-07
0.000343104
-4.68358e-07
0.00141705
-2.96991e-06
-2.38057e-06
0.0024093
-1.15283e-05
4.25339e-05
0.00783038
0.00013546
0.00242068
5.86534e-06
0.0014052
-2.33519e-06
-3.29691e-06
-0.000340638
0.000338602
-7.5656e-07
-5.77596e-07
-9.85553e-05
9.77951e-05
0.000140798
0.0111988
-0.000176248
0.0139198
-0.000443009
0.0158481
-0.000596991
0.017054
-0.00064381
0.0177257
-0.000617823
0.0180645
-0.000550134
0.0182268
-0.000466085
0.0183148
-0.000376441
0.018392
-0.000286925
0.0184864
-0.000196658
0.0186171
-0.000104645
0.0187651
-1.58993e-05
0.0188879
6.38868e-05
0.0188701
0.000121701
0.0185247
0.00014711
0.0176462
0.000136136
0.016108
9.98561e-05
0.0139491
5.33093e-05
0.0113823
1.03681e-05
0.00869868
-2.22811e-05
0.00616429
0.000935809
8.55434e-06
1.83149e-07
-0.000162099
0.000161109
-6.96006e-07
-8.59482e-07
-4.61573e-07
-2.96601e-07
-3.3092e-05
3.24609e-05
-3.12124e-07
-3.35061e-05
-3.24689e-07
-3.38321e-05
-1.25502e-07
1.68981e-07
-7.75809e-06
7.8083e-06
-7.04879e-06
-4.6556e-06
5.8149e-05
0.00222061
-3.44968e-05
4.16345e-05
0.00397161
0.000264346
-1.60894e-06
7.80202e-05
0.000262708
-8.44696e-07
0.000449483
7.79289e-09
0.000449489
2.27465e-07
0.00145865
5.57469e-07
2.52872e-07
0.00219036
-4.90625e-07
-4.28196e-06
0.00640664
-2.05766e-05
0.00218271
-2.48427e-06
0.00145775
1.04046e-08
5.62262e-07
-0.000449692
0.000449896
2.17357e-07
3.25464e-07
-0.000262227
0.000261903
-9.8181e-08
-3.29736e-07
-0.000145271
9.73767e-05
9.69084e-05
0.000336195
-5.62369e-07
0.000334361
-5.46779e-07
0.00139836
-3.22393e-06
-1.46897e-06
0.00242371
3.9506e-05
0.000173691
0.00762283
0.000174652
0.00244726
0.000111905
0.00140679
4.70099e-07
-3.02973e-06
-0.000331706
0.000330108
-7.37415e-07
-6.42212e-07
-9.63308e-05
9.55742e-05
2.68141e-05
0.0109958
-0.000280538
0.0137574
-0.000507885
0.015759
-0.000635244
0.0170454
-0.000669973
0.0177778
-0.00063782
0.0181522
-0.00056961
0.0183303
-0.000485822
0.0184242
-0.000396904
0.018502
-0.000306909
0.0185966
-0.000213164
0.0187256
-0.00012054
0.0188697
-2.93494e-05
0.0189811
5.22936e-05
0.0189395
0.000111831
0.0185599
0.000139283
0.017643
0.00013232
0.0160755
9.83609e-05
0.0139041
5.35706e-05
0.0113391
1.18838e-05
0.00866451
-1.48469e-05
0.00614464
0.000947292
2.58473e-05
2.08186e-05
-0.000161434
0.000168289
1.71969e-06
-2.07136e-08
9.60957e-08
-2.38366e-07
-3.11381e-05
3.07145e-05
-2.72469e-07
-3.16775e-05
-3.20107e-07
-3.2041e-05
-9.80169e-08
1.23291e-07
-7.52709e-06
7.21496e-06
-7.85178e-06
-7.97728e-06
3.75658e-05
0.00222468
-1.82934e-05
1.7413e-05
0.00397249
7.64113e-05
7.55666e-05
0.000261862
4.87528e-08
0.00026202
6.92659e-08
0.000450268
1.85502e-07
0.000450233
2.87366e-07
0.00145689
4.47382e-07
-7.14164e-08
0.00218153
-3.10771e-06
-1.54134e-05
0.00216763
-6.67065e-06
0.00145444
-4.3274e-07
3.89535e-07
-0.000450433
0.000450407
3.62657e-08
3.62701e-07
-0.0002623
0.000262445
7.1911e-08
4.58734e-08
-7.52368e-05
7.51386e-05
9.50118e-05
9.4465e-05
0.000327515
-6.30123e-07
0.000326549
-5.03206e-07
0.00143684
-1.53989e-07
9.60754e-06
0.00243822
0.000182732
0.000114139
0.00751212
2.33893e-05
0.00243613
0.000176742
0.00148386
4.72668e-05
1.76211e-05
-0.00032411
0.000324952
-3.72578e-07
-5.90676e-07
-9.38228e-05
9.30854e-05
-0.000128202
0.0108434
-0.000365565
0.013615
-0.000552318
0.0156761
-0.000657507
0.017033
-0.000681068
0.0178211
-0.000645442
0.018228
-0.000580124
0.0184246
-0.000499015
0.0185263
-0.000413498
0.0186085
-0.000321953
0.0187054
-0.000229053
0.0188341
-0.000132336
0.0189727
-3.89976e-05
0.0190724
4.41377e-05
0.0190072
0.000104934
0.0185943
0.0001328
0.0176426
0.000128308
0.0160456
9.65102e-05
0.0138612
5.45865e-05
0.0112964
1.71904e-05
0.00863247
-4.51321e-06
0.00613086
0.000962856
3.77899e-06
1.82219e-05
-0.000176594
0.000184137
8.70465e-06
9.59962e-06
8.09581e-06
4.41807e-06
-3.06064e-05
3.20596e-05
2.66375e-07
-3.04684e-05
-1.58803e-07
-3.03497e-05
-2.25562e-08
1.2644e-07
-6.92013e-06
6.64765e-06
-7.24023e-06
-7.33825e-06
5.44773e-06
0.00223664
-1.17799e-05
1.16399e-05
0.00397263
7.51874e-05
7.52567e-05
0.000262539
9.22631e-08
0.000262749
7.70834e-08
0.000450798
5.68672e-08
0.000450524
2.02306e-07
0.00145142
5.8834e-07
-6.71567e-07
-9.78857e-06
0.00144552
-9.16079e-07
1.41811e-07
-0.000450747
0.000450367
-5.22411e-08
1.66264e-07
-0.000263071
0.000263065
4.27332e-08
4.03096e-08
-7.53025e-05
7.53745e-05
9.24553e-05
9.19521e-05
0.000324717
8.12323e-08
0.000332415
1.90946e-06
0.00149735
7.40996e-05
9.5139e-05
0.00245935
9.09226e-05
-2.54507e-06
0.00743558
-4.91182e-05
0.00245789
2.48398e-05
0.00152396
5.38296e-05
9.63035e-05
-0.000343043
0.000368072
2.22371e-05
6.99371e-06
-9.13614e-05
9.09888e-05
-0.000220333
0.0106982
-0.00041379
0.0134765
-0.000572893
0.0155914
-0.00066031
0.0170122
-0.000677387
0.017853
-0.000646439
0.0182943
-0.000587145
0.0185127
-0.000513695
0.0186265
-0.000427859
0.0187145
-0.000339011
0.0188154
-0.000242143
0.0189439
-0.000144411
0.0190781
-4.67234e-05
0.0191633
3.63194e-05
0.0190758
9.81401e-05
0.018629
0.000128605
0.0176423
0.000125043
0.016017
9.64782e-05
0.0138193
5.80199e-05
0.0112555
2.39852e-05
0.00860397
2.42584e-06
0.00611665
0.000975249
-5.45325e-06
-1.49219e-06
-0.000193518
0.000197333
-8.55227e-07
8.18656e-07
2.51529e-06
6.32587e-06
-4.14412e-05
4.48174e-05
5.32843e-06
-3.80553e-05
6.21362e-06
-3.44918e-05
4.5323e-06
1.98587e-06
-6.59273e-06
6.85908e-06
-6.75153e-06
-6.77409e-06
1.66289e-06
0.00224662
-1.56927e-05
2.45656e-05
0.00396375
7.54667e-05
7.55438e-05
0.000263062
5.91837e-08
0.000263218
4.69123e-08
0.000450965
-1.03323e-08
0.000450131
1.62697e-07
1.23015e-07
-1.71711e-06
-0.000450308
0.000449598
-2.06915e-07
-3.45908e-08
-0.000263373
0.000263304
1.69099e-08
1.13153e-08
-7.55841e-05
7.56269e-05
9.107e-05
9.29795e-05
0.000390731
5.14408e-05
0.000413591
7.22793e-05
0.00156919
3.56166e-05
1.00709e-05
0.00246062
-5.27298e-06
-4.66961e-05
0.00732739
-6.54442e-05
0.00243639
-2.48868e-05
0.00158974
-3.53033e-06
7.82707e-06
-0.000444968
0.000464971
3.38265e-05
6.49259e-05
-9.99732e-05
0.00012221
-0.000259674
0.0105441
-0.000434332
0.0133379
-0.000569684
0.0155008
-0.000643274
0.0169781
-0.000660422
0.017867
-0.000639225
0.0183464
-0.000592096
0.0185911
-0.000525271
0.0187239
-0.000444198
0.0188196
-0.000352061
0.0189253
-0.000252888
0.0190524
-0.000151952
0.0191833
-5.54431e-05
0.0192551
3.11184e-05
0.0191428
9.36867e-05
0.0186639
0.000123997
0.0176433
0.000121647
0.0159919
9.68485e-05
0.0137804
6.16117e-05
0.0112179
3.02496e-05
0.00857615
3.67152e-06
0.00609729
0.000984046
-2.28314e-06
-4.8514e-06
-0.000197538
0.000196346
-2.78262e-06
-1.47939e-06
-1.15765e-06
-5.39471e-07
-5.02807e-05
4.9989e-05
-5.63521e-07
-4.93692e-05
-9.28826e-08
-4.79968e-05
1.14282e-06
3.14647e-06
-1.64624e-05
2.03965e-05
1.39424e-06
-1.33772e-05
3.12845e-06
-8.84496e-06
2.38107e-05
0.00224737
-1.61725e-05
3.2091e-05
0.00394783
7.56861e-05
7.5733e-05
0.000263261
3.26146e-08
0.000263379
4.41932e-08
0.00044986
-1.38861e-07
-3.29343e-07
-0.000263351
0.000263202
-5.76392e-08
-6.52834e-09
-7.57443e-05
7.57612e-05
0.000173651
0.000200011
4.5919e-05
0.000484759
1.5829e-05
0.000489112
5.71813e-06
0.00159217
-1.05982e-06
-6.64855e-06
0.0024188
-2.91023e-05
-5.81026e-05
0.00718756
-6.17453e-05
0.00238737
-3.4021e-05
0.00158017
-7.96874e-06
-4.91279e-06
-0.000494992
0.000492788
-1.32696e-06
1.94691e-06
-0.000241553
0.00026649
8.88984e-06
2.33839e-05
-0.000277797
0.0103876
-0.00042938
0.0131976
-0.000544467
0.015402
-0.000609184
0.0169269
-0.000637808
0.0178656
-0.000634442
0.0183888
-0.000600275
0.0186661
-0.000539667
0.0188193
-0.000458922
0.0189265
-0.000363758
0.0190361
-0.000264286
0.0191647
-0.000160495
0.0192884
-6.02694e-05
0.0193465
2.57042e-05
0.0192108
8.89195e-05
0.0186989
0.000121576
0.0176434
0.000122102
0.0159666
9.9304e-05
0.0137427
6.59211e-05
0.0111822
3.33655e-05
0.00854646
7.34745e-06
0.00607377
0.000993373
1.24215e-05
2.06158e-06
-0.000196036
0.000196179
-2.42612e-06
-4.54136e-06
-4.74787e-05
4.29758e-05
1.72027e-06
-4.88114e-05
-1.4675e-07
-4.95958e-05
-3.7331e-07
-1.46342e-07
-2.39561e-05
2.36212e-05
-2.2867e-07
-2.39023e-05
-1.46689e-07
-2.28504e-05
9.08927e-08
6.92538e-07
-3.12845e-06
4.52268e-06
4.09393e-05
0.00223852
-3.03253e-06
1.40862e-05
0.00393678
7.57938e-05
7.5838e-05
0.000263009
5.37101e-08
-1.45574e-09
-7.58315e-05
7.57739e-05
4.5919e-05
0.000279371
2.94766e-06
0.000284366
7.23597e-07
0.000493327
-1.59858e-06
0.000489263
-2.58405e-06
0.00156419
-5.70671e-06
-7.41948e-06
0.00236068
-3.14103e-05
-5.61646e-05
0.00704618
-8.02487e-05
0.0023277
-2.87623e-05
0.00154401
-7.41077e-06
-6.43384e-06
-0.000487033
0.000482585
-3.52078e-06
-2.68357e-06
-0.000286353
0.000285554
-5.28309e-07
-4.04141e-08
-6.93029e-05
7.81928e-05
-0.000270848
0.010229
-0.000403583
0.0130568
-0.000498179
0.015291
-0.000567767
0.0168568
-0.000617562
0.0178487
-0.000635775
0.0184243
-0.000611551
0.018738
-0.000553763
0.0189142
-0.000472514
0.0190353
-0.000376226
0.0191481
-0.000270186
0.0192744
-0.000165141
0.0193932
-6.41939e-05
0.0194363
2.23082e-05
0.0192774
8.60295e-05
0.0187345
0.000118741
0.0176467
0.000120763
0.0159452
0.000101011
0.0137077
6.95362e-05
0.0111461
3.85476e-05
0.00851525
1.75644e-05
0.00605317
0.000995255
1.86618e-05
2.03947e-05
-0.000197563
0.000203868
6.11559e-06
6.77854e-07
-6.34787e-05
6.14691e-05
-1.89831e-07
-2.26876e-07
-2.5212e-05
1.313e-07
3.63115e-08
-2.30309e-05
-4.60901e-07
-2.31553e-05
-2.24161e-08
-2.34449e-05
-8.37024e-08
2.98963e-08
-5.15941e-06
4.93072e-06
-5.3061e-06
-5.21522e-06
1.64293e-05
0.00223618
1.33697e-05
-7.52805e-06
0.00393094
7.58276e-05
8.11404e-05
8.1864e-05
0.000284412
-4.56645e-07
0.000282533
-7.04353e-07
0.000479784
-2.90508e-06
0.000475424
-3.05973e-06
0.00152478
-5.93446e-06
-6.23822e-06
0.00228883
-1.73005e-05
-0.000138593
0.00691392
0.00214887
5.9719e-05
0.00150576
-4.3849e-06
-5.35899e-06
-0.000471917
0.000467867
-3.36129e-06
-2.92671e-06
-0.00028058
0.000277931
-8.72649e-07
-7.30382e-07
-8.18236e-05
8.12953e-05
-0.000254667
0.0100801
-0.000352399
0.012911
-0.000436605
0.0151598
-0.000530183
0.0167694
-0.000610072
0.017823
-0.00064384
0.0184565
-0.000627396
0.0188117
-0.00056929
0.019011
-0.000484124
0.0191432
-0.000384461
0.0192624
-0.000277341
0.0193866
-0.000168874
0.0194979
-6.69532e-05
0.0195256
2.12105e-05
0.0193422
8.39245e-05
0.0187693
0.000117285
0.0176502
0.000121911
0.0159243
0.000102851
0.0136743
7.42089e-05
0.0111104
4.61828e-05
0.00848664
2.90281e-05
0.00603751
0.00100255
-4.10329e-07
9.5447e-06
-0.000208167
0.000213653
1.31753e-05
1.60956e-05
-6.2221e-05
6.74399e-05
8.64046e-07
3.24136e-08
-8.07756e-08
6.7457e-09
-4.33427e-06
4.14442e-06
-4.56115e-06
4.52484e-06
-4.39356e-06
-4.85448e-06
-4.8769e-06
-4.96061e-06
-9.00237e-06
0.00223765
1.97144e-05
-1.39505e-05
0.00392517
8.08386e-05
8.01343e-05
0.000275638
-6.1167e-07
0.000273331
-7.52788e-07
0.000464644
-2.71053e-06
0.00046093
-2.52452e-06
0.00149963
-2.13239e-06
-9.04122e-06
-0.00158847
-1.08713e-05
0.0036185
-8.88368e-06
-0.000124163
0.00678342
-2.91219e-05
-0.000457544
0.000454432
-1.27315e-06
-1.97286e-06
-0.00027112
0.000268568
-8.10024e-07
-7.15301e-07
-7.94039e-05
7.85313e-05
-0.000211528
0.00993923
-0.000276005
0.0127504
-0.000377524
0.0150072
-0.000513815
0.0166732
-0.000617213
0.0177964
-0.000659919
0.0184891
-0.000642071
0.0188844
-0.000581543
0.0191084
-0.000492783
0.0192515
-0.000390041
0.0193751
-0.000280821
0.0194986
-0.000171443
0.0196024
-6.91578e-05
0.019616
1.78816e-05
0.0194083
8.24671e-05
0.0188041
0.000117507
0.0176546
0.000122311
0.0159048
0.000106152
0.0136424
7.9374e-05
0.0110772
5.47522e-05
0.00846091
3.52558e-05
0.00602197
0.00100384
-6.74653e-06
-3.54246e-06
-0.000218889
0.000219625
-1.14708e-06
4.30908e-06
-7.60378e-05
8.36554e-05
1.4788e-06
4.07868e-06
3.07465e-06
4.42299e-06
-4.10277e-06
4.96679e-06
-4.07037e-06
4.06363e-06
-1.41231e-05
0.00223782
1.52983e-05
-4.19654e-06
0.00391407
7.79196e-05
7.71668e-05
0.000266396
-5.38262e-07
0.000264483
-6.11794e-07
0.000449167
3.13238e-06
0.000419731
2.03953e-05
0.000670435
-0.000680051
-8.08704e-07
-4.47348e-07
-1.22125e-05
0.00351704
-1.04923e-05
0.000662258
-3.16783e-07
-3.90173e-07
-0.000100913
0.0066728
-0.000287764
-8.31695e-07
-8.4691e-07
-0.00026296
0.000261997
-3.10747e-07
-4.49035e-07
-7.64515e-05
7.56415e-05
-0.000132106
0.00979533
-0.000191342
0.0125642
-0.000351934
0.0148453
-0.00052214
0.0165781
-0.000636409
0.0177729
-0.000677428
0.0185244
-0.000657415
0.0189603
-0.000592126
0.0192077
-0.000500036
0.0193615
-0.000393212
0.0194875
-0.000282132
0.0196093
-0.000172176
0.0197054
-6.95156e-05
0.0197034
1.78421e-05
0.0194729
8.10892e-05
0.0188405
0.000116925
0.01766
0.000124095
0.0158868
0.000109
0.0136128
8.56261e-05
0.0110463
5.94724e-05
0.00843669
3.42205e-05
0.00600305
0.00100182
-5.33844e-06
-6.77219e-06
-0.000218607
0.000215834
-3.97383e-06
-2.52444e-06
-8.75033e-05
8.74078e-05
-6.70314e-07
-3.81433e-07
7.08591e-07
-2.47494e-07
-1.38615e-05
1.51193e-05
2.20925e-07
-1.06429e-05
8.60094e-07
8.04143e-06
1.82146e-06
-5.5492e-07
0.00223418
7.96049e-06
9.8524e-06
0.00389625
7.51032e-05
7.44914e-05
0.000264569
5.60879e-07
-2.79966e-06
6.90054e-05
-6.98142e-05
6.85581e-05
0.000650968
-5.20317e-07
-4.02124e-07
-1.38641e-05
0.00344013
-1.01396e-05
0.000641692
-5.91511e-07
-6.24459e-07
6.82413e-05
6.78511e-05
-4.35682e-05
0.00658426
7.06611e-05
-7.14929e-05
-7.40424e-05
7.37317e-05
-1.80843e-05
0.00962208
-0.000152644
0.0123649
-0.000370007
0.0146932
-0.000550405
0.0164921
-0.000659234
0.0177547
-0.000694579
0.0185616
-0.000668558
0.0190367
-0.000598713
0.0193064
-0.000502273
0.0194705
-0.000394184
0.0195995
-0.000281595
0.0197187
-0.000171073
0.019807
-6.95772e-05
0.0197908
1.78613e-05
0.0195361
8.15517e-05
0.0188759
0.00011673
0.0176674
0.000124666
0.0158712
0.000112866
0.0135855
8.87624e-05
0.0110171
6.04761e-05
0.00841044
3.22106e-05
0.00597879
0.00100286
2.40519e-06
-3.99449e-06
-0.000212489
0.000210734
-3.58354e-06
-3.42679e-06
-8.56855e-05
8.30366e-05
-6.78492e-07
-6.46572e-07
-3.20991e-07
-4.81203e-07
-1.54044e-05
1.49278e-05
-1.93763e-07
-1.56514e-05
-1.34433e-07
1.5785e-05
4.28308e-08
-1.13913e-07
-2.68155e-06
2.90246e-06
-1.82146e-06
2.10235e-05
0.00222301
1.19177e-05
6.11112e-06
0.00387822
7.42925e-05
6.73308e-05
6.69287e-05
0.00062908
-6.9254e-07
-5.5966e-07
-1.25541e-05
0.00341069
-1.57866e-06
0.000620331
-7.12209e-07
-6.78517e-07
6.63373e-05
6.57127e-05
8.94156e-05
0.00647676
4.69712e-05
0.00942246
-0.000190642
0.0121855
-0.00041622
0.014559
-0.000584281
0.0164171
-0.000680617
0.0177407
-0.000706204
0.0185992
-0.000671979
0.01911
-0.000597747
0.0194019
-0.000501022
0.0195774
-0.000391868
0.0197098
-0.000280195
0.0198278
-0.00017079
0.0199082
-6.89866e-05
0.0198776
1.7228e-05
0.0196004
8.07557e-05
0.0189119
0.000117547
0.0176745
0.000126539
0.0158575
0.000114785
0.0135595
9.05016e-05
0.010987
6.17125e-05
0.00838094
3.59455e-05
0.00595477
0.00100185
1.43928e-05
7.63229e-06
-0.00020883
0.000211271
-3.65992e-08
-2.09072e-06
-8.04355e-05
7.80818e-05
-5.8324e-07
-6.46867e-07
-3.92975e-07
-4.3285e-07
-1.37944e-05
1.33012e-05
-1.85286e-07
-1.42864e-05
-1.54697e-07
1.46413e-05
-3.45925e-08
-1.26226e-07
-2.69692e-06
2.50314e-06
-2.83136e-06
2.94528e-06
1.63748e-05
0.00221274
2.53938e-05
-1.3881e-05
6.50202e-05
6.44605e-05
0.00060908
-7.70747e-07
-5.32564e-07
9.75151e-06
0.00342438
6.59771e-05
0.000608668
-7.17958e-07
-4.48566e-07
6.37483e-05
6.30698e-05
0.000203169
0.00632056
-2.91642e-05
0.00926098
-0.000262265
0.0120316
-0.000462956
0.0144377
-0.000611264
0.0163478
-0.0006934
0.0177279
-0.000709232
0.0186365
-0.000671777
0.019184
-0.00059463
0.0194955
-0.000496491
0.019682
-0.000388963
0.0198185
-0.000278469
0.0199355
-0.000170286
0.0200095
-6.96622e-05
0.0199645
1.66856e-05
0.0196645
8.16096e-05
0.0189478
0.000117587
0.0176834
0.000128291
0.015844
0.000116744
0.0135333
9.22068e-05
0.0109565
6.48247e-05
0.00835206
4.49779e-05
0.00100131
4.42371e-06
1.24997e-05
-0.000213325
0.000216917
1.08009e-05
5.57869e-06
-7.66881e-05
7.73714e-05
-1.66472e-07
-5.53651e-07
-3.94544e-07
-3.02495e-07
-1.21284e-05
1.17166e-05
-1.71567e-07
-1.26266e-05
-1.48721e-07
1.29461e-05
-3.79133e-08
-1.13376e-07
-2.18761e-06
2.0023e-06
-2.34231e-06
2.46854e-06
-1.02534e-05
6.22991e-05
6.17665e-05
0.000618118
-5.43267e-07
8.44664e-07
0.00013175
0.00337797
0.000117824
0.000666546
3.29678e-06
1.4252e-05
6.10486e-05
6.06e-05
6.46645e-05
0.00622673
-0.000130017
0.00912873
-0.000323529
0.0118921
-0.000497504
0.0143239
-0.000626874
0.0162813
-0.000696785
0.0177155
-0.000704043
0.0186688
-0.000660815
0.0192502
-0.000585767
0.0195848
-0.000490119
0.0197832
-0.000384316
0.0199244
-0.000275099
0.0200403
-0.000167936
0.0201078
-6.85654e-05
0.0200498
1.61458e-05
0.01973
7.98847e-05
0.0189855
0.000117526
0.0176942
0.000128049
0.0158327
0.000116911
0.0135086
9.32779e-05
0.0109281
7.06149e-05
-2.57802e-06
-0.000219833
0.000222014
2.24151e-06
9.58347e-06
-8.1124e-05
8.58177e-05
3.50867e-06
2.59839e-06
3.40601e-07
1.48537e-06
-1.07696e-05
1.07577e-05
-1.54633e-07
-1.11708e-05
-1.52512e-07
1.13643e-05
-4.23086e-08
-1.0894e-07
-1.70226e-06
1.53067e-06
-1.851e-06
1.96437e-06
6.00566e-05
6.09012e-05
0.000712877
3.59619e-05
4.94569e-05
5.0189e-05
0.00339337
-9.20908e-07
0.000759392
4.9464e-05
2.18441e-05
6.4198e-05
7.845e-05
-5.16448e-05
0.00614836
-0.000195858
0.00900106
-0.000361758
0.0117564
-0.000515932
0.014213
-0.000630828
0.0162153
-0.000689176
0.0177006
-0.000691075
0.018699
-0.000648122
0.0193126
-0.000573922
0.0196686
-0.000480783
0.0198796
-0.000379279
0.0200286
-0.000273935
0.0201463
-0.000169268
0.0202085
-6.99554e-05
0.0201359
1.60054e-05
0.0197938
7.9698e-05
0.0190234
0.000117518
0.0177047
0.000127698
0.0158219
0.000118415
0.0134834
9.87704e-05
-2.42723e-06
-9.0029e-05
9.24955e-05
-7.08153e-07
4.82994e-07
3.68272e-06
1.6894e-06
-1.37508e-05
1.53533e-05
1.90609e-06
-1.22586e-05
1.10616e-06
1.10539e-05
4.43924e-08
2.80576e-07
-1.22689e-06
1.07224e-06
-1.37941e-06
1.48835e-06
0.000114412
0.00013403
2.98388e-05
0.000798049
1.05347e-05
9.9708e-07
-6.27743e-06
0.00336752
-1.95142e-05
0.000800291
-1.15542e-07
-3.04783e-06
0.000167109
1.63849e-05
0.000182707
6.24658e-06
-9.87514e-05
0.00605125
-0.000228069
0.00886737
-0.000379499
0.01162
-0.000519739
0.0141019
-0.000620757
0.0161469
-0.0006701
0.0176796
-0.000669598
0.0187205
-0.000629027
0.0193677
-0.000560504
0.0197483
-0.00047486
0.0199752
-0.000376419
0.0201311
-0.000272641
0.0202497
-0.000168056
0.0203066
-7.00062e-05
0.0202219
1.45323e-05
0.019859
7.93737e-05
0.0190615
0.000116269
0.0177162
0.000128416
0.0158119
0.000120385
-6.28907e-07
-1.12133e-06
-1.89677e-05
1.87379e-05
-4.7851e-07
-1.83725e-05
-1.12286e-07
1.72753e-05
1.76063e-06
5.92185e-07
-2.50333e-06
4.04213e-06
3.67215e-07
-1.39719e-06
1.11662e-06
2.98388e-05
0.000191416
1.82497e-06
0.00019236
5.33586e-08
0.00079798
-1.37049e-06
-2.59577e-06
-1.36291e-05
0.003301
-1.86065e-05
0.00078412
-2.49015e-06
-3.16387e-06
0.00019274
-4.95948e-07
0.000190471
-7.78726e-07
4.62238e-05
5.24703e-05
-0.000114293
0.00593748
-0.000240475
0.00872835
-0.000382563
0.0114828
-0.00051004
0.0139912
-0.000599711
0.0160765
-0.000641344
0.0176514
-0.000641113
0.0187326
-0.000607449
0.0194146
-0.000546849
0.0198203
-0.000468583
0.0200674
-0.000374643
0.0202331
-0.000273351
0.020355
-0.000170191
0.0204068
-7.14023e-05
0.0203078
1.41187e-05
0.0199243
7.78653e-05
0.0190999
0.000116193
0.0177284
0.000129091
1.85122e-05
-4.03351e-07
-5.36307e-07
-6.37149e-06
6.08993e-06
-1.97087e-07
-6.34092e-06
-1.42916e-07
5.66235e-06
1.40357e-07
-8.64276e-08
3.67208e-07
5.42952e-05
5.43486e-05
0.000189407
-3.06853e-07
0.000187414
-6.02175e-07
0.000774273
-1.71016e-06
-2.07136e-06
-1.48374e-05
0.00321908
-1.75363e-05
0.000760478
-2.23892e-06
-2.57291e-06
0.000185688
-7.64404e-07
0.000183319
-7.94838e-07
5.38526e-05
5.30739e-05
-0.000118677
0.00581568
-0.000241705
0.00858749
-0.000374404
0.0113472
-0.000487963
0.0138794
-0.000566695
0.0160018
-0.000606779
0.017617
-0.000612155
0.0187373
-0.000588345
0.0194561
-0.000539131
0.0198908
-0.00046462
0.0201573
-0.000376061
0.0203358
-0.000275293
0.0204601
-0.000172408
0.0205078
-7.37524e-05
0.0203957
1.27544e-05
0.0199894
7.70099e-05
0.0191391
0.00011611
5.77637e-06
-8.9926e-08
-1.53857e-07
-2.78194e-07
8.10512e-08
-4.21125e-07
5.07553e-07
5.2767e-05
5.21649e-05
0.000181836
-2.27059e-07
0.000180207
-4.42324e-07
0.000749206
-1.69306e-06
-1.87136e-06
-1.54322e-05
0.00313263
-1.67933e-05
0.000736206
-2.16922e-06
-2.36687e-06
0.000178607
-6.38358e-07
0.000176681
-6.47379e-07
5.14005e-05
5.06057e-05
-0.000117969
0.00569195
-0.000235531
0.00844862
-0.000356367
0.0112156
-0.000456078
0.0137688
-0.00052439
0.0159195
-0.000566808
0.0175717
-0.000584798
0.0187337
-0.000574054
0.0194911
-0.000532329
0.0199585
-0.000466267
0.0202475
-0.000377403
0.0204379
-0.000278387
0.020566
-0.000174624
0.0206086
-7.50722e-05
0.0204835
1.18582e-05
0.0200545
7.57242e-05
-8.91026e-09
5.03786e-05
4.99363e-05
0.000175196
-2.07094e-07
0.000173725
-4.00593e-07
0.000724324
-1.73101e-06
-1.81961e-06
-1.55142e-05
0.00304611
-1.59333e-05
0.000711924
-2.1417e-06
-2.25135e-06
0.000172164
-6.08228e-07
0.000170404
-6.06664e-07
4.9298e-05
4.86506e-05
-0.000114386
0.0055708
-0.000223366
0.00831561
-0.000328227
0.0110877
-0.000411579
0.013656
-0.000476379
0.015829
-0.000528397
0.0175153
-0.000562449
0.0187221
-0.000565519
0.0195242
-0.000533741
0.020026
-0.000469009
0.0203392
-0.000382338
0.0205418
-0.000282692
0.0206741
-0.000176898
0.0207105
-7.63612e-05
0.0205717
7.9127e-06
4.84436e-05
4.80431e-05
0.00016889
-2.16878e-07
0.000167464
-3.93264e-07
0.000699892
-1.72951e-06
-1.75202e-06
-1.52896e-05
0.00296202
-1.50102e-05
0.000688168
-2.08355e-06
-2.12523e-06
0.000165919
-5.97724e-07
0.000164255
-5.86646e-07
4.74349e-05
4.68282e-05
-0.000108585
0.00545602
-0.000204295
0.00819169
-0.000287896
0.010964
-0.00035703
0.0135366
-0.000428046
0.0157287
-0.000499431
0.0174523
-0.000551443
0.0187081
-0.000563751
0.0195543
-0.000536026
0.020093
-0.000474031
0.0204308
-0.000387203
0.0206463
-0.000284554
0.0207818
-0.00017984
0.0208139
-7.80849e-05
4.66113e-05
4.6218e-05
0.000162738
-2.13112e-07
0.000161365
-3.78735e-07
0.000676253
-1.69988e-06
-1.67486e-06
-1.49702e-05
0.00288243
-1.40175e-05
0.000665264
-2.01373e-06
-2.00652e-06
0.00015986
-5.77788e-07
0.0001583
-5.65138e-07
4.56203e-05
4.50337e-05
-0.0001
0.00535172
-0.000175047
0.00807883
-0.000233328
0.0108403
-0.000298134
0.0134067
-0.000390024
0.0156193
-0.000486342
0.0173872
-0.000550114
0.0186944
-0.000571005
0.0195892
-0.000544158
0.0201631
-0.000480185
0.0205238
-0.000390839
0.0207526
-0.000287736
0.0208897
-0.000180564
4.48206e-05
4.44419e-05
0.000156804
-2.03403e-07
0.000155491
-3.61941e-07
0.000653553
-1.66038e-06
-1.59785e-06
-1.463e-05
0.0028099
-1.28391e-05
0.00064337
-1.94362e-06
-1.89095e-06
0.000154035
-5.58347e-07
0.00015257
-5.41288e-07
4.38642e-05
4.32991e-05
-8.60336e-05
0.00526272
-0.000129685
0.0079752
-0.000167267
0.0107095
-0.000251814
0.0132685
-0.000375451
0.0155084
-0.000489013
0.0173261
-0.000560548
0.018684
-0.000580322
0.0196254
-0.000553348
0.0202363
-0.000486306
0.0206193
-0.000395338
0.0208602
-0.000291038
4.30957e-05
4.27338e-05
0.000151107
-1.967e-07
0.000149852
-3.42773e-07
0.000631894
-1.63585e-06
-1.51851e-06
-1.42025e-05
0.00274919
-1.11228e-05
0.000622698
-1.87771e-06
-1.76503e-06
0.000148447
-5.38415e-07
0.000147075
-5.18998e-07
4.21754e-05
4.16342e-05
-5.98234e-05
0.00519285
-6.19336e-05
0.00786986
-0.000107435
0.0105651
-0.000235959
0.013129
-0.000384854
0.0154042
-0.000503166
0.0172687
-0.000575099
0.0186787
-0.000591802
0.0196638
-0.000560184
0.0203102
-0.000493079
0.020717
-0.000398295
4.14376e-05
4.10949e-05
0.000145631
-1.91627e-07
0.000144441
-3.28723e-07
0.000611544
-1.61665e-06
-1.43135e-06
-1.32656e-05
0.00270991
-7.27288e-06
0.000603846
-1.81995e-06
-1.6046e-06
0.000143084
-5.20084e-07
0.000141814
-4.95257e-07
4.05565e-05
4.00375e-05
-5.06658e-06
0.00513599
1.61359e-05
0.00774629
-9.05397e-05
0.0104197
-0.000255128
0.0129993
-0.000408099
0.0153092
-0.000524908
0.0172185
-0.000589207
0.0186761
-0.000600812
0.0197045
-0.000565909
0.020383
-0.000494944
3.98459e-05
3.95171e-05
0.000140384
-1.86182e-07
0.000139267
-3.14615e-07
0.000593514
-1.63464e-06
-1.29868e-06
-8.41248e-06
0.00270496
8.29121e-06
0.000589255
-1.74133e-06
-1.27178e-06
0.00013795
-5.02659e-07
0.000136817
-4.71765e-07
3.8997e-05
3.85018e-05
9.36085e-05
0.00505851
3.75057e-05
0.00761824
-0.000125797
0.0102903
-0.000293609
0.0128848
-0.000438608
0.0152229
-0.000544037
0.0171733
-0.000602019
0.0186773
-0.0006089
0.0197475
-0.000569838
3.83156e-05
3.80011e-05
0.000135371
-1.88167e-07
0.000134371
-2.98169e-07
0.000583172
-1.59457e-06
-7.33814e-07
2.56484e-05
0.00270031
7.26163e-05
0.000591856
-1.25297e-06
8.59855e-07
0.000133113
-4.83643e-07
0.000132268
-4.26045e-07
3.74985e-05
3.70268e-05
0.000126478
0.00496954
-2.23907e-05
0.00751484
-0.000180144
0.0101769
-0.000331995
0.0127782
-0.0004638
0.0151426
-0.000560724
0.017132
-0.000610506
0.018679
-0.00061284
3.68386e-05
3.65405e-05
0.000130849
-1.75699e-07
0.000130348
-2.32642e-07
0.000606766
1.94764e-06
8.79109e-06
9.25835e-05
0.0026736
6.05968e-05
0.000632511
1.64009e-05
3.04707e-05
0.000129495
-3.99827e-07
0.000130458
-1.0321e-07
3.60569e-05
3.56309e-05
3.24206e-05
0.00491473
-9.13893e-05
0.00742608
-0.000226172
0.010071
-0.000361761
0.0126761
-0.000482244
0.0150641
-0.000570353
0.0170919
-0.000614237
3.54553e-05
3.52227e-05
0.000131656
7.49842e-07
0.000137799
2.64825e-06
0.000646881
4.07529e-05
3.74614e-05
2.87838e-05
0.00267976
-2.51748e-06
0.000668939
2.67157e-05
1.18232e-05
0.000146003
8.19679e-06
0.000157598
1.88762e-05
3.48229e-05
3.47197e-05
-3.99199e-05
0.00486326
-0.000137256
0.00733717
-0.000257101
0.00996639
-0.000382567
0.0125765
-0.00049327
0.0149871
-0.000573682
3.54696e-05
3.81178e-05
0.000169169
2.91818e-05
0.000180407
2.62236e-05
0.000688744
8.04937e-06
9.29094e-07
-4.83346e-06
0.00266041
-1.57315e-05
0.000688964
1.57606e-07
-2.89413e-06
0.000192775
1.4348e-05
0.000198153
6.44521e-06
4.63146e-05
6.51909e-05
-7.23503e-05
0.00479836
-0.000162128
0.00724219
-0.000274196
0.00985802
-0.000392171
0.0124754
-0.000497231
7.75313e-05
1.68415e-05
9.44945e-05
9.26066e-06
0.000203225
2.97739e-06
0.000203662
4.91985e-07
0.000688272
-1.30594e-06
-2.83443e-06
-1.17588e-05
0.00261638
-1.65671e-05
0.000678887
-2.74794e-06
-3.59894e-06
0.000204417
-5.968e-07
0.000202766
-1.24278e-06
0.000105306
3.53702e-06
0.000110641
1.10971e-06
-8.50825e-05
0.00472132
-0.000174021
0.00714203
-0.000283286
0.00974914
-0.000395905
1.68415e-05
2.61022e-05
0.000113212
4.06634e-07
0.000113759
-5.46286e-08
0.000202207
-7.4697e-07
0.000200553
-1.18064e-06
0.000672125
-2.22646e-06
-2.76954e-06
-1.34252e-05
0.00256086
-1.61352e-05
0.000661694
-2.87748e-06
-3.25873e-06
0.000199297
-1.49103e-06
0.000197266
-1.56789e-06
0.00011343
-2.67763e-07
0.000112592
-4.05194e-07
2.96393e-05
3.0749e-05
-8.98751e-05
0.00463717
-0.000178747
0.00703749
-0.000284747
3.11557e-05
3.11011e-05
0.000112011
-1.65617e-07
0.000111111
-2.80194e-07
0.000195939
-8.99344e-07
0.000194305
-1.13552e-06
0.000653248
-2.35109e-06
-2.62701e-06
-1.40903e-05
0.00250076
-1.56753e-05
0.000643035
-2.85267e-06
-3.06866e-06
0.000192848
-1.42032e-06
0.000191032
-1.4423e-06
0.000109983
-3.62466e-07
0.000108842
-4.27151e-07
3.08334e-05
3.04282e-05
-9.12217e-05
0.00454965
-0.000179212
3.02626e-05
2.99825e-05
0.000108097
-1.53771e-07
0.000107207
-2.45868e-07
0.000189559
-8.78197e-07
0.000188015
-1.08241e-06
0.000633908
-2.40199e-06
-2.56174e-06
-1.43885e-05
0.00243928
-1.53477e-05
0.000624021
-2.83288e-06
-2.95378e-06
0.00018654
-1.37778e-06
0.000184847
-1.37521e-06
0.000106111
-3.24272e-07
0.000105055
-3.85678e-07
2.96201e-05
2.9193e-05
-9.07986e-05
2.90393e-05
2.87935e-05
0.00010432
-1.43059e-07
0.000103472
-2.34056e-07
0.000183325
-8.80006e-07
0.000181826
-1.06246e-06
0.000614593
-2.44216e-06
-2.51739e-06
-1.47602e-05
0.000604992
-2.83996e-06
-2.90543e-06
0.000180345
-1.35197e-06
0.000178732
-1.34089e-06
0.000102404
-3.09478e-07
0.000101397
-3.68487e-07
2.84692e-05
2.80836e-05
2.79406e-05
2.77066e-05
0.00010066
-1.42441e-07
9.98271e-05
-2.29646e-07
0.000177173
-8.82683e-07
0.000175714
-1.05863e-06
-2.54853e-06
-2.54559e-06
0.000174225
-1.35059e-06
0.000172653
-1.33298e-06
9.87785e-05
-3.03306e-07
9.77975e-05
-3.59776e-07
2.73972e-05
2.70287e-05
2.68863e-05
2.66567e-05
9.70626e-05
-1.47587e-07
9.62325e-05
-2.28314e-07
0.000171018
-9.12567e-07
-1.01055e-06
9.51842e-05
-3.02024e-07
9.42123e-05
-3.60711e-07
2.63534e-05
2.59937e-05
2.58462e-05
2.56179e-05
9.34561e-05
-1.56074e-07
-2.12452e-07
2.5316e-05
2.49554e-05
2.47994e-05
)
;

boundaryField
{
    inlet
    {
        type            calculated;
        value           nonuniform List<scalar> 
50
(
-0.010007
-0.010008
-0.010007
-0.010009
-0.010009
-0.010011
-0.010011
-0.010012
-0.010012
-0.01001
-0.010008
-0.010004
-0.009999
-0.009993
-0.009985
-0.009979
-0.009973
-0.009971
-0.009972
-0.009976
-0.009983
-0.009991
-0.009997
-0.010002
-0.010005
-0.010007
-0.010008
-0.010008
-0.010008
-0.010009
-0.010009
-0.010009
-0.010011
-0.010011
-0.010013
-0.010013
-0.010014
-0.010015
-0.010015
-0.0100155
-0.0100145
-0.0100123
-0.0100086
-0.0100032
-0.0099962
-0.009988
-0.0099794
-0.0099713
-0.0099652
-0.00996188
)
;
    }
    outlet
    {
        type            calculated;
        value           nonuniform 0();
    }
    wall
    {
        type            calculated;
        value           uniform 0;
    }
    front
    {
        type            empty;
        value           nonuniform 0();
    }
    back
    {
        type            empty;
        value           nonuniform 0();
    }
    vanem
    {
        type            calculated;
        value           uniform 0;
    }
    vaneu
    {
        type            calculated;
        value           nonuniform 0();
    }
    vanel
    {
        type            calculated;
        value           uniform 0;
    }
    procBoundary0to1
    {
        type            processor;
        value           nonuniform List<scalar> 
58
(
0.00131812
0.00395515
8.618e-06
0.00656086
0.00903494
0.0112659
0.0131199
0.0144753
0.0152207
0.0152854
0.0146364
0.0133089
0.0113836
0.00900484
0.00632359
-4.6813e-05
0.002162
9.1818e-05
0.00100188
-8.25113e-06
0.00220912
0.00386671
0.00593518
0.00832642
0.0108999
0.0134618
0.0158032
0.0177414
0.0191795
0.0201223
0.0206577
0.0209164
0.0210001
0.0209675
0.0208137
0.0204579
0.0197905
0.0186804
0.0170513
0.0149106
0.012374
0.00963798
0.00693196
0.00446124
0.00237842
-1.51807e-05
0.000595327
0.00143733
0.000448473
0.000262682
-1.62807e-07
0.000221863
2.4587e-05
7.58261e-05
1.79271e-05
5.39379e-06
9.26582e-05
0.000169483
)
;
    }
    procBoundary0to2
    {
        type            processor;
        value           nonuniform List<scalar> 10(-2.30565e-07 -6.75334e-07 -1.14527e-06 -1.66862e-06 -2.28782e-06 -3.09872e-06 -1.87912e-06 -8.96553e-07 -2.11437e-06 -4.34664e-07);
    }
}


// ************************************************************************* //
