/*--------------------------------*- C++ -*----------------------------------*\
| =========                 |                                                 |
| \\      /  F ield         | OpenFOAM: The Open Source CFD Toolbox           |
|  \\    /   O peration     | Version:  v1912                                 |
|   \\  /    A nd           | Website:  www.openfoam.com                      |
|    \\/     M anipulation  |                                                 |
\*---------------------------------------------------------------------------*/
FoamFile
{
    version     2.0;
    format      ascii;
    class       surfaceScalarField;
    location    "330";
    object      phi;
}
// * * * * * * * * * * * * * * * * * * * * * * * * * * * * * * * * * * * * * //

dimensions      [0 3 -1 0 0 0 0];
oriented        oriented;


internalField   nonuniform List<scalar> 
7196
(
0.0051061
0.0049009
0.00622949
0.00888461
0.00245874
0.00244216
0.00618561
0.0100509
0.00447006
0.00687329
0.000925832
0.00151633
0.00596149
0.0102331
0.00522283
0.0092981
0.00258409
0.00521503
0.000294182
0.00122215
0.00577344
0.0101971
0.00526995
0.010186
0.00373727
0.00814492
0.00128589
0.00422332
7.77854e-05
0.00114436
0.00562886
0.0101556
0.00510805
0.010359
0.00419196
0.0097313
0.00232827
0.00710254
0.000564128
0.00373698
3.86915e-07
0.00114397
0.00550415
0.0101357
0.00494064
0.010323
0.00423002
0.0103209
0.00296392
0.00909565
0.00128198
0.00638469
0.000193726
0.00354364
-2.92781e-05
0.00117325
0.00538865
0.0101275
0.00480785
0.0102685
0.0041222
0.0104308
0.00318622
0.0100986
0.00186533
0.00851231
0.000599009
0.0059794
1.26085e-05
0.00350175
-3.84221e-05
0.00121167
0.00528025
0.0101204
0.00470641
0.0102289
0.00400025
0.0103905
0.00317477
0.0104422
0.00215463
0.0098093
0.00101444
0.00809687
0.000191592
0.00580042
-6.81111e-05
0.00353144
-3.64424e-05
0.00124811
0.00517602
0.0101142
0.00462597
0.0102008
0.00390161
0.0103276
0.00308036
0.0104849
0.00220018
0.0103967
0.00126148
0.00956226
0.000427305
0.00786116
-2.433e-05
0.00575664
-9.26206e-05
0.00358762
-2.98553e-05
0.00127797
0.00507849
0.0101055
0.00456632
0.0101739
0.00383316
0.0102693
0.00297811
0.0104298
0.00211831
0.0105667
0.00130759
0.0103506
0.000581706
0.00940786
7.17383e-05
0.00776509
-0.000119508
0.00578352
-9.08487e-05
0.00364861
-2.32776e-05
0.00130125
0.00498886
0.0100936
0.00452927
0.0101426
0.00379654
0.0102105
0.00289788
0.0103495
0.00199314
0.010555
0.00121068
0.0106636
0.000587166
0.0103451
0.000132748
0.00934685
-0.000110535
0.00775612
-0.000147095
0.00583977
-7.85394e-05
0.00370388
-1.70549e-05
0.0013183
0.00490573
0.0100821
0.00451422
0.0101087
0.00379383
0.0101453
0.0028504
0.010258
0.00186688
0.0104758
0.00103719
0.0107285
0.000452726
0.0107981
8.80627e-05
0.0103898
-0.000116417
0.00935273
-0.000185949
0.00779497
-0.000144299
0.00590553
-6.37353e-05
0.00375056
-1.13724e-05
0.00132967
0.00482895
0.0100698
0.00452362
0.0100727
0.00383366
0.0100689
0.00284754
0.0101481
0.00176002
0.0103648
0.000828936
0.010684
0.000219902
0.0109613
-7.53869e-05
0.0109615
-0.000191499
0.0104649
-0.000231424
0.00939821
-0.000205776
0.00785645
-0.000127657
0.00596945
-4.87539e-05
0.00378794
-7.09021e-06
0.00133677
0.00475652
0.0100574
0.00455701
0.0100364
0.00392041
0.00998598
0.00290119
0.0100152
0.00169058
0.0102176
0.000610349
0.0105834
-8.2233e-05
0.0109862
-0.000343002
0.0112289
-0.000361637
0.0111317
-0.000324917
0.0105584
-0.000274976
0.00946741
-0.000198103
0.0079269
-0.000106838
0.00602754
-3.51584e-05
0.00381601
-3.45808e-06
0.00134022
0.00468559
0.0100499
0.00460925
0.0100052
0.00405992
0.00989687
0.0030313
0.00985587
0.00168352
0.0100223
0.000399044
0.0104289
-0.000441143
0.0109423
-0.000698461
0.0113416
-0.000619119
0.0114864
-0.000487613
0.0112944
-0.000380505
0.0106639
-0.000280893
0.0095502
-0.000177859
0.00799792
-8.44127e-05
0.00607679
-2.41915e-05
0.00383674
-1.28161e-06
0.00134151
0.00461261
0.010046
0.00467584
0.00998335
0.0042503
0.00981481
0.00325318
0.00967499
0.00177027
0.00976912
0.000214655
0.0102067
-0.000858837
0.0108466
-0.00114216
0.011386
-0.000951817
0.0116743
-0.000720511
0.0117193
-0.000540135
0.011454
-0.000392398
0.0107754
-0.000264188
0.00963653
-0.000152113
0.00806562
-6.57444e-05
0.00611834
-1.54057e-05
0.00385087
6.92597e-07
0.00134081
0.00453385
0.0100498
0.00474316
0.00997866
0.00448282
0.00975083
0.00358391
0.00948408
0.00199479
0.00945047
9.48544e-05
0.00988892
-0.00134059
0.0106884
-0.0016887
0.0113931
-0.00135617
0.0117904
-0.00100903
0.0119629
-0.000751945
0.0119311
-0.00054761
0.0116092
-0.000378615
0.0108898
-0.000238685
0.0097231
-0.000127116
0.00812699
-4.91759e-05
0.00615211
-8.65106e-06
0.00386021
1.85759e-06
0.00133896
0.00444491
0.0100609
0.00479932
0.00999361
0.0047393
0.00972218
0.00402449
0.00931025
0.00241355
0.00906532
0.000103916
0.00944141
-0.0018943
0.0104426
-0.00237134
0.0113711
-0.00183249
0.0118694
-0.00134126
0.0121226
-0.0010083
0.0122192
-0.000747572
0.0121311
-0.000529488
0.0117601
-0.000350834
0.011002
-0.000210663
0.00980665
-0.000105094
0.00818291
-3.64539e-05
0.00617992
-4.26276e-06
0.00386633
2.49739e-06
0.00133646
0.00434243
0.0100785
0.00483014
0.0100301
0.00498877
0.00974413
0.00454888
0.00919778
0.00308254
0.00864126
0.000362977
0.00880626
-0.00250959
0.0100567
-0.00322734
0.0112986
-0.00238429
0.0119229
-0.0017111
0.0122393
-0.00129214
0.0124065
-0.000978129
0.0124498
-0.000717203
0.0123188
-0.000497521
0.0119068
-0.000321724
0.011113
-0.000184678
0.00988623
-8.67738e-05
0.00823323
-2.64931e-05
0.00620215
-2.9208e-07
0.00386912
3.23597e-06
0.00133322
0.00422453
0.0101009
0.00482084
0.0100878
0.00520056
0.00981832
0.00510289
0.00919013
0.00399454
0.00828577
0.00111955
0.0078847
-0.00308775
0.00938442
-0.00426007
0.0110894
-0.00297946
0.0118938
-0.00208814
0.0122999
-0.00158005
0.0125272
-0.00122364
0.012652
-0.00093018
0.0126628
-0.000676478
0.0124977
-0.00046321
0.0120482
-0.000290864
0.0112192
-0.000160386
0.00995985
-7.06284e-05
0.00827737
-1.82803e-05
0.00622014
2.14702e-06
0.00387021
3.49843e-06
0.00132973
0.00409286
0.0101227
0.00476447
0.0101573
0.00534088
0.00994746
0.00561634
0.00930487
0.00504423
0.00814044
0.00267475
0.00673056
-0.00321956
0.00801651
-0.00532689
0.0104512
-0.00344229
0.0115523
-0.00237713
0.0121828
-0.00181819
0.012538
-0.00144797
0.0127515
-0.00114667
0.0128685
-0.000877938
0.0128642
-0.000634671
0.0126692
-0.000427249
0.0121846
-0.000261231
0.0113201
-0.00013984
0.0100291
-5.75019e-05
0.00831659
-1.25774e-05
0.00623486
3.40965e-06
0.0038703
3.61393e-06
0.00132611
0.00394825
0.0101416
0.00466112
0.010226
0.00538502
0.0101131
0.00600792
0.00955588
0.00611159
0.00823752
0.00459948
0.00317897
0.00303674
-0.000223787
0.00288477
-0.00142816
0.00227818
-0.00325545
0.00449488
-0.00236305
0.00381326
-0.00190033
0.0103034
-0.00139415
-0.00234053
0.0115157
-0.00187791
0.0122425
-0.00157862
0.0126687
-0.00132497
0.0129298
-0.00107401
0.0130645
-0.00082379
0.0130533
-0.00059093
0.0128329
-0.000392895
0.0123163
-0.0002362
0.0114164
-0.000122451
0.010094
-4.80726e-05
0.00835208
-8.37754e-06
0.00624665
4.76298e-06
0.00386915
3.37053e-06
0.00132274
0.00379502
0.0101552
0.00451865
0.0102841
0.005333
0.010278
0.00621294
0.00990813
0.00698559
0.00868188
0.00679197
0.00299354
0.00305149
0.000583974
0.00237121
0.00153438
0.00208634
-0.00322739
0.0028567
-0.000712737
0.000874007
0.000781783
-0.00127924
-0.00113534
0.00057117
0.000894204
-0.00175761
0.00435216
-0.000994269
0.00127888
0.000887602
-0.000678568
-0.000647577
0.00322957
-0.00052634
-0.000921645
0.00957241
-0.000687869
-0.000998027
0.00395603
-0.00155547
0.0111932
-0.00148688
0.0121508
-0.001388
0.0127317
-0.00122524
0.013081
-0.00100526
0.013246
-0.000766523
0.0132289
-0.000546038
0.012986
-0.000359246
0.0124393
-0.000214214
0.0115082
-0.000107533
0.0101535
-4.05602e-05
0.00838427
-6.10019e-06
0.00625751
4.75635e-06
0.00386776
3.40933e-06
0.00131933
0.00363643
0.0101636
0.00434524
0.0103286
0.00519841
0.0104187
0.00622857
0.0102624
0.00746194
0.00943178
0.00864298
0.00327389
0.00355698
0.00260565
0.00192227
0.00356193
0.00105824
0.00103697
0.000438367
0.000399445
0.000535787
-0.00109752
0.000692288
-0.000865872
0.000550132
-0.000939285
0.000496235
0.0010674
-0.000496235
0.000967339
-0.000492201
0.00112351
0.000684172
-0.000288771
0.000288771
-0.000171985
0.00266903
-0.000265509
-0.000323673
0.00092084
0.00356691
-0.000532524
-0.000428221
0.00877537
-0.000330214
0.0032305
-0.00035145
-0.00105982
0.0107662
-0.00122972
0.0119925
-0.00125507
0.0127616
-0.00113576
0.0132115
-0.000929935
0.0134094
-0.000706968
0.0133899
-0.000501957
0.0131287
-0.000328525
0.0125537
-0.000193761
0.0115944
-9.65196e-05
0.0102094
-3.56128e-05
0.00841378
-4.20386e-06
0.00626647
4.87745e-06
0.0038663
2.97178e-06
0.00131636
0.00347443
0.010169
0.00414949
0.0103593
0.00500308
0.010524
0.0060958
0.0105514
0.00755643
0.0101679
0.00955558
0.00407616
0.00444302
0.00463511
0.00220071
0.00544368
0.00274841
0.0010403
0.000270411
0.000251665
0.000798254
-0.00142481
0.00176381
0.000719239
0.000652462
0.000719238
-0.000319793
0.000389153
-0.000389153
0.000360499
-0.00077166
0.000653587
-5.39114e-05
0.00227537
-8.13393e-05
-5.75242e-05
-0.000116329
0.0030161
-0.000213822
-0.000215429
0.00811636
-0.000185378
0.00284223
-0.000156345
0.00200546
-3.80266e-05
-4.35098e-05
-0.000810171
0.0103466
-0.00109006
0.0118274
-0.00116009
0.0127859
-0.00103825
0.0133198
-0.000849288
0.0135517
-0.000647993
0.0135359
-0.000460517
0.0132607
-0.000302995
0.0126629
-0.000178402
0.0116763
-8.90895e-05
0.0102629
-3.16842e-05
0.00844126
-3.82568e-06
0.00627518
4.56304e-06
0.00386471
2.83494e-06
0.00131353
0.00330955
0.0101729
0.00393716
0.0103813
0.00476407
0.0105983
0.00585716
0.0107626
0.00737365
0.0107342
0.00967945
0.0100441
0.00605217
0.00346767
0.00646981
0.00402538
0.00493746
-0.00161612
0.000303465
0.000339708
0.00627423
0.000879107
0.000532538
-4.93824e-05
0.000202283
0.00118149
0.000269226
0.000284609
0.000244169
0.000591663
-1.94156e-05
0.000190258
0.000547282
-1.31426e-05
0.00184168
-2.68445e-05
-2.3197e-05
0.00272591
-9.91111e-05
-0.000138073
0.007589
-0.000144741
0.00262071
-8.01817e-05
0.00172272
-1.80513e-05
-1.93322e-05
-0.000512691
0.000484132
-9.46712e-06
-8.91877e-06
-0.000723803
0.00998037
-0.00102937
0.0116967
-0.00104539
0.012793
-0.000930882
0.0134014
-0.000766338
0.0136701
-0.000591
0.0136664
-0.000425744
0.0133835
-0.000282103
0.0127666
-0.000166667
0.0117539
-8.29486e-05
0.0103142
-3.0058e-05
0.00846749
-3.7669e-06
0.00628351
3.91264e-06
0.00386363
2.28901e-06
0.00131124
0.00314196
0.0101756
0.00371475
0.0103953
0.00449565
0.0106498
0.00554691
0.0109086
0.00702218
0.0111141
0.00926567
0.011148
-0.00757506
0.0140542
0.00469459
0.00534012
0.00708464
0.0012665
0.00139076
0.00189465
0.0016403
0.00105958
-0.000756118
0.00139929
-0.00193183
0.00281094
0.000471509
0.000170842
0.0001577
0.000462979
-5.69148e-06
0.000445056
-5.27469e-06
0.00164586
-1.17091e-05
-1.05447e-05
0.00254257
-5.99288e-05
-0.000121596
0.00714478
-0.000157986
0.00245742
-5.95947e-05
0.0015834
-8.77891e-06
-8.94353e-06
-0.00042987
0.00041636
-4.54124e-06
-4.14613e-06
-0.000148781
0.000139314
-0.000749447
0.00970045
-0.000934042
0.0115854
-0.000914866
0.012777
-0.000819066
0.0134542
-0.000686145
0.0137652
-0.000540261
0.0137809
-0.000396046
0.0134974
-0.000265703
0.0128656
-0.000157889
0.0118288
-7.90181e-05
0.0103631
-2.86109e-05
0.00849234
-3.99667e-06
0.00629142
3.12208e-06
0.0038628
2.11841e-06
0.00130912
0.00297453
0.0101754
0.00348654
0.0104038
0.00420685
0.0106841
0.0051926
0.0110041
0.00657745
0.0113533
0.00861487
0.0117649
0.0128474
0.0123548
0.00877795
-0.00417283
-0.00337391
0.00195876
0.00150462
0.00883539
0.00528268
0.00300152
0.00107591
0.0034487
0.000943573
-0.00391433
0.00163616
0.00117467
0.000133623
0.000128348
0.00040713
-2.47875e-06
0.000398859
-2.27423e-06
0.001536
-6.10223e-06
-6.4261e-06
0.00239033
-5.45003e-05
-0.000162775
0.00680086
-0.00024275
0.00229921
-6.68633e-05
0.0014887
-6.51925e-06
-5.77829e-06
-0.000391759
0.00038502
-2.03984e-06
-1.84281e-06
-0.000124202
0.00011966
-0.000747421
0.00951383
-0.000786115
0.0114566
-0.000770376
0.0127283
-0.00071395
0.013482
-0.000619018
0.013844
-0.00050116
0.013886
-0.000374755
0.0136065
-0.000254251
0.012962
-0.000152238
0.0119021
-7.57425e-05
0.0104103
-2.79416e-05
0.00851628
-4.48877e-06
0.00629903
2.53562e-06
0.00386238
1.77229e-06
0.00130735
0.00280689
0.0101766
0.00325365
0.0104083
0.00390706
0.0107036
0.00481382
0.0110629
0.00608107
0.0115004
0.00790332
0.0120649
0.0112455
0.0133668
-0.00682663
0.0159773
0.0054668
0.00657273
-0.00319416
0.00145641
-0.00296102
0.00312913
0.00179065
-0.00145641
-0.00179065
0.00182576
0.00155007
0.00107591
0.00201949
0.000117182
0.000114908
0.000380272
-1.35471e-06
0.000374981
-1.13467e-06
0.00144467
-4.62869e-06
-5.83852e-06
0.00222053
-8.40967e-05
-0.000292262
0.00662433
-0.000278626
0.00211527
-0.000137497
0.00138973
-7.25102e-06
-4.67411e-06
-0.000370448
0.0003654
-1.47082e-06
-1.24562e-06
-0.000113065
0.000111025
-0.000577013
0.00930473
-0.000614261
0.0113005
-0.00064346
0.0126578
-0.000628542
0.0134915
-0.000568624
0.0139114
-0.000473434
0.0139847
-0.000359124
0.0137114
-0.000244404
0.0130542
-0.000145828
0.0119721
-7.22182e-05
0.0104545
-2.72265e-05
0.00853902
-5.51391e-06
0.00630708
1.6482e-06
0.0038625
1.62728e-06
0.00130572
0.00263947
0.0101764
0.00302035
0.0104099
0.00360025
0.0107151
0.00441964
0.0110978
0.00556056
0.0115834
0.00717961
0.0122242
0.0097416
0.0135688
0.0143472
0.0149968
0.00503861
-0.00201432
-0.00136151
0.00197826
0.00182576
0.0058894
0.00572194
-0.00155007
0.00136151
0.00010967
0.000108536
0.000361828
-1.05653e-06
0.000357028
-1.03907e-06
0.00132094
-4.88505e-06
-1.0414e-05
0.00204221
-0.000219201
-0.000212475
0.00637812
-0.000118323
0.00198573
-0.00022214
0.00122018
-2.64773e-05
-1.0263e-05
-0.000353337
0.000347457
-1.37063e-06
-9.82767e-07
-0.00010729
0.000105819
-0.000380031
0.0090705
-0.000478667
0.0111357
-0.000547612
0.0125769
-0.000567457
0.0134903
-0.000534978
0.013973
-0.000456212
0.0140818
-0.000349547
0.0138165
-0.000237265
0.0131456
-0.000140912
0.0120408
-7.07715e-05
0.0104981
-2.7475e-05
0.00856098
-5.66918e-06
0.00631439
1.08896e-06
0.00386304
1.13922e-06
0.00130458
0.00247157
0.0101769
0.00278622
0.0104106
0.00329163
0.0107186
0.00402197
0.0111128
0.00503657
0.0116218
0.00645903
0.0123039
0.00847227
0.0134935
0.0121345
0.0157815
-0.00412966
0.0118431
0.0131728
-0.00107982
0.00147598
0.00158211
0.000745935
-0.000983019
0.00405127
0.000104763
0.000103724
0.000343726
-1.15431e-06
0.000334916
-1.60441e-06
0.00112435
-4.07548e-05
-8.26155e-05
0.0018972
-0.000123943
-8.23445e-05
0.00612507
-4.46443e-05
0.00183389
-5.50165e-05
0.00104751
-6.54139e-05
-7.98861e-05
-0.000326952
0.000305685
-5.20972e-06
-2.29875e-06
-0.000102741
0.00010137
-0.000264083
0.00885591
-0.000389154
0.0109773
-0.000485706
0.0124952
-0.000532304
0.0134877
-0.000517668
0.0140344
-0.000444482
0.0141767
-0.000337661
0.0139169
-0.000227928
0.0132326
-0.000134841
0.0121049
-6.8225e-05
0.0105388
-2.66527e-05
0.00858197
-6.80827e-06
0.00632229
2.44404e-07
0.00386394
8.6617e-07
0.00130371
0.00230544
0.0101771
0.00255436
0.0104088
0.00298493
0.0107173
0.00362539
0.0111151
0.00451889
0.0116305
0.00575729
0.0123235
0.00740569
0.0133705
0.0101135
0.0155145
0.011392
0.0162327
-0.00200465
0.0070358
0.00954537
-0.00140377
-0.000427836
0.00102693
0.0003181
0.00273784
-0.000390231
-0.000300995
0.000100216
9.86114e-05
0.000277336
-1.24063e-05
0.000222299
-2.75786e-05
0.000954795
-2.45016e-05
-6.72586e-06
0.00177951
-2.79684e-05
-4.3381e-05
0.0059336
-2.92311e-05
0.00175123
-1.63598e-05
0.000903182
-6.34937e-07
-2.76909e-06
-0.000193531
0.000128118
-5.11181e-05
-9.63127e-05
9.1103e-05
-0.000204908
0.00867167
-0.000337448
0.010829
-0.000455447
0.0124183
-0.000521791
0.0134918
-0.000511059
0.014101
-0.000433124
0.0142722
-0.000323583
0.0140125
-0.000216814
0.0133146
-0.00012757
0.0121642
-6.48029e-05
0.010577
-2.72779e-05
0.00860244
-7.70521e-06
0.00633024
-8.61196e-07
0.00386566
7.96623e-07
0.00130292
0.00213927
0.0101772
0.00232353
0.010408
0.00267882
0.0107149
0.00323111
0.0111115
0.00401136
0.0116227
0.00508497
0.0123028
0.00647184
0.0132574
0.00847866
0.0150054
0.0100285
0.016878
0.00846755
0.0148009
0.00349136
0.00675313
-0.000266423
-0.00043269
0.00167222
-0.000160711
-0.00017743
-0.000122836
0.000759533
0.000195264
0.000534698
-7.61598e-05
7.86967e-05
5.11181e-05
0.000103616
9.689e-05
0.000876671
-1.03223e-06
-4.24543e-07
0.00172098
-1.31335e-05
-3.18735e-05
0.00578794
-2.7368e-05
0.0017023
-1.05483e-05
0.000861364
-3.50263e-07
-7.02653e-07
-9.4121e-05
9.3486e-05
-0.000171967
0.00850619
-0.000316815
0.0106904
-0.000454816
0.0123513
-0.000526757
0.0135075
-0.000502399
0.0141703
-0.000414743
0.0143633
-0.000305733
0.0141015
-0.000203799
0.0133908
-0.00012156
0.012221
-6.29729e-05
0.0106127
-2.7508e-05
0.00862224
-8.65458e-06
0.00633803
-1.27593e-06
0.00386774
1.774e-07
0.00130274
0.00197524
0.010177
0.00209534
0.0104054
0.00237846
0.0107083
0.00284398
0.011102
0.00351869
0.0116042
0.00444541
0.0122622
0.00562613
0.0131485
0.00717856
0.0145575
0.00855801
0.0164759
0.00834408
0.0170014
0.00557712
0.0127151
0.0014858
0.0051576
4.79134e-05
6.18135e-05
-0.00129983
0.00106947
-9.40135e-06
-2.66671e-05
-2.47999e-05
-3.54968e-05
-0.000396456
0.000274685
-3.89401e-05
-3.91884e-05
0.000119104
9.24538e-05
9.20293e-05
0.000849176
-5.64294e-07
-3.80889e-07
0.00168117
-1.07429e-05
-2.48923e-05
0.00566149
-2.06275e-05
0.00166548
-1.1683e-05
0.000839461
-3.44596e-07
-4.89023e-07
-9.13266e-05
9.09764e-05
-0.000160528
0.0083499
-0.000330252
0.0105658
-0.000481964
0.0123065
-0.000533112
0.0135382
-0.000482785
0.0142383
-0.000388615
0.0144462
-0.000286399
0.0141841
-0.000190667
0.0134599
-0.000115346
0.0122734
-6.23419e-05
0.0106475
-2.79041e-05
0.00864149
-1.05029e-05
0.00634726
-2.64098e-06
0.00387056
1.66991e-07
0.00130257
0.00181159
0.0101766
0.00187037
0.010402
0.00208046
0.0107034
0.00246261
0.0110897
0.00303978
0.0115809
0.00383709
0.0122125
0.0048503
0.0130381
0.0061052
0.0142219
0.00726401
0.0158515
0.00753967
0.0172803
0.00634623
0.0162323
0.00343549
0.0107655
0.000710868
0.00448452
-3.94264e-05
1.63419e-06
-0.00102023
0.000998733
2.18741e-05
4.75366e-05
6.13129e-05
4.97414e-05
-0.000195005
0.000186942
-1.33886e-06
-0.000215161
-6.51095e-06
-0.000235909
-4.05202e-06
3.27888e-06
-7.99159e-05
4.09757e-05
9.04121e-05
9.00312e-05
0.000829644
-4.72016e-07
-4.53534e-07
0.00165029
-9.69433e-06
-1.77367e-05
0.00553901
-2.03093e-05
0.00163478
1.71899e-06
-6.84413e-06
0.000818943
-4.8291e-07
-4.98906e-07
-8.95422e-05
8.91976e-05
-0.000177073
0.00819672
-0.000379233
0.0104631
-0.000517825
0.0122912
-0.000515033
0.0135704
-0.000448648
0.0142984
-0.000357266
0.0145171
-0.000262416
0.0142558
-0.000178112
0.0135227
-0.000110886
0.0123219
-6.15435e-05
0.0106812
-3.04879e-05
0.00866147
-1.25148e-05
0.00635714
-3.27216e-06
0.00387399
-4.05755e-07
0.00130298
0.00165062
0.010175
0.00164924
0.0103978
0.00178852
0.0106939
0.00208914
0.0110768
0.00257223
0.0115572
0.00325666
0.0121613
0.00413113
0.0129317
0.00517962
0.0139636
0.00617117
0.0153147
0.00659233
0.0167988
0.00618684
0.0174397
0.0046111
0.0150567
0.00208151
0.00939481
0.000315246
0.00414468
3.43396e-05
-9.7437e-06
-0.000985828
0.000977251
-3.08501e-05
-1.95915e-06
1.64976e-05
-0.000243047
0.000251376
1.35451e-05
-0.000224239
2.8728e-05
-0.000203339
4.04125e-05
3.33452e-05
-3.36916e-05
3.23527e-05
-4.02026e-05
-4.42546e-05
8.87256e-05
8.82721e-05
0.00047453
-2.71122e-07
-2.46451e-07
0.000335236
0.00162377
-4.20983e-06
-2.51398e-06
-1.55722e-05
0.00540465
-2.7142e-05
0.00160809
-2.01435e-06
-2.61448e-06
0.00050508
-2.88311e-05
0.00050666
-8.42356e-06
-8.77732e-05
8.72903e-05
-0.00023662
0.00805411
-0.000462508
0.0104078
-0.000509927
0.0122861
-0.000471436
0.0135932
-0.000403319
0.0143444
-0.000322489
0.0145772
-0.000242356
0.0143201
-0.000168655
0.0135805
-0.000109112
0.0123695
-6.35842e-05
0.0107142
-3.27088e-05
0.00868167
-1.41154e-05
0.00636798
-4.20578e-06
0.00387779
-4.75843e-07
0.00130346
0.0014907
0.0101749
0.00143179
0.0103924
0.00150129
0.010685
0.00172039
0.0110627
0.00211536
0.0115337
0.00269884
0.0121151
0.0034576
0.0128349
0.0043563
0.013755
0.00522569
0.0149091
0.00569873
0.0162083
0.00562236
0.0173633
0.0049067
0.0171441
0.00325071
0.0138875
0.00123684
0.00847321
0.000104596
0.00393669
4.13551e-05
6.20354e-05
-0.000958399
0.000947032
4.57062e-05
9.10821e-06
-0.000234169
0.000355218
-1.49114e-06
-0.000149435
-9.73255e-07
-0.000254765
1.86371e-05
1.31088e-05
-0.000110137
0.000120844
2.83857e-06
-8.90792e-05
7.66981e-06
-6.5698e-05
1.70312e-05
8.70191e-05
8.67727e-05
0.000304614
1.79037e-06
0.000505236
-2.78612e-06
0.000504107
-1.3846e-06
0.00159739
-1.83254e-06
-3.03475e-06
-2.26187e-05
0.00524183
-5.11862e-05
0.00157671
-2.33717e-06
-4.13391e-06
0.000503053
-9.59969e-07
0.000501032
-5.93614e-07
0.000298252
-2.06139e-06
-0.000361016
0.00795262
-0.000481776
0.0103796
-0.00045678
0.0122715
-0.000409705
0.0135996
-0.000354726
0.0143767
-0.000292306
0.0146271
-0.000225547
0.014377
-0.000164207
0.0136355
-0.000109087
0.012415
-6.63431e-05
0.0107479
-3.55268e-05
0.00870308
-1.5867e-05
0.00637964
-5.30767e-06
0.00388263
-9.26325e-07
0.00130438
0.00133235
0.0101734
0.00122112
0.0103856
0.00122082
0.0106729
0.00135948
0.0110459
0.00166719
0.0115109
0.00215806
0.0120745
0.00281886
0.0127538
0.00360412
0.013587
0.00438448
0.0145962
0.00488981
0.0157181
0.00496953
0.0168611
0.00467022
0.0175998
0.00379184
0.0166029
0.00224142
0.012883
0.00072917
0.00784864
3.16045e-05
0.00385512
2.34232e-05
2.65381e-05
-0.000937955
0.000944626
3.46834e-05
7.11121e-05
-0.000362588
0.000384728
1.78519e-05
5.71351e-06
-7.86686e-08
1.81646e-06
-2.97206e-05
2.82295e-05
-0.00013021
-5.87744e-07
-3.06939e-05
3.7421e-06
-2.4701e-05
2.75396e-05
-1.70312e-05
8.85631e-05
0.000296424
-9.58331e-07
0.000295325
-2.85359e-07
0.000499904
-7.04435e-07
0.000498104
-1.235e-06
0.0015608
-2.01729e-06
-4.68264e-06
-6.48729e-05
0.00508522
-0.00013953
0.00152181
-3.66052e-06
-8.53708e-06
0.000497022
-1.25517e-06
0.000493938
-1.04958e-06
0.000294552
-1.8665e-07
0.000294025
-6.71412e-08
8.65017e-05
-0.000447245
0.00791809
-0.000406419
0.0103293
-0.00037211
0.0122339
-0.000345998
0.0135909
-0.000311393
0.0143958
-0.000267321
0.0146689
-0.000216165
0.0144289
-0.000162511
0.013689
-0.000112982
0.0124616
-7.0573e-05
0.0107829
-3.86665e-05
0.00872588
-1.75516e-05
0.00639189
-6.21011e-06
0.00388791
-8.97449e-07
0.00130528
0.00117871
0.0101691
0.00101674
0.0103777
0.000947616
0.0106588
0.00100586
0.0110265
0.001226
0.0114871
0.0016278
0.0120411
0.00220468
0.0126887
0.0029033
0.0134546
0.00361846
0.0143531
0.00414579
0.0153402
0.00433314
0.0163544
0.00422409
0.0173073
0.00380049
0.0175911
0.00286996
0.0159744
0.00154039
0.0120717
0.000435011
0.00744523
-5.08449e-05
0.00378642
6.95551e-05
4.99868e-05
-0.000953783
0.000964669
1.25373e-05
1.73811e-05
-0.000408942
0.000433251
1.00303e-06
9.37126e-06
2.57968e-05
2.11014e-05
-3.56807e-05
5.35326e-05
-2.99672e-05
2.81508e-05
-3.12817e-05
8.55434e-05
8.5258e-05
0.000293486
-1.64681e-07
0.000292447
-1.95779e-07
0.000492961
-1.04031e-06
0.000489957
-1.67861e-06
0.00148078
-6.81117e-06
-1.70373e-05
-0.00020231
0.00504268
-0.000202394
0.00140478
-2.03911e-05
-4.31326e-05
0.000488157
-1.8605e-06
0.000482104
-2.48444e-06
0.000291428
-2.36315e-07
0.000290625
-2.47025e-07
8.50714e-05
8.50042e-05
-0.000324422
0.00783609
-0.000292545
0.0102497
-0.000293822
0.0121817
-0.000291923
0.0135714
-0.00027958
0.014408
-0.00025253
0.0147052
-0.00021361
0.01448
-0.000166963
0.013743
-0.000117313
0.0125084
-7.39099e-05
0.0108182
-3.9867e-05
0.00874819
-1.82885e-05
0.00640396
-6.40647e-06
0.00389342
-1.26873e-06
0.00130655
0.0010279
0.0101653
0.000820631
0.0103652
0.000685985
0.0106394
0.000659684
0.011005
0.000789398
0.0114631
0.00110518
0.0120097
0.00160546
0.0126403
0.00223811
0.0133539
0.00290862
0.0141645
0.00345017
0.0150487
0.00372579
0.0159476
0.00373501
0.0168435
0.003534
0.0175737
0.0030452
0.0174159
0.00215564
0.0153591
0.00106035
0.0114464
0.000241224
0.00715316
-7.99846e-05
0.00374895
4.61322e-05
7.13211e-05
-0.000972379
0.000978025
6.39089e-05
4.22763e-05
-0.000448928
0.000461724
7.23981e-07
-9.83124e-07
1.84107e-06
-1.37331e-07
-8.84588e-05
8.96418e-05
-1.80048e-07
-8.09055e-05
1.81787e-06
6.61637e-05
1.31656e-05
6.35958e-06
8.48396e-05
8.46438e-05
0.000289767
-1.82495e-07
0.000288403
-3.14163e-07
0.000478708
-3.41487e-06
0.000468194
-6.5232e-06
0.00135795
-5.79967e-05
-9.7488e-05
-0.000134075
0.00490677
-5.44408e-05
0.00131652
-8.74282e-05
-7.35371e-05
0.000458106
-1.03034e-05
0.000434678
-1.9705e-05
0.000286869
-3.2625e-07
0.000284788
-4.03778e-07
8.44075e-05
8.41604e-05
-0.000175146
0.00771869
-0.000205093
0.010161
-0.000234692
0.0121245
-0.000255528
0.0135474
-0.000260996
0.0144165
-0.00024951
0.0147411
-0.000217875
0.0145309
-0.000172313
0.013798
-0.000121587
0.012556
-7.65511e-05
0.0108549
-4.24406e-05
0.00877235
-1.9744e-05
0.0064173
-7.01774e-06
0.00389917
-1.05437e-06
0.0013076
0.000882133
0.0101581
0.000636684
0.0103493
0.000436096
0.0106151
0.000324317
0.0109747
0.000358079
0.0114363
0.000583363
0.0119849
0.00101102
0.0126042
0.00159255
0.0132859
0.0022332
0.0140293
0.00279083
0.0148238
0.00314071
0.0156338
0.00325104
0.0164316
0.00317138
0.0172062
0.00291911
0.0176998
0.00241834
0.0171532
0.00161545
0.014804
0.000728972
0.0109586
0.000129561
0.00694362
-7.2108e-05
0.00377293
1.44988e-05
3.36363e-05
-0.000985838
0.000997734
3.42366e-05
6.35074e-05
-0.000483991
0.00049893
2.64212e-05
2.25485e-05
5.94612e-06
1.40636e-05
-9.03224e-05
9.13178e-05
-2.71452e-07
-9.09868e-05
-3.18863e-07
9.08825e-05
6.00345e-07
-2.41686e-07
-2.1343e-05
2.11629e-05
-1.95251e-05
1.31656e-05
8.3978e-05
8.36638e-05
0.000281919
-5.45716e-07
0.000276422
-1.02583e-06
0.000413209
-3.65269e-05
0.000378905
-6.31838e-05
0.0012474
-4.52193e-05
-1.97279e-05
-3.22888e-05
0.00477237
-8.44873e-06
0.00120719
-1.10188e-05
-3.21613e-06
0.000356718
-6.52414e-05
0.000333723
-5.05422e-05
0.00026796
-1.84192e-06
0.000252247
-3.99213e-06
8.33375e-05
8.29338e-05
-0.000101244
0.00761484
-0.000152544
0.0100788
-0.000197483
0.0120664
-0.000235323
0.0135217
-0.000255733
0.0144227
-0.000253179
0.0147764
-0.000225837
0.0145844
-0.000178588
0.013855
-0.00012657
0.0126061
-7.82821e-05
0.0108907
-4.31249e-05
0.00879573
-1.95579e-05
0.00642984
-6.69259e-06
0.00390481
-1.14976e-06
0.00130875
0.000742367
0.0101484
0.000466957
0.0103278
0.000204333
0.010581
2.33834e-06
0.0109371
-6.83187e-05
0.0114011
6.03665e-05
0.0119593
0.000414596
0.0125814
0.000953353
0.0132434
0.00158091
0.0139382
0.00216098
0.0146591
0.00257173
0.0153928
0.00277282
0.016112
0.00278652
0.0168164
0.00266226
0.017463
0.0023947
0.0177235
0.00191421
0.0168544
0.00121316
0.0143199
0.000506974
0.0105812
6.43145e-05
0.00680719
-9.66473e-05
8.4582e-05
0.00378499
-0.001003
0.000952785
6.47137e-05
2.83698e-05
-0.000517948
0.000538672
3.77985e-06
9.73231e-06
2.85043e-05
1.59851e-05
-0.000111793
0.000119922
1.82917e-05
-0.000103686
1.44418e-05
9.5114e-05
2.14986e-06
5.49151e-06
-2.12027e-05
2.09312e-05
-2.15216e-05
2.17633e-05
8.23881e-05
8.13622e-05
0.000226033
-1.03125e-05
0.000185424
-2.25748e-05
0.000309222
-2.07183e-05
0.00029646
-6.96632e-06
0.00117893
-3.35934e-06
-6.70083e-07
-1.22989e-05
0.00468731
-3.88786e-06
0.00117126
-9.66327e-07
1.88681e-07
0.000287851
-2.40917e-06
0.000285332
-6.96895e-07
0.000162823
-4.26409e-05
0.000112281
7.95203e-05
7.55282e-05
-6.86348e-05
0.00753094
-0.000122561
0.0100039
-0.000178905
0.01201
-0.000229629
0.0134956
-0.000264367
0.0144339
-0.000267754
0.0148184
-0.00023757
0.0146434
-0.000185225
0.0139136
-0.000128258
0.012656
-7.86431e-05
0.0109262
-4.18977e-05
0.00881807
-1.93209e-05
0.00644247
-6.35852e-06
0.00391002
-1.03794e-06
0.00130979
0.000609875
0.0101357
0.000315542
0.0102998
-4.54794e-06
0.0105367
-0.0003008
0.0108842
-0.000485674
0.0113545
-0.000469631
0.0119311
-0.000194896
0.0125688
0.000307109
0.0132276
0.000936516
0.0138878
0.00154747
0.0145517
0.00201739
0.0152135
0.00229953
0.0158661
0.00240027
0.0164982
0.00236219
0.0171165
0.00221861
0.0176391
0.00195915
0.0176785
0.00151611
0.0165515
0.000916637
0.0139102
0.000355269
0.0102903
8.96505e-06
0.00670158
-0.000633948
0.00160483
4.76449e-05
1.88432e-05
-0.000118683
0.000123533
0.00378014
-0.000559634
-9.5999e-06
6.18329e-06
1.22417e-06
-0.000143652
0.000145758
1.67314e-06
-0.000137996
4.07617e-06
0.000130961
1.74654e-05
8.95039e-06
-4.30143e-05
5.10447e-05
1.02613e-05
-2.85726e-05
2.30811e-05
6.52157e-05
4.26409e-05
9.15628e-05
8.45965e-05
0.000282371
-3.98572e-07
0.000281936
-2.35511e-07
0.00116044
-1.10079e-06
-3.79182e-07
-8.1447e-06
0.00463059
-3.77446e-06
0.00115732
-6.35846e-07
-1.31028e-07
0.000281116
-1.45991e-07
0.000281176
1.28258e-07
8.21873e-05
8.14904e-05
-5.34109e-05
0.00746179
-0.000108062
0.00993305
-0.00017467
0.0119551
-0.000240824
0.013472
-0.000282681
0.0144488
-0.000283686
0.0148645
-0.000246017
0.0147042
-0.000186911
0.0139723
-0.000126299
0.0127037
-7.66118e-05
0.0109609
-4.1389e-05
0.00884014
-1.86946e-05
0.00645481
-6.19903e-06
0.00391518
-9.0155e-07
0.00131069
0.00048602
0.0101201
0.000186699
0.0102645
-0.000183085
0.0104783
-0.000575496
0.0108114
-0.000890304
0.0112888
-0.00100695
0.0118918
-0.000823996
0.0125602
-0.000359116
0.013235
0.000288687
0.0138754
0.000943514
0.0144917
0.0014731
0.015096
0.00182938
0.0156836
0.0020107
0.0162556
0.00205143
0.016809
0.00198625
0.0173488
0.00184604
0.0177522
0.00160278
0.0175919
0.00120494
0.0162632
0.00069944
0.013566
0.000242612
0.0100566
-3.03863e-05
0.00661328
0.00163728
3.32478e-05
5.78288e-05
-0.000235416
0.000264609
1.34969e-05
4.95444e-06
-0.000218603
1.68727e-06
3.42605e-07
-0.000105877
7.9006e-05
0.00380701
-0.00013771
-2.60561e-07
-3.03605e-07
-8.9928e-05
0.000147409
4.53287e-06
1.09223e-05
-7.36068e-05
7.51722e-05
1.07687e-07
-7.01858e-05
6.55145e-07
6.31945e-05
5.31556e-06
1.95899e-06
1.02613e-05
8.10919e-05
8.08564e-05
0.000280125
-4.92001e-08
0.000279927
-1.81641e-07
0.00115045
-8.22478e-07
-4.53405e-07
-5.94259e-06
0.00458695
-3.82516e-06
0.00114758
-6.58501e-07
-2.44029e-07
0.000279478
-1.86495e-07
0.000279283
6.42054e-08
8.07104e-05
8.08387e-05
-4.62021e-05
0.00739993
-0.000106495
0.00986487
-0.000187888
0.0119021
-0.000266809
0.0134562
-0.000311276
0.0144764
-0.00030063
0.0149191
-0.000249125
0.0147664
-0.000184296
0.0140303
-0.000122357
0.0127494
-7.29325e-05
0.0109925
-3.85098e-05
0.00885995
-1.68917e-05
0.0064655
-5.89678e-06
0.00392017
-8.73735e-07
0.00131157
0.000371637
0.0101024
8.44585e-05
0.0102223
-0.000322441
0.0104039
-0.000810661
0.0107135
-0.00127174
0.0111928
-0.00154864
0.0118305
-0.00148482
0.0125526
-0.00106408
0.0132652
-0.00038074
0.0139044
0.000337328
0.0144816
0.000936304
0.0150285
0.00136381
0.0155615
0.00161969
0.0160746
0.00173206
0.016575
0.00173215
0.0170631
0.0016637
0.0175312
0.00153672
0.0178183
0.00131464
0.0174822
0.000963977
0.0159986
0.00053416
0.0132745
0.000161807
0.00986444
-4.90502e-05
0.00655646
0.00170035
3.36895e-06
1.25656e-05
-0.000287872
0.000310879
2.10476e-06
8.13534e-06
1.60545e-05
1.85114e-05
-2.5418e-05
3.89149e-05
-2.04636e-05
-1.87763e-05
-1.84337e-05
-0.000120556
0.00010084
0.00382673
-1.86943e-05
-1.89979e-05
-7.85172e-05
-4.88604e-07
1.18783e-06
-1.8191e-05
1.82987e-05
-1.75359e-05
1.55769e-05
8.07895e-05
8.06078e-05
0.000278557
-9.70453e-08
0.000278295
-1.90921e-07
0.00114287
-7.24692e-07
-5.0667e-07
-4.6426e-06
0.00454916
-3.77221e-06
0.00113987
-4.38703e-07
-3.86604e-07
0.000277843
-2.06835e-07
0.000277592
7.59117e-09
8.04213e-05
8.04855e-05
-4.51741e-05
0.00733861
-0.000117194
0.00979418
-0.000218581
0.0118539
-0.000306351
0.0134512
-0.000336474
0.0145123
-0.000306478
0.0149764
-0.000244529
0.0148267
-0.00017552
0.0140834
-0.000114467
0.012791
-6.82651e-05
0.0110222
-3.60349e-05
0.00887909
-1.6558e-05
0.00647616
-5.59273e-06
0.00392489
-9.22833e-07
0.00131249
0.000267367
0.0100837
1.25677e-05
0.0101743
-0.000412971
0.0103128
-0.000990717
0.0105839
-0.00161474
0.0110565
-0.0020914
0.0117356
-0.0021847
0.0125304
-0.00182583
0.0133144
-0.00108541
0.0139699
-0.000275411
0.0145172
0.000402731
0.0150152
0.000901274
0.015491
0.00122595
0.0159553
0.00140673
0.0164
0.00147182
0.0168353
0.0014568
0.01727
0.00139144
0.0176765
0.00127971
0.0178532
0.00108304
0.0173631
0.000774235
0.0157586
0.000411415
0.0130249
0.000106058
0.00970933
-7.16002e-05
0.0065075
0.00175687
3.23708e-05
1.1956e-05
-0.000322236
0.000327736
-1.02339e-06
-1.10783e-06
-3.09593e-07
1.51859e-06
-6.52056e-05
6.71125e-05
1.97763e-07
-5.86331e-05
1.56282e-06
-4.76469e-05
5.06828e-06
9.77933e-06
-0.000138593
0.000138334
0.00382698
-1.94865e-05
8.03885e-05
8.01976e-05
0.000276956
-8.93433e-08
0.000276649
-1.9896e-07
0.00113621
-4.60941e-07
-5.26762e-07
-3.5045e-06
0.00451192
-4.42355e-06
0.00113318
-3.65824e-07
-3.71738e-07
0.000276357
-1.4708e-07
0.000276007
-3.68474e-08
7.99907e-05
7.99983e-05
-5.10116e-05
0.00727242
-0.000145929
0.00972153
-0.000268938
0.0118165
-0.000350844
0.0134656
-0.000350715
0.0145565
-0.000299188
0.0150311
-0.000230357
0.0148815
-0.000163379
0.0141323
-0.000106087
0.0128288
-6.30604e-05
0.0110493
-3.39081e-05
0.00889644
-1.54051e-05
0.00648597
-5.23887e-06
0.00392921
-9.51365e-07
0.00131344
0.0001721
0.0100666
-2.76735e-05
0.0101239
-0.000445429
0.0102067
-0.0010959
0.010418
-0.00189577
0.010865
-0.00262003
0.0115851
-0.00293379
0.0124847
-0.00267591
0.0133804
-0.00184571
0.0140747
-0.000907682
0.0146021
-0.000132847
0.0150527
0.000440884
0.0154756
0.000833705
0.0158833
0.00107853
0.0162835
0.00120282
0.016669
0.00123816
0.017054
0.00121806
0.0174434
0.00116657
0.0177896
0.00107075
0.0178655
0.000895594
0.0172417
0.000627771
0.0155422
0.000317285
0.0128136
5.93799e-05
0.00957835
-8.8572e-05
0.00645748
0.00178934
5.03955e-05
5.54604e-05
-0.00033689
0.000356162
9.71324e-06
3.38473e-06
2.13546e-06
6.66432e-07
-6.74527e-05
6.69349e-05
-5.05566e-07
-6.80104e-05
-5.50255e-07
-6.81653e-05
-1.54669e-07
4.65776e-07
-1.64104e-05
1.66082e-05
-1.48476e-05
-9.77933e-06
-0.000118283
9.46925e-05
0.00385057
7.9909e-05
7.97101e-05
0.000275565
-1.80373e-08
0.000275243
-2.05339e-07
0.00113042
-3.62153e-07
-3.82663e-07
-2.79832e-06
0.00446906
-5.35261e-06
0.00112676
-3.24194e-07
-4.42015e-07
0.000275005
-1.27861e-07
0.000274618
1.54711e-08
7.9563e-05
7.95261e-05
-6.71459e-05
0.00719364
-0.000199925
0.00965251
-0.000335309
0.0118009
-0.000377743
0.0134926
-0.000340876
0.0145982
-0.000278502
0.0150793
-0.000210679
0.0149288
-0.000147898
0.0141741
-9.70815e-05
0.0128628
-5.85431e-05
0.0110739
-3.15803e-05
0.00891262
-1.48108e-05
0.00649555
-5.55266e-06
0.00393381
-9.1941e-07
0.00131436
8.39092e-05
0.0100534
-3.83567e-05
0.0100772
-0.000413961
0.0100924
-0.00110323
0.0102141
-0.00208007
0.0106023
-0.00310802
0.011353
-0.00374328
0.0123946
-0.00365473
0.0134635
-0.00268456
0.0142193
-0.00156474
0.0147317
-0.000669847
0.0151391
-1.51374e-05
0.0155088
0.000444122
0.0158652
0.000748381
0.0162134
0.000928035
0.0165583
0.00101204
0.0168951
0.00103314
0.0172389
0.00101705
0.0175929
0.000978281
0.0178821
0.000898327
0.0178628
0.000744934
0.0171246
0.000511145
0.0153483
0.000244275
0.0126287
2.84602e-05
0.00946132
-8.57135e-05
0.00642491
0.00184785
8.52874e-06
2.76565e-05
-0.000371503
0.000388861
1.17537e-05
2.12836e-05
2.17448e-05
1.83751e-05
-7.13468e-05
7.73201e-05
3.73988e-06
-6.88228e-05
8.60645e-07
-6.70597e-05
3.72403e-07
5.41534e-07
-1.6369e-05
1.58634e-05
-1.69193e-05
-1.70739e-05
-0.000109225
7.99851e-05
0.00387981
7.95081e-05
7.93028e-05
0.000274304
-4.84185e-08
0.000274066
-1.44104e-07
0.00112461
-2.18822e-07
-4.24633e-07
-2.34232e-06
0.00441203
-7.77426e-06
0.0011201
-3.38479e-07
-5.10669e-07
0.000273904
-1.61942e-07
0.000273448
1.33168e-08
7.91749e-05
7.91904e-05
-0.000106733
0.00710045
-0.00028601
0.00960322
-0.000388838
0.011812
-0.000366807
0.0135186
-0.000312629
0.0146323
-0.00024839
0.015117
-0.00018774
0.0149686
-0.000133461
0.0142105
-8.91928e-05
0.0128935
-5.47325e-05
0.011097
-3.05508e-05
0.00892836
-1.51248e-05
0.00650512
-5.97285e-06
0.00393886
-1.27973e-06
0.00131564
0.0100461
-2.58985e-05
0.0100409
-0.000319887
0.00998317
-0.000991333
0.00998055
-0.00211714
0.0102511
-0.00350755
0.0110018
-0.0046274
0.0122371
-0.0048314
0.0135713
-0.00363824
0.0144172
-0.0022579
0.0149125
-0.00121344
0.0152753
-0.00046992
0.0155939
5.58391e-05
0.015897
0.000418475
0.0161951
0.000649937
0.0164915
0.000780024
0.0167903
0.000839743
0.0170885
0.000856135
0.0173998
0.000849234
0.0177219
0.00082235
0.017958
0.000758509
0.0178492
0.000624534
0.0170112
0.00041909
0.0151735
0.000190432
0.0124668
9.54746e-06
0.00936605
-8.50874e-05
0.00640077
0.00190458
1.52699e-05
7.98833e-06
-0.000405536
0.000415023
-2.49292e-06
1.53413e-06
2.92067e-06
8.061e-06
-9.9459e-05
0.00010472
6.49244e-06
-9.08818e-05
1.27064e-05
-8.40183e-05
1.48813e-05
1.16769e-05
-1.7638e-05
2.13779e-05
-1.67774e-05
-1.6405e-05
-0.000118835
0.00011266
0.00388599
7.9142e-05
7.89979e-05
0.000273265
-3.51545e-08
0.00027297
-1.29749e-07
0.00111831
-1.82639e-07
-3.70153e-07
-3.44036e-06
0.00432352
-1.47817e-05
0.00111147
-2.69753e-07
-6.60927e-07
0.000272741
-1.10178e-07
0.000272267
-3.59349e-08
7.88359e-05
7.88493e-05
-0.00019505
0.00700949
-0.000385096
0.00959947
-0.000375643
0.0118209
-0.000323259
0.0135292
-0.000268746
0.0146527
-0.000216599
0.0151458
-0.000165894
0.0150011
-0.000120226
0.0142416
-8.18623e-05
0.0129206
-5.25025e-05
0.011119
-3.08612e-05
0.0089441
-1.60368e-05
0.00651518
-6.43748e-06
0.00394402
-1.24085e-06
0.00131688
0.010021
-0.000175019
0.00989606
-0.000753305
0.00974515
-0.00194102
0.00980443
-0.0037333
0.0104769
-0.00558798
0.0119624
-0.006296
0.0137017
-0.0047468
0.0146798
-0.00298906
0.0151483
-0.00175703
0.015456
-0.000918587
0.015724
-0.000326615
0.0159764
9.12164e-05
0.0162243
0.000369564
0.0164755
0.000543646
0.0167279
0.000641818
0.0169882
0.000688448
0.0172562
0.000706037
0.017543
0.000707672
0.0178366
0.000693301
0.0180232
0.000642491
0.0178312
0.000526864
0.0169034
0.000346467
0.0150175
0.000151227
0.0123251
-2.3129e-06
0.00928328
-8.81734e-05
0.00637011
0.00193378
5.05134e-05
3.29427e-05
-0.000426074
0.000437185
4.15902e-06
-3.06323e-06
-0.000110612
0.000102076
6.0429e-06
-0.000110488
1.41003e-06
-0.00010907
1.50329e-06
3.71078e-06
-4.85237e-05
5.35857e-05
1.4304e-06
-3.97159e-05
3.89849e-06
-3.30547e-05
8.22012e-06
-0.000109304
0.000103961
0.00389133
7.88141e-05
7.86844e-05
0.000272126
-4.19489e-08
0.000271872
-1.15858e-07
0.00110859
-6.46754e-09
-5.57338e-07
-1.30166e-05
0.00418779
-4.63083e-05
0.00109534
-2.89989e-07
-1.24115e-06
0.000271695
-9.26083e-08
0.000271059
-2.55535e-08
7.85742e-05
7.85383e-05
-0.000353229
0.00697762
-0.000370692
0.00959452
-0.000309207
0.0118068
-0.00026485
0.0135253
-0.000225323
0.0146614
-0.000185822
0.0151658
-0.000147013
0.0150279
-0.000110339
0.01427
-7.81937e-05
0.0129463
-5.23425e-05
0.0111405
-3.21341e-05
0.00896019
-1.69058e-05
0.00652565
-7.2628e-06
0.00395004
-1.56151e-06
0.00984738
-0.000409308
0.00955207
-0.00150655
0.00931068
-0.00360437
0.0096755
-0.00651901
0.0114079
-0.00807392
0.0137403
-0.00600672
0.0149616
-0.00373838
0.0154292
-0.00229263
0.0156839
-0.00135649
0.015894
-0.000699521
0.0160969
-0.000232001
0.0162996
9.05985e-05
0.0165033
0.000306491
0.0167126
0.000439267
0.0169305
0.00051518
0.0171615
0.00055624
0.017406
0.000577508
0.0176732
0.000590853
0.0179391
0.000589117
0.0180766
0.000546722
0.0178114
0.000446867
0.016803
0.000291501
0.0148772
0.000122303
0.0122005
-1.0863e-05
0.00920597
-8.16972e-05
0.0063425
0.00196169
2.67695e-05
4.92848e-05
-0.000449411
0.000460635
3.92888e-05
2.07172e-05
-0.000164552
0.000168997
2.6441e-08
-3.1203e-07
-6.59201e-05
2.59153e-07
1.21114e-07
-5.91067e-05
-7.70551e-07
-5.7891e-05
1.94268e-07
-5.65609e-05
1.73136e-07
7.35564e-07
-1.21186e-05
1.3549e-05
-8.22012e-06
-8.41429e-05
6.24716e-05
0.003913
7.84963e-05
7.83805e-05
0.000271057
-4.01788e-09
0.000270631
-1.31509e-07
0.00108407
-1.98249e-08
-1.72435e-06
-8.07846e-05
0.00409531
-0.000179966
0.00104419
-1.06648e-06
-5.36069e-06
0.000270473
-1.32231e-07
0.000269325
-9.23488e-08
7.82879e-05
7.82623e-05
-0.000348579
0.00695551
-0.000263186
0.0095485
-0.000231542
0.0117735
-0.000209462
0.0135094
-0.00018709
0.0146627
-0.000160988
0.0151797
-0.000132503
0.01505
-0.000103456
0.0142953
-7.77685e-05
0.0129717
-5.36013e-05
0.0111619
-3.42364e-05
0.00897753
-1.89009e-05
0.00653729
-7.70451e-06
0.00944011
-0.0008358
0.00888131
-0.00287561
0.00858191
-0.00706217
0.0102187
-0.00994805
0.013282
-0.00721046
0.0149441
-0.00435937
0.0155826
-0.00274544
0.015882
-0.00175349
0.0160809
-0.00105596
0.0162504
-0.000547836
0.0164127
-0.000186491
0.0165767
6.53368e-05
0.0167444
0.000232413
0.0169195
0.000337406
0.0171082
0.000401609
0.0173161
0.0004421
0.0175414
0.000470271
0.0177938
0.000492167
0.018036
0.000500214
0.0181231
0.000470838
0.0177874
0.000383411
0.0167111
0.000248084
0.0147514
0.000100855
0.0120888
-1.3559e-05
0.00913783
-6.78137e-05
0.00632617
0.00200456
5.62785e-06
1.39711e-05
-0.00047409
0.000486198
1.46614e-05
3.58292e-05
-0.000184994
0.000202056
1.25498e-05
9.67678e-06
9.92319e-07
3.72741e-06
-1.39496e-05
1.3976e-05
-1.42616e-05
1.41405e-05
-1.38814e-05
-1.4652e-05
-1.44577e-05
-1.42846e-05
-7.93358e-05
6.15445e-05
0.00393079
7.82583e-05
7.81268e-05
0.000269299
5.9304e-09
0.000267839
-2.64643e-07
0.000988244
-5.93519e-06
-1.89029e-05
-0.000171576
0.00400929
-9.09837e-05
0.00090717
-3.24583e-05
-6.64328e-05
0.000266998
-2.25685e-07
0.000262271
-6.32903e-07
7.79946e-05
7.79022e-05
-0.000174647
0.00686697
-0.000168075
0.00948503
-0.000169039
0.0117331
-0.000166831
0.0134892
-0.000157452
0.0146591
-0.000142806
0.01519
-0.000122639
0.0150692
-0.000102552
0.0143201
-7.95198e-05
0.0129976
-5.80061e-05
0.0111857
-3.78147e-05
0.00899644
-2.02389e-05
0.00654982
0.00860712
-0.00168425
0.00394621
0.00374375
-0.0026613
0.0041888
0.00363543
-0.00364319
-0.00559998
0.00594522
-0.00535282
0.0052782
-0.00444436
0.013663
-0.00314708
-0.00440308
0.0149878
-0.00289308
0.0157302
-0.00201181
0.0161403
-0.00135425
0.0163792
-0.000841791
0.0165443
-0.000454238
0.0166805
-0.00017079
0.0168128
2.61991e-05
0.0169506
0.000157723
0.0170991
0.000243809
0.017266
0.000300834
0.0174574
0.000342885
0.0176687
0.000378702
0.0179072
0.000412435
0.0181238
0.000427508
0.0181665
0.000407052
0.0177637
0.000334135
0.016625
0.00021453
0.0146378
8.64041e-05
0.0119888
-1.03602e-05
0.00908038
-6.33392e-05
0.00631017
0.00204114
1.76343e-05
7.32339e-06
-0.000494844
0.000500255
2.1581e-07
5.32565e-06
-0.000219772
0.00023191
-2.45071e-08
2.54775e-06
1.25565e-05
5.55708e-06
-2.83725e-05
3.40597e-05
6.86253e-06
-1.86958e-05
1.49684e-05
-8.9097e-05
8.98996e-05
0.00392999
7.79082e-05
7.76435e-05
0.000257676
-1.34035e-06
0.000242669
-3.89554e-06
0.000846405
-6.1742e-05
-4.90691e-05
-3.69071e-05
0.00387801
-6.45221e-06
0.00078078
-1.95797e-05
-5.77978e-06
0.000220257
-1.00465e-05
0.000175895
-2.20711e-05
7.74178e-05
7.67849e-05
-8.17063e-05
0.0067806
-0.000109224
0.00942522
-0.000127673
0.0116939
-0.000136664
0.0134684
-0.000137032
0.0146533
-0.000130834
0.0151982
-0.000121312
0.015088
-0.000104627
0.0143452
-8.51418e-05
0.0130248
-6.25373e-05
0.0112104
-4.04345e-05
0.00901663
-2.14501e-05
0.00350608
0.00342059
-0.0021611
0.00344601
-0.0015319
0.00311455
-0.00573901
0.00432783
-0.00518715
0.00138596
0.00169762
-0.00307596
0.00287878
-0.0044117
0.00591256
-0.00278217
0.00211481
0.00174405
-0.00210167
-0.00198756
0.00438793
-0.00153387
-0.00187954
0.0123634
-0.00122396
-0.00247793
0.00524342
-0.00231234
0.014407
-0.00191249
0.0156309
-0.00149766
0.0162837
-0.00107465
0.0166121
-0.000699892
0.01679
-0.000402031
0.0169117
-0.000180472
0.0170195
-2.50337e-05
0.0171334
8.09272e-05
0.017262
0.000155466
0.0174114
0.000211403
0.0175889
0.000258098
0.0177894
0.000302931
0.0180167
0.000343444
0.0182079
0.000367528
0.018206
0.000354797
0.0177431
0.000292569
0.016547
0.000189719
0.0145344
7.81974e-05
0.0119002
-1.01449e-05
0.00902718
-6.48067e-05
0.00628588
0.00205642
4.4263e-05
3.03656e-05
-0.000504747
0.000514753
7.62802e-06
2.83149e-06
-0.000237142
0.000238783
-7.85051e-07
-6.40502e-07
4.90273e-07
-3.96871e-07
-4.93499e-05
4.94754e-05
-1.5012e-07
-4.71239e-05
3.21709e-07
4.29752e-05
3.64095e-06
1.4084e-06
6.86253e-06
-8.15989e-05
8.2255e-05
0.00392933
7.54446e-05
7.15491e-05
0.000153585
-3.94315e-05
0.000104516
0.000745941
-1.95787e-06
-1.10007e-07
-6.63084e-06
0.00380261
3.18704e-07
0.000739399
-1.35842e-07
2.26366e-07
8.49359e-05
7.91561e-05
6.15025e-05
3.94315e-05
-4.52675e-05
0.00671665
-7.81435e-05
0.00937569
-0.000102237
0.0116595
-0.000115943
0.0134473
-0.00012336
0.0146459
-0.000126178
0.0152031
-0.000123667
0.015107
-0.000112718
0.0143728
-9.20171e-05
0.0130543
-6.73573e-05
0.0112374
-4.23249e-05
-0.000816441
0.00279063
0.00260647
-0.00232764
0.00113754
0.00122868
-0.00208976
0.000838673
0.00104659
-0.00210388
0.00260842
-0.00218845
0.000965987
0.00152386
-0.00166036
0.00178761
0.00141508
-0.00133139
-0.0019092
0.00133139
-0.000540858
0.00315578
-0.000704926
-0.000978039
0.00123177
0.00447489
-0.00111101
-0.000463594
0.0107536
-0.000238948
0.00375606
-0.000505121
-0.00121778
0.0137123
-0.00132043
0.0154537
-0.0011553
0.0163643
-0.000884343
0.0167965
-0.000608378
0.0169963
-0.000377682
0.0171089
-0.000204448
0.0171989
-7.9749e-05
0.0172941
9.37377e-06
0.0174081
7.76944e-05
0.0175451
0.000135018
0.0177119
0.000187199
0.0179051
0.00023933
0.0181208
0.000286961
0.0182884
0.000317639
0.0182431
0.000314381
0.0177213
0.000261505
0.0164752
0.000170786
0.0144419
7.04991e-05
0.0118196
-1.10576e-05
0.00897343
-5.71331e-05
0.00626142
0.00207051
2.65628e-05
4.15938e-05
-0.000522454
0.000530688
3.60289e-05
2.26649e-05
-0.00024176
0.000248726
1.02566e-06
-3.63488e-07
-1.9678e-07
5.12616e-08
-4.91369e-05
4.86363e-05
-2.84485e-07
-4.95958e-05
-1.81592e-07
4.98478e-05
1.17827e-07
-1.4489e-07
-1.22336e-05
1.20834e-05
-1.19119e-05
1.05035e-05
-5.7729e-05
4.44447e-05
0.00394261
7.71982e-05
7.70882e-05
0.000732755
-9.52299e-08
1.08316e-07
-3.64253e-06
0.00376157
-5.8475e-07
0.000732963
2.59432e-08
8.45248e-08
7.69524e-05
7.71788e-05
-3.24356e-05
0.00667094
-6.39945e-05
0.00933745
-8.53372e-05
0.0116289
-0.00010069
0.0134246
-0.000117786
0.0146375
-0.000131403
0.0152108
-0.000134342
0.0151286
-0.000123647
0.0144044
-0.000100519
0.0130874
-7.41161e-05
-0.00123975
0.000922355
0.000780387
0.000675097
0.00069426
0.00183414
-0.00151165
0.000815045
0.000973069
0.00208507
-0.0012464
0.000943217
-0.00174125
0.000610439
-0.000943217
0.000437044
-0.00096389
0.000423033
0.00226386
-0.0001409
-7.81891e-05
-0.000437044
0.00333776
-4.52979e-05
-2.87235e-05
0.00966944
-0.000104855
0.00302203
7.67845e-05
0.00179497
-1.01555e-05
-2.60792e-05
-0.000756883
0.0131488
-0.000970672
0.0152691
-0.000924132
0.0164041
-0.000747471
0.0169356
-0.00054504
0.0171637
-0.000371055
0.0172755
-0.00023848
0.0173576
-0.000138972
0.0174424
-5.96308e-05
0.0175454
5.90821e-06
0.0176742
6.64115e-05
0.0178327
0.000125722
0.0180187
0.000186019
0.0182218
0.000240198
0.0183659
0.000278828
0.0182787
0.000279098
0.0177037
0.00023461
0.0164114
0.000155518
0.0143568
6.58274e-05
0.0117427
-6.66474e-06
0.00892296
-4.37925e-05
0.00624748
0.0021061
-5.57686e-06
1.44382e-05
-0.00053742
0.000544955
1.90283e-05
3.48612e-05
-0.000260934
0.000270504
1.45642e-05
1.18947e-05
2.96399e-06
7.49287e-06
-4.82601e-05
4.92594e-05
2.62588e-08
-4.85177e-05
-1.05867e-07
4.83834e-05
5.60151e-08
-8.30451e-08
-1.18748e-05
1.15903e-05
-1.20564e-05
1.22013e-05
-4.7621e-05
3.22154e-05
0.00395802
7.70835e-05
7.71919e-05
0.000729446
-1.15537e-07
-9.67988e-09
-2.89353e-06
0.00373298
-9.50057e-07
0.000728944
-1.0248e-07
1.9442e-08
7.72178e-05
7.73023e-05
-3.32307e-05
0.00664018
-5.51162e-05
0.00930723
-6.98833e-05
0.0115981
-9.44391e-05
0.0134013
-0.000122118
0.0146282
-0.000144058
0.0152205
-0.000150294
0.0151553
-0.000135661
0.0144395
-0.000110549
-0.00119688
0.000607586
-0.000792714
0.000376225
0.00039813
0.000278111
0.000299675
-0.00156217
0.00063596
-0.00063596
0.000282132
0.000203943
0.00165
2.3263e-05
7.64081e-05
0.00293035
6.29538e-05
-5.13586e-05
0.00906357
-9.9655e-05
0.00283687
-1.13741e-05
0.00155404
7.44856e-05
9.82554e-05
-0.000177864
0.000167709
-0.000537376
0.0127155
-0.000747088
0.015092
-0.000752583
0.0164092
-0.000640827
0.0170314
-0.000503333
0.017296
-0.000381106
0.0174181
-0.000281097
0.0174997
-0.000198705
0.0175815
-0.000124836
0.0176762
-5.59655e-05
0.0177966
9.78357e-06
0.0179487
7.62138e-05
0.0181285
0.000142602
0.0183194
0.000202537
0.0184422
0.000244846
0.0183129
0.000251562
0.0176867
0.000215253
0.0163517
0.000143512
0.0142791
6.32617e-05
0.0116728
-1.34993e-06
0.00888052
-3.55289e-05
0.00623539
-6.85725e-06
0.00214517
-0.000546039
0.000513295
2.71667e-05
1.33534e-05
-0.000281036
0.000292566
1.84107e-06
5.657e-06
1.55971e-05
8.73171e-06
-6.01756e-05
6.474e-05
9.99975e-06
-5.57793e-05
7.49841e-06
5.12056e-05
1.01776e-06
2.91921e-06
-1.14574e-05
1.14836e-05
-1.15632e-05
1.16463e-05
-5.51362e-05
5.51216e-05
0.00395803
7.71868e-05
7.71771e-05
0.000726237
-1.54855e-07
-3.11981e-08
-1.90053e-06
0.00370237
-7.23523e-07
0.000725441
-8.60022e-08
-6.87501e-08
7.70747e-05
7.70941e-05
-3.0843e-05
0.0066159
-3.95166e-05
0.00927686
-6.30839e-05
0.0115667
-9.848e-05
0.0133777
-0.000136834
0.014621
-0.000163847
0.0152341
-0.000167467
0.0151871
-0.000150684
-0.000954582
-0.000578357
0.000278682
0.000190972
0.00026738
0.0015782
3.63656e-05
2.42858e-06
0.00279353
-8.01925e-06
-6.3921e-05
0.00867182
-8.17101e-05
0.00272244
-2.85651e-05
0.00157348
-8.05153e-06
1.40397e-06
-0.000299478
0.000345877
2.80862e-05
6.61574e-05
-0.000406991
0.0123754
-0.000583628
0.0149231
-0.000610669
0.0163791
-0.000555957
0.017084
-0.000481824
0.0173967
-0.000407037
0.0175441
-0.000330789
0.0176318
-0.000255541
0.0177122
-0.00018224
0.0178025
-0.00011015
0.0179165
-3.87063e-05
0.0180636
3.33097e-05
0.0182378
0.00010416
0.0184178
0.000171555
0.0185155
0.000216905
0.0183476
0.00022951
0.0176725
0.000198467
0.0162967
0.000135908
0.0142065
6.24752e-05
0.011609
4.10636e-06
0.00884088
-3.61701e-05
0.00621642
-0.000334532
0.000843794
7.62017e-07
-3.58663e-06
4.40607e-05
0.00215623
-0.000303169
-2.98556e-06
-1.21119e-06
2.20083e-06
5.4983e-07
-7.80946e-05
7.92308e-05
7.04773e-07
-7.47358e-05
2.29819e-06
7.09583e-05
9.37881e-06
4.95415e-06
-2.2919e-05
2.74247e-05
5.49402e-06
-1.54206e-05
1.25014e-05
-5.46982e-05
6.19096e-05
0.00395082
7.69393e-05
7.69081e-05
0.000723687
-7.96665e-08
-6.59191e-08
-5.00981e-07
0.00207915
1.34521e-07
0.00159274
0.000722993
-3.68584e-08
6.86046e-09
7.68221e-05
7.67533e-05
8.91803e-06
0.00658709
-1.9625e-05
-3.14469e-05
0.00924522
-6.53082e-05
0.0115336
-0.000113009
0.0133538
-0.00016185
0.014619
-0.000192689
0.0152593
-0.00018898
0.000373368
8.87436e-06
0.000375236
5.6047e-07
0.00156686
1.02029e-06
-2.41899e-06
0.0026786
-2.00847e-05
-6.28907e-05
0.00839271
-6.49909e-05
0.00262493
-2.80329e-05
0.00154468
-4.36566e-06
-2.02765e-06
-0.000376737
0.000370716
-2.03056e-06
-9.66264e-08
-6.61574e-05
9.42436e-05
-0.000314519
0.0121063
-0.000443643
0.014756
-0.000486839
0.01631
-0.000496983
0.0170992
-0.000485704
0.0174754
-0.000444879
0.0176582
-0.000383533
0.0177598
-0.000309126
0.0178391
-0.000233496
0.0179258
-0.000157363
0.0180352
-8.0051e-05
0.0181769
-2.74615e-06
0.0183447
7.58834e-05
0.0185134
0.000146221
0.0185861
0.000195037
0.0183821
0.000210453
0.0176605
0.000185299
0.0162473
0.000128636
0.0141403
6.2768e-05
0.0115503
5.40752e-06
0.00879931
-3.15296e-05
0.00619325
0.000860064
2.17978e-05
5.99322e-06
-0.000114845
0.00011584
-7.96424e-08
-1.53671e-07
-7.24765e-05
6.25192e-08
1.13599e-07
-4.61314e-05
6.06012e-05
0.00215754
-7.91444e-05
3.68229e-06
-8.0787e-05
4.31358e-07
8.05931e-05
8.38539e-07
3.55894e-07
-3.97864e-05
4.04969e-05
-5.77494e-09
-3.78416e-05
3.53388e-07
3.39761e-05
2.8273e-06
1.08864e-06
5.49402e-06
-3.74518e-05
3.50028e-05
0.00395327
7.66737e-05
7.66077e-05
0.000722477
-2.95536e-08
4.43284e-08
-8.94554e-05
0.00217753
0.000722224
4.14512e-08
3.46174e-07
8.79856e-06
0.00149449
7.65709e-05
7.65778e-05
-1.28782e-05
0.00657233
-3.80353e-06
-3.71617e-05
0.00219506
-3.01627e-05
0.00921008
-7.65567e-05
0.0114971
-0.00014002
0.013332
-0.000195686
0.014622
-0.000219856
0.000103118
0.000103678
0.000371005
7.31223e-07
0.000368582
3.53806e-09
0.00152801
-1.16262e-06
-2.24929e-06
0.00258444
-2.24107e-05
-5.97032e-05
0.00818935
-5.14539e-05
0.00254478
-2.53226e-05
0.00150601
-3.42477e-06
-2.60903e-06
-0.000366814
0.000363452
-1.00349e-06
-2.59677e-07
-0.000103582
0.000101551
-0.000226628
0.0118892
-0.000304557
0.0145738
-0.000389906
0.0162029
-0.000478139
0.0170916
-0.000512356
0.0175428
-0.00048995
0.0177646
-0.000431888
0.0178826
-0.000357988
0.0179636
-0.000277589
0.018046
-0.00019561
0.0181507
-0.0001138
0.018288
-3.02269e-05
0.0184508
5.16233e-05
0.018608
0.000123027
0.0186581
0.000177648
0.0184149
0.000195554
0.0176502
0.000176285
0.0161997
0.00012441
0.0140787
6.28887e-05
0.0114928
8.54624e-06
0.00875923
-2.15859e-05
0.00617739
0.00087591
1.5765e-05
2.89892e-05
-0.000121092
0.000134505
6.18203e-06
2.20274e-06
6.83415e-07
5.76078e-08
-9.45327e-06
9.3736e-06
-9.60697e-06
-9.54446e-06
-9.43088e-06
-4.18094e-05
-6.39803e-07
2.01145e-05
0.00217243
-4.14302e-05
5.21208e-08
4.112e-05
2.15374e-07
4.56678e-08
-9.76334e-06
9.75754e-06
-9.40996e-06
8.32131e-06
-2.65833e-05
2.12468e-05
0.0039586
7.65482e-05
7.65925e-05
0.000300288
0.000429619
6.16892e-07
4.98653e-07
7.6634e-05
7.69802e-05
-5.68968e-07
-8.95756e-06
0.00146685
0.00219706
-1.48729e-05
3.40873e-07
0.00654327
-1.44616e-06
0.00219761
-4.35886e-06
-3.61903e-05
0.00916971
-0.00010043
0.0114575
-0.000180062
0.0133164
-0.000238821
0.000102282
0.000102286
0.000362203
8.67834e-08
0.000360169
-2.15191e-07
0.00148788
-1.97803e-06
-2.29678e-06
0.00250771
-2.26417e-05
-5.40904e-05
0.00804876
-3.19471e-05
0.0024793
-2.30352e-05
0.00146828
-2.9676e-06
-2.75834e-06
-0.000357986
0.000355395
-8.34074e-07
-4.25908e-07
-0.000102026
0.000101023
-0.000107811
0.0116925
-0.000173989
0.0143578
-0.000350255
0.016075
-0.000496916
0.0170762
-0.000554065
0.017607
-0.000536219
0.0178689
-0.000476814
0.0180014
-0.000399393
0.0180854
-0.000313575
0.018164
-0.000226903
0.0182638
-0.000140734
0.0183985
-5.3941e-05
0.0185564
2.93073e-05
0.0187017
0.000107899
0.0187279
0.000161313
0.0184491
0.00018342
0.0176431
0.000166038
0.016158
0.000120969
0.0140206
6.28833e-05
0.0114385
1.52482e-05
0.0087224
-1.32988e-05
0.0061641
0.000894313
-2.87192e-06
4.58305e-06
-0.000146566
0.000157473
8.97541e-07
3.96025e-06
7.77537e-06
9.15303e-06
-1.23173e-05
1.84994e-05
-1.01146e-05
-9.43121e-06
-1.00707e-05
4.81426e-06
0.00218886
-1.00186e-05
9.97291e-06
-3.10076e-05
3.34056e-05
0.0039562
2.24633e-05
0.000275592
2.23348e-06
0.000451513
7.75971e-05
7.80957e-05
-1.01355e-05
0.000452691
0.0014619
-6.19474e-06
-3.72644e-06
0.00219794
1.324e-08
9.726e-07
0.00651118
-5.0714e-06
0.00219574
7.52962e-07
0.00145949
-5.80288e-07
-1.36235e-06
-5.30857e-05
0.00912237
-0.000141744
0.0114192
-0.000235517
0.00010111
0.000100894
0.000353632
-2.15692e-07
0.000351695
-3.58904e-07
0.00145054
-2.50099e-06
-2.40049e-06
0.00244636
-2.11545e-05
-3.31117e-05
0.00795659
1.74659e-05
0.00243182
-1.74031e-05
0.00143332
-2.78229e-06
-3.03499e-06
-0.00034942
0.00034721
-7.58107e-07
-4.83478e-07
-0.000100468
9.96344e-05
5.54592e-05
0.0114631
-0.000118135
0.0141257
-0.000375633
0.0159537
-0.000541302
0.0170634
-0.000598475
0.0176692
-0.000578878
0.017971
-0.000515238
0.0181172
-0.000430793
0.0182026
-0.000343233
0.0182803
-0.000253163
0.0183763
-0.00016417
0.0185087
-7.45506e-05
0.0186602
1.49036e-05
0.0187947
9.23035e-05
0.0187969
0.00015075
0.0184818
0.000174186
0.0176349
0.0001605
0.0161185
0.000117744
0.0139658
6.48893e-05
0.0113888
1.97463e-05
0.00868935
-1.25457e-05
0.00614564
0.000904663
-2.73628e-06
-2.79926e-06
-0.000161945
0.00016079
-9.57706e-07
-7.58417e-07
-4.70117e-07
5.80616e-07
-3.18237e-05
3.2683e-05
3.81591e-08
-2.85451e-05
6.81667e-07
-2.31039e-05
2.33408e-06
4.54854e-06
2.3659e-05
0.0021986
-3.73128e-05
5.07378e-05
0.00394278
0.000267743
-2.28683e-06
8.03292e-05
0.000451429
-4.93225e-06
0.000450185
-2.48317e-06
0.00145913
1.40002e-07
2.33435e-07
0.00219577
9.47866e-07
-5.26294e-07
0.00646876
-1.01368e-05
0.00219103
-3.29518e-07
0.00145893
4.20867e-07
5.27877e-07
-0.000449635
0.000449477
-4.2266e-07
-8.11903e-07
-8.50892e-05
0.00906571
-0.000203458
9.94187e-05
9.90598e-05
0.000345126
-4.16488e-07
0.000343191
-4.66223e-07
0.0014175
-2.9604e-06
-2.37059e-06
0.00241014
-1.14349e-05
4.27905e-05
0.00783349
0.00013577
0.00242163
5.97112e-06
0.00140571
-2.32426e-06
-3.28668e-06
-0.000340732
0.000338704
-7.5428e-07
-5.75456e-07
-9.85763e-05
9.78182e-05
0.000142188
0.0112027
-0.000173889
0.013924
-0.000439505
0.0158519
-0.000592243
0.0170572
-0.000637801
0.0177281
-0.000610583
0.0180663
-0.000541699
0.0182282
-0.000456472
0.0183158
-0.000365637
0.0183928
-0.000274892
0.018487
-0.000183345
0.0186175
-9.00009e-05
0.0187651
7.26529e-08
0.018887
8.1088e-05
0.0188666
0.000139793
0.0185162
0.000165508
0.0176299
0.000154069
0.0160822
0.000116513
0.0139141
6.79971e-05
0.0113406
2.26287e-05
0.00865418
-1.26181e-05
0.00612095
0.000920248
8.1298e-06
-5.67959e-08
-0.00015878
0.000157634
-7.15155e-07
-8.75088e-07
-4.76872e-07
-3.12531e-07
-3.233e-05
3.16874e-05
-3.15123e-07
-3.27601e-05
-3.28332e-07
-3.31009e-05
-1.29274e-07
1.62703e-07
-7.56428e-06
7.60243e-06
-6.88262e-06
-4.54854e-06
5.55164e-05
0.00219382
-2.74075e-05
3.70752e-05
0.00393311
0.00026442
-1.60965e-06
7.80424e-05
0.000262782
-8.45131e-07
0.00044961
7.56546e-09
0.000449616
2.27324e-07
0.00145907
5.57315e-07
2.52638e-07
0.00219099
-4.92342e-07
-4.28604e-06
0.00640854
-2.05854e-05
0.00218334
-2.48656e-06
0.00145817
1.00892e-08
5.62113e-07
-0.000449819
0.000450022
2.17238e-07
3.25383e-07
-0.0002623
0.000261976
-9.8305e-08
-3.29949e-07
-0.000145327
9.74017e-05
9.69354e-05
0.000336304
-5.60243e-07
0.000334477
-5.44393e-07
0.00139894
-3.2135e-06
-1.45749e-06
0.00242479
3.9637e-05
0.00017406
0.00762657
0.000175046
0.00244847
0.000112084
0.00140745
4.83591e-07
-3.01835e-06
-0.00033183
0.000330241
-7.34852e-07
-6.39838e-07
-9.636e-05
9.56057e-05
2.8339e-05
0.0110005
-0.000277957
0.0137624
-0.000504037
0.0157637
-0.000630022
0.0170494
-0.000663365
0.0177809
-0.000629871
0.0181545
-0.000560371
0.0183321
-0.000475324
0.0184255
-0.000385146
0.0185031
-0.000293858
0.0185975
-0.000198771
0.0187263
-0.000104761
0.01887
-1.21991e-05
0.0189803
7.06938e-05
0.0189357
0.000131105
0.0185506
0.000158805
0.0176252
0.000151277
0.0160474
0.000115916
0.0138662
6.90187e-05
0.0112942
2.4763e-05
0.00861679
-4.73584e-06
0.00609827
0.000930588
2.50367e-05
2.01391e-05
-0.000157769
0.000164329
1.63143e-06
-6.18839e-08
6.46698e-08
-2.57082e-07
-3.03273e-05
2.98883e-05
-2.76119e-07
-3.0879e-05
-3.23398e-07
-3.12548e-05
-1.01113e-07
1.20084e-07
-7.30753e-06
6.9924e-06
-7.63586e-06
-7.76514e-06
3.49613e-05
0.00219594
-1.0947e-05
1.28195e-05
0.00393124
7.64327e-05
7.55876e-05
0.000261935
4.87126e-08
0.000262093
6.92342e-08
0.000450394
1.85422e-07
0.000450359
2.87314e-07
0.0014573
4.47237e-07
-7.1708e-08
0.00218217
-3.11004e-06
-1.54205e-05
0.00216825
-6.67401e-06
0.00145486
-4.33154e-07
3.89363e-07
-0.000450559
0.000450533
3.61295e-08
3.62674e-07
-0.000262373
0.000262518
7.18854e-08
4.5851e-08
-7.52577e-05
7.51594e-05
9.50455e-05
9.45011e-05
0.000327655
-6.2781e-07
0.000326698
-5.00546e-07
0.0014376
-1.40636e-07
9.62683e-06
0.00243956
0.000182974
0.000114547
0.0075166
2.37617e-05
0.0024376
0.000177008
0.00148472
4.73123e-05
1.76473e-05
-0.000324268
0.000325121
-3.69569e-07
-5.88054e-07
-9.38612e-05
9.31263e-05
-0.000126586
0.0108491
-0.000362768
0.0136212
-0.000548121
0.0156818
-0.000651798
0.0170378
-0.000673842
0.0178249
-0.000636756
0.0182309
-0.000570048
0.0184268
-0.000487594
0.018528
-0.000400742
0.0186099
-0.000307837
0.0187066
-0.000213534
0.0188351
-0.000115377
0.0189731
-2.06238e-05
0.0190716
6.37775e-05
0.019003
0.000125428
0.018584
0.000153477
0.017623
0.000148317
0.016015
0.000114987
0.0138202
7.08068e-05
0.0112481
3.06827e-05
0.00858137
6.03164e-06
0.00608129
0.000944745
3.31199e-06
1.74915e-05
-0.000172357
0.000179688
8.40988e-06
9.2959e-06
7.843e-06
4.26787e-06
-2.97096e-05
3.11003e-05
2.4066e-07
-2.96023e-05
-1.69212e-07
-2.95089e-05
-2.87306e-08
1.22246e-07
-6.68798e-06
6.41185e-06
-7.01137e-06
-7.11249e-06
3.09363e-06
0.00220566
-4.10673e-06
6.83863e-06
0.0039285
7.52081e-05
7.52773e-05
0.000262611
9.22626e-08
0.000262821
7.70732e-08
0.000450923
5.67707e-08
0.000450649
2.02245e-07
0.00145183
5.88256e-07
-6.72005e-07
-9.79269e-06
0.00144593
-9.16605e-07
1.41589e-07
-0.000450873
0.000450492
-5.23923e-08
1.66192e-07
-0.000263144
0.000263137
4.27078e-08
4.02971e-08
-7.53232e-05
7.53951e-05
9.24985e-05
9.1998e-05
0.000324896
8.42502e-08
0.000332609
1.91403e-06
0.00149831
7.41665e-05
9.52228e-05
0.00246098
9.11659e-05
-2.16012e-06
0.00744093
-4.87562e-05
0.00245968
2.50548e-05
0.00152502
5.38982e-05
9.63976e-05
-0.000343254
0.00036831
2.22566e-05
7.00203e-06
-9.14099e-05
9.10404e-05
-0.000218619
0.010705
-0.000410769
0.0134838
-0.000568336
0.0155984
-0.0006541
0.0170181
-0.000669522
0.0178577
-0.00063699
0.0182978
-0.000576197
0.0185154
-0.000501311
0.0186285
-0.00041406
0.0187162
-0.000323784
0.0188168
-0.00022545
0.0189451
-0.000126226
0.0190787
-2.70813e-05
0.0191624
5.724e-05
0.0190712
0.00011989
0.0186176
0.000150468
0.0176209
0.00014613
0.0159839
0.000115892
0.0137752
7.502e-05
0.0112038
3.80941e-05
0.00854931
1.3434e-05
0.00606375
0.000955464
-5.7595e-06
-1.86568e-06
-0.000188714
0.000192239
-9.20319e-07
7.06905e-07
2.3752e-06
6.09057e-06
-4.02193e-05
4.35025e-05
5.12668e-06
-3.69249e-05
6.0014e-06
-3.34539e-05
4.37196e-06
1.91429e-06
-6.33615e-06
6.57679e-06
-6.50536e-06
-6.5341e-06
-8.02558e-07
0.0022133
-7.59594e-06
1.93302e-05
0.00391677
7.54873e-05
7.55644e-05
0.000263135
5.91781e-08
0.00026329
4.68966e-08
0.000451091
-1.04391e-08
0.000450256
1.62634e-07
1.22821e-07
-1.71782e-06
-0.000450432
0.000449723
-2.07099e-07
-3.47086e-08
-0.000263445
0.000263376
1.68792e-08
1.12965e-08
-7.56047e-05
7.56474e-05
9.11246e-05
9.30386e-05
0.000390994
5.14822e-05
0.000413879
7.23377e-05
0.00157039
3.5677e-05
1.01138e-05
0.00246259
-5.06747e-06
-4.63124e-05
0.00733369
-6.50675e-05
0.00243852
-2.46895e-05
0.00159107
-3.49468e-06
7.87114e-06
-0.000445292
0.000465324
3.38659e-05
6.49849e-05
-0.000100041
0.000122297
-0.000257841
0.010552
-0.000431077
0.0133465
-0.000564752
0.015509
-0.000636544
0.0169851
-0.000651896
0.0178726
-0.000628983
0.0183506
-0.000580241
0.0185943
-0.000511881
0.0187264
-0.000429313
0.0188217
-0.000335676
0.0189271
-0.000234975
0.0190539
-0.000132493
0.0191842
-3.44886e-05
0.0192542
5.33606e-05
0.0191377
0.000116727
0.0186513
0.000147077
0.0176199
0.000143837
0.0159559
0.000117217
0.013733
7.94047e-05
0.0111625
4.49816e-05
0.00851776
1.51916e-05
0.00604097
0.000962535
-2.69332e-06
-5.18166e-06
-0.000192187
0.000190785
-2.81516e-06
-1.54304e-06
-1.2101e-06
-6.03559e-07
-4.87236e-05
4.83966e-05
-5.9338e-07
-4.78778e-05
-1.38992e-07
-4.65729e-05
1.07029e-06
3.02013e-06
-1.58696e-05
1.96743e-05
1.32194e-06
-1.2863e-05
2.99479e-06
-8.49108e-06
2.08108e-05
0.00221182
-7.68417e-06
2.64746e-05
0.00389798
7.57066e-05
7.57535e-05
0.000263333
3.2603e-08
0.000263451
4.41789e-08
0.000449985
-1.38995e-07
-3.29531e-07
-0.000263423
0.000263274
-5.76883e-08
-6.55027e-09
-7.57648e-05
7.57817e-05
0.000173779
0.000200162
4.59554e-05
0.000485145
1.58564e-05
0.00048952
5.73896e-06
0.00159364
-1.02193e-06
-6.61496e-06
0.00242111
-2.89022e-05
-5.7699e-05
0.00719489
-6.13348e-05
0.00238987
-3.38188e-05
0.00158176
-7.93452e-06
-4.87623e-06
-0.000495425
0.000493241
-1.3105e-06
1.96535e-06
-0.000241741
0.000266707
8.90062e-06
2.34052e-05
-0.000275836
0.0103968
-0.000425874
0.0132077
-0.000539145
0.0154116
-0.000601914
0.0169351
-0.000628597
0.0178722
-0.00062338
0.0183938
-0.000587478
0.0186699
-0.000525233
0.0188223
-0.000442907
0.0189289
-0.00034617
0.0190383
-0.000245106
0.0191665
-0.000139716
0.0192894
-3.79588e-05
0.0193455
4.93081e-05
0.0192051
0.000113286
0.0186851
0.000145901
0.0176178
0.000145411
0.0159277
0.000120639
0.0136917
8.4516e-05
0.011123
4.87435e-05
0.00848421
1.93625e-05
0.00601392
0.000970216
1.15939e-05
1.53566e-06
-0.000190234
0.00019011
-2.56916e-06
-4.63071e-06
-4.58073e-05
4.13811e-05
1.61099e-06
-4.71564e-05
-1.9399e-07
-4.79651e-05
-4.01414e-07
-1.72091e-07
-2.30476e-05
2.26882e-05
-2.34072e-07
-2.30313e-05
-1.55288e-07
-2.20363e-05
7.52468e-08
6.58095e-07
-2.99479e-06
4.31672e-06
3.74488e-05
0.00220085
5.71239e-06
8.41146e-06
0.00388385
7.58143e-05
7.58585e-05
0.000263081
5.37065e-08
-1.48021e-09
-7.58519e-05
7.57942e-05
4.59554e-05
0.000279609
2.95363e-06
0.00028462
7.2822e-07
0.000493802
-1.58311e-06
0.000489756
-2.56858e-06
0.00156592
-5.67116e-06
-7.38509e-06
0.00236336
-3.11983e-05
-5.57239e-05
0.00705458
-7.98099e-05
0.00233057
-2.85389e-05
0.00154587
-7.37416e-06
-6.39694e-06
-0.000487548
0.000483119
-3.50538e-06
-2.66807e-06
-0.000286622
0.000285836
-5.24466e-07
-3.66442e-08
-6.93606e-05
7.82612e-05
-0.000268731
0.0102397
-0.000399813
0.0130683
-0.000492441
0.0153021
-0.00055993
0.0168665
-0.00060764
0.0178564
-0.000623865
0.0184301
-0.00059778
0.0187425
-0.000538247
0.0189176
-0.000455326
0.0190381
-0.00035739
0.0191505
-0.000249693
0.0192765
-0.000142996
0.0193944
-4.04826e-05
0.0194353
4.73145e-05
0.0192711
0.000111758
0.0187192
0.000144337
0.0176189
0.000145217
0.0159032
0.000123332
0.0136529
8.89448e-05
0.0110828
5.45614e-05
0.00844901
3.00202e-05
0.00598961
0.000970756
1.75834e-05
1.9325e-05
-0.000191193
0.00019712
5.66679e-06
4.52264e-07
-6.06734e-05
5.85297e-05
-1.95308e-07
-2.30319e-07
-2.40843e-05
1.28502e-07
3.27091e-08
-2.20173e-05
-4.56061e-07
-2.21801e-05
-3.12822e-08
-2.24912e-05
-9.03524e-08
2.49139e-08
-4.89475e-06
4.66066e-06
-5.05005e-06
-4.97481e-06
1.31364e-05
0.00219612
2.23253e-05
-1.3171e-05
0.0038747
7.58479e-05
8.12148e-05
8.1943e-05
0.000284706
-4.53345e-07
0.000282838
-7.00709e-07
0.000480338
-2.89029e-06
0.000475997
-3.04415e-06
0.00152677
-5.89697e-06
-6.20021e-06
0.0022919
-1.70595e-05
-0.000137629
0.00692348
0.00215202
6.00727e-05
0.00150789
-4.3416e-06
-5.31804e-06
-0.000472511
0.000468482
-3.345e-06
-2.91078e-06
-0.000280897
0.000278261
-8.68942e-07
-7.27079e-07
-8.19064e-05
8.13819e-05
-0.000252404
0.0100923
-0.000348329
0.0129242
-0.000430415
0.0151726
-0.000521758
0.0167806
-0.000599424
0.017832
-0.000631058
0.0184634
-0.000612618
0.0188168
-0.000552652
0.0190149
-0.000465719
0.0191464
-0.00036433
0.0192652
-0.000255488
0.019389
-0.000145316
0.0194993
-4.18008e-05
0.0195244
4.76547e-05
0.0193352
0.000111045
0.0187525
0.000144182
0.0176199
0.000147526
0.015879
0.000126173
0.0136157
9.44309e-05
0.0110429
6.28216e-05
0.00841621
4.1909e-05
0.00597003
0.000976281
-1.03706e-06
8.64792e-06
-0.000201134
0.000206313
1.24041e-05
1.53114e-05
-5.90724e-05
6.39526e-05
7.79983e-07
6.38163e-09
-8.52913e-08
-5.16234e-09
-4.03872e-06
3.84339e-06
-4.26904e-06
4.23633e-06
-4.10785e-06
-4.56392e-06
-4.59522e-06
-4.68558e-06
-1.19855e-05
0.00219493
2.89836e-05
-1.97583e-05
0.00386547
8.09286e-05
8.02279e-05
0.000275979
-6.08452e-07
0.000273684
-7.49092e-07
0.000465279
-2.69466e-06
0.000461586
-2.50727e-06
0.00150192
-2.08724e-06
-9.00491e-06
-0.00159105
-1.07978e-05
0.00362504
-8.7985e-06
-0.00012316
0.00679424
-2.9061e-05
-0.000458223
0.000455134
-1.25268e-06
-1.95444e-06
-0.000271485
0.000268946
-8.06092e-07
-7.11874e-07
-7.95008e-05
7.86319e-05
-0.000209077
0.00995301
-0.000271579
0.0127654
-0.000370855
0.0150217
-0.000504798
0.0166859
-0.000605826
0.0178068
-0.000646242
0.018497
-0.000626255
0.0188904
-0.000563745
0.019113
-0.000473119
0.0192552
-0.000368571
0.0193783
-0.000257563
0.0195012
-0.00014643
0.0196039
-4.25215e-05
0.0196146
4.58043e-05
0.0194004
0.000111011
0.0187857
0.000145726
0.0176217
0.000149108
0.015856
0.000130477
0.0135796
0.000100413
0.0110053
7.201e-05
0.00838611
4.86034e-05
0.00595041
0.000975592
-7.20602e-06
-4.09147e-06
-0.00021113
0.00021154
-1.44704e-06
3.83079e-06
-7.22368e-05
7.95043e-05
1.33868e-06
3.79765e-06
2.86686e-06
4.16026e-06
-3.75929e-06
4.53924e-06
-3.75292e-06
3.75808e-06
-1.7149e-05
0.00219232
2.50202e-05
-1.04461e-05
0.0038509
7.80234e-05
7.72743e-05
0.000266786
-5.3478e-07
0.000264887
-6.0769e-07
0.000449889
3.1579e-06
0.000420434
2.045e-05
0.000671769
-0.000681319
-8.05521e-07
-4.43475e-07
-1.21255e-05
0.0035244
-1.03965e-05
0.000663669
-3.12503e-07
-3.85444e-07
-9.98299e-05
0.00668499
-0.000288272
-8.29471e-07
-8.44425e-07
-0.000263377
0.00026243
-3.05911e-07
-4.45009e-07
-7.65624e-05
7.57563e-05
-0.00012938
0.0098108
-0.000186506
0.012581
-0.000344796
0.0148617
-0.000512533
0.0165927
-0.000624272
0.0177848
-0.000662836
0.0185336
-0.000640532
0.0189672
-0.000573133
0.019213
-0.000479073
0.0193657
-0.000370358
0.019491
-0.000257424
0.0196122
-0.000145664
0.019707
-4.13545e-05
0.0197017
4.72761e-05
0.0194642
0.000111089
0.0188203
0.000146492
0.0176244
0.000152086
0.0158344
0.000134344
0.0135457
0.000107484
0.0109698
7.73769e-05
0.00835733
4.81088e-05
0.00592732
0.000971539
-5.86629e-06
-7.23025e-06
-0.000210197
0.000207155
-4.16356e-06
-2.74929e-06
-8.29996e-05
8.26583e-05
-6.87885e-07
-4.18131e-07
6.18771e-07
-2.83297e-07
-1.29387e-05
1.4099e-05
1.78333e-07
-9.90801e-06
7.66971e-07
7.40608e-06
1.65832e-06
-4.05906e-06
0.00218594
1.81945e-05
3.04492e-06
0.00382965
7.52216e-05
7.46139e-05
0.000265023
5.65708e-07
-2.79984e-06
6.91493e-05
-6.99549e-05
6.87058e-05
0.000652458
-5.16113e-07
-3.97925e-07
-1.37754e-05
0.00344839
-1.00379e-05
0.000643268
-5.86994e-07
-6.1945e-07
6.83933e-05
6.80078e-05
-4.23075e-05
0.00659791
7.07993e-05
-7.16288e-05
-7.41689e-05
7.3863e-05
-1.49593e-05
0.00963926
-0.000147429
0.0123837
-0.000362436
0.0147116
-0.000540218
0.0165086
-0.00064634
0.0177683
-0.000679053
0.0185721
-0.000650581
0.0190447
-0.00057849
0.0193124
-0.00047997
0.0194753
-0.000369904
0.0196035
-0.000255391
0.0197219
-0.000143017
0.0198087
-3.98502e-05
0.0197889
4.88446e-05
0.0195264
0.000113033
0.0188538
0.000147664
0.0176288
0.000153872
0.0158149
0.000139232
0.013514
0.000111461
0.0109357
7.90597e-05
0.00832638
4.66578e-05
0.00589885
0.000970521
1.54118e-06
-4.58266e-06
-0.000203538
0.000201468
-3.79633e-06
-3.61381e-06
-8.07486e-05
7.79432e-05
-6.93866e-07
-6.64493e-07
-3.43246e-07
-4.96364e-07
-1.42539e-05
1.37634e-05
-1.97403e-07
-1.45314e-05
-1.40722e-07
1.46925e-05
2.52048e-08
-1.22202e-07
-2.42529e-06
2.60361e-06
-1.65832e-06
1.67718e-05
0.00217221
2.2523e-05
-9.78763e-07
0.00380811
7.44287e-05
6.74917e-05
6.70939e-05
0.000630735
-6.88337e-07
-5.55431e-07
-1.24597e-05
0.00341999
-1.44823e-06
0.000622079
-7.07809e-07
-6.73468e-07
6.65069e-05
6.58874e-05
9.10903e-05
0.00649186
5.04561e-05
0.00944137
-0.00018515
0.0122064
-0.000408253
0.0145797
-0.000573524
0.0164358
-0.000666961
0.0177562
-0.000689726
0.0186113
-0.000652878
0.019119
-0.000576257
0.0194087
-0.000477339
0.0195827
-0.000366118
0.0197143
-0.000252454
0.0198314
-0.00014115
0.01991
-3.76582e-05
0.0198754
4.97908e-05
0.0195897
0.000113749
0.0188877
0.000149871
0.0176328
0.000156967
0.0157972
0.000142193
0.0134832
0.000114052
0.0109008
8.09756e-05
0.00829206
5.08944e-05
0.00587048
0.000967805
1.29651e-05
6.52163e-06
-0.000199249
0.000201256
-4.66144e-07
-2.36364e-06
-7.51885e-05
7.26591e-05
-6.04377e-07
-6.62749e-07
-4.093e-07
-4.49917e-07
-1.25853e-05
1.20798e-05
-1.88393e-07
-1.30916e-05
-1.58232e-07
1.34585e-05
-3.84041e-08
-1.29515e-07
-2.36586e-06
2.16844e-06
-2.5066e-06
2.6288e-06
1.19138e-05
0.00215931
3.62324e-05
-2.09427e-05
6.5199e-05
6.46436e-05
0.000610915
-7.66788e-07
-5.28232e-07
9.92511e-06
0.00343481
6.63393e-05
0.000610622
-7.13594e-07
-4.42759e-07
6.39357e-05
6.32623e-05
0.000205309
0.00633701
-2.5589e-05
0.00928181
-0.000256574
0.0120547
-0.000454618
0.0144607
-0.000599939
0.0163688
-0.000678968
0.0177454
-0.000691778
0.0186502
-0.000651523
0.0191943
-0.00057184
0.0195032
-0.000471389
0.019688
-0.000361702
0.0198235
-0.000249148
0.0199394
-0.000139019
0.0200113
-3.66924e-05
0.0199618
5.08614e-05
0.0196526
0.000116136
0.0189214
0.000151317
0.0176384
0.000159958
0.0157794
0.000145199
0.0134521
0.000116612
0.0108651
8.47494e-05
0.00825821
6.03681e-05
0.00096549
3.20969e-06
1.10195e-05
-0.000202931
0.000206169
9.72657e-06
4.84667e-06
-7.10405e-05
7.13947e-05
-2.37371e-07
-5.8322e-07
-4.11718e-07
-3.33324e-07
-1.08679e-05
1.04386e-05
-1.75168e-07
-1.13785e-05
-1.52191e-07
1.17114e-05
-4.09736e-08
-1.17029e-07
-1.84228e-06
1.65387e-06
-2.00052e-06
2.13003e-06
-1.43493e-05
6.24955e-05
6.19673e-05
0.000620231
-5.38258e-07
8.5447e-07
0.000132376
0.0033893
0.000118441
0.000668937
3.31759e-06
1.43153e-05
6.12538e-05
6.08109e-05
6.66334e-05
0.00624478
-0.000126455
0.00915169
-0.000317666
0.0119177
-0.000488798
0.0143496
-0.000614972
0.0163048
-0.000681561
0.0177352
-0.00068559
0.0186843
-0.000639378
0.0192619
-0.000561641
0.0195934
-0.00046356
0.0197899
-0.000355503
0.0199299
-0.000244157
0.0200445
-0.000135006
0.0201097
-3.39222e-05
0.0200466
5.19663e-05
0.0197167
0.000115974
0.0189568
0.000152683
0.0176457
0.00016097
0.0157636
0.000146427
0.0134223
0.000118554
0.0108313
9.11844e-05
-3.62314e-06
-0.000208703
0.000210466
1.44587e-06
8.48561e-06
-7.47524e-05
7.91644e-05
3.06991e-06
2.2445e-06
2.33641e-07
1.2552e-06
-9.43054e-06
9.3626e-06
-1.69487e-07
-9.85417e-06
-1.59612e-07
1.0073e-05
-4.61331e-08
-1.14534e-07
-1.34365e-06
1.16845e-06
-1.49585e-06
1.61288e-06
6.02726e-05
6.1127e-05
0.000715541
3.61125e-05
4.96598e-05
5.06178e-05
0.00340599
-6.73459e-07
0.000762341
4.96817e-05
2.19588e-05
6.44446e-05
7.87599e-05
-4.98966e-05
0.00616823
-0.000192293
0.00902632
-0.000355713
0.0117847
-0.00050685
0.0142415
-0.000618335
0.0162415
-0.000673139
0.0177228
-0.000671598
0.0187165
-0.000625474
0.0193257
-0.000548427
0.0196783
-0.00045273
0.0198871
-0.000348877
0.0200346
-0.000241334
0.0201508
-0.000134638
0.0202104
-3.36034e-05
0.0201322
5.34952e-05
0.0197792
0.000117367
0.0189921
0.000154116
0.0176526
0.000161886
0.0157482
0.000148995
0.0133918
0.000124874
-3.00173e-06
-8.30517e-05
8.50804e-05
-8.31178e-07
2.48152e-07
3.21113e-06
1.38711e-06
-1.20389e-05
1.35128e-05
1.59591e-06
-1.06655e-05
8.71028e-07
9.58865e-06
7.52938e-09
1.78325e-07
-8.48159e-07
6.78652e-07
-1.00778e-06
1.12231e-06
0.000114872
0.000134569
2.99636e-05
0.000801318
1.06079e-05
1.03229e-06
-6.04647e-06
0.00338147
-1.93322e-05
0.000803754
-8.24083e-08
-3.02683e-06
0.00016779
1.646e-05
0.000183468
6.28083e-06
-9.70885e-05
0.00607302
-0.000224458
0.00889506
-0.000373249
0.0116511
-0.000510261
0.0141334
-0.00060765
0.0161761
-0.000653223
0.0177044
-0.000649069
0.0187401
-0.000605139
0.0193824
-0.00053361
0.0197592
-0.000445279
0.0199835
-0.00034439
0.0201376
-0.000238342
0.0202545
-0.000131686
0.0203085
-3.19139e-05
0.0202176
5.37202e-05
0.0198428
0.000118644
0.0190276
0.000154327
0.0176601
0.000163874
0.0157333
0.000152021
-7.46581e-07
-1.19004e-06
-1.67186e-05
1.64258e-05
-5.38598e-07
-1.62508e-05
-2.19648e-07
1.5273e-05
1.45085e-06
4.09267e-07
-1.7355e-06
3.16005e-06
1.7128e-07
-8.6449e-07
6.86166e-07
2.99636e-05
0.000192237
1.83908e-06
0.000193208
6.08247e-08
0.000801631
-1.34649e-06
-2.57701e-06
-1.34239e-05
0.00331623
-1.84175e-05
0.00078791
-2.46731e-06
-3.14347e-06
0.000193615
-4.89405e-07
0.000191361
-7.73169e-07
4.64237e-05
5.27045e-05
-0.000112636
0.0059612
-0.00023678
0.00875859
-0.000376083
0.0115169
-0.000500138
0.0140259
-0.00058596
0.0161088
-0.000623596
0.0176789
-0.000619503
0.0187544
-0.000582292
0.0194311
-0.000518525
0.0198324
-0.000437442
0.0200766
-0.000340952
0.0202402
-0.000237322
0.0203602
-0.000132054
0.0204086
-3.15378e-05
0.0203029
5.50304e-05
0.0199065
0.000118757
0.0190631
0.000155719
0.0176683
0.000165822
1.61259e-05
-4.46721e-07
-5.69757e-07
-5.07226e-06
4.74184e-06
-2.0832e-07
-5.12666e-06
-1.6531e-07
4.57969e-06
3.115e-08
-1.37737e-07
1.71273e-07
5.45435e-05
5.46043e-05
0.000190318
-3.03096e-07
0.00018834
-5.98418e-07
0.000778224
-1.68773e-06
-2.05036e-06
-1.46329e-05
0.00323556
-1.73386e-05
0.000764571
-2.21478e-06
-2.54964e-06
0.000186632
-7.59234e-07
0.000184278
-7.89434e-07
5.41149e-05
5.33417e-05
-0.000116995
0.00584141
-0.000237901
0.00862041
-0.000367667
0.0113844
-0.0004776
0.0139175
-0.000552259
0.0160375
-0.000588131
0.0176475
-0.00058944
0.0187616
-0.000561897
0.0194745
-0.000509354
0.0199043
-0.000431886
0.0201675
-0.000340678
0.0203436
-0.000237499
0.0204656
-0.000132469
0.0205095
-3.20922e-05
0.02039
5.54086e-05
0.0199698
0.000119544
0.0190993
0.00015711
4.39277e-06
-9.77717e-08
-1.60566e-07
1.00651e-07
-3.09026e-07
-6.46737e-08
2.0241e-07
5.30386e-05
5.24403e-05
0.000182813
-2.23023e-07
0.000181201
-4.37947e-07
0.000753458
-1.67004e-06
-1.84889e-06
-1.52273e-05
0.00315038
-1.65889e-05
0.000740606
-2.14436e-06
-2.3423e-06
0.000179618
-6.32596e-07
0.00017771
-6.41247e-07
5.16811e-05
5.08916e-05
-0.000116246
0.00571976
-0.000231593
0.00848434
-0.000349333
0.0112561
-0.00044521
0.0138105
-0.000509224
0.0159585
-0.000547226
0.0176053
-0.000560959
0.0187606
-0.000546298
0.0195114
-0.000501074
0.0199735
-0.000431919
0.0202587
-0.000340296
0.0204464
-0.000238798
0.020572
-0.000132854
0.0206103
-3.15889e-05
0.020477
5.62651e-05
0.0200331
0.000119903
-4.06833e-07
5.06686e-05
5.02307e-05
0.000176243
-2.02795e-07
0.00017479
-3.95911e-07
0.000728883
-1.70789e-06
-1.79657e-06
-1.53075e-05
0.00306517
-1.57218e-05
0.000716637
-2.11647e-06
-2.22597e-06
0.000173249
-6.02247e-07
0.000171507
-6.00263e-07
4.95981e-05
4.89569e-05
-0.00011261
0.00560077
-0.000219265
0.00835426
-0.000320844
0.0111318
-0.000400138
0.0137014
-0.00046044
0.0158718
-0.000507857
0.0175522
-0.000537473
0.0187518
-0.000536441
0.0195468
-0.000500992
0.0200426
-0.00043302
0.0203515
-0.000343481
0.0205511
-0.000241279
0.0206804
-0.000133271
0.020712
-3.10341e-05
0.0205643
5.41383e-05
4.87542e-05
4.83583e-05
0.000170011
-2.12555e-07
0.000168603
-3.88511e-07
0.000704765
-1.70624e-06
-1.72841e-06
-1.50799e-05
0.00298243
-1.47909e-05
0.0006932
-2.05786e-06
-2.09898e-06
0.000167078
-5.9166e-07
0.000165432
-5.80096e-07
4.77561e-05
4.71558e-05
-0.000106742
0.00548826
-0.000199984
0.00823341
-0.000280082
0.0110117
-0.000344942
0.0135859
-0.000411296
0.0157752
-0.000477933
0.0174927
-0.000525333
0.0187407
-0.000533344
0.0195791
-0.000501765
0.0201113
-0.00043638
0.0204444
-0.00034657
0.0206564
-0.000241291
0.0207884
-0.000134322
0.0208153
-3.08886e-05
4.69432e-05
4.65547e-05
0.000163935
-2.0872e-07
0.000162581
-3.73898e-07
0.000681447
-1.67633e-06
-1.6506e-06
-1.47572e-05
0.00290423
-1.37892e-05
0.000670624
-1.98752e-06
-1.97938e-06
0.000161095
-5.71598e-07
0.000159554
-5.58441e-07
4.59631e-05
4.5383e-05
-9.80655e-05
0.00538634
-0.000170443
0.00812377
-0.000224968
0.0108917
-0.000285331
0.0134599
-0.000372465
0.0156697
-0.00046391
0.0174313
-0.000522879
0.0187302
-0.000539271
0.0196166
-0.000508377
0.0201833
-0.000440853
0.0205386
-0.000348407
0.0207635
-0.000242599
0.0208967
-0.00013315
4.51743e-05
4.48004e-05
0.000158077
-1.98896e-07
0.000156783
-3.56999e-07
0.000659077
-1.63651e-06
-1.57291e-06
-1.44139e-05
0.00283318
-1.25995e-05
0.000649067
-1.9169e-06
-1.86291e-06
0.000155348
-5.52041e-07
0.000153903
-5.34419e-07
4.42289e-05
4.36705e-05
-8.39541e-05
0.00529985
-0.000124645
0.00802345
-0.000158236
0.0107647
-0.000238299
0.0133258
-0.000357141
0.015563
-0.000465684
0.0173741
-0.00053221
0.0187232
-0.00054726
0.0196555
-0.000516037
0.0202585
-0.000445277
0.0206355
-0.000351094
0.020872
-0.000244007
4.34716e-05
4.31146e-05
0.000152459
-1.92102e-07
0.000151224
-3.37701e-07
0.000637758
-1.61185e-06
-1.49286e-06
-1.39827e-05
0.00277408
-1.08655e-05
0.000628745
-1.85056e-06
-1.73593e-06
0.000149839
-5.31989e-07
0.000148489
-5.11971e-07
4.25626e-05
4.20282e-05
-5.74737e-05
0.00523268
-5.62291e-05
0.00792144
-9.76902e-05
0.010624
-0.000221838
0.0131905
-0.000365881
0.0154632
-0.000478981
0.0173208
-0.000545673
0.0187216
-0.000557416
0.0196969
-0.000521331
0.0203346
-0.000450328
0.0207347
-0.000352207
4.18362e-05
4.14986e-05
0.000147064
-1.86958e-07
0.000145894
-3.2357e-07
0.000617761
-1.59265e-06
-1.40489e-06
-1.30355e-05
0.00273661
-6.97045e-06
0.000610262
-1.79249e-06
-1.57399e-06
0.000144557
-5.13564e-07
0.000143309
-4.88058e-07
4.09666e-05
4.04547e-05
-2.14184e-06
0.00517859
2.26837e-05
0.00780107
-8.02784e-05
0.0104825
-0.000240569
0.0130652
-0.000388535
0.0153727
-0.000499912
0.0172751
-0.000558708
0.0187229
-0.000565099
0.0197407
-0.000525504
0.0204098
-0.000450478
4.02677e-05
3.99441e-05
0.000141898
-1.81442e-07
0.000140803
-3.09387e-07
0.000600108
-1.61105e-06
-1.27072e-06
-8.12022e-06
0.0027338
8.7893e-06
0.000596089
-1.71323e-06
-1.23723e-06
0.000139507
-4.9607e-07
0.000138397
-4.64399e-07
3.94305e-05
3.89425e-05
9.76254e-05
0.00510365
4.45503e-05
0.00767623
-0.000115345
0.0103573
-0.00027875
0.0129554
-0.000418522
0.0152913
-0.000518248
0.0172346
-0.000570458
0.0187282
-0.000571858
0.019787
-0.000527887
3.87611e-05
3.84517e-05
0.00013697
-1.8341e-07
0.000135992
-2.92818e-07
0.000590238
-1.57006e-06
-6.97735e-07
2.63771e-05
0.0027311
7.3948e-05
0.000599319
-1.21705e-06
9.24943e-07
0.000134756
-4.76961e-07
0.000133937
-4.18197e-07
3.79557e-05
3.74914e-05
0.00013112
0.00501708
-1.54919e-05
0.00757639
-0.000169693
0.0102482
-0.000316894
0.0128537
-0.000443213
0.0152163
-0.000534161
0.0171983
-0.000577881
0.0187343
-0.000574478
3.7308e-05
3.70152e-05
0.000132538
-1.70536e-07
0.000132067
-2.26208e-07
0.000614707
2.02464e-06
8.96439e-06
9.42595e-05
0.00270603
6.19311e-05
0.000640999
1.66924e-05
3.0964e-05
0.000131242
-3.91498e-07
0.000132256
-8.97878e-08
3.65383e-05
3.61201e-05
3.64091e-05
0.00496518
-8.48159e-05
0.00749151
-0.000215754
0.0101471
-0.00034643
0.012757
-0.00046116
0.0151433
-0.000543011
0.0171635
-0.000580556
3.59497e-05
3.57235e-05
0.00013351
7.70562e-07
0.000139774
2.70081e-06
0.000655777
4.14027e-05
3.80803e-05
2.97795e-05
0.00271459
-1.92626e-06
0.000678396
2.72072e-05
1.21047e-05
0.000148126
8.34085e-06
0.000159903
1.91869e-05
3.53321e-05
3.52423e-05
-3.65487e-05
0.00491692
-0.000130923
0.00740668
-0.000246677
0.0100473
-0.000366997
0.0126628
-0.000471685
0.015072
-0.000545562
3.60129e-05
3.87137e-05
0.000171665
2.96404e-05
0.000183091
2.66544e-05
0.000698838
8.28051e-06
1.05636e-06
-4.26864e-06
0.00269762
-1.53151e-05
0.000699448
2.81801e-07
-2.81731e-06
0.000195682
1.46169e-05
0.000201189
6.59794e-06
4.70545e-05
6.62415e-05
-6.9278e-05
0.00485527
-0.000155916
0.00731592
-0.000263707
0.00994402
-0.000376322
0.0125674
-0.000475132
7.87603e-05
1.71217e-05
9.59923e-05
9.4226e-06
0.000206398
3.07088e-06
0.000206905
5.49891e-07
0.000699161
-1.21398e-06
-2.76621e-06
-1.12905e-05
0.0026558
-1.61636e-05
0.00069005
-2.66952e-06
-3.5346e-06
0.000207736
-5.49618e-07
0.000206125
-1.20584e-06
0.000107001
3.60868e-06
0.000112456
1.14275e-06
-8.2126e-05
0.00478148
-0.000167842
0.00722006
-0.000272697
0.0098404
-0.000379765
1.71217e-05
2.65444e-05
0.000115104
4.23355e-07
0.000115697
-4.35103e-08
0.000205625
-7.1423e-07
0.000204011
-1.15181e-06
0.000683611
-2.15014e-06
-2.70172e-06
-1.29804e-05
0.00260238
-1.57256e-05
0.000673441
-2.80235e-06
-3.19009e-06
0.000202802
-1.45972e-06
0.000200805
-1.53748e-06
0.000115407
-2.58925e-07
0.000114598
-3.97585e-07
3.01531e-05
3.12959e-05
-8.69569e-05
0.0047006
-0.000172548
0.00711991
-0.000274013
3.17192e-05
3.16757e-05
0.000114044
-1.59817e-07
0.000113167
-2.73891e-07
0.000199525
-8.70006e-07
0.00019793
-1.10697e-06
0.000665295
-2.27699e-06
-2.55705e-06
-1.36562e-05
0.00254435
-1.52591e-05
0.000655345
-2.77773e-06
-2.99757e-06
0.000196517
-1.38869e-06
0.000194737
-1.41053e-06
0.000112063
-3.55784e-07
0.000110946
-4.20379e-07
3.14169e-05
3.10193e-05
-8.8306e-05
0.00461636
-0.000172959
3.08595e-05
3.05857e-05
0.000110224
-1.48035e-07
0.000109357
-2.39267e-07
0.000193309
-8.48499e-07
0.000191805
-1.05313e-06
0.000646509
-2.32906e-06
-2.49097e-06
-1.39591e-05
0.00248493
-1.49238e-05
0.000636891
-2.75818e-06
-2.88124e-06
0.000190374
-1.34586e-06
0.000188719
-1.34273e-06
0.000108285
-3.17184e-07
0.000107253
-3.78449e-07
3.023e-05
2.98097e-05
-8.78585e-05
2.96617e-05
2.94224e-05
0.000106542
-1.37096e-07
0.000105716
-2.2728e-07
0.000187241
-8.50398e-07
0.000185783
-1.03306e-06
0.000627748
-2.36995e-06
-2.44577e-06
-1.43299e-05
0.000618421
-2.76465e-06
-2.83091e-06
0.000184345
-1.31998e-06
0.000182772
-1.30813e-06
0.000104673
-3.02238e-07
0.000103692
-3.61132e-07
2.91053e-05
2.87269e-05
2.85899e-05
2.83627e-05
0.000102978
-1.36445e-07
0.000102168
-2.22834e-07
0.000181255
-8.52955e-07
0.000179838
-1.02908e-06
-2.47495e-06
-2.46929e-06
0.000178393
-1.31832e-06
0.000176861
-1.29932e-06
0.000101144
-2.96058e-07
0.000100188
-3.52409e-07
2.80605e-05
2.76994e-05
2.7563e-05
2.73401e-05
9.9477e-05
-1.4164e-07
9.86696e-05
-2.21425e-07
0.000175268
-8.81192e-07
-9.76492e-07
9.76462e-05
-2.94678e-07
9.67005e-05
-3.53222e-07
2.70441e-05
2.66917e-05
2.65502e-05
2.63288e-05
9.59693e-05
-1.49658e-07
-2.04311e-07
2.60342e-05
2.56811e-05
2.55315e-05
)
;

boundaryField
{
    inlet
    {
        type            calculated;
        value           nonuniform List<scalar> 
50
(
-0.010007
-0.010008
-0.010007
-0.010009
-0.010009
-0.010011
-0.010011
-0.010012
-0.010012
-0.01001
-0.010008
-0.010004
-0.009999
-0.009993
-0.009985
-0.009979
-0.009973
-0.009971
-0.009972
-0.009976
-0.009983
-0.009991
-0.009997
-0.010002
-0.010005
-0.010007
-0.010008
-0.010008
-0.010008
-0.010009
-0.010009
-0.010009
-0.010011
-0.010011
-0.010013
-0.010013
-0.010014
-0.010015
-0.010015
-0.0100155
-0.0100145
-0.0100123
-0.0100086
-0.0100032
-0.0099962
-0.009988
-0.0099794
-0.0099713
-0.0099652
-0.00996188
)
;
    }
    outlet
    {
        type            calculated;
        value           nonuniform 0();
    }
    wall
    {
        type            calculated;
        value           uniform 0;
    }
    front
    {
        type            empty;
        value           nonuniform 0();
    }
    back
    {
        type            empty;
        value           nonuniform 0();
    }
    vanem
    {
        type            calculated;
        value           uniform 0;
    }
    vaneu
    {
        type            calculated;
        value           nonuniform 0();
    }
    vanel
    {
        type            calculated;
        value           uniform 0;
    }
    procBoundary0to1
    {
        type            processor;
        value           nonuniform List<scalar> 
58
(
0.00131845
0.00395619
8.61693e-06
0.00656266
0.00903751
0.0112692
0.0131239
0.0144797
0.0152254
0.0152902
0.0146409
0.0133131
0.0113872
0.00900758
0.00632546
-4.68293e-05
0.00216263
8.40148e-05
0.000963846
-9.08421e-06
0.00215272
0.00379282
0.00584635
0.00822739
0.0107976
0.0133647
0.0157195
0.017677
0.0191365
0.0200989
0.0206493
0.0209175
0.0210075
0.0209802
0.020833
0.0204872
0.0198336
0.0187403
0.0171285
0.0150015
0.0124721
0.00973465
0.00701887
0.00453127
0.00242614
-1.47383e-05
0.000609037
0.00143773
0.000448596
0.000262753
-5.67438e-07
0.000209844
2.53273e-05
7.58465e-05
1.55054e-05
3.98345e-06
9.51973e-05
0.000173775
)
;
    }
    procBoundary0to2
    {
        type            processor;
        value           nonuniform List<scalar> 10(-2.79939e-07 -8.24244e-07 -1.40026e-06 -2.04302e-06 -2.80627e-06 -3.80778e-06 -2.32675e-06 -1.14396e-06 -2.63806e-06 -5.70859e-07);
    }
}


// ************************************************************************* //
