/*--------------------------------*- C++ -*----------------------------------*\
| =========                 |                                                 |
| \\      /  F ield         | OpenFOAM: The Open Source CFD Toolbox           |
|  \\    /   O peration     | Version:  v1912                                 |
|   \\  /    A nd           | Website:  www.openfoam.com                      |
|    \\/     M anipulation  |                                                 |
\*---------------------------------------------------------------------------*/
FoamFile
{
    version     2.0;
    format      ascii;
    class       surfaceScalarField;
    location    "440";
    object      phi;
}
// * * * * * * * * * * * * * * * * * * * * * * * * * * * * * * * * * * * * * //

dimensions      [0 3 -1 0 0 0 0];
oriented        oriented;


internalField   nonuniform List<scalar> 
7354
(
-3.56248e-06
0.00134721
-1.32686e-05
0.00413253
-2.80614e-06
0.00135002
-3.39213e-05
0.00695052
-1.35482e-05
0.00414327
-3.8436e-06
0.00135386
-6.14553e-05
0.0096882
-3.36098e-05
0.00697058
-1.42341e-05
0.00415366
-2.79245e-06
0.00135665
-9.49467e-05
0.012166
-6.04509e-05
0.00971504
-3.20707e-05
0.00698842
-1.15694e-05
0.00416244
-2.8293e-06
0.00135948
-0.000143476
0.0141818
-9.4782e-05
0.0122003
-5.59619e-05
0.00973894
-3.04111e-05
0.00700726
-1.15149e-05
0.00417112
-2.815e-06
0.0013623
-0.000184857
0.0155123
-0.000136912
0.0142239
-9.18453e-05
0.0122362
-5.55601e-05
0.00976408
-2.59552e-05
0.0070217
-1.13537e-05
0.00417966
-1.81933e-06
0.00136412
-0.000236638
0.0160076
-0.000186023
0.0155614
-0.00013287
0.0142649
-8.61216e-05
0.0122667
-4.58076e-05
0.00978394
-2.27746e-05
0.00703312
-9.36558e-06
0.00418721
-1.76733e-06
0.00136588
-0.000276659
0.0155681
-0.000230347
0.0160519
-0.000177332
0.0156059
-0.000120634
0.0142994
-7.13317e-05
0.0122923
-4.15464e-05
0.00980271
-1.97734e-05
0.00704353
-7.30952e-06
0.00419275
-1.66654e-06
0.00136755
-0.000314308
0.0142477
-0.000279174
0.015617
-0.000218795
0.0160934
-0.000150732
0.015636
-9.96266e-05
0.0143277
-6.40399e-05
0.0123147
-3.72487e-05
0.00982018
-1.82654e-05
0.00705448
-6.43699e-06
0.00419752
-1.72169e-06
0.00136927
-0.000339563
0.0121635
-0.000321143
0.0142897
-0.000258817
0.015657
-0.000186223
0.0161289
-0.000130022
0.0156664
-8.27389e-05
0.0143464
-5.23001e-05
0.0123298
-2.77772e-05
0.00982969
-1.53052e-05
0.00706335
-6.94821e-06
0.00420275
-1.73958e-06
0.00137101
-0.000343441
0.00952591
-0.000352013
0.0121944
-0.00027718
0.0143081
-0.000206188
0.015677
-0.000148244
0.0161471
-0.000104208
0.0156879
-6.92789e-05
0.0143634
-4.26143e-05
0.0123446
-2.73092e-05
0.0098417
-1.1954e-05
0.00706836
-4.34865e-06
0.00420536
-1.34129e-06
0.00137235
-0.000114266
0.00654756
-0.000193749
-0.000372581
0.00954648
-0.00028681
0.012204
-0.000211564
0.0143134
-0.00015927
0.015688
-0.000112706
0.0161556
-7.88493e-05
0.0156974
-5.12131e-05
0.014372
-3.56428e-05
0.012353
-1.81451e-05
0.00984789
-1.20214e-05
0.00707603
-6.06816e-06
0.00421008
-7.16672e-07
0.00137307
0.00215263
-8.41611e-05
-0.000200863
0.00655302
-0.000177175
0.00211093
-0.000152044
-0.000259694
0.00951936
-0.000190786
0.0121833
-0.000150832
0.014305
-0.000110094
0.0156854
-8.71672e-05
0.0161639
-6.48493e-05
0.0157111
-4.52742e-05
0.0143816
-3.07522e-05
0.0123656
-2.27639e-05
0.00985863
-1.1542e-05
0.0070815
-4.83718e-06
0.0042142
-1.4512e-06
0.00137452
0.00137943
-2.49735e-05
0.00209325
-0.000183188
-0.000130137
0.00648314
-5.9679e-05
0.00206948
-0.000153404
0.00132135
-6.22286e-05
-3.17375e-05
-0.000141108
0.00946969
-0.000119139
0.0121516
-9.51557e-05
0.0142901
-7.90831e-05
0.0156773
-6.23333e-05
0.0161614
-4.58265e-05
0.0157116
-3.94626e-05
0.0143903
-2.56348e-05
0.0123684
-1.72579e-05
0.00986435
-1.24043e-05
0.00708907
-5.61526e-06
0.00421837
-2.22991e-06
0.00137675
0.000431529
-9.70583e-06
0.00130413
-8.34127e-05
-8.25603e-05
0.00202117
-8.18293e-05
-4.57307e-05
0.00639856
-1.07994e-05
0.00199782
-3.63268e-05
0.00125963
-3.89245e-05
-6.99765e-05
-0.000417708
0.000390727
-3.52482e-05
-1.79167e-05
-6.78019e-05
0.00941835
-6.50379e-05
0.0121215
-6.19574e-05
0.0142729
-5.07289e-05
0.0156657
-4.33166e-05
0.0161589
-3.77057e-05
0.0157099
-3.18844e-05
0.0143966
-2.50894e-05
0.0123763
-2.17281e-05
0.00987367
-1.35041e-05
0.00709696
-7.67407e-06
0.00422381
-1.2116e-06
0.00137796
0.000252807
-1.55749e-06
0.000365262
-5.79468e-05
0.000343976
-6.12751e-05
0.00120677
-2.19449e-05
-7.02978e-06
0.00196928
-1.71868e-05
-1.65022e-05
0.00634773
-4.62449e-07
0.00196467
-6.18916e-06
0.00117645
-7.98473e-07
-5.20347e-06
-0.000320961
0.000302011
-1.99747e-05
-4.69609e-05
-0.000238856
0.000213372
-9.76415e-06
-3.96519e-06
-3.49935e-05
0.0093883
-3.85526e-05
0.012098
-3.70251e-05
0.0142592
-3.79509e-05
0.0156603
-3.19746e-05
0.0161531
-3.35226e-05
0.0157115
-2.63762e-05
0.0143979
-2.87114e-05
0.0123833
-2.11006e-05
0.00988127
-1.55218e-05
0.00710481
-7.44188e-06
0.00423004
-2.88725e-06
0.00138085
7.47161e-05
0.000176103
-2.06785e-05
0.000155137
-4.03082e-05
0.000286752
-6.6859e-06
0.000281834
-2.11231e-06
0.00116072
-1.79024e-06
3.30463e-07
0.00195162
-3.45134e-06
-6.8633e-06
0.00631557
4.02584e-06
0.00195219
-1.03399e-06
0.00115453
1.04986e-06
-1.04701e-06
-0.000277131
0.000276736
-4.0346e-07
-5.004e-07
-0.000108176
8.8201e-05
-7.07509e-05
6.09867e-05
-1.45957e-05
0.00936435
-2.35097e-05
0.0120845
-2.47304e-05
0.014246
-2.24317e-05
0.0156508
-2.92243e-05
0.0161489
-2.58837e-05
0.015711
-3.69646e-05
0.0144061
-3.37249e-05
0.0123959
-2.72088e-05
0.00989295
-1.85964e-05
0.00711596
-1.03569e-05
0.00423751
-1.96029e-06
0.00138281
4.03082e-05
8.15151e-05
7.94028e-05
0.000274987
-4.08471e-08
0.00027545
-1.32929e-07
0.0011511
-5.00117e-07
4.81686e-07
0.00194603
-7.01761e-07
-4.21094e-06
0.00630151
3.67686e-06
0.00194917
8.86063e-07
0.00114978
2.59322e-07
2.51753e-08
-0.000274257
0.000275104
2.03328e-07
1.46007e-07
-7.89024e-05
7.84989e-05
-6.17401e-06
0.00934701
-6.7373e-06
0.0120665
-1.25001e-05
0.0142361
-2.00417e-05
0.0156416
-2.53813e-05
0.0161483
-3.70161e-05
0.0157111
-3.42343e-05
0.0144066
-3.68311e-05
0.0124055
-3.09303e-05
0.00990529
-2.02985e-05
0.0071259
-1.07715e-05
0.00424632
-2.66197e-06
0.00138547
7.84581e-05
7.83251e-05
0.000274829
-2.25145e-07
0.00027512
1.89909e-07
0.00114876
-8.75551e-08
4.0153e-07
0.00194503
-6.95011e-08
-9.04747e-07
0.00629434
1.89998e-06
0.0019481
6.0397e-07
0.00114954
-1.59917e-07
2.7144e-07
-0.000275008
0.000275202
6.55551e-08
1.37031e-07
-7.84711e-05
7.86744e-05
-1.4983e-07
0.00934042
-6.38505e-06
0.0120604
-1.08239e-05
0.0142269
-1.47921e-05
0.015631
-2.77678e-05
0.0161391
-4.11321e-05
0.015718
-5.07981e-05
0.0144206
-4.38493e-05
0.0124184
-3.66517e-05
0.00992164
-2.5727e-05
0.00714086
-1.12298e-05
0.00425489
-3.42838e-06
0.0013889
7.84493e-05
7.86392e-05
0.000275103
1.11488e-08
0.000275427
7.82905e-08
0.00114892
2.12688e-07
3.33093e-07
0.00194733
-1.34501e-07
6.24689e-07
0.00629157
1.98975e-06
0.00194786
1.37124e-06
0.00114953
1.40549e-07
-1.4751e-07
-0.000275742
0.000275547
3.4418e-08
-4.35126e-08
-7.87762e-05
7.88418e-05
-3.23203e-07
0.00933436
4.31445e-07
0.0120492
-6.2207e-06
0.0142183
-2.53986e-05
0.0156286
-3.8844e-05
0.0161368
-4.98917e-05
0.0157171
-5.86001e-05
0.0144354
-5.77697e-05
0.0124395
-4.66492e-05
0.00994256
-2.72159e-05
0.00715685
-1.12865e-05
0.00426275
-2.367e-06
0.00139127
7.88529e-05
7.89312e-05
0.000275808
-4.81346e-08
0.000276018
1.2321e-07
0.00114867
3.32981e-07
3.91325e-07
0.00194823
2.49224e-07
4.85164e-07
0.00628885
1.91298e-06
0.00194877
1.45127e-06
0.00115011
2.53315e-07
-3.19073e-07
-0.000275711
0.000275894
-4.25872e-08
1.59669e-07
-7.88877e-05
7.89221e-05
5.52496e-06
0.00932927
6.80556e-07
0.0120423
-1.01136e-05
0.014203
-2.46911e-05
0.0156145
-4.95227e-05
0.0161364
-6.68322e-05
0.0157253
-7.22832e-05
0.0144499
-6.7924e-05
0.0124608
-4.96376e-05
0.00996499
-2.96674e-05
0.00717523
-1.4302e-05
0.00427468
-3.08073e-06
0.00139435
7.8874e-05
7.89972e-05
0.000276213
1.39281e-08
0.000276743
-1.38522e-07
0.0011504
-3.09479e-07
2.72961e-07
0.00194834
9.20265e-07
2.01984e-06
0.00628987
2.49213e-06
0.00194995
2.95917e-07
0.00115132
1.96621e-07
3.29978e-07
-0.000276281
0.000276494
4.00635e-08
1.43058e-07
-7.91569e-05
7.91143e-05
2.28423e-06
0.00932767
-2.66513e-06
0.0120348
-1.93972e-05
0.0141977
-4.26856e-05
0.0156076
-6.95715e-05
0.0161392
-9.10439e-05
0.015744
-9.6089e-05
0.014478
-7.91804e-05
0.0124904
-5.44791e-05
0.0099898
-3.01301e-05
0.00719105
-1.22499e-05
0.00428385
-3.39766e-06
0.00139775
7.91282e-05
7.89897e-05
0.000276254
-6.96485e-08
0.000276427
9.96431e-08
0.00115207
-1.55806e-07
3.24227e-07
0.00195067
1.29833e-06
1.9925e-06
0.00628977
3.87861e-07
0.00195201
1.15376e-06
0.00115193
2.6067e-07
1.79911e-07
-0.000276597
0.000277038
-2.44654e-07
1.60238e-07
-7.91327e-05
7.91728e-05
2.14768e-06
0.00932285
-5.9017e-06
0.0120213
-2.30057e-05
0.014178
-5.862e-05
0.0155967
-9.0605e-05
0.0161387
-0.000111023
0.015759
-0.000106581
0.0145054
-8.6166e-05
0.0125221
-5.93776e-05
0.010019
-3.28227e-05
0.00721163
-1.35627e-05
0.00429402
-2.858e-06
0.0014006
7.91031e-05
7.92028e-05
0.000276881
1.13311e-09
0.000277061
1.45073e-07
0.00115317
-2.74788e-07
3.31062e-07
0.00195379
2.14302e-07
1.95421e-06
0.00628799
1.97506e-06
0.00195282
1.35446e-06
0.00115433
-2.84809e-07
2.75908e-07
-0.000277147
0.000277378
2.93443e-08
9.38522e-08
-7.9363e-05
7.91184e-05
-1.78291e-07
0.00931713
-1.33157e-05
0.0120116
-4.54411e-05
0.0141648
-8.76917e-05
0.0155938
-0.000128093
0.0161558
-0.000138025
0.0157904
-0.000128955
0.0145482
-9.53467e-05
0.012558
-5.90098e-05
0.0100452
-3.1968e-05
0.00723003
-1.14483e-05
0.00430261
-1.94e-06
0.00140254
7.91195e-05
7.92646e-05
0.000277095
8.1989e-09
0.000277317
1.08753e-07
0.00115387
3.25432e-07
3.53978e-07
0.00195391
8.69135e-07
1.87253e-06
0.00628545
4.92612e-07
0.00195548
4.03048e-07
0.00115524
-1.75521e-07
1.60025e-07
-0.000277489
0.000277469
-2.64073e-07
1.039e-07
-7.93584e-05
7.93878e-05
-2.42686e-06
0.00930624
-2.39485e-05
0.0119901
-6.98284e-05
0.014147
-0.000126223
0.0155919
-0.000162801
0.0161806
-0.000170206
0.0158317
-0.000135717
0.0145886
-9.83073e-05
0.0125973
-6.07292e-05
0.010074
-2.85004e-05
0.00724708
-1.098e-05
0.00431165
-1.7914e-06
0.00140433
7.9396e-05
7.95047e-05
0.000277766
2.79315e-08
0.000277945
1.75263e-07
0.00115559
3.44982e-07
1.75035e-07
0.0019562
1.14997e-06
1.95006e-06
0.0062805
5.65408e-07
0.00195631
3.86422e-07
0.00115603
1.61194e-07
-2.05011e-07
-0.000278044
0.000277837
3.16805e-08
6.06431e-08
-7.96086e-05
7.93446e-05
-8.51726e-06
0.00929081
-4.52013e-05
0.0119655
-0.000109417
0.0141302
-0.000170442
0.0155996
-0.000205102
0.0162155
-0.000182824
0.0158788
-0.000142631
0.0146329
-9.59288e-05
0.0126325
-5.14903e-05
0.010097
-2.41075e-05
0.00726021
-8.76509e-06
0.00431862
-1.44184e-06
0.00140578
7.93725e-05
7.95477e-05
0.000278118
6.35662e-08
0.000278236
5.74561e-08
0.00115654
3.33907e-07
3.06334e-07
0.00195727
9.90848e-07
1.93051e-06
0.00627086
-8.0146e-07
0.00195745
3.89083e-07
0.001157
2.65617e-07
-3.37082e-07
-0.000277944
0.000278347
-2.41943e-07
8.66407e-08
-7.96084e-05
7.96401e-05
-1.7777e-05
0.00926339
-7.66835e-05
0.0119328
-0.000161557
0.0141213
-0.000228638
0.0156231
-0.000230264
0.0162629
-0.000196583
0.0159327
-0.000142157
0.0146792
-8.60287e-05
0.0126671
-4.67634e-05
0.0101196
-2.06558e-05
0.0072721
-5.81679e-06
0.004323
-3.85996e-07
0.00140616
7.97036e-05
7.97611e-05
0.000278623
5.88024e-08
0.000278816
1.12958e-07
0.00115792
3.48038e-07
-2.76352e-07
0.00195811
1.2695e-06
2.02769e-06
0.00625357
-2.51438e-06
0.0019572
1.05679e-07
0.00115782
1.54634e-07
3.35129e-07
-0.000278394
0.000278685
-2.55085e-08
8.50144e-08
-7.98477e-05
7.96058e-05
-3.84742e-05
0.00922518
-0.000130427
0.0119017
-0.000234559
0.0141272
-0.000275465
0.0156683
-0.000248703
0.016315
-0.000187811
0.0159784
-0.000126258
0.0147194
-7.31899e-05
0.0126935
-3.8772e-05
0.0101378
-1.70652e-05
0.00728335
-3.45667e-06
0.00432607
-2.2809e-07
0.00140639
7.96646e-05
7.97775e-05
0.000278963
6.98457e-08
0.000278566
1.20503e-07
0.00115891
3.08538e-07
-1.27583e-07
0.0019589
3.25263e-07
2.03104e-06
0.00622143
-8.37285e-06
0.0019562
1.89621e-07
0.00115903
-1.47342e-07
1.31573e-07
-0.000279045
0.000279131
6.88904e-08
-1.4394e-07
-7.98626e-05
7.9837e-05
-7.69951e-05
0.00917174
-0.000205009
0.0118721
-0.000299106
0.0141509
-0.000296139
0.0157157
-0.000234449
0.0163617
-0.000168949
0.0160211
-0.000107314
0.0147535
-6.33031e-05
0.012718
-3.24552e-05
0.0101531
-9.90491e-06
0.0072898
-2.65047e-06
0.00432849
7.79205e-07
0.00140561
7.99069e-05
8.00274e-05
0.00027943
9.59438e-09
0.000279257
4.51257e-08
0.00115888
3.1367e-07
1.63642e-07
0.00195776
4.68019e-07
-8.46406e-07
0.00616415
-1.8867e-05
0.00195108
-1.6929e-06
0.00115903
-2.90738e-07
3.3113e-07
-0.000279272
0.000279117
7.99624e-09
1.16747e-07
-7.98835e-05
7.99524e-05
-0.000146463
0.0091132
-0.00031297
0.011886
-0.000341523
0.0141962
-0.000284374
0.0157657
-0.000209197
0.0164019
-0.000141218
0.016055
-8.72366e-05
0.0147774
-4.79672e-05
0.0127335
-1.98992e-05
0.0101631
-5.99273e-06
0.00729314
1.33621e-06
0.00432793
1.16786e-06
0.00140445
7.9962e-05
8.00071e-05
0.000279418
1.25867e-08
0.000279477
1.05162e-07
0.00115927
3.19322e-07
-9.65614e-08
0.00195181
-1.57443e-06
-1.06486e-05
0.00607461
-4.62706e-05
0.00193711
-4.16557e-06
0.00115754
-1.05367e-07
1.45045e-07
-0.00027994
0.000279589
5.97171e-08
-1.32212e-07
-8.01238e-05
8.01318e-05
-0.000277879
0.00907811
-0.000369806
0.0119142
-0.000318384
0.0142302
-0.000237698
0.0157942
-0.000169033
0.0164297
-0.000107446
0.0160752
-6.40678e-05
0.0147935
-3.41177e-05
0.0127477
-1.15038e-05
0.0101687
-1.20301e-06
0.00729568
2.93131e-06
0.00432617
1.51643e-06
0.00140293
8.01444e-05
8.02496e-05
0.000279892
1.69085e-08
0.000279742
5.36215e-08
0.0011559
3.10151e-07
-2.47636e-07
0.00193375
-7.29177e-06
-5.41507e-05
0.00597296
-0.000122075
0.00190372
-1.62367e-05
0.00115166
-2.35984e-07
3.12026e-07
-0.000279767
0.000279855
-1.92768e-07
1.19454e-07
-8.01174e-05
8.01771e-05
-0.000386385
0.00909469
-0.00033712
0.011933
-0.000252622
0.0142452
-0.000183101
0.0158082
-0.000123414
0.0164457
-8.00976e-05
0.0160912
-4.26464e-05
0.0148021
-1.74215e-05
0.0127537
-4.94921e-06
0.0101724
2.89739e-06
0.00729572
3.46724e-06
0.00432422
2.81968e-06
0.00140011
8.0194e-05
8.02476e-05
0.00028015
1.43981e-08
0.000279798
1.05126e-07
0.00114457
3.69521e-07
-5.66503e-07
0.00187936
-2.97937e-05
-0.000171264
0.00596767
-0.000209835
0.00182086
-6.35761e-05
0.00112977
-1.55576e-06
1.18829e-07
-0.000280045
0.00027974
6.94673e-08
6.47607e-08
-8.03671e-05
8.01743e-05
-0.000334044
0.00909161
-0.000238915
0.0119193
-0.000174903
0.014237
-0.000128829
0.0158136
-8.85306e-05
0.0164541
-5.58401e-05
0.0161044
-2.97107e-05
0.0148144
-1.08103e-05
0.0127595
3.67556e-06
0.0101716
6.42129e-06
0.00729276
7.07553e-06
0.00431997
3.37903e-06
0.00139673
8.01887e-05
8.02938e-05
0.000280056
5.27194e-08
0.000279602
-1.12676e-07
0.00110405
-4.32447e-07
-3.64501e-06
0.00178352
-0.000133918
-0.000180492
0.00591208
-9.79661e-05
0.00175156
-0.000177884
0.00105334
-1.08994e-05
-1.96763e-06
-0.000279551
0.000278241
-2.46713e-07
1.70795e-07
-8.03586e-05
8.04281e-05
-0.000182856
0.00903555
-0.000146765
0.0118911
-0.00011641
0.0142246
-8.393e-05
0.015809
-5.73056e-05
0.0164556
-3.1706e-05
0.0161064
-1.39114e-05
0.0148175
-3.11032e-07
0.0127635
7.81903e-06
0.0101702
1.28898e-05
0.00728695
9.995e-06
0.00431335
3.79505e-06
0.00139294
8.04808e-05
8.03681e-05
0.000278018
-2.08897e-07
0.000274594
-2.21065e-07
0.000972102
-1.45758e-05
-3.81016e-05
0.00170691
-0.000135839
-6.22142e-05
0.00580929
-1.78534e-05
0.00166672
-5.77713e-05
0.000924656
-6.65191e-05
-6.39199e-05
-0.000273217
0.00026413
-1.81217e-06
-5.90693e-07
-8.05389e-05
8.02922e-05
-8.52518e-05
0.00897404
-8.11663e-05
0.0118559
-6.90229e-05
0.0142096
-5.20995e-05
0.0158038
-3.35336e-05
0.0164574
-1.52166e-05
0.0161077
-5.48282e-07
0.0148177
1.19619e-05
0.0127594
1.58094e-05
0.0101673
1.44776e-05
0.00728247
9.51068e-06
0.00430763
4.81597e-06
0.00138812
8.00833e-05
7.98622e-05
0.000253623
-4.06907e-06
0.000225732
-1.02102e-05
0.000857586
-4.90443e-05
-1.97241e-05
0.00162753
-2.30329e-05
-1.83392e-05
0.00574223
1.51061e-07
0.00161686
-7.18137e-06
0.000807914
-1.35312e-06
-6.74608e-06
-0.000184345
0.000158473
-4.06468e-05
-2.25333e-05
-7.92715e-05
7.74594e-05
-4.03536e-05
0.00893322
-4.2821e-05
0.0118297
-3.8099e-05
0.0141956
-2.8969e-05
0.0157993
-1.5802e-05
0.016458
-2.88121e-06
0.01611
1.29483e-05
0.0148167
1.58502e-05
0.0127593
2.06593e-05
0.0101611
1.75333e-05
0.00727444
1.35913e-05
0.00429886
5.06549e-06
0.00138306
7.33903e-05
6.31801e-05
0.000109428
8.97043e-05
0.000785585
-7.31059e-07
2.65168e-08
0.00160218
-3.65339e-06
-7.2578e-06
0.00570584
3.29633e-06
0.00160269
-3.57627e-07
0.000778395
2.83189e-07
-2.74704e-07
-8.29582e-05
8.16051e-05
-4.06468e-05
-1.79651e-05
0.00890837
-2.16828e-05
0.0118133
-1.83652e-05
0.014185
-7.34628e-06
0.0157908
5.11842e-07
0.0164546
1.27489e-05
0.0161102
1.58783e-05
0.0148167
2.52973e-05
0.0127547
2.48843e-05
0.0101538
2.31815e-05
0.00726485
1.56649e-05
0.00428826
5.8773e-06
0.00137718
8.0874e-05
8.09005e-05
0.000774665
-4.34156e-08
1.19957e-07
0.00159643
-1.00728e-06
-4.36015e-06
0.00568835
3.88715e-06
0.00159861
1.12306e-06
0.000774248
1.15277e-07
-5.5897e-08
-8.06258e-05
8.0909e-05
-4.5143e-06
0.0088912
-8.25212e-06
0.0118032
-3.47488e-06
0.0141812
3.48942e-06
0.0157878
1.41951e-05
0.0164532
1.99333e-05
0.0161062
3.18023e-05
0.0148102
3.25765e-05
0.012747
3.24624e-05
0.0101445
2.77549e-05
0.00725276
1.74082e-05
0.00427673
6.80469e-06
0.00137037
8.08655e-05
8.09855e-05
0.000772978
1.01107e-07
1.61958e-07
0.00159416
9.22673e-08
-2.0979e-06
0.00568246
3.47139e-06
0.00159796
8.01416e-08
0.000774023
1.91729e-07
-1.13499e-07
-8.09296e-05
8.10449e-05
-2.25294e-07
0.00888317
2.25507e-06
0.0117974
5.52531e-06
0.0141791
1.18565e-05
0.0157902
2.39821e-05
0.0164491
3.06673e-05
0.0161073
3.1942e-05
0.0148108
3.61871e-05
0.0127433
3.49071e-05
0.0101373
3.11418e-05
0.00723903
2.06909e-05
0.00426284
7.79338e-06
0.00136258
8.11459e-05
8.13079e-05
0.000773953
8.69884e-08
7.435e-08
0.00159551
3.58226e-07
-9.70273e-07
0.00568045
2.75478e-06
0.0015981
8.74112e-07
0.000774147
3.27452e-08
-1.45769e-07
-8.11944e-05
8.13861e-05
2.72337e-06
0.0088827
8.91087e-06
0.011794
1.57657e-05
0.0141752
2.31925e-05
0.015791
2.70923e-05
0.0164527
4.05498e-05
0.0160987
4.62861e-05
0.0148007
4.84028e-05
0.0127298
4.27538e-05
0.0101257
3.59418e-05
0.00722378
2.31353e-05
0.0042475
8.7634e-06
0.00135382
8.14731e-05
8.15474e-05
0.000774387
5.81662e-08
5.93263e-08
0.0015973
-1.71728e-07
5.73106e-08
0.00568032
2.79134e-06
0.00159916
8.98543e-07
0.000775334
4.70821e-08
-1.19724e-07
-8.14017e-05
8.14344e-05
7.1866e-06
0.00888443
1.39749e-05
0.0117958
1.83328e-05
0.0141801
3.22209e-05
0.0157858
4.21741e-05
0.0164511
4.70258e-05
0.016098
4.95983e-05
0.0147995
5.36423e-05
0.0127189
5.069e-05
0.010111
4.13496e-05
0.00720556
2.69313e-05
0.00422933
9.64289e-06
0.00134417
8.14925e-05
8.15518e-05
0.000775029
6.34187e-08
6.94294e-08
0.00159856
6.58951e-07
1.49514e-07
0.00568447
2.88699e-06
0.00160074
6.08283e-07
0.0007759
-5.81527e-08
8.57452e-08
-8.14321e-05
8.14792e-05
8.49308e-06
0.00888991
1.54205e-05
0.0117988
2.78975e-05
0.0141844
3.53999e-05
0.0157926
4.41693e-05
0.0164539
5.44356e-05
0.0160931
6.17342e-05
0.0147914
6.07084e-05
0.0127089
5.82873e-05
0.010094
4.52227e-05
0.00718727
3.0019e-05
0.00420896
1.09812e-05
0.00133319
8.15426e-05
8.1612e-05
0.000776417
6.58696e-08
7.53967e-08
0.0016002
6.93739e-07
1.34008e-06
0.00568856
3.06103e-06
0.00160244
6.44355e-07
0.000776915
5.16484e-08
5.94848e-08
-8.16977e-05
8.16396e-05
1.0466e-05
0.00889486
1.98798e-05
0.0118068
2.9049e-05
0.0141908
4.19632e-05
0.0157948
5.52626e-05
0.0164531
6.28198e-05
0.0160921
7.10416e-05
0.0147811
7.01887e-05
0.012697
6.58969e-05
0.0100734
5.40012e-05
0.00716329
3.25213e-05
0.00418742
1.1888e-05
0.0013213
8.17054e-05
8.17808e-05
0.000777673
-1.17689e-07
5.31621e-08
0.00160305
7.29944e-07
3.89617e-07
0.00569558
3.06153e-06
0.00160531
7.99724e-07
0.000778204
5.60104e-08
5.73571e-08
-8.18403e-05
8.18919e-05
1.17333e-05
0.00890301
2.18772e-05
0.0118139
3.53342e-05
0.0141974
4.67757e-05
0.0158033
6.1718e-05
0.0164542
7.23198e-05
0.0160908
7.78092e-05
0.0147735
8.42841e-05
0.0126786
7.5491e-05
0.0100519
6.05154e-05
0.0071353
3.78367e-05
0.00416147
1.21823e-05
0.00130912
8.17742e-05
8.18274e-05
0.000778738
6.80241e-08
1.27701e-07
0.00160494
7.64544e-07
1.47974e-06
0.00570272
3.11323e-06
0.00160725
7.4395e-07
0.000779526
9.36325e-08
-8.25763e-08
-8.18847e-05
8.19407e-05
1.17873e-05
0.0089131
2.4475e-05
0.0118248
4.14534e-05
0.0142027
5.8835e-05
0.0158062
7.20872e-05
0.0164545
8.57245e-05
0.0160829
9.35178e-05
0.0147642
9.28963e-05
0.0126612
8.61009e-05
0.0100263
6.63301e-05
0.0071068
4.03074e-05
0.00413334
1.05991e-05
0.00129852
8.20087e-05
8.21364e-05
0.000780145
7.23476e-08
7.38596e-08
0.00160796
7.75917e-07
3.26537e-07
0.00571143
2.7539e-06
0.00161031
7.56857e-07
0.000780953
4.91936e-08
-1.13618e-07
-8.20538e-05
8.21475e-05
1.31306e-05
0.00892444
2.84801e-05
0.0118378
4.60499e-05
0.0142155
6.52232e-05
0.015813
8.08743e-05
0.0164593
9.39895e-05
0.0160824
0.000105618
0.0147515
0.000101755
0.0126455
9.52536e-05
0.00999737
7.55132e-05
0.0070716
4.30657e-05
0.00410088
1.31964e-05
0.00128533
8.22198e-05
8.22937e-05
0.00078159
6.79862e-08
7.07943e-08
0.00160997
6.73283e-07
8.71153e-07
0.00572253
1.15086e-06
0.00161226
4.63213e-07
0.000782402
-1.12101e-07
5.71322e-08
-8.218e-05
8.22292e-05
1.62704e-05
0.00893665
3.29493e-05
0.0118509
5.53265e-05
0.0142254
7.16272e-05
0.0158223
9.2498e-05
0.0164608
0.000107929
0.0160801
0.000117159
0.0147361
0.000120116
0.0126207
0.000106883
0.009966
8.14311e-05
0.00703323
4.36381e-05
0.00407044
3.1694e-05
0.00125363
8.22972e-05
8.2368e-05
0.000782932
6.33256e-08
7.99945e-08
0.00161326
-1.3206e-07
2.06623e-06
0.00573413
2.61086e-06
0.00161621
-1.80102e-06
0.000783196
1.12834e-07
8.63199e-08
-8.24251e-05
8.2313e-05
1.99794e-05
0.00894962
3.97034e-05
0.0118665
5.89602e-05
0.0142381
8.28567e-05
0.0158319
0.000105787
0.0164629
0.000123759
0.0160735
0.000132878
0.0147234
0.000128804
0.0125987
0.000116255
0.00993117
8.68273e-05
0.00699004
7.42724e-05
0.00402786
7.38864e-05
8.23764e-05
8.24563e-05
0.000783158
3.37648e-08
-1.27832e-07
0.00162178
-3.50239e-06
4.16943e-06
0.00574446
5.47401e-06
0.00161935
6.51752e-06
-1.47353e-06
0.000781354
1.11224e-08
-8.24206e-09
-8.25427e-05
8.26555e-05
2.44135e-05
0.00896491
4.17495e-05
0.0118837
6.68625e-05
0.014254
9.21096e-05
0.0158456
0.000115635
0.0164711
0.000134972
0.0160714
0.000146861
0.0147053
0.00014807
0.0125669
0.00012997
0.00988803
0.000114916
0.0069494
0.000135813
8.26893e-05
8.25614e-05
0.000461071
-9.77715e-09
-2.47117e-07
0.000317038
0.00162207
-5.56523e-07
2.00281e-06
5.22853e-06
0.00575817
5.4773e-06
0.00162381
1.40502e-06
2.32518e-06
0.00048631
-1.87216e-05
0.000491701
-6.86432e-06
-8.25532e-05
8.25643e-05
2.40844e-05
0.00898258
4.88058e-05
0.0119018
7.5013e-05
0.0142711
0.000107865
0.0158534
0.000135513
0.0164705
0.00015496
0.0160633
0.000165315
0.0146881
0.000162156
0.0125347
0.000155121
0.00984783
0.000179205
8.25545e-05
8.23074e-05
0.000295247
3.06894e-06
0.000493524
-2.3795e-06
0.000496231
-7.04124e-07
0.00162593
1.25528e-06
1.85471e-06
4.38084e-06
0.00577357
4.30519e-06
0.00162922
7.73466e-07
1.41514e-06
0.000497075
5.60984e-07
0.000498187
1.21338e-06
0.000289747
-1.36457e-06
2.74245e-05
0.00900396
5.34431e-05
0.0119233
8.57257e-05
0.0142933
0.000117216
0.0158717
0.000145888
0.0164796
0.000171619
0.016057
0.000177948
0.0146723
0.00018721
0.0125026
0.000210871
8.53764e-05
0.000288431
-1.06291e-06
0.000288096
-3.69636e-07
0.000498785
6.56879e-07
0.00049984
7.99281e-07
0.00163165
6.14986e-07
1.3414e-06
5.59763e-06
0.00579064
4.75957e-06
0.00163426
6.48269e-07
1.04501e-06
0.000500387
2.27081e-07
0.000501005
7.97117e-07
0.000288602
5.53295e-08
0.000289721
9.39584e-08
8.40118e-05
3.0204e-05
0.0090272
6.17835e-05
0.0119473
9.72674e-05
0.0143132
0.000134769
0.0158828
0.000165903
0.0164853
0.000183283
0.0160516
0.000208142
0.0146513
0.000229245
8.29489e-05
8.25793e-05
0.000290113
2.64913e-07
0.000290662
2.50268e-07
0.000500965
6.54632e-07
0.000502089
2.17094e-07
0.00163796
7.49808e-07
1.14573e-06
6.08542e-06
0.00580953
5.22778e-06
0.00164083
7.35352e-07
1.15843e-06
0.00050233
4.07414e-07
0.000502838
5.36878e-07
0.000290701
1.88634e-07
0.000291336
1.62409e-07
8.26346e-05
8.27286e-05
3.62411e-05
0.00905274
6.82864e-05
0.0119763
0.000109721
0.0143383
0.000148027
0.0159007
0.000176364
0.0164922
0.000211717
0.0160481
0.000234835
8.29935e-05
8.32438e-05
0.000291832
1.58458e-07
0.000292093
-4.44693e-08
0.000503265
3.22974e-07
0.000503957
4.53493e-07
0.00164484
8.33115e-07
1.23504e-06
5.72374e-06
0.00583412
5.92864e-06
0.00164806
8.14642e-07
1.19553e-06
0.000504227
4.65737e-07
0.000505174
2.11129e-07
0.000292383
1.17832e-07
0.000292805
1.15278e-07
8.34324e-05
8.35948e-05
3.89772e-05
0.00908205
8.07603e-05
0.0120052
0.000124787
0.0143615
0.000161408
0.0159156
0.000200268
0.0165037
0.000223912
8.37533e-05
8.37088e-05
0.000293006
1.21847e-07
0.00029333
1.29699e-07
0.00050523
7.77371e-07
0.000505962
5.02963e-07
0.00165135
9.14978e-07
1.52342e-06
7.54077e-06
0.00585901
6.54056e-06
0.00165522
7.31359e-07
1.32689e-06
0.000506696
8.08476e-08
0.000507288
6.03742e-07
0.000293835
-3.96748e-08
0.000293909
1.36808e-07
8.38266e-05
8.39419e-05
4.67206e-05
0.00911609
9.13837e-05
0.0120386
0.000134642
0.0143883
0.000175641
0.0159403
0.000199113
8.40638e-05
8.41935e-05
0.0002945
1.86251e-07
0.000294854
1.498e-07
0.000507427
7.75814e-07
0.000508806
1.43987e-07
0.00165999
1.09155e-06
1.67737e-06
8.98427e-06
0.00588899
7.75985e-06
0.00166407
9.30451e-07
1.52864e-06
0.000509033
5.04923e-07
0.000509685
6.74309e-07
0.000294811
1.23534e-07
0.000295476
-6.14502e-08
8.41538e-05
8.42906e-05
5.56143e-05
0.00915186
0.000106939
0.0120663
0.000146672
0.0144173
0.00016045
8.44769e-05
8.46267e-05
0.000296111
1.40444e-07
0.000296127
1.28431e-07
0.000510313
4.64294e-07
0.00051138
6.09669e-07
0.00166985
1.30243e-06
1.90157e-06
1.00733e-05
0.00592464
9.89409e-06
0.00167472
1.16326e-06
1.72416e-06
0.0005117
6.10565e-07
0.00051272
5.0887e-07
0.000296437
1.95405e-07
0.000297138
-2.74638e-08
8.47502e-05
8.46888e-05
7.01926e-05
0.00918861
0.000112003
0.012101
0.000117763
8.48292e-05
8.49576e-05
0.000297449
1.53594e-07
0.000297893
1.65406e-07
0.000513168
8.54279e-07
0.000514339
7.30748e-07
0.00168111
2.108e-06
1.57965e-06
1.37075e-05
0.0059665
1.46226e-05
0.00168768
1.92765e-06
1.39311e-06
0.000515187
3.15616e-07
0.000515947
9.63393e-07
0.000298329
1.74376e-07
0.00029866
1.78081e-07
8.51531e-05
8.51256e-05
8.20416e-05
0.00921857
7.4e-05
8.52792e-05
8.54446e-05
0.000299289
2.25148e-07
0.000299992
2.84878e-08
0.000517111
9.44534e-07
0.00051828
4.10773e-07
0.00169639
2.51531e-06
2.48716e-06
1.91893e-05
0.00600603
2.33158e-05
0.00170468
2.88192e-06
3.44652e-06
0.0005194
8.06838e-07
0.000519757
1.03682e-06
0.000300126
1.81413e-07
0.000300901
1.88425e-07
8.5619e-05
8.57971e-05
4.44216e-05
8.60222e-05
8.60507e-05
0.000301638
2.06975e-07
0.000301844
2.0492e-07
0.000521188
1.08399e-06
0.000523041
6.33663e-07
0.00171564
4.08958e-06
4.13881e-06
4.25035e-05
1.56866e-05
0.00172656
4.92708e-06
7.47083e-06
0.000524696
1.22748e-06
0.000526202
1.94005e-06
0.000302622
2.92609e-08
0.000303462
1.96682e-07
8.62321e-05
8.64205e-05
8.66275e-05
8.68324e-05
0.000304319
2.2671e-07
0.000304711
2.418e-07
0.000528566
1.72574e-06
0.000530437
2.26828e-06
0.00174422
1.00124e-05
1.48258e-05
2.14467e-05
8.87134e-06
0.000532891
2.47239e-06
0.000536629
3.73261e-06
0.000305637
3.01638e-07
0.000307193
3.8324e-07
8.68616e-05
8.70583e-05
8.7285e-05
8.75268e-05
0.000308492
4.27333e-07
0.000310157
6.03151e-07
0.000539718
6.92346e-06
0.0005442
1.03437e-05
0.000550392
1.52551e-05
1.3355e-05
0.000312027
6.02606e-07
0.000314772
9.8765e-07
8.78284e-05
8.82116e-05
8.8639e-05
8.92421e-05
0.000319653
2.04153e-06
0.000325252
4.74534e-06
0.000330495
1.00118e-05
2.05845e-05
8.98447e-05
9.08323e-05
9.28738e-05
9.76191e-05
0.000107631
1.3737e-05
-1.37368e-05
-5.89343e-05
2.00372e-05
5.26345e-05
7.0872e-06
-2.08243e-05
-7.12263e-05
1.9379e-05
-0.00011755
2.68569e-05
0.00011073
1.62874e-05
3.63474e-05
3.50775e-06
-2.43317e-05
1.18606e-05
-7.95803e-05
-0.000127842
2.96698e-05
-2.29318e-05
-0.000407895
6.38397e-05
0.000393843
0.000104086
6.87067e-06
2.94773e-05
1.55112e-06
-2.58836e-05
1.86599e-05
-0.000134642
6.9792e-06
-8.50087e-05
6.72781e-05
-0.000426842
-4.149e-05
-0.00142671
0.00138039
0.00015166
-1.47374e-05
0.000373858
-6.76827e-06
9.62188e-05
2.37189e-06
2.7105e-05
8.09327e-07
-2.66932e-05
1.44693e-05
-0.000142132
4.04169e-06
-8.8241e-05
-4.30379e-05
0.000161304
-0.0014777
-7.62822e-06
-0.00044778
-2.48573e-05
0.000108786
-1.16873e-05
-0.00200175
0.00194744
0.000205977
0.00035524
-4.38598e-06
-1.85448e-06
9.1822e-05
1.04892e-06
2.6055e-05
3.05233e-07
-2.69982e-05
-0.000145718
2.30601e-06
-9.02397e-05
0.000218152
-0.00205859
-3.12312e-05
0.000132671
-0.00155981
-1.93139e-05
-6.45749e-06
-0.000468983
-3.56743e-06
0.000180449
-1.44716e-06
-0.00233205
0.00227305
0.00026498
8.84845e-05
-4.80557e-07
8.71099e-05
2.55744e-05
3.41199e-07
-2.73374e-05
-0.000149869
1.60695e-06
-9.15042e-05
0.000278612
-0.0023925
0.000212524
-0.00213844
0.000118163
-0.0016438
-1.61009e-05
-1.80587e-05
-0.000481818
-2.57911e-06
-3.89651e-06
-0.00015183
0.000247494
-2.16644e-07
-0.00240658
0.00235158
0.000319985
2.95093e-07
-2.76323e-05
1.52648e-06
-9.2735e-05
0.000333247
-0.00246121
0.000285544
-0.00246552
0.000210106
-0.00223037
0.000125473
-0.00173022
-2.07052e-05
-1.83427e-05
0.000494104
-0.000504312
-1.57565e-06
-4.31152e-06
-2.9883e-06
-2.78066e-06
0.0001542
-1.27537e-06
-0.000155502
0.000305923
-0.00220867
0.00216695
0.000361718
2.89473e-07
-2.79207e-05
-9.37203e-05
0.000372752
-0.00224817
0.000345372
-0.00252103
0.000293495
-0.0025489
0.000222142
-0.00232704
0.000149714
-0.00182666
-3.19432e-05
-2.1328e-05
0.000515834
-0.000528606
-7.92662e-06
-6.81727e-06
0.000159094
-0.0001508
-9.86749e-06
0.000158484
-3.70014e-06
0.000157192
-1.694e-06
-1.08865e-06
0.000351046
-0.00171483
0.0016932
0.000383349
1.78526e-07
-2.80977e-05
-9.46296e-05
0.000388615
-0.00173069
0.000383786
-0.00228658
0.000357524
-0.00258506
0.000308647
-0.00263541
0.000246698
-0.00242402
0.000196074
-0.00191307
-6.85796e-05
-4.10826e-05
0.000541876
-0.000562106
-1.17128e-05
-8.05814e-06
0.000266441
-0.000273676
-3.61832e-07
-3.2646e-07
0.000109076
-9.62229e-08
-1.53635e-07
9.87647e-05
4.44892e-07
9.58378e-05
-7.7179e-07
-4.84473e-07
0.0003782
-0.000892555
0.000896736
0.000379178
-2.8582e-05
0.000374022
-0.000877953
0.000393306
-0.0017402
0.00039453
-0.00232358
0.000373103
-0.00264951
0.000331143
-0.00271985
0.000281408
-0.00250935
0.000233884
-0.00197115
-8.93434e-05
-8.64545e-05
0.000583568
-0.000611533
-4.0611e-05
-1.96206e-05
0.000281194
-0.000292127
-4.78502e-07
-3.01758e-07
-2.23821e-07
-3.15624e-07
2.94841e-05
-2.98454e-05
2.91579e-05
-2.90043e-05
2.89087e-05
2.93538e-05
0.00038318
0.000302879
-0.000268225
0.000344534
0.000324326
0.000352583
0.000367677
-0.000852314
0.000397138
-0.0017428
0.000406261
-0.00235673
0.000391734
-0.0027101
0.000357597
-0.00279604
0.000308683
-0.00258415
0.000226241
-0.00207043
-5.20966e-05
-7.48545e-05
0.00062934
-0.000648291
-7.0389e-05
-6.86451e-05
0.000310328
-0.000339899
-8.42151e-06
-2.61619e-06
-3.26723e-07
-1.09172e-06
3.06866e-05
-3.11649e-05
3.03848e-05
-3.00692e-05
0.000362372
0.00192468
-0.00185586
0.000275719
0.000234952
0.00201407
0.00030119
0.000419078
0.000359077
-0.000814243
0.000400105
-0.00173664
0.000417887
-0.00238288
0.00041116
-0.00276365
0.000379795
-0.00286715
0.000318104
-0.002676
0.000202936
-0.00218899
-3.70096e-05
-4.73604e-05
0.000679635
-0.000703754
-2.79738e-05
-4.35083e-05
0.000362751
-0.000392034
-1.37857e-05
-2.73168e-05
-2.06568e-05
-2.51352e-05
3.51994e-05
-4.36203e-05
3.25833e-05
-3.14916e-05
0.000312855
0.0040294
-0.00392334
0.000169664
0.000101774
0.00416258
0.00018902
0.00212625
0.000274226
0.000503937
0.000347425
-0.000761554
0.000400649
-0.00171939
0.000428428
-0.00240014
0.000427539
-0.00281139
0.000394876
-0.00294392
0.000315888
-0.00278896
0.000197524
-0.00231272
-3.60525e-05
-3.7746e-05
0.000730198
-0.000749549
-1.76552e-05
-2.09152e-05
0.000423118
-0.000445382
-1.94689e-06
-3.75911e-06
-8.83026e-06
-3.59297e-06
9.07283e-05
-0.00010008
-4.43283e-06
7.27519e-05
-9.3395e-06
-6.42766e-05
-1.66594e-05
0.000231788
0.00666074
-0.00651444
2.33673e-05
-7.76155e-05
0.00684014
2.70887e-05
0.00432452
0.000137646
0.00226283
0.000242476
0.000608895
0.000331967
-0.000692864
0.000398388
-0.00168935
0.000436337
-0.00240894
0.000441424
-0.00285794
0.000404757
-0.00303279
0.000321546
-0.00291298
0.000210456
-0.00244412
-4.18779e-05
-3.71857e-05
0.000770587
-0.000790158
-1.64794e-05
-1.67067e-05
0.000462193
-0.000476256
-1.68086e-06
-1.90829e-06
-2.52917e-06
-1.57457e-06
0.000112814
-0.000114368
-3.91414e-07
0.000109783
-7.27365e-07
-0.000107033
-1.87683e-06
-8.42805e-07
2.59988e-05
-3.04314e-05
1.66594e-05
0.000116958
0.00981867
-0.00963093
-0.000164362
-0.00030395
0.010045
-0.000187191
0.00705443
-5.49573e-05
0.00451713
7.93665e-05
0.00242595
0.000204654
0.000736215
0.000311371
-0.00060584
0.000392164
-0.00164517
0.000441083
-0.00240859
0.000451872
-0.00290506
0.000416611
-0.00312786
0.000339789
-0.00304232
0.000244319
-0.00258645
-5.8347e-05
-4.36517e-05
0.000810741
-0.000833811
-1.8809e-05
-1.66024e-05
0.000489454
-0.000502065
-2.0688e-06
-1.79695e-06
-1.82799e-06
-1.6798e-06
0.000119072
-0.000120355
-3.97545e-07
0.000117588
-4.2303e-07
-0.000116472
-4.24593e-07
-4.58532e-07
3.38781e-05
-3.42692e-05
3.31509e-05
-3.23081e-05
-3.39246e-05
0.0134298
-0.0132015
-0.000392636
-0.000574463
0.0137003
-0.000454438
0.0103123
-0.00030665
0.00730613
-0.000146536
0.00474303
1.28871e-05
0.00261772
0.000159588
0.000888002
0.000284798
-0.00049847
0.00038134
-0.00158542
0.000442739
-0.00239946
0.000461236
-0.00294969
0.000434555
-0.00322264
0.000373651
-0.00317167
0.000303682
-0.00272168
-0.000101066
-6.74077e-05
0.000856963
-0.000888527
-2.67879e-05
-2.05005e-05
0.000515164
-0.000529779
-2.2414e-06
-1.95223e-06
-1.68021e-06
-1.82227e-06
0.00012449
-0.000126129
-4.28661e-07
0.000123112
-4.18962e-07
-0.000121861
-3.21195e-07
-4.27907e-07
3.55751e-05
-3.59723e-05
3.51522e-05
-3.46937e-05
-0.000221657
0.0173115
-0.0170484
-0.000655695
-0.000881573
0.0176186
-0.000769483
0.0140153
-0.000616797
0.0106224
-0.000437982
0.00759758
-0.000248347
0.00500427
-6.33641e-05
0.00284068
0.00010622
0.00106658
0.000251496
-0.000368627
0.000365394
-0.00150808
0.000440551
-0.00237879
0.000471977
-0.00298712
0.000460185
-0.00330919
0.000418526
-0.00328653
0.000367249
-0.0028205
-0.000142865
-0.000125582
0.000919378
-0.000960396
-6.00559e-05
-3.65597e-05
0.000545961
-0.000567385
-3.2114e-06
-2.15458e-06
-1.92558e-06
-2.39387e-06
0.000130315
-0.000132091
-4.65357e-07
0.000128862
-4.98666e-07
-0.000127496
-3.13419e-07
-4.56233e-07
3.71402e-05
-3.75686e-05
3.67213e-05
-3.62934e-05
-0.000443355
0.0211771
-0.0208877
-0.000945074
-0.00120946
0.021505
-0.00112004
0.0179692
-0.00097743
0.014376
-0.000792001
0.0109764
-0.000580583
0.00792982
-0.000362826
0.00530373
-0.000150582
0.00309748
4.32257e-05
0.00127485
0.000210257
-0.000213494
0.000342928
-0.00141047
0.000435173
-0.00234199
0.000482713
-0.00300966
0.000489055
-0.00337973
0.000460975
-0.00338027
0.000381837
-0.00294599
-0.000113358
-0.000142982
0.000989951
-0.0010174
-0.000115422
-9.60307e-05
0.000595976
-0.000635517
-1.4234e-05
-6.28674e-06
-2.6731e-06
-5.29809e-06
0.000137075
-0.000139658
-6.2899e-07
0.000135416
-4.96486e-07
-0.000133658
-3.58752e-07
-6.35644e-07
3.88368e-05
-3.93021e-05
3.83382e-05
-3.7882e-05
-0.000692853
0.0246826
-0.0243825
-0.0012452
-0.00154303
0.0250162
-0.00148931
0.0218743
-0.00137363
0.0183654
-0.00119967
0.0147836
-0.000982675
0.0113785
-0.000740164
0.00830716
-0.000490863
0.00564402
-0.000250412
0.00339112
-3.07054e-05
0.00151581
0.000159535
-3.0112e-05
0.000313112
-0.00128842
0.000424445
-0.00228375
0.000491084
-0.00301171
0.000512946
-0.00343172
0.000482784
-0.00348122
0.000365128
-0.0031146
-8.81964e-05
-0.000108326
0.00105577
-0.00109322
-7.59024e-05
-0.000104613
0.000668796
-0.000689175
-4.73153e-05
-4.77304e-05
-2.33258e-05
-3.94283e-05
0.000150436
-0.000160388
-4.28523e-06
0.000145991
-1.84355e-06
-0.000141763
-5.69308e-07
-1.07093e-06
4.07931e-05
-4.14225e-05
4.02966e-05
-3.9661e-05
-0.000960629
0.0275071
-0.02721
-0.00154229
-0.0018622
0.0278263
-0.0018554
0.0253823
-0.00178295
0.0222836
-0.00164217
0.0188079
-0.00143938
0.0152403
-0.00118982
0.0118282
-0.00091464
0.00873093
-0.000634176
0.00602778
-0.000364392
0.0037248
-0.000117415
0.00179275
9.7552e-05
0.000185432
0.000274004
-0.001138
0.000406923
-0.00219961
0.00049338
-0.00299216
0.00052714
-0.00347608
0.000487018
-0.0036031
0.000359933
-0.00328886
-9.12551e-05
-9.43913e-05
0.00114078
-0.00117662
-5.23595e-05
-6.07637e-05
0.000732146
-0.000776565
-1.14637e-05
-2.00168e-05
-3.88374e-05
-2.28041e-05
0.00019892
-0.000211715
-3.45228e-05
0.000185256
-3.40675e-05
-0.000172001
-1.17146e-05
-2.61733e-05
4.49068e-05
-4.91929e-05
4.3063e-05
-4.19921e-05
-0.00123523
0.0294521
-0.0291765
-0.00181792
-0.00214985
0.0297398
-0.00219583
0.0281667
-0.00218081
0.0257802
-0.00209282
0.0227343
-0.00192808
0.0192966
-0.00169561
0.0157461
-0.00141522
0.0123288
-0.00110753
0.00920429
-0.000794775
0.00645816
-0.000494324
0.0041017
-0.000218978
0.00210926
2.26139e-05
0.0004368
0.000224095
-0.000955197
0.000381003
-0.00208725
0.00048754
-0.00295257
0.000530795
-0.00351986
0.000490712
-0.00373388
0.000371015
-0.00346878
-8.80108e-05
-0.00010308
0.00121884
-0.00125456
-5.55314e-05
-5.21694e-05
0.00081642
-0.000850811
-8.01399e-06
-9.95066e-06
-1.2253e-05
-8.65453e-06
0.000250792
-0.000256415
-5.84129e-06
0.000239378
-8.60195e-06
-0.000229158
-2.13933e-05
-1.25835e-05
9.8457e-05
-0.000120365
-1.26147e-05
8.70813e-05
-2.26927e-05
-6.0908e-05
-0.00149986
0.0304528
-0.030217
-0.00205368
-0.00238477
0.0306877
-0.00249473
0.0300387
-0.00254198
0.0285279
-0.00252041
0.0262078
-0.00241699
0.0232232
-0.00223031
0.0198313
-0.00197154
0.0163024
-0.00165998
0.0128812
-0.00131987
0.00972938
-0.000974595
0.00693842
-0.000642716
0.00452543
-0.000337242
0.0024691
-6.72469e-05
0.000728117
0.000161524
-0.000735741
0.000344277
-0.001944
0.000472493
-0.00289427
0.000529203
-0.00355834
0.000501677
-0.00386454
0.000401317
-0.00021822
-0.00365189
0.00129071
-0.00128035
-9.83725e-05
-6.69229e-05
0.000884914
-0.000918288
-1.16757e-05
-1.04805e-05
-9.33719e-06
-8.72907e-06
0.000274443
-0.000278754
-3.70386e-06
0.000268508
-4.01437e-06
-0.000263929
-4.7371e-06
-4.07435e-06
0.00015196
-0.000156616
-1.18248e-06
0.000144985
-1.62583e-06
-0.00013549
-6.26804e-06
-3.08885e-06
2.26927e-05
-3.53075e-05
-0.00173562
0.0305132
-0.0303423
-0.00222462
-0.00254272
0.0306712
-0.00272548
0.0309185
-0.00284717
0.0303439
-0.00290129
0.0289087
-0.00287425
0.026665
-0.0027585
0.0237514
-0.00255259
0.0204123
-0.0022678
0.0169103
-0.00192556
0.0134869
-0.00155393
0.0103087
-0.00117568
0.00747137
-0.000811252
0.00499943
-0.000474261
0.0028761
-0.000173675
0.00106329
8.51107e-05
-0.000476589
0.000295846
-0.00176736
0.000447548
-0.00281261
0.000525229
-0.00358189
0.000521087
-0.00398431
0.00104968
-0.0025152
-1.77409e-05
-1.5326e-05
0.000437475
-0.000239902
-0.00384948
0.000964156
-1.28486e-05
-1.31372e-05
-7.91765e-06
0.000294096
-0.000299519
-6.25347e-06
0.000288782
-5.16594e-06
-0.000284315
-3.77546e-06
-4.26154e-06
0.000166794
-0.000169626
-8.68815e-07
0.000163538
-7.5804e-07
-0.000160351
-1.00166e-06
-8.86718e-07
4.629e-05
-4.74721e-05
4.46643e-05
-4.15754e-05
-0.00191774
0.029647
-0.0295706
-0.00230096
-0.00259404
0.0296983
-0.00286593
0.0308116
-0.00307224
0.0311436
-0.00320861
0.0306512
-0.0032691
0.0293036
-0.00324214
0.0271487
-0.00311587
0.0243146
-0.0028927
0.0210372
-0.00258425
0.0175689
-0.00221501
0.014148
-0.00181259
0.0109456
-0.00140014
0.00806025
-0.00100205
0.0055272
-0.000631812
0.00333422
-0.000298155
0.00144655
-7.23656e-06
-0.000173506
0.000233772
-0.00155358
0.000413768
-0.00270116
0.00052029
-0.0035811
0.000543577
-0.00409043
-0.00271118
-2.39928e-05
-1.99605e-05
0.000529789
-0.000545743
-1.03716e-06
-7.63438e-07
0.000515965
-9.79113e-07
-5.28452e-07
0.000484791
-0.000287694
-0.00404661
0.000292555
-3.64859e-07
-3.76203e-07
0.0002113
-0.000303246
-9.41075e-06
-1.86092e-05
0.000179668
-0.000184128
-1.79345e-06
0.000175742
-1.24049e-06
-0.000172438
-9.63357e-07
-9.57683e-07
5.0118e-05
-5.09866e-05
4.93602e-05
-4.84735e-05
-0.00201421
0.0278391
-0.0278827
-0.00225736
-0.00251665
0.0277617
-0.00288908
0.0297214
-0.00319333
0.0309327
-0.00342347
0.0313584
-0.00357807
0.0309601
-0.0036476
0.029709
-0.00362179
0.0276546
-0.00348913
0.0249111
-0.00325184
0.0217048
-0.00292367
0.0182776
-0.00252816
0.0148635
-0.00209358
0.011639
-0.00164955
0.00870775
-0.00121705
0.00611243
-0.000811703
0.00384777
-0.000443329
0.00188266
-0.000118099
0.000178405
0.000155583
-0.00129536
0.000367731
-0.0025486
0.000506069
-0.00354361
0.000561731
-0.0041674
-0.00294102
-3.44419e-05
-2.34531e-05
0.000563695
-0.00058556
-1.03237e-06
-1.11141e-06
-1.18011e-06
-8.3299e-07
5.98052e-05
-6.08445e-05
5.90411e-05
5.80614e-05
5.75324e-05
0.000543991
-0.000389245
-0.0042014
5.71672e-05
5.67908e-05
0.000191809
8.81407e-07
-1.73021e-06
5.41482e-05
-5.59418e-05
5.29076e-05
-5.195e-05
-0.00200102
0.0251028
-0.0252743
-0.00208582
-0.00230673
0.0248929
-0.00277339
0.027646
-0.00318262
0.0297107
-0.00351854
0.0310278
-0.00377724
0.0315576
-0.00395188
0.0312644
-0.00403566
0.0301229
-0.00401339
0.0281789
-0.0038789
0.0255381
-0.00363168
0.0224128
-0.00328548
0.0190349
-0.00286564
0.0156356
-0.00240339
0.0123929
-0.00192606
0.00941675
-0.00145814
0.00675886
-0.00101673
0.00442117
-0.00061187
0.00237643
-0.000251152
0.000585136
5.7433e-05
-0.000985067
0.000303702
-0.00234625
0.000475858
-0.00345777
0.000567061
-0.0041905
-0.00317531
-0.0001058
-4.9184e-05
0.000606742
-0.000638592
-1.58392e-06
-1.02771e-06
-1.1758e-06
-1.09856e-06
6.39707e-05
-6.50052e-05
6.28585e-05
6.16775e-05
0.000579335
-0.000489408
-0.00429135
5.76721e-05
-0.0018652
0.0215653
-0.0218469
-0.00180427
-0.0019813
0.0212399
-0.0025167
0.0246362
-0.00302118
0.0274845
-0.00346809
0.0296603
-0.00384016
0.0310907
-0.00412924
0.0317349
-0.00432923
0.031558
-0.00442876
0.0305383
-0.00441688
0.0287168
-0.00428364
0.0261901
-0.00403061
0.0231579
-0.00367142
0.0198407
-0.00323045
0.0164626
-0.00274003
0.0132068
-0.00223092
0.0101895
-0.00172806
0.0074702
-0.00124946
0.00505881
-0.000806972
0.0029323
-0.000410306
0.00105289
-6.59954e-05
-0.000615391
0.000215044
-0.00208548
0.000421617
-0.00331237
0.000542397
-0.00415358
-0.00331888
-0.000170214
-0.000175665
0.000683374
-0.000762596
-1.97933e-05
-6.7995e-06
-3.02412e-06
-1.38028e-06
6.83087e-05
-6.98952e-05
6.72806e-05
6.61038e-05
0.000547364
-0.00044321
-0.00439552
-0.00161916
0.0174904
-0.0178471
-0.00144762
-0.00158511
0.0170943
-0.00214482
0.020868
-0.00271414
0.0243292
-0.00325651
0.027273
-0.00374379
0.0295639
-0.00415551
0.031117
-0.00447908
0.0318848
-0.0047069
0.0318361
-0.0048271
0.0309485
-0.00482888
0.0292621
-0.00470325
0.0268627
-0.00444806
0.0239346
-0.00407948
0.0206897
-0.00362166
0.0173443
-0.00310703
0.014083
-0.00256688
0.0110284
-0.00202879
0.00824954
-0.00151332
0.00576517
-0.00103372
0.00355573
-0.000599699
0.00158658
-0.000220406
-0.000179982
9.49359e-05
-0.00175883
0.000334907
-0.00310489
0.000478765
-0.00408497
-0.00356646
-7.1956e-05
-0.000123696
0.000832199
-0.000900675
-3.41332e-05
-6.76201e-05
-5.89003e-05
-4.71579e-05
8.11004e-05
-0.000100895
7.43007e-05
7.12754e-05
0.000472475
-0.000356248
-0.00451171
-0.00129789
0.0132529
-0.0136326
-0.0010679
-0.00116796
0.0128357
-0.00170294
0.0166524
-0.00228956
0.0204434
-0.00289353
0.0239662
-0.00347676
0.0270059
-0.00400593
0.0294143
-0.00445961
0.0310975
-0.00482188
0.0319998
-0.00508232
0.0320914
-0.00522846
0.0313481
-0.0052485
0.0298073
-0.00513365
0.0275483
-0.00488474
0.0247398
-0.00451061
0.0215787
-0.00404014
0.0182774
-0.00350343
0.0150195
-0.00293446
0.0119341
-0.00236326
0.00909952
-0.00181032
0.00654178
-0.00129441
0.00425043
-0.000824925
0.00219107
-0.000410422
0.000325332
-5.99471e-05
-0.00136401
0.00021374
-0.00283986
0.000377669
-0.00399013
-0.00380966
-4.78344e-05
-6.52225e-05
0.000989249
-0.001043
-7.05905e-06
-1.11543e-05
-1.17216e-05
-2.33934e-05
0.000212993
-0.000235582
-1.15469e-05
0.000168488
-2.31158e-05
0.000148053
-3.84628e-05
0.000389776
-0.000305859
-0.00459554
-0.000948722
0.00923315
-0.00958884
-0.000712196
-0.000778468
0.00884366
-0.00124555
0.0123783
-0.0018003
0.0161631
-0.00241531
0.0199652
-0.00305363
0.0235431
-0.00367843
0.0266784
-0.00425337
0.0292081
-0.00475139
0.031027
-0.00515558
0.032073
-0.00545157
0.0323145
-0.0056292
0.0317288
-0.00567544
0.0303491
-0.0055774
0.028241
-0.0053368
0.025566
-0.00496553
0.0225041
-0.00448568
0.0192596
-0.00393132
0.0160164
-0.00333717
0.012908
-0.00273405
0.0100233
-0.00214749
0.00739487
-0.00159546
0.00502095
-0.00108886
0.00286948
-0.000637576
0.000902941
-0.000250351
-0.000899897
5.6381e-05
-0.00251852
0.000249618
-0.0038499
-0.00401948
-4.48077e-05
-5.12256e-05
0.00109444
-0.00112944
-5.61752e-06
-7.21504e-06
-5.83483e-06
-7.93889e-06
0.000271515
-0.000276731
-1.84297e-06
0.0002628
-2.4372e-06
0.000253856
-2.77305e-06
-5.11833e-06
6.15781e-05
-7.31252e-05
3.84628e-05
0.000303609
-0.000266882
-0.00463214
-0.000620474
0.00574908
-0.006046
-0.000415265
-0.000450703
0.00542132
-0.000821881
0.00842
-0.00130215
0.0118802
-0.00187635
0.0156242
-0.00251829
0.0194299
-0.00319175
0.0230564
-0.00385814
0.0262832
-0.00447937
0.0289361
-0.00502554
0.030897
-0.00547574
0.0320972
-0.00581443
0.0324997
-0.00602724
0.0320806
-0.00610298
0.0308747
-0.00602944
0.0289336
-0.00580471
0.0264052
-0.00543918
0.0234576
-0.00495706
0.0202854
-0.00439042
0.0170697
-0.00377481
0.0139488
-0.00314326
0.011019
-0.00252357
0.00832297
-0.00193557
0.00586764
-0.00139302
0.00362492
-0.000903987
0.00155658
-0.00047818
-0.000365298
-0.000135507
-0.00213333
9.75496e-05
-0.00364375
-0.00419736
-4.28511e-05
-4.61444e-05
0.00116813
-0.00120049
-6.05803e-06
-6.39146e-06
-5.99075e-06
-6.53738e-06
0.000293073
-0.00029705
-1.63926e-06
0.000287469
-1.60707e-06
0.000283195
-1.55376e-06
-1.47272e-06
8.34515e-05
-8.52936e-05
8.1016e-05
7.82435e-05
0.000199693
-0.000225336
-0.00460636
-0.000352006
0.00300602
-0.00322773
-0.000193546
-0.000204579
0.00275991
-0.000468716
0.00506816
-0.000848136
0.00796599
-0.00134031
0.0113442
-0.00193275
0.0150386
-0.0026
0.0188381
-0.00330818
0.0225064
-0.0040159
0.0258197
-0.0046837
0.0285942
-0.00527962
0.0307009
-0.00577876
0.0320615
-0.00616414
0.0326366
-0.00642008
0.0323977
-0.0065308
0.0313761
-0.0064868
0.0296157
-0.00628439
0.0272504
-0.00593339
0.0244339
-0.00545503
0.02135
-0.00487868
0.0181736
-0.00424865
0.0150542
-0.00359269
0.0120882
-0.00294323
0.00933063
-0.00231903
0.00679364
-0.00173818
0.00445911
-0.00120989
0.00228832
-0.000745384
0.00024466
-0.0003631
-0.00167257
-8.37451e-05
-0.0033602
-0.00434101
-4.04039e-05
-4.12621e-05
0.0012352
-0.00126563
-5.93025e-06
-6.49793e-06
-5.75263e-06
-5.67856e-06
0.0003115
-0.000315866
-1.69532e-06
0.000306822
-1.70963e-06
0.000302159
-1.32025e-06
-1.42618e-06
8.99233e-05
-9.15613e-05
8.83188e-05
8.67663e-05
7.78564e-05
-0.000174829
-0.00450923
-0.000163295
0.0011036
-0.00124643
-2.38176e-05
-2.68905e-05
-2.43272e-05
0.000949942
-2.65849e-05
-0.000207867
0.00249906
-0.000475782
0.00469581
-0.000860959
0.00748664
-0.00136271
0.0107741
-0.00197031
0.0144089
-0.00266072
0.0181907
-0.0034
0.0218905
-0.00414705
0.0252831
-0.00486163
0.0281762
-0.00550916
0.0304313
-0.00606177
0.0319592
-0.00649774
0.0327142
-0.0068007
0.0326676
-0.00695508
0.0318443
-0.00694783
0.0302792
-0.00677524
0.0280923
-0.00644402
0.0254229
-0.0059757
0.0224471
-0.00540197
0.0193269
-0.00475807
0.0162196
-0.00408166
0.0132266
-0.00340291
0.0104145
-0.00274727
0.00780274
-0.00212826
0.00537751
-0.00155884
0.00310182
-0.00105462
0.000936259
-0.000629113
-0.0011271
-0.000297567
-0.00298466
-0.00444416
-3.63853e-05
-3.52736e-05
0.0012956
-0.00132419
-6.18052e-06
-5.63673e-06
-5.89797e-06
-5.38955e-06
0.000329495
-0.000333784
-1.64678e-06
0.000324774
-1.77656e-06
0.000320389
-1.36309e-06
-1.15432e-06
9.60136e-05
-9.77089e-05
9.43064e-05
9.29875e-05
-6.81965e-05
-0.000118433
-0.00432244
-2.10869e-05
-2.70979e-05
0.000184571
-0.000203322
-2.43492e-06
-2.62833e-06
0.000164846
-3.45556e-06
-3.70765e-06
0.000145545
-2.43867e-06
-2.58616e-06
-2.43482e-05
0.000792556
-2.61273e-05
0.000125982
-3.40823e-06
-3.61155e-06
-0.000206859
0.00223015
-0.000475344
0.0043102
-0.000862593
0.00698653
-0.00137026
0.0101741
-0.00198915
0.0137374
-0.00269824
0.0174889
-0.0034653
0.0212088
-0.00425032
0.0246718
-0.00501288
0.0276799
-0.0057126
0.0300821
-0.00632074
0.0317822
-0.00681289
0.0327264
-0.00716871
0.0328812
-0.00737149
0.032268
-0.00740745
0.0309114
-0.00727088
0.0289192
-0.00696778
0.026415
-0.00651771
0.0235628
-0.00595044
0.0205193
-0.00530269
0.0174406
-0.00461035
0.014434
-0.0039066
0.0115738
-0.0032172
0.0088917
-0.00256064
0.00637935
-0.00195422
0.00400147
-0.0014086
0.00171583
-0.000938181
-0.000486377
-0.000548641
-0.00250411
-0.00450398
-3.19694e-05
-2.6602e-05
0.00134985
-0.00137582
-4.94515e-06
-5.46967e-06
-5.32912e-06
-4.28142e-06
0.000346403
-0.000350936
-1.65347e-06
0.000342401
-1.63468e-06
0.000338105
-1.59976e-06
-1.06895e-06
0.000102001
-0.000103649
0.000100226
9.88632e-05
-0.000241562
-5.75502e-05
-0.00402318
0.000222928
-2.8072e-06
-3.56983e-06
-3.9209e-06
3.36976e-05
-3.59459e-05
-1.85538e-07
3.15402e-05
-4.70272e-07
2.90488e-05
-9.63623e-07
2.64356e-05
-1.09374e-06
2.41904e-05
-1.92506e-07
2.20662e-05
-4.61408e-07
0.000106612
-2.42818e-06
-2.54746e-06
-2.39344e-05
0.000635045
-2.5409e-05
8.73425e-05
-3.34263e-06
-3.51392e-06
1.9602e-05
-9.43698e-07
1.70536e-05
-1.06245e-06
-0.000203045
0.00195785
-0.0004689
0.00391651
-0.000855082
0.00647135
-0.00136452
0.00954943
-0.00199037
0.0130295
-0.00271438
0.016738
-0.00350576
0.0204642
-0.00432486
0.0239838
-0.00513079
0.0270981
-0.00588466
0.029646
-0.00655158
0.0315209
-0.007104
0.0326617
-0.00751826
0.033028
-0.00777514
0.0326357
-0.00786185
0.0315024
-0.00776854
0.02972
-0.0075013
0.0273986
-0.0070776
0.02469
-0.00652465
0.0217412
-0.00587875
0.018709
-0.00517637
0.0157038
-0.00445207
0.0128087
-0.00373179
0.0100629
-0.00304234
0.00746751
-0.00239828
0.0049912
-0.0018127
0.00259042
-0.00129467
0.000259752
-0.000843197
-0.00190238
-0.00451231
-3.15445e-05
-1.76204e-05
0.00139444
-0.00141744
-4.39454e-06
-4.56445e-06
-4.11143e-06
-3.86251e-06
0.000362344
-0.00036575
-1.54209e-06
0.000358487
-1.61161e-06
0.000354293
-1.13211e-06
-9.24412e-07
0.000107952
-0.000109606
0.000106318
0.000104718
-0.000451057
3.82035e-06
-0.00357581
4.12627e-05
-5.28733e-07
3.87091e-05
-1.01562e-06
-1.15722e-06
6.29232e-06
-6.47757e-06
5.82213e-06
4.85862e-06
3.76506e-06
3.57271e-06
3.11136e-06
1.48241e-05
-1.97855e-07
1.27297e-05
-4.52607e-07
6.826e-05
-2.37447e-06
-2.47578e-06
-2.32193e-05
0.000479721
-2.44975e-05
4.94802e-05
-3.23958e-06
-3.38824e-06
1.03085e-05
-9.21139e-07
7.82672e-06
-1.03158e-06
2.16776e-06
1.10548e-06
-0.000197113
0.00168607
-0.000457903
0.00351933
-0.000839532
0.00594636
-0.00134629
0.00890534
-0.00197449
0.0122896
-0.00270745
0.0159397
-0.00351736
0.0196567
-0.00436795
0.0232209
-0.00521653
0.02643
-0.00602313
0.0291176
-0.00675021
0.0311671
-0.00736324
0.0325067
-0.00784505
0.0330979
-0.00816255
0.0329365
-0.00830465
0.0320385
-0.00826291
0.0304816
-0.00803959
0.0283606
-0.00764995
0.0258153
-0.00711991
0.0229824
-0.00648387
0.0200165
-0.00577831
0.0170301
-0.00503805
0.014115
-0.00429464
0.0113152
-0.00357085
0.00864012
-0.00289288
0.00607142
-0.00226942
0.00356522
-0.00170119
0.00111781
-0.00118749
-0.00116587
-0.00441514
-6.9654e-05
-2.36426e-05
0.00142924
-0.00145306
-4.39991e-06
-3.30412e-06
-3.29689e-06
-2.51687e-06
0.000375125
-0.000377981
-1.53815e-06
0.000372041
-1.47762e-06
0.000368931
-9.97494e-07
-6.81274e-07
0.000113273
-0.000114816
0.000111663
0.000110531
-0.000708974
7.84188e-05
-0.00294513
8.65029e-06
7.63479e-06
9.07766e-07
4.55199e-07
5.64788e-06
-1.94753e-07
3.60765e-06
-4.35137e-07
3.09319e-05
-2.29008e-06
-2.37968e-06
-2.22826e-05
0.000328302
-2.34087e-05
1.2788e-05
-3.11141e-06
-3.24101e-06
1.25759e-06
-8.8938e-07
-1.1368e-06
-9.93377e-07
-4.65865e-07
-1.49727e-06
-0.000189527
0.00141769
-0.000442966
0.00312277
-0.000816541
0.00541662
-0.00131715
0.008248
-0.00194209
0.0115243
-0.00267901
0.0151013
-0.00350216
0.0187909
-0.00437839
0.0223828
-0.0052668
0.0256737
-0.00612595
0.0284933
-0.00691531
0.0307192
-0.00759757
0.0322593
-0.00814258
0.033078
-0.00852686
0.0331587
-0.00873073
0.0325064
-0.00874702
0.0311891
-0.00857496
0.0292857
-0.00822819
0.0269236
-0.00773009
0.0242286
-0.00711248
0.0213507
-0.00641017
0.0184022
-0.00565941
0.0154798
-0.00489733
0.0126417
-0.00414972
0.009897
-0.0034381
0.00724015
-0.00277199
0.00463607
-0.00215769
0.00208808
-0.00157831
-0.000296462
-0.00406432
-0.000171197
-0.000101122
0.00146988
-0.00151588
-1.69369e-05
-6.68581e-06
-5.26198e-06
-1.54656e-06
0.000384915
-0.00038787
-1.43807e-06
0.000382731
-1.11479e-06
0.000380162
-7.23526e-07
-3.33892e-07
0.000117971
-0.000119508
0.000116495
0.000115497
-0.00101777
0.000270567
-0.00219782
-1.69188e-06
-2.127e-06
-3.23936e-06
-1.86741e-07
-5.20652e-06
-4.1225e-07
-5.04664e-06
-2.1838e-06
-2.26304e-06
-2.11938e-05
0.000182136
-2.21649e-05
-2.24237e-05
-2.95775e-06
-3.07286e-06
-7.46587e-06
-8.5202e-07
-9.7571e-06
-9.49341e-07
-3.01633e-06
-4.00954e-06
-0.000180566
0.00115529
-0.000424722
0.00273095
-0.00078772
0.00488718
-0.00127749
0.0075834
-0.00189474
0.01074
-0.00262904
0.0142282
-0.00346029
0.0178728
-0.00435749
0.0214735
-0.00528261
0.0248303
-0.00619216
0.0277702
-0.00704209
0.0301637
-0.00779298
0.0319097
-0.00840797
0.0329591
-0.0088617
0.0332897
-0.00913437
0.0328937
-0.0092149
0.031829
-0.00910214
0.0301596
-0.00880612
0.0279996
-0.0083483
0.0254645
-0.0077574
0.0226979
-0.00706921
0.0198121
-0.00631877
0.0169013
-0.00554177
0.0140338
-0.00477375
0.0112327
-0.00402814
0.00849633
-0.00332582
0.00580423
-0.00265445
0.00316425
-0.00199609
0.000681946
-0.00360956
-4.86686e-05
-0.000135467
0.0015375
-0.00152193
-0.000103519
-8.32083e-05
-5.57188e-05
-2.37723e-05
0.000397691
-0.000409755
-4.86187e-06
0.000393315
-2.30226e-06
0.000389197
-1.13752e-06
-2.16907e-07
0.000121678
-0.000123114
0.000120565
0.000119842
-0.00134666
0.000533234
-0.00138423
-4.19617e-06
-4.60843e-06
-1.17643e-05
-1.7579e-07
-1.36422e-05
-3.84929e-07
-3.94125e-05
-2.06627e-06
-2.138e-06
-1.99594e-05
4.23427e-05
-2.08121e-05
-5.59115e-05
-2.78165e-06
-2.88349e-06
-1.57925e-05
-8.07467e-07
-1.79654e-05
-8.99567e-07
-5.46041e-06
-6.40958e-06
-0.00017049
0.000901063
-0.000403777
0.002347
-0.000753242
0.00436293
-0.0012287
0.00691736
-0.00183261
0.00994356
-0.00255933
0.0133272
-0.00339223
0.0169075
-0.00430518
0.0204961
-0.0052631
0.0239013
-0.00622028
0.0269484
-0.00713032
0.029501
-0.00794668
0.0314484
-0.00863434
0.0327318
-0.0091614
0.0333167
-0.00950742
0.0331862
-0.00965895
0.0323858
-0.00961236
0.0309658
-0.00937648
0.0290278
-0.0089671
0.0266742
-0.00841312
0.0240418
-0.00774279
0.0212361
-0.00700151
0.018361
-0.00622328
0.0154833
-0.00543315
0.0126377
-0.00465991
0.00983044
-0.00390662
0.00705642
-0.00316503
0.00433325
-0.00241732
0.00175272
-0.00316065
6.74114e-05
1.70184e-05
0.00149729
-0.00148994
-1.40039e-05
-4.19817e-05
-6.17609e-05
-9.83384e-05
0.000467926
-0.000489253
-8.21804e-05
0.00044978
-6.50535e-05
0.000423492
-2.94234e-05
-1.0032e-05
0.000126766
-0.000131624
0.000124466
0.00012333
-0.00167098
0.000771376
-0.000484406
-6.58524e-06
-6.97019e-06
-1.98656e-05
-1.65331e-07
-2.16458e-05
-3.57729e-07
-7.19372e-05
-1.93302e-06
-2.00018e-06
-1.86026e-05
-9.01791e-05
-1.93651e-05
-8.74712e-05
-2.59369e-06
-2.6839e-06
-2.36716e-05
-7.56016e-07
-2.57113e-05
-8.43414e-07
-7.77764e-06
-8.67705e-06
-0.00015959
0.000656875
-0.000380528
0.00197429
-0.000714417
0.00384865
-0.00117179
0.00625654
-0.00175795
0.00914218
-0.00247078
0.0124058
-0.00330041
0.0159028
-0.00422529
0.0194583
-0.00520999
0.022891
-0.00621063
0.0260287
-0.00717573
0.0287301
-0.0080576
0.0308717
-0.0088159
0.0323863
-0.00941733
0.0332266
-0.0098404
0.0333677
-0.0100682
0.0328416
-0.0100969
0.0316862
-0.00992846
0.0299892
-0.0095778
0.0278389
-0.00906517
0.0253642
-0.00843429
0.0226689
-0.00770821
0.019846
-0.00692626
0.0169765
-0.00612324
0.0141011
-0.00531059
0.0112344
-0.00450167
0.00839309
-0.0036779
0.00559388
-0.00283004
0.00291192
-0.00260855
0.000120468
9.89189e-05
0.00147386
-0.00142717
1.35525e-05
7.20668e-06
6.20015e-06
-5.26448e-06
0.000542321
-0.000545908
-1.04165e-05
0.000524653
-2.43041e-05
0.000507146
-4.42495e-05
-8.04389e-05
0.000236127
-0.000257509
-6.07854e-05
0.000171077
0.000141656
-0.00199185
0.000988607
0.000519031
-8.84228e-06
-9.20006e-06
-2.7491e-05
-1.52623e-07
-2.91627e-05
-3.28434e-07
-0.000102437
-1.78655e-06
-1.84986e-06
-1.71536e-05
-0.000214763
-1.78515e-05
-0.000116931
-2.39487e-06
-2.47607e-06
-3.10544e-05
-7.0223e-07
-3.29528e-05
-7.85314e-07
-9.95607e-06
-1.07993e-05
-0.000148051
0.000424398
-0.000355713
0.00161558
-0.000671893
0.00334875
-0.00110807
0.00560666
-0.00167202
0.00834343
-0.00236686
0.0114722
-0.00318811
0.0148656
-0.00411893
0.0183672
-0.00512622
0.0218066
-0.00616314
0.0250161
-0.00717721
0.0278497
-0.00811973
0.0301755
-0.0089463
0.0319153
-0.00962555
0.0330118
-0.0101284
0.0334279
-0.0104385
0.0331833
-0.0105462
0.032304
-0.0104528
0.0308642
-0.0101691
0.0289428
-0.0097157
0.0266457
-0.00912094
0.0240816
-0.00841811
0.0213379
-0.00764402
0.0184973
-0.00682048
0.015611
-0.00597017
0.012703
-0.00509306
0.0098083
-0.00417918
0.00694312
-0.0032428
0.004163
-0.00193157
0.000162283
0.000149428
0.00136491
-0.0012871
2.28987e-05
1.98256e-05
1.97346e-05
1.69211e-05
0.000540409
-0.000531685
4.82106e-06
0.000544832
2.79044e-06
0.000549336
1.68969e-06
-1.83369e-06
0.000350814
-0.000358704
-2.5099e-06
0.000332926
-6.40757e-06
0.000304383
-1.56961e-05
-3.35598e-05
-6.0784e-05
-0.00230866
0.00119668
0.00163107
-1.09518e-05
-1.12803e-05
-3.46019e-05
-1.36843e-07
-3.61553e-05
-2.96554e-07
-0.000130764
-1.62933e-06
-1.6911e-06
-1.5647e-05
-0.000330864
-1.63039e-05
-0.000144163
-2.18877e-06
-2.26365e-06
-3.79039e-05
-6.46568e-07
-3.9654e-05
-7.25774e-07
-1.19826e-05
-1.27678e-05
-0.000136152
0.000204835
-0.000329745
0.00127343
-0.000626793
0.00286746
-0.00103924
0.00497388
-0.00157751
0.00755408
-0.00225049
0.0105346
-0.00306022
0.0138069
-0.00399185
0.0172328
-0.00501247
0.0206559
-0.00607624
0.0239152
-0.00713182
0.0268618
-0.00812963
0.0293589
-0.00902328
0.031313
-0.00977692
0.0326603
-0.0103609
0.0333504
-0.0107565
0.0333935
-0.0109505
0.0328018
-0.0109387
0.0316338
-0.0107303
0.0299574
-0.0103407
0.0278654
-0.00979502
0.0254586
-0.00912517
0.022819
-0.0083547
0.0200315
-0.00751598
0.0171568
-0.00662075
0.0142307
-0.00566718
0.0112963
-0.00467473
0.00837511
-0.00365299
0.00550747
-0.00112758
0.000200716
0.000191982
0.0011923
-0.00108779
2.98526e-05
2.79785e-05
2.7901e-05
2.67386e-05
0.00049994
-0.000486442
9.39741e-06
0.000511853
7.92799e-06
0.000523062
8.51816e-06
8.29939e-06
0.000357201
-0.000353419
1.05838e-06
0.000359347
6.42554e-07
0.000360724
3.17862e-07
1.90255e-07
0.000116442
-0.000118945
0.000110037
9.43438e-05
-0.00263016
0.00140635
0.0028551
-1.29046e-05
-1.32012e-05
-4.1164e-05
-1.18754e-07
-4.25923e-05
-2.62856e-07
-0.000156818
-1.46604e-06
-1.52638e-06
-1.41106e-05
-0.000438149
-1.4757e-05
-0.000169092
-1.9798e-06
-2.04938e-06
-4.41922e-05
-5.89189e-07
-4.57902e-05
-6.65637e-07
-1.38478e-05
-1.45734e-05
-0.00012416
-7.52379e-07
-0.000303367
0.000950001
-0.000580085
0.0024083
-0.000966454
0.00436282
-0.00147693
0.00678052
-0.00212649
0.00960088
-0.00292041
0.0127355
-0.00384589
0.0160662
-0.00487087
0.0194506
-0.00595232
0.0227357
-0.00703926
0.0257714
-0.00808329
0.0284189
-0.00903921
0.0305753
-0.00986587
0.0321653
-0.0105335
0.0331275
-0.0110162
0.0334592
-0.011299
0.0331621
-0.0113768
0.0322804
-0.0112494
0.0308661
-0.0109309
0.0290013
-0.0104392
0.0267725
-0.00980157
0.0242659
-0.00904583
0.0215614
-0.00818701
0.0187231
-0.00724447
0.015808
-0.00622837
0.01285
-0.00516366
0.00988586
-0.00406291
0.00694037
-0.000200649
0.000243253
0.000236261
0.000966136
-0.000837286
3.66184e-05
3.52505e-05
3.53968e-05
3.49244e-05
0.000440473
-0.000423427
1.27966e-05
0.00045655
1.19166e-05
0.000472013
1.24326e-05
1.23113e-05
0.000334442
-0.000326955
1.93557e-06
0.000340539
1.82582e-06
0.000347318
1.74333e-06
2.20287e-06
0.00011779
-0.000116727
0.000118434
0.000118755
-0.00294961
0.00161753
0.00418751
-1.46921e-05
-1.49551e-05
-4.71563e-05
-9.95168e-08
-4.84545e-05
-2.28243e-07
-0.000180542
-1.29955e-06
-1.36165e-06
-1.25684e-05
-0.000536508
-1.32336e-05
-0.00019169
-1.77067e-06
-1.83862e-06
-4.99029e-05
-5.31881e-07
-5.13469e-05
-6.05329e-07
-1.55443e-05
-1.62098e-05
-0.000112335
-0.000191786
-0.000277244
0.00064716
-0.000532785
0.00197464
-0.000891943
0.00377785
-0.00137412
0.00602815
-0.00199895
0.00867941
-0.00277288
0.0116624
-0.00368375
0.0148791
-0.0047029
0.0182012
-0.0057891
0.0214855
-0.00689866
0.0245868
-0.00798398
0.0273636
-0.00899069
0.0297001
-0.00988773
0.0315195
-0.0106361
0.0327473
-0.0112086
0.0333688
-0.0115846
0.0333699
-0.0117537
0.0327847
-0.0117144
0.0316497
-0.0114763
0.0300385
-0.0110461
0.0280171
-0.0104469
0.025667
-0.00969747
0.0230718
-0.00882895
0.0203076
-0.00784612
0.0174257
-0.00678067
0.0144671
-0.00564599
0.0114691
-0.00447868
0.00846979
0.000851046
0.000288741
0.000277205
0.000686797
-0.000526052
8.24042e-05
4.43565e-05
4.13821e-05
0.000364079
-0.000343355
1.5866e-05
0.000384668
1.4665e-05
0.000404317
1.57326e-05
1.58101e-05
0.000298843
-0.000288993
2.96235e-06
0.000308087
2.66242e-06
0.000317862
2.65971e-06
3.22312e-06
0.00011095
-0.000109011
0.000112778
0.000114524
-0.00327605
0.00183353
0.00563048
-1.63093e-05
-1.65376e-05
-5.25664e-05
-7.95893e-08
-5.37346e-05
-1.93567e-07
-0.000201929
-1.13295e-06
-1.19683e-06
-1.10402e-05
-0.000626036
-1.17688e-05
-0.000211965
-1.56524e-06
-1.63338e-06
-5.50304e-05
-4.75284e-07
-5.63227e-05
-5.46448e-07
-1.70696e-05
-1.76748e-05
-0.000101063
-0.000367968
-0.000252078
0.000366456
-0.000486127
0.00156883
-0.000818036
0.00322176
-0.0012726
0.00530179
-0.00187207
0.00777859
-0.00262076
0.0105995
-0.00350735
0.0136835
-0.0045088
0.0169209
-0.00559025
0.0201771
-0.006709
0.0233119
-0.00782033
0.0261933
-0.00887865
0.028691
-0.00983998
0.0307234
-0.010666
0.0322047
-0.0113265
0.0331107
-0.0117967
0.0334128
-0.0120606
0.0331309
-0.0121111
0.0322845
-0.0119501
0.0309425
-0.011585
0.0291552
-0.011031
0.0270005
-0.010308
0.0245509
-0.00942589
0.0218873
-0.00841814
0.0190632
-0.00731225
0.0161334
-0.00613029
0.0131209
-0.0048929
0.0100868
0.00202012
0.000338079
0.000326684
0.000351652
-0.000174603
0.000111667
0.000102757
0.000286885
-0.00043948
5.16816e-06
0.000224063
5.62942e-06
0.000319813
1.13897e-05
1.78239e-05
0.000253709
-0.000241778
3.92285e-06
0.000264832
3.51755e-06
0.000277057
3.49737e-06
3.87311e-06
0.000100462
-9.75016e-05
0.000103125
0.000105788
-0.00361687
0.00205715
0.00719036
-1.77544e-05
-1.7948e-05
-5.73965e-05
-5.89176e-08
-5.84338e-05
-1.59736e-07
-0.000221002
-9.67309e-07
-1.03625e-06
-9.54475e-06
-0.000707146
-1.04086e-05
-0.00022997
-1.36378e-06
-1.43715e-06
-5.95796e-05
-4.1998e-07
-6.07244e-05
-4.88712e-07
-1.84234e-05
-1.89698e-05
-9.09389e-05
-0.000529104
-0.000228922
0.000109256
-0.000441565
0.00119235
-0.000748081
0.00269723
-0.00117725
0.00460697
-0.00174772
0.00690554
-0.00246365
0.00955574
-0.00331746
0.0124922
-0.00429061
0.0156212
-0.00535514
0.0188232
-0.00647485
0.0219664
-0.0076049
0.0249195
-0.00870167
0.0275527
-0.00971862
0.029776
-0.0106186
0.0314968
-0.0113632
0.0326773
-0.0119266
0.0332789
-0.0122874
0.0333071
-0.0124313
0.0327658
-0.0123535
0.031711
-0.0120584
0.0301827
-0.0115587
0.0282512
-0.0108553
0.0259803
-0.00998429
0.0234535
-0.00896577
0.0207168
-0.00782765
0.017831
-0.00660733
0.0148355
-0.00532794
0.0117978
0.00331586
0.000387959
0.000373539
-2.38162e-05
0.000227582
0.000134435
0.000128261
0.00034835
-0.000248253
5.75163e-06
5.7501e-06
5.94483e-06
5.63909e-06
6.56553e-05
-6.05199e-05
0.000229429
5.98793e-06
7.12702e-05
5.46201e-06
8.66186e-05
-8.27116e-05
9.01319e-05
9.36285e-05
-0.0039846
0.00230153
0.00887328
-1.90287e-05
-1.91885e-05
-6.16534e-05
-3.81222e-08
-6.25633e-05
-1.26652e-07
-0.000237829
-8.03727e-07
-8.82907e-07
-8.12285e-06
-0.000780714
-9.24616e-06
-0.000245814
-1.17114e-06
-1.25308e-06
-6.35612e-05
-3.66311e-07
-6.45651e-05
-4.33528e-07
-1.96086e-05
-2.00973e-05
-8.29693e-05
-0.00067505
-0.000209241
-0.000123059
-0.000401339
0.000845613
-0.000684799
0.00220478
-0.00108803
0.00394728
-0.00162541
0.0060673
-0.00230177
0.00854005
-0.00311403
0.0113156
-0.00405077
0.0143169
-0.00508969
0.0174381
-0.00619715
0.0205586
-0.00733558
0.0235535
-0.00845975
0.0262939
-0.00952616
0.0286836
-0.0104914
0.030625
-0.0113166
0.0320673
-0.0119695
0.032961
-0.0124236
0.0332994
-0.0126662
0.0330785
-0.0126719
0.0323245
-0.0124508
0.0310749
-0.0119999
0.0293958
-0.0113367
0.0273327
-0.0104825
0.0249703
-0.00947202
0.0223613
-0.00832795
0.0195517
-0.00709538
0.0166029
-0.00577503
0.0135881
0.00475263
0.000443182
0.000421487
-0.000451773
0.000683721
0.00015616
0.000149398
0.000133976
-1.34745e-05
6.98044e-06
7.01058e-06
7.10963e-06
6.86069e-06
4.3208e-05
-3.74739e-05
4.8947e-05
-5.45861e-05
7.72496e-05
-0.0044097
0.002605
0.0106778
-2.01354e-05
-2.02622e-05
-6.53503e-05
-1.85733e-08
-6.61388e-05
-9.46652e-08
-0.00025255
-6.45049e-07
-7.41734e-07
-6.82562e-06
-0.000848338
-8.5196e-06
-0.000259717
-9.86982e-07
-1.09298e-06
-6.69958e-05
-3.14644e-07
-6.78676e-05
-3.81555e-07
-2.06286e-05
-2.10621e-05
-7.9548e-05
-0.000804755
-0.00019482
-0.0003296
-0.000366797
0.000527595
-0.000628658
0.00174539
-0.00100313
0.003325
-0.00150233
0.00526786
-0.00213384
0.00755987
-0.00289987
0.0101647
-0.00379288
0.0130201
-0.00479609
0.016037
-0.00588349
0.0191066
-0.00701859
0.0221123
-0.00816022
0.0249279
-0.0092634
0.0274556
-0.0102846
0.0295929
-0.0111833
0.031281
-0.0119215
0.0324589
-0.0124681
0.0331013
-0.0127988
0.0332054
-0.0128969
0.0327705
-0.0127549
0.0318298
-0.0123725
0.0304316
-0.0117591
0.0286093
-0.0109417
0.0264401
-0.00994606
0.0239795
-0.00881501
0.0212713
-0.00757061
0.0183984
-0.00626515
0.0154434
0.00636001
0.00052125
0.000476301
-0.000934694
0.00119886
0.00017902
0.000170535
-0.000119689
0.000259471
8.25787e-06
8.22523e-06
8.22222e-06
8.03525e-06
1.64975e-05
-9.5122e-06
2.35059e-05
-3.03665e-05
-0.00489241
0.00302965
0.0125404
-2.10807e-05
-2.11755e-05
-6.85131e-05
4.50093e-10
-6.919e-05
-6.50259e-08
-0.000265431
-4.89656e-07
-6.21599e-07
-6.00801e-06
-0.000912483
-9.39575e-06
-0.00027216
-8.14068e-07
-9.76417e-07
-6.99111e-05
-2.66157e-07
-7.06699e-05
-3.34338e-07
-2.14903e-05
-2.18718e-05
-8.51678e-05
-0.000914407
-0.000185559
-0.00051083
-0.000337295
0.00023624
-0.000575717
0.00131799
-0.000918548
0.00274123
-0.00137714
0.00451117
-0.00196188
0.00662189
-0.00267741
0.00904928
-0.0035214
0.0117454
-0.00448253
0.0146361
-0.00553878
0.0176268
-0.00665917
0.0206113
-0.00780544
0.02347
-0.00893531
0.0261063
-0.0100026
0.0284122
-0.010964
0.0303235
-0.0117797
0.0317705
-0.0124135
0.032716
-0.0128351
0.0331436
-0.0130225
0.0330382
-0.0129638
0.0324212
-0.0126522
0.0313249
-0.0121098
0.0297775
-0.0113386
0.0278327
-0.01039
0.0255545
-0.0092884
0.022989
-0.00807373
0.0202068
-0.00675632
0.0173072
0.00811019
0.000695541
0.000583861
-0.00148064
0.00179255
0.000209292
0.000194511
-0.000411486
0.000571579
9.50337e-06
9.44229e-06
9.28872e-06
9.24005e-06
-1.49864e-05
2.32558e-05
-6.75319e-06
-1.28205e-06
-0.00538477
0.00351549
0.0144096
-2.18714e-05
-2.19365e-05
-7.11782e-05
1.85483e-08
-7.1761e-05
-3.87928e-08
-0.000277272
-3.33359e-07
-5.62949e-07
-8.54182e-06
-0.000970232
-1.88929e-05
-0.000284945
-6.78838e-07
-1.04391e-06
-7.23535e-05
-2.21569e-07
-7.30367e-05
-2.93328e-07
-2.22027e-05
-2.25371e-05
-0.000101964
-0.000998037
-0.00017473
-0.00067343
-0.000306135
-3.33549e-05
-0.000521609
0.000921055
-0.000832172
0.00219628
-0.00125031
0.00379962
-0.00178735
0.00573185
-0.00245064
0.00797854
-0.0032417
0.0105046
-0.00415374
0.0132511
-0.00517022
0.0161378
-0.00626535
0.0190712
-0.00740502
0.0219397
-0.00854707
0.0246508
-0.00964867
0.0270969
-0.0106635
0.0292073
-0.0115481
0.0309051
-0.012262
0.0321429
-0.0127702
0.0328913
-0.0130488
0.0331232
-0.0130768
0.0328458
-0.012852
0.0320672
-0.0123778
0.0308168
-0.0116829
0.0291256
-0.0107868
0.0270529
-0.00973853
0.0246538
-0.00854452
0.021995
-0.00724887
0.0191713
0.00982238
0.00095191
0.000851392
-0.00213162
0.00251089
0.000316254
0.000244786
-0.000745293
0.00093303
1.11142e-05
1.04213e-05
1.03014e-05
1.04922e-05
-5.1232e-05
6.07337e-05
-4.17871e-05
3.25471e-05
-0.00592658
0.00390401
-2.25186e-05
-2.25574e-05
-7.34054e-05
3.52531e-08
-7.3949e-05
-1.92297e-08
-0.000292067
-3.3644e-07
-1.08596e-06
-2.91115e-05
-0.000996093
-4.69998e-05
-0.000306026
-1.38921e-06
-3.54926e-06
-7.44418e-05
-1.85985e-07
-7.52063e-05
-2.79567e-07
-2.27789e-05
-2.30723e-05
-0.000101767
-0.00107099
-0.000152283
-0.000827254
-0.000271416
-0.000283522
-0.00046535
0.000554255
-0.000745235
0.00169122
-0.00112387
0.00313617
-0.00161334
0.00489458
-0.00222336
0.00696023
-0.0029584
0.00930925
-0.00381648
0.0118973
-0.0047857
0.0146582
-0.00584575
0.0175119
-0.00696576
0.0203584
-0.00810863
0.0231108
-0.00923402
0.0256675
-0.0102863
0.0279455
-0.0112285
0.0298717
-0.0120152
0.031388
-0.0126073
0.0324498
-0.0129728
0.0330193
-0.0130881
0.033082
-0.0129486
0.0326381
-0.0125704
0.0317043
-0.011955
0.0302938
-0.0111426
0.0284569
-0.0101308
0.02624
-0.00899943
0.0237455
-0.00782346
0.00086317
0.00105324
-0.00288604
0.00324496
0.000592998
0.000476241
-0.00115285
0.00142848
2.5182e-05
1.544e-05
1.18233e-05
1.31454e-05
-9.19448e-05
0.000103058
-8.15254e-05
7.10332e-05
-2.30371e-05
-2.30562e-05
-7.55492e-05
6.04547e-09
-7.65239e-05
-1.11617e-07
-0.000318507
-5.08379e-06
-1.15517e-05
-4.95593e-05
-0.00101942
-2.88897e-05
-0.000325037
-1.75633e-05
-2.29078e-05
-7.7529e-05
-3.84618e-07
-8.01389e-05
-9.40622e-07
-2.32422e-05
-2.35219e-05
-7.2952e-05
-0.00115036
-0.000126502
-0.000972209
-0.000235265
-0.000513612
-0.000408811
0.000217856
-0.000659192
0.00122658
-0.000999459
0.00252232
-0.00144227
0.00411352
-0.00199877
0.00600063
-0.00267663
0.00816944
-0.00347657
0.0105882
-0.00439232
0.0132048
-0.00540774
0.0159539
-0.00649809
0.0187479
-0.00762837
0.0215052
-0.00875713
0.0241384
-0.00984004
0.026557
-0.0108303
0.0286867
-0.0116796
0.0304603
-0.0123487
0.0318257
-0.0128008
0.032732
-0.013013
0.0331464
-0.0129782
0.033046
-0.0126916
0.0324409
-0.0121747
0.0313258
-0.0114246
0.0297506
-0.0105232
0.0277637
-0.00950112
-0.00373446
0.000421284
0.000563741
-0.00174029
0.0020077
0.000161877
0.000163717
5.40275e-05
0.000110414
-0.000143467
0.000168654
-0.000128027
0.000114881
-2.35159e-05
-2.36276e-05
-8.32147e-05
-2.00975e-06
-8.90076e-05
-5.76045e-06
-0.000335599
-2.40336e-05
-1.49633e-05
-1.92821e-05
-0.00106477
-8.32112e-06
-0.000348265
-1.10433e-05
-5.18352e-06
-9.39361e-05
-1.26362e-05
-9.8995e-05
-1.78498e-05
-2.40125e-05
-2.49535e-05
-4.91758e-05
-0.00122766
-0.000102118
-0.00110531
-0.000199606
-0.000722777
-0.000353376
-8.79245e-05
-0.000575419
0.000802579
-0.000878628
0.00195872
-0.00127623
0.00339102
-0.00178019
0.00510422
-0.00239987
0.00709277
-0.00313983
0.00933578
-0.00399776
0.0117948
-0.00496194
0.0144178
-0.00601146
0.017131
-0.00711698
0.019865
-0.00824015
0.0225385
-0.00933765
0.0250644
-0.0103612
0.0273683
-0.0112644
0.029376
-0.0120015
0.0310264
-0.0125364
0.0322554
-0.0128454
0.0330136
-0.0129057
0.0332601
-0.0127224
0.0329885
-0.0122889
0.03219
-0.0116912
0.0309186
-0.010868
-0.00237779
-4.05468e-06
2.76185e-05
0.000130101
6.35456e-05
-0.000404879
0.00050559
6.11734e-05
-0.000333101
9.19514e-05
0.000222687
-2.69637e-05
-3.27247e-05
-0.000106199
-1.683e-05
-0.000111456
-9.7057e-06
-0.000361605
-4.30356e-06
-1.63785e-06
-7.26493e-06
-0.00110395
-2.73361e-06
-0.000367334
-1.94382e-06
-6.4379e-07
-0.000117034
-5.46503e-06
-0.000119268
-2.94906e-06
-4.53616e-05
-5.12895e-05
-1.19227e-05
-3.30805e-05
-0.00129674
-8.05251e-05
-0.00122443
-0.000165765
-0.000910384
-0.000300014
-0.000363295
-0.000494771
0.000418763
-0.000762605
0.00144513
-0.00111655
0.00272743
-0.00156962
0.00427401
-0.00213227
0.00608523
-0.00281146
0.0081495
-0.00360781
0.0104407
-0.00451456
0.0129209
-0.00551619
0.0155302
-0.00658618
0.0182111
-0.00769104
0.0208919
-0.00878905
0.0234922
-0.00983344
0.0259375
-0.0107777
0.0281522
-0.0115749
0.030065
-0.0121868
0.0315968
-0.0125819
0.0326898
-0.0127464
0.0332841
-0.0126703
0.0333699
-0.0124079
0.0329066
-0.0118106
-0.000686492
-2.82117e-05
-0.000649375
-9.5015e-06
0.000599953
3.57343e-05
1.41219e-05
-9.19514e-05
0.000153125
-6.13062e-05
-6.81391e-06
-6.81515e-05
-2.86063e-06
-0.000122055
-1.51695e-06
-0.000122991
-7.0032e-07
-0.00037354
-8.9309e-07
-1.58562e-07
-3.22317e-06
-0.00113297
-8.36736e-07
-0.000375657
-5.47707e-07
-7.25914e-08
-0.000124294
-6.41005e-07
-0.000124491
-4.45337e-07
-7.24322e-05
-1.18368e-06
-7.47663e-05
-6.15027e-07
-1.19229e-05
-2.17027e-05
-0.00135551
-6.14943e-05
-0.00132864
-0.000133947
-0.0010764
-0.000249019
-0.000609011
-0.000417603
7.38008e-05
-0.000651658
0.000980275
-0.000964322
0.00212217
-0.00136848
0.00351025
-0.00187584
0.00514965
-0.00249489
0.00703663
-0.00322928
0.00915547
-0.00407533
0.0114801
-0.00502189
0.0139659
-0.00604717
0.0165672
-0.00712172
0.0192246
-0.00820726
0.0218661
-0.00926071
0.0244205
-0.0102337
0.026811
-0.0110803
0.0289585
-0.0117649
0.0307797
-0.012249
0.0321924
-0.0125145
0.0331282
-0.012586
0.033548
-0.0122661
-0.000193478
-0.00020298
0.000188858
-1.87369e-05
-2.15975e-05
-7.60859e-05
-1.97084e-07
-7.66806e-05
-1.0585e-07
-0.000125277
-1.05986e-07
-0.000125474
4.17126e-08
-0.000378853
-1.82905e-07
1.55085e-07
-1.28487e-06
-0.00115362
2.44764e-07
-0.000379667
-1.37109e-07
1.19647e-07
-0.000125891
-1.29223e-07
-0.000125826
-1.36829e-07
-7.72298e-05
-9.08935e-08
-7.75761e-05
-9.89701e-08
-2.27811e-05
-2.33961e-05
-1.29558e-05
-0.00140409
-4.44532e-05
-0.00141816
-0.000103953
-0.00122146
-0.000200299
-0.00082628
-0.000343771
-0.000234046
-0.000546012
0.000562009
-0.000819865
0.0015736
-0.00117828
0.00281274
-0.00163324
0.00428804
-0.0021942
0.00600159
-0.00286664
0.00794683
-0.00365032
0.0101086
-0.00453701
0.0124559
-0.00551037
0.014956
-0.00654535
0.0175628
-0.00760705
0.0202125
-0.00865502
0.0228419
-0.00964368
0.0253744
-0.0105299
0.0277234
-0.0112697
0.0298003
-0.0118388
0.0315167
-0.0122361
0.0327783
-0.0121967
-2.35933e-05
-2.3699e-05
-7.77332e-05
5.22629e-08
-7.7716e-05
2.49775e-08
-0.00012613
1.18154e-07
-0.00012616
1.85815e-07
-0.000381367
1.10836e-07
3.15362e-07
-4.8492e-09
-0.00116764
1.09131e-06
-0.000381456
8.07373e-08
2.55147e-07
-0.000126313
1.39619e-08
-0.000126164
-2.76285e-08
-7.78385e-05
-4.75117e-09
-7.79395e-05
-3.65573e-08
-2.37899e-05
-2.38887e-05
-5.59978e-06
-0.00144288
-2.87113e-05
-0.00149334
-7.53282e-05
-0.00134639
-0.000153513
-0.00101651
-0.000273147
-0.000506876
-0.000445861
0.000188047
-0.000683991
0.00107935
-0.00100016
0.00217971
-0.00140621
0.00350011
-0.0019122
0.00504722
-0.00252474
0.00682136
-0.00324569
0.00881742
-0.00407067
0.0110163
-0.00498675
0.0133975
-0.00597275
0.0159285
-0.0070001
0.0185576
-0.00803066
0.0212289
-0.00902686
0.0238714
-0.00993324
0.026387
-0.0107294
0.028691
-0.0113784
0.0306589
-0.0116246
-2.38363e-05
-2.38109e-05
-7.7908e-05
8.57904e-08
-7.77748e-05
5.0751e-08
-0.000126254
2.01814e-07
-0.000126188
2.53009e-07
-0.000382193
2.96852e-07
4.43791e-07
1.00013e-06
-0.00117607
1.85734e-06
-0.000381711
2.47753e-07
3.76379e-07
-0.0001262
9.49735e-08
-0.000125986
4.5341e-08
-7.77814e-05
2.01773e-08
-7.7799e-05
-1.11445e-08
-2.38156e-05
-2.38524e-05
9.25466e-07
-0.00147253
-1.37874e-05
-0.00155489
-4.75978e-05
-0.00145229
-0.000108374
-0.00118125
-0.000206009
-0.000746692
-0.000351802
-0.000144096
-0.000557654
0.00063691
-0.000835717
0.00160928
-0.00119734
0.00278531
-0.00165233
0.0041749
-0.00220814
0.00578399
-0.00286802
0.00761505
-0.00362993
0.00965978
-0.00448473
0.0119097
-0.0054163
0.0143448
-0.00639935
0.0169263
-0.00740481
0.0196068
-0.00838
0.0223182
-0.00931601
0.0249736
-0.010141
0.0274535
-0.0106303
-2.37672e-05
-2.37167e-05
-7.76929e-05
9.62684e-08
-7.75027e-05
6.35857e-08
-0.000125942
2.54221e-07
-0.000125796
3.02229e-07
-0.000381693
4.41263e-07
5.58618e-07
1.89471e-06
-0.00117959
2.57953e-06
-0.000380715
3.87789e-07
4.94968e-07
-0.000125706
1.59624e-07
-0.00012543
1.06063e-07
-7.74402e-05
3.62553e-08
-7.73996e-05
6.08797e-09
-2.3697e-05
-2.37083e-05
7.22719e-06
-0.00149349
9.04084e-07
-0.00160335
-2.05175e-05
-0.00154012
-6.51064e-05
-0.00132213
-0.000142968
-0.000955492
-0.000265044
-0.000436658
-0.000442721
0.000243961
-0.000687254
0.00109923
-0.00100916
0.00214225
-0.00141791
0.00338495
-0.00192073
0.00483704
-0.00252174
0.00650707
-0.00322124
0.00839631
-0.00401321
0.0105065
-0.00488476
0.0128302
-0.00581673
0.0153382
-0.00677523
0.018002
-0.0077488
0.020751
-0.0086537
0.0234863
-0.00932763
-2.3612e-05
-2.35476e-05
-7.7245e-05
1.02497e-07
-7.70145e-05
7.31106e-08
-0.000125282
2.96839e-07
-0.000125063
3.46716e-07
-0.00038006
5.74847e-07
6.71146e-07
2.73613e-06
-0.00117838
3.31239e-06
-0.000378602
5.2432e-07
6.08252e-07
-0.000124888
2.15613e-07
-0.00012455
1.60906e-07
-7.69001e-05
4.93848e-08
-7.68125e-05
2.04237e-08
-2.35108e-05
-2.3504e-05
1.35095e-05
-0.00150608
1.55342e-05
-0.00163939
5.7709e-06
-0.00161097
-2.45317e-05
-0.00144053
-8.54429e-05
-0.00113506
-0.000187637
-0.000691712
-0.000341703
-0.000101551
-0.00055769
0.000647881
-0.000845231
0.00156985
-0.00121259
0.00267719
-0.00166678
0.0039824
-0.00221249
0.00549856
-0.00285109
0.00723439
-0.00357906
0.00920097
-0.00438787
0.0114013
-0.00525978
0.0138227
-0.00618248
0.0164357
-0.007078
0.0191752
-0.00786512
-2.34011e-05
-2.3327e-05
-7.66196e-05
1.07727e-07
-7.63518e-05
8.15415e-08
-0.000124315
3.39692e-07
-0.000124031
3.88877e-07
-0.000377329
7.0092e-07
7.7848e-07
3.60725e-06
-0.00117253
4.09088e-06
-0.000375384
6.53034e-07
7.22141e-07
-0.000123777
2.70851e-07
-0.000123379
2.14161e-07
-7.61917e-05
6.04449e-08
-7.6063e-05
3.3313e-08
-2.32769e-05
-2.32556e-05
1.9931e-05
-0.00151044
3.00068e-05
-0.0016636
3.0543e-05
-0.00166604
1.22113e-05
-0.00153818
-3.53282e-05
-0.00128736
-0.000122099
-0.000911279
-0.000257573
-0.000401465
-0.000450434
0.000253539
-0.000708934
0.00106669
-0.00104032
0.00205108
-0.00145072
0.00322086
-0.00194476
0.00459234
-0.00252544
0.0061807
-0.00318915
0.00800211
-0.00393017
0.0100717
-0.00474483
0.012385
-0.00556727
0.014925
-0.0063935
-2.31471e-05
-2.30642e-05
-7.5835e-05
1.13077e-07
-7.55365e-05
8.99948e-08
-0.000123057
3.8053e-07
-0.000122705
4.31546e-07
-0.000373496
8.33713e-07
8.98265e-07
4.53097e-06
-0.00116204
4.95473e-06
-0.000371033
7.91382e-07
8.51354e-07
-0.000122371
3.22073e-07
-0.00012191
2.65796e-07
-7.53345e-05
7.06811e-08
-7.51656e-05
4.52352e-08
-2.30031e-05
-2.29693e-05
2.65767e-05
-0.00150695
4.38538e-05
-0.00167687
5.28453e-05
-0.00170665
4.32343e-05
-0.00161674
4.97429e-06
-0.00141439
-7.12471e-05
-0.00109744
-0.000193473
-0.000658196
-0.000368913
-8.62048e-05
-0.000603937
0.000630632
-0.000904605
0.00150521
-0.00127596
0.00255218
-0.00172234
0.00378929
-0.00224629
0.00523794
-0.00284713
0.00691918
-0.00352613
0.00885299
-0.00423856
0.0110563
-0.00503452
-2.28563e-05
-2.27659e-05
-7.49019e-05
1.18766e-07
-7.45674e-05
9.86185e-08
-0.000121501
4.26656e-07
-0.000121074
4.77015e-07
-0.000368497
9.74978e-07
1.03722e-06
5.52799e-06
-0.00114683
5.87267e-06
-0.000365475
9.46556e-07
9.99483e-07
-0.000120658
3.7834e-07
-0.000120125
3.24192e-07
-7.43223e-05
8.14258e-08
-7.41115e-05
5.73616e-08
-2.26952e-05
-2.26497e-05
3.29999e-05
-0.0014961
5.62723e-05
-0.00168032
7.10934e-05
-0.00173454
6.66702e-05
-0.00167844
3.31343e-05
-0.00151867
-3.75734e-05
-0.00125304
-0.000151939
-0.000874619
-0.000315278
-0.000374284
-0.000532384
0.000258765
-0.000807521
0.00103693
-0.00114488
0.00197477
-0.0015479
0.00309084
-0.00201888
0.00440955
-0.00256221
0.00595511
-0.00315107
0.00776545
-0.00387102
-2.25307e-05
-2.24309e-05
-7.38066e-05
1.25655e-07
-7.34355e-05
1.08526e-07
-0.000119625
4.78785e-07
-0.000119115
5.32874e-07
-0.000362266
1.13861e-06
1.1929e-06
6.5402e-06
-0.00112712
6.8012e-06
-0.000358659
1.11939e-06
1.15715e-06
-0.000118608
4.44079e-07
-0.000117996
3.91852e-07
-7.31461e-05
9.37087e-08
-7.28897e-05
7.1036e-08
-2.23486e-05
-2.22901e-05
3.88622e-05
-0.00147861
6.62009e-05
-0.00167538
8.39149e-05
-0.00175176
8.07097e-05
-0.00172588
4.73831e-05
-0.00160336
-2.27983e-05
-0.00138191
-0.000134462
-0.00105534
-0.00029096
-0.000615706
-0.000495021
-5.3693e-05
-0.000749626
0.000641718
-0.00105786
0.0014847
-0.00142197
0.00249386
-0.00184547
0.00369275
-0.00232029
0.0051243
-0.00294077
-2.21636e-05
-2.20537e-05
-7.25417e-05
1.35066e-07
-7.21259e-05
1.20702e-07
-0.000117396
5.41874e-07
-0.000116796
5.97526e-07
-0.000354774
1.31168e-06
1.35246e-06
7.4996e-06
-0.00110341
7.64934e-06
-0.000350577
1.29634e-06
1.32253e-06
-0.000116191
5.17268e-07
-0.000115496
4.65505e-07
-7.17854e-05
1.08163e-07
-7.14769e-05
8.66373e-08
-2.19589e-05
-2.18866e-05
4.34562e-05
-0.00145594
7.25588e-05
-0.00166411
8.98586e-05
-0.00176086
8.39023e-05
-0.00176223
4.63567e-05
-0.00167231
-2.76561e-05
-0.00148846
-0.000140774
-0.00120514
-0.000294425
-0.000815958
-0.000489846
-0.000313364
-0.000728654
0.000312444
-0.00101251
0.00107508
-0.00134308
0.00199126
-0.00172259
0.00309491
-0.00223552
-2.17504e-05
-2.16282e-05
-7.10779e-05
1.46532e-07
-7.06132e-05
1.35611e-07
-0.00011479
6.08833e-07
-0.000114102
6.6581e-07
-0.000346059
1.48043e-06
1.50833e-06
8.28331e-06
-0.00107648
8.28301e-06
-0.000341341
1.46199e-06
1.47264e-06
-0.000113398
5.95542e-07
-0.000112615
5.41043e-07
-7.02166e-05
1.24237e-07
-6.98519e-05
1.03427e-07
-2.15189e-05
-2.14311e-05
4.60204e-05
-0.00142926
7.4626e-05
-0.00164865
8.82085e-05
-0.00176493
7.56135e-05
-0.00179129
3.01367e-05
-0.00172991
-5.11935e-05
-0.00157792
-0.000169006
-0.00133065
-0.00032299
-0.000983011
-0.000512964
-0.000529187
-0.000739638
3.93946e-05
-0.00100353
0.000735262
-0.00130836
0.00157682
-0.00171975
-2.12836e-05
-2.11468e-05
-6.9401e-05
1.60539e-07
-6.88845e-05
1.51648e-07
-0.000111809
6.78272e-07
-0.000111031
7.31939e-07
-0.000336316
1.6205e-06
1.6352e-06
8.67161e-06
-0.00104742
8.26969e-06
-0.000331178
1.59116e-06
1.571e-06
-0.000110236
6.68812e-07
-0.000109375
6.12639e-07
-6.84291e-05
1.41927e-07
-6.80079e-05
1.22232e-07
-2.10217e-05
-2.09173e-05
4.62882e-05
-0.00140101
7.17892e-05
-0.00163224
7.82845e-05
-0.0017675
5.59102e-05
-0.00181693
-2.218e-07
-0.00178077
-9.1036e-05
-0.00165577
-0.000215165
-0.00143825
-0.000370904
-0.0011249
-0.000557391
-0.000711518
-0.000774271
-0.000190159
-0.00102454
0.000451183
-0.00134712
-2.07559e-05
-2.06036e-05
-6.75023e-05
1.74629e-07
-6.69356e-05
1.67696e-07
-0.000108488
7.34919e-07
-0.000107641
7.84859e-07
-0.000325782
1.67328e-06
1.60748e-06
8.19469e-06
-0.00101729
8.05721e-06
-0.00032016
1.44981e-06
1.19028e-06
-0.00010677
7.22284e-07
-0.000105849
6.50718e-07
-6.64247e-05
1.58925e-07
-6.59497e-05
1.40015e-07
-2.04609e-05
-2.0338e-05
4.44731e-05
-0.00137337
6.3939e-05
-0.00161754
6.04976e-05
-0.00177188
2.58091e-05
-0.00184286
-4.25724e-05
-0.00182916
-0.000143514
-0.00172741
-0.000274127
-0.00153524
-0.000431603
-0.00125105
-0.000614194
-0.000871967
-0.000822995
-0.000391973
-0.00107238
-2.01625e-05
-1.99943e-05
-6.54011e-05
1.86295e-07
-6.47952e-05
1.80684e-07
-0.000104892
7.21426e-07
-0.000103967
6.83107e-07
-0.000315636
1.17227e-06
2.48419e-06
7.99554e-06
-0.000988648
7.84928e-06
-0.00030971
2.13641e-06
-0.000102972
4.58591e-07
-0.000101839
5.49324e-08
-6.42454e-05
1.70968e-07
-6.37409e-05
1.49501e-07
-1.98346e-05
-1.96942e-05
3.99081e-05
-0.00134943
5.07272e-05
-0.00160785
3.52146e-05
-0.00178127
-1.27373e-05
-0.00187262
-9.35275e-05
-0.0018791
-0.000203766
-0.00179775
-0.000339028
-0.00162777
-0.000495903
-0.00136944
-0.000673161
-0.00102201
-0.000871922
-1.95072e-05
-1.93268e-05
-6.31975e-05
1.79331e-07
-6.26615e-05
1.50984e-07
-0.000100073
-5.96185e-07
-9.49219e-05
-2.67261e-06
-0.000304345
2.64949e-06
7.65538e-06
-0.000963462
7.20978e-06
-0.000299403
2.91326e-06
6.63238e-05
-0.000159424
1.46878e-07
1.59318e-07
-6.23014e-05
9.76728e-08
-6.22509e-05
5.80955e-09
-1.91552e-05
-1.90053e-05
3.26418e-05
-0.001331
3.30117e-05
-0.00160535
4.26649e-06
-0.00179814
-5.73049e-05
-0.00190881
-0.000149204
-0.00193365
-0.000266039
-0.00187081
-0.000402679
-0.00172126
-0.000555292
-0.00148758
-0.000718892
-1.88246e-05
-1.86735e-05
-6.28688e-05
1.80578e-08
7.80147e-07
-0.000157073
1.62926e-07
1.4511e-07
-0.000294649
2.91263e-06
6.57719e-06
-0.000943338
5.93647e-06
-0.000290257
2.85222e-06
-0.000154453
1.41e-07
1.59008e-07
1.76158e-05
-1.74712e-05
1.77736e-05
-1.85753e-05
-1.85703e-05
2.25876e-05
-0.00132076
1.12122e-05
-0.00161246
-3.10265e-05
-0.00182445
-0.000104762
-0.00195323
-0.000204847
-0.00199485
-0.000324462
-0.00194911
-0.00045739
-0.0018193
-0.0005956
-1.85537e-05
-1.7308e-05
-1.71614e-05
-0.00015184
1.63458e-07
1.48089e-07
-0.000286249
2.58323e-06
4.9579e-06
-0.000929742
4.15836e-06
-0.000282709
2.40121e-06
-0.000149276
1.38296e-07
1.57302e-07
1.70024e-05
-1.68607e-05
1.06032e-05
-0.00131982
-1.31338e-05
-0.00163008
-6.82326e-05
-0.00186089
-0.000151704
-0.00200636
-0.000255936
-0.00206342
-0.00037277
-0.00203382
-0.000492027
-1.66954e-05
-1.65451e-05
-0.000146958
1.47266e-07
1.29466e-07
-0.000279732
1.97902e-06
2.92393e-06
-0.000924114
2.0094e-06
-0.000277285
1.74421e-06
-0.000144806
1.15046e-07
1.35791e-07
1.63878e-05
-1.62494e-05
-3.23275e-06
-0.00132998
-3.9245e-05
-0.00165931
-0.000105243
-0.00190741
-0.000194544
-0.00206778
-0.000297455
-0.00213878
-0.000402112
-1.61009e-05
-1.5969e-05
-0.000143033
1.1614e-07
9.68562e-08
-0.000275558
1.21123e-06
6.07965e-07
-0.000927418
-4.31459e-07
-0.000274475
9.29313e-07
-0.000141466
8.18959e-08
1.04092e-07
1.58332e-05
-1.57187e-05
-1.79215e-05
-0.00135099
-6.52962e-05
-0.00169898
-0.000139277
-0.00196261
-0.000229416
-0.00213585
-0.000322286
-1.56014e-05
-1.55023e-05
-0.000140373
7.72558e-08
5.61865e-08
-0.000274199
3.25077e-07
-1.92814e-06
-0.000940423
-3.07899e-06
-0.000274623
1.73851e-08
-0.000139542
3.95836e-08
6.36292e-08
1.53982e-05
-1.53163e-05
-3.32839e-05
-0.00138329
-9.04826e-05
-0.00174802
-0.00016778
-0.00202435
-0.000250266
-1.52371e-05
-1.51775e-05
-0.000139253
3.20841e-08
1.02172e-08
-0.000275906
-6.45244e-07
-4.59512e-06
-0.000963168
-5.9336e-06
-0.000278004
-9.96092e-07
-0.000139246
-6.14701e-09
1.86504e-08
1.51139e-05
-1.50734e-05
-4.89782e-05
-0.00142473
-0.000112668
-0.00180313
-0.000185194
-1.50398e-05
-1.50274e-05
-0.000139829
-1.58921e-08
-4.01193e-08
-0.000280938
-1.68864e-06
-7.56304e-06
-0.000995409
-9.29959e-06
-0.000284765
-2.09754e-06
-0.000140747
-5.81021e-08
-3.16462e-08
1.50088e-05
-1.5016e-05
-6.47172e-05
-0.00147286
-0.000126953
-1.50312e-05
-1.50692e-05
-0.00014228
-6.733e-08
-9.43513e-08
-0.000289473
-2.87971e-06
-1.13861e-05
-0.00103503
-1.38498e-05
-0.000295342
-3.45673e-06
-0.000144191
-1.1447e-07
-8.45857e-08
1.51009e-05
-1.51617e-05
-7.59139e-05
-1.52296e-05
-1.53231e-05
-0.000146792
-1.23963e-07
-1.5634e-07
-0.000302252
-4.54224e-06
-1.55264e-05
-1.82414e-05
-0.000310591
-5.56137e-06
-0.000149931
-1.85472e-07
-1.48335e-07
1.54077e-05
-1.55271e-05
-1.56511e-05
-1.58057e-05
-0.000154048
-2.03542e-07
-2.48126e-07
-0.000318916
-7.26281e-06
-9.60527e-06
-0.000159073
-3.22316e-07
-2.52901e-07
1.5954e-05
-1.61435e-05
-1.63473e-05
-1.65964e-05
-0.000165343
-4.1703e-07
-6.16211e-07
-1.5602e-06
-1.00659e-06
1.68493e-05
-1.718e-05
-1.76049e-05
-1.82254e-05
1.9232e-05
)
;

boundaryField
{
    inlet
    {
        type            calculated;
        value           nonuniform 0();
    }
    outlet
    {
        type            calculated;
        value           nonuniform List<scalar> 
55
(
0.00117975
0.00396593
0.00690601
0.00981616
0.0124843
0.0146457
0.016059
0.0165285
0.0159789
0.0144599
0.0121448
0.00924815
0.00599227
0.01181
0.0164321
0.0210682
0.0254231
0.0291306
0.0318611
0.0333622
0.0334786
0.0322062
0.0296646
0.0261508
0.0220238
0.0177036
0.013566
0.0098928
0.00683519
0.004419
0.00257907
0.00120411
0.000176347
-0.000592529
-0.00117513
-0.00161093
-0.00192291
-0.00212376
-0.00221863
-0.00220789
-0.00208944
-0.00186143
-0.00152395
-0.00107724
0.00172959
0.000323265
0.000128215
0.000710654
0.00277552
0.00417637
-0.000327572
-0.000172393
-2.07973e-05
0.000545908
0.000165265
)
;
    }
    wall
    {
        type            calculated;
        value           uniform 0;
    }
    front
    {
        type            empty;
        value           nonuniform 0();
    }
    back
    {
        type            empty;
        value           nonuniform 0();
    }
    vanem
    {
        type            calculated;
        value           uniform 0;
    }
    vaneu
    {
        type            calculated;
        value           nonuniform 0();
    }
    vanel
    {
        type            calculated;
        value           uniform -0;
    }
    procBoundary1to0
    {
        type            processor;
        value           nonuniform List<scalar> 
57
(
-0.00134365
-0.00412283
-0.00692987
-0.00966067
-0.0121325
-0.0141332
-0.0154709
-0.0159558
-0.0155281
-0.0142101
-0.0121383
-0.00952203
-0.00658299
0.00130815
0.00187578
0.00220601
0.00229316
0.00212183
0.00166605
0.000891762
-0.000247412
-0.00180634
-0.00384227
-0.00639961
-0.00948005
-0.0130137
-0.0168267
-0.0206382
-0.0241147
-0.0269354
-0.0289118
-0.0299813
-0.0301602
-0.0294741
-0.0278958
-0.0254102
-0.0220929
-0.0181683
-0.0139818
-0.00991709
-0.00631446
-0.00341644
-0.00136153
-0.00218274
-8.69099e-06
-0.000446796
2.53578e-05
-0.000238837
-2.36762e-06
0.000345554
-5.53573e-07
-9.17876e-06
-0.00142992
-0.000260956
8.58792e-05
-7.62736e-05
-4.35402e-05
)
;
    }
}


// ************************************************************************* //
