/*--------------------------------*- C++ -*----------------------------------*\
| =========                 |                                                 |
| \\      /  F ield         | OpenFOAM: The Open Source CFD Toolbox           |
|  \\    /   O peration     | Version:  v1912                                 |
|   \\  /    A nd           | Website:  www.openfoam.com                      |
|    \\/     M anipulation  |                                                 |
\*---------------------------------------------------------------------------*/
FoamFile
{
    version     2.0;
    format      ascii;
    class       surfaceScalarField;
    location    "110";
    object      phi;
}
// * * * * * * * * * * * * * * * * * * * * * * * * * * * * * * * * * * * * * //

dimensions      [0 3 -1 0 0 0 0];
oriented        oriented;


internalField   nonuniform List<scalar> 
7194
(
-2.09064e-06
0.00132867
0.00397828
-2.24128e-06
0.00133091
-1.00354e-05
0.00398608
-2.38736e-06
0.0013333
-2.59429e-05
0.00658985
-1.04063e-05
0.00399411
-2.38117e-06
0.00133569
-4.72346e-05
0.0090553
-2.57878e-05
0.00660524
-1.03834e-05
0.00400212
-2.25238e-06
0.00133795
-7.77324e-05
0.0112731
-5.04758e-05
0.00907999
-2.52668e-05
0.00662013
-1.02302e-05
0.0040101
-2.28848e-06
0.00134024
-0.000118129
0.0131109
-8.17304e-05
0.0113043
-4.77204e-05
0.00910245
-2.58398e-05
0.00663574
-1.05936e-05
0.00401841
-1.96537e-06
0.00134221
-0.000163616
0.0144472
-0.000121764
0.0131509
-8.15751e-05
0.0113382
-4.86507e-05
0.00912526
-2.3377e-05
0.00664853
-8.92579e-06
0.00402537
-1.83592e-06
0.00134405
-0.000208582
0.0151752
-0.000166515
0.0144919
-0.00012008
0.0131895
-7.58571e-05
0.0113654
-4.36764e-05
0.00914556
-2.11379e-05
0.00666074
-8.08277e-06
0.00403162
-1.72548e-06
0.00134578
-0.000248576
0.0152292
-0.000214721
0.0152234
-0.000163846
0.0145357
-0.00011476
0.0132284
-7.32068e-05
0.0113949
-3.99832e-05
0.00916441
-1.97584e-05
0.00667242
-7.43768e-06
0.00403734
-1.39239e-06
0.00134717
-0.000278029
0.0145762
-0.00025747
0.015272
-0.000211728
0.0152713
-0.00015735
0.0145783
-0.000103244
0.0132584
-6.42e-05
0.0114191
-3.56991e-05
0.00918035
-1.70217e-05
0.00668201
-5.33812e-06
0.00404128
-1.39903e-06
0.00134858
-0.000291129
0.0132494
-0.000298857
0.0146176
-0.000257423
0.0153177
-0.000198144
0.0153121
-0.000138563
0.0146136
-9.43325e-05
0.0132885
-5.67326e-05
0.0114402
-3.2027e-05
0.00919536
-1.56254e-05
0.0066923
-5.94624e-06
0.00404583
-1.0573e-06
0.00134964
-0.000284598
0.0113276
-0.000328904
0.0132795
-0.000294897
0.0146551
-0.000236518
0.0153561
-0.000173949
0.0153475
-0.000124114
0.0146434
-8.07161e-05
0.0133125
-4.99228e-05
0.0114581
-2.76991e-05
0.00920744
-1.22997e-05
0.00669865
-5.30011e-06
0.00405008
-9.54308e-07
0.00135059
-0.000244897
0.00893898
-0.000349093
0.0113478
-0.00032482
0.0133094
-0.000262128
0.0146807
-0.00020046
0.0153826
-0.000149885
0.0153733
-0.000104026
0.0146667
-6.80181e-05
0.0133306
-4.18109e-05
0.0114722
-2.3428e-05
0.00921857
-1.27384e-05
0.00670609
-4.87009e-06
0.004054
-9.83926e-07
0.00135158
-5.04723e-05
0.0062311
-0.000109672
-0.000356478
0.00894637
-0.000342359
0.0113653
-0.000274514
0.0133218
-0.000216123
0.0146963
-0.000166233
0.0153989
-0.000120323
0.0153896
-8.58522e-05
0.0146845
-6.01634e-05
0.013349
-3.86093e-05
0.0114874
-2.25649e-05
0.0092284
-1.1563e-05
0.00671279
-4.68605e-06
0.0040577
-9.60934e-07
0.00135254
0.00211726
-0.0021353
-3.24283e-05
-0.00014159
0.00621797
-0.000201759
0.0020714
-6.3812e-05
-0.000348354
0.00895237
-0.000267475
0.0113583
-0.000210038
0.0133157
-0.000165924
0.014696
-0.00012933
0.0154079
-0.000101983
0.0154057
-7.52472e-05
0.0146996
-4.99441e-05
0.0133603
-3.24743e-05
0.0114973
-1.92822e-05
0.00923612
-9.96181e-06
0.00671807
-4.53973e-06
0.00406128
-1.02294e-06
0.00135357
-2.00219e-05
0.00139746
-0.00142234
-8.96157e-07
-6.64917e-06
0.00204095
-0.000111134
-0.00019519
0.00620467
-0.000139857
0.00201337
-0.000174181
0.00135408
-1.55267e-05
-4.90275e-06
-0.000227289
0.00891219
-0.000182437
0.0113307
-0.000152774
0.0133025
-0.000127846
0.0146945
-0.000105148
0.0154111
-8.15158e-05
0.015412
-5.91329e-05
0.0147088
-4.44369e-05
0.0133723
-2.98566e-05
0.0115079
-2.06013e-05
0.00924676
-1.14567e-05
0.00672499
-4.05755e-06
0.00406432
-1.25985e-06
0.00135483
-3.59971e-06
-4.41017e-08
0.000446521
-0.000446653
-7.63872e-07
0.000441626
-1.75375e-06
0.00129965
-1.68771e-05
-3.98341e-05
0.00198983
-0.000171648
-0.000100326
0.00611928
-4.15745e-05
0.00195926
-0.000109288
0.00126558
-8.70598e-05
-5.30492e-05
-0.000439365
0.00042934
-5.5003e-06
-2.64259e-06
-0.000124051
0.0088538
-0.000116036
0.0112939
-0.000106457
0.0132811
-9.53661e-05
0.0146848
-8.00894e-05
0.0154097
-6.47365e-05
0.0154176
-5.37017e-05
0.0147181
-4.04506e-05
0.0133829
-2.91548e-05
0.0115164
-1.88889e-05
0.00925419
-1.19505e-05
0.00673288
-5.59918e-06
0.00406866
-1.3156e-06
0.00135615
-0.000449194
-1.05844e-06
-1.30534e-08
0.000261645
-0.000262347
-6.15181e-08
0.000260165
-2.74051e-07
0.000421664
-9.20089e-06
0.000400129
-1.82979e-05
0.0012377
-8.01067e-05
-6.3656e-05
0.00191339
-5.44494e-05
-3.64117e-05
0.00603981
-8.15996e-06
0.00189611
-2.42953e-05
0.00118593
-1.70396e-05
-4.04795e-05
-0.000380333
0.000353319
-6.00457e-05
-3.3253e-05
-0.000257936
0.0002532
-7.63571e-07
-4.13847e-07
-6.64537e-05
0.00880422
-7.37739e-05
0.0112613
-7.52422e-05
0.013261
-7.18852e-05
0.0146766
-6.50249e-05
0.01541
-5.88171e-05
0.0154227
-4.8326e-05
0.0147259
-3.86791e-05
0.0133924
-3.11099e-05
0.0115286
-2.22063e-05
0.00926445
-1.17496e-05
0.00673904
-5.90112e-06
0.00407325
-1.37744e-06
0.00135753
-0.000263293
-1.12384e-07
-4.41444e-08
7.58168e-05
-7.58783e-05
7.55428e-05
0.000245729
-1.72895e-06
0.00023122
-3.78855e-06
0.000331737
-5.85243e-05
0.000311679
-4.35974e-05
0.00114447
-1.04124e-05
-2.57455e-06
0.00187222
-1.25155e-05
-1.51956e-05
0.00598909
-5.36093e-07
0.00186946
-5.40231e-06
0.00112348
-1.73076e-07
-3.13526e-06
-0.000289913
0.000279201
-6.32675e-06
-1.8713e-05
-0.000207718
0.000169015
-2.13426e-05
-9.75118e-06
-7.5129e-05
7.43656e-05
-3.66908e-05
0.00876714
-4.80997e-05
0.0112341
-5.34236e-05
0.0132426
-5.41286e-05
0.0146657
-5.42257e-05
0.0154054
-4.98298e-05
0.0154242
-4.4613e-05
0.0147319
-3.98246e-05
0.0134011
-3.13928e-05
0.0115378
-2.19395e-05
0.00927464
-1.47245e-05
0.00674786
-6.72831e-06
0.00407861
-1.6986e-06
0.00135923
-7.59907e-05
7.26368e-05
6.88483e-05
0.000148246
-3.77547e-05
0.000104649
0.000271072
-2.2831e-06
0.000269171
-6.72536e-07
0.00111195
-1.19639e-06
2.18463e-07
0.00185775
-3.48822e-06
-7.74954e-06
0.00595909
1.05784e-06
0.00185817
-9.56131e-07
0.00110662
5.53837e-07
-6.30992e-07
-0.00026641
0.000266329
-9.19756e-08
-3.74575e-07
-8.59362e-05
7.96098e-05
-5.90971e-05
3.77547e-05
-2.14635e-05
0.00874051
-3.26801e-05
0.0112134
-3.98037e-05
0.0132282
-4.62112e-05
0.0146577
-4.76873e-05
0.0154032
-4.74582e-05
0.0154271
-4.72316e-05
0.0147393
-4.23485e-05
0.0134121
-3.43549e-05
0.0115502
-2.66127e-05
0.00928653
-1.61723e-05
0.00675731
-7.47632e-06
0.00408439
-1.73114e-06
0.00136097
7.73268e-05
7.66544e-05
0.000265306
-1.72502e-07
0.000265499
2.53964e-08
0.00110324
-3.26817e-07
2.27396e-07
0.00185178
-1.35615e-06
-4.8526e-06
0.00594072
1.76027e-06
0.00185341
-5.69353e-07
0.00110218
4.08764e-07
-3.1364e-07
-0.00026481
0.000265304
6.06411e-08
5.81282e-08
-7.62798e-05
7.6188e-05
-1.34587e-05
0.00872129
-2.41181e-05
0.0111977
-3.12219e-05
0.0132133
-3.72829e-05
0.0146473
-4.4442e-05
0.0154002
-4.83424e-05
0.0154282
-5.05204e-05
0.0147475
-4.6931e-05
0.0134246
-4.1016e-05
0.0115646
-2.99615e-05
0.00930033
-1.80164e-05
0.00676785
-8.30219e-06
0.00409096
-2.09052e-06
0.00136306
7.60156e-05
7.60411e-05
0.000265063
-8.52099e-08
0.000265234
5.68347e-08
0.00110085
-1.79152e-07
1.56213e-07
0.00184915
-5.90305e-07
-2.99631e-06
0.00592918
1.07894e-06
0.00185088
3.18276e-08
0.00110016
2.70172e-07
-1.50482e-07
-0.000264837
0.000265212
3.47658e-08
8.27002e-08
-7.60992e-05
7.616e-05
-9.59352e-06
0.00870677
-1.64755e-05
0.0111829
-2.66582e-05
0.0132026
-3.50025e-05
0.0146378
-4.37266e-05
0.0153956
-5.39303e-05
0.0154316
-5.68069e-05
0.0147573
-5.56564e-05
0.0134393
-4.67483e-05
0.0115814
-3.53611e-05
0.00931767
-2.13921e-05
0.00678094
-9.85196e-06
0.00409873
-2.18449e-06
0.00136525
7.60749e-05
7.61318e-05
0.0002651
-6.69721e-08
0.000265222
3.42019e-08
0.00109966
-1.41853e-07
5.21052e-08
0.00184836
-4.76106e-07
-1.70992e-06
0.00592044
8.56779e-07
0.00184915
2.88883e-07
0.00109952
2.60165e-07
-8.39758e-08
-0.000265003
0.000265261
1.26927e-08
6.81107e-08
-7.62145e-05
7.62494e-05
-6.49261e-06
0.00869679
-1.34938e-05
0.0111698
-2.41607e-05
0.0131918
-3.57422e-05
0.0146298
-4.90375e-05
0.0153907
-5.94704e-05
0.0154342
-6.6735e-05
0.0147684
-6.47673e-05
0.0134573
-5.47902e-05
0.0116009
-3.71651e-05
0.00933345
-2.16714e-05
0.00679277
-9.36298e-06
0.00410591
-1.98634e-06
0.00136724
7.61825e-05
7.62167e-05
0.000265198
-7.77678e-08
0.000265231
1.85518e-08
0.00109908
-7.71418e-08
4.02818e-08
0.00184776
-3.188e-07
-1.32553e-06
0.005914
1.2813e-06
0.00184837
2.46388e-07
0.0010993
1.71591e-07
-9.62271e-08
-0.000265074
0.000265324
1.05041e-08
7.36149e-08
-7.62849e-05
7.62977e-05
-5.33995e-06
0.00868863
-1.22006e-05
0.0111578
-2.31338e-05
0.0131792
-4.14122e-05
0.0146222
-6.05538e-05
0.0153918
-7.57926e-05
0.0154433
-8.02022e-05
0.0147839
-7.4279e-05
0.0134768
-5.9983e-05
0.0116237
-4.22939e-05
0.00935407
-2.37653e-05
0.00680717
-9.23707e-06
0.00411316
-2.04542e-06
0.00136929
7.622e-05
7.62386e-05
0.000265325
-7.85354e-08
0.00026535
1.5902e-08
0.00109903
-9.10254e-09
-3.88451e-08
0.00184718
-1.39732e-07
-1.02093e-06
0.00590859
1.09331e-06
0.00184817
2.92525e-07
0.00109913
1.7017e-07
-3.11027e-08
-0.000265183
0.000265351
4.40343e-09
7.09796e-08
-7.63122e-05
7.63229e-05
-3.51446e-06
0.00867995
-1.18857e-05
0.0111466
-2.75478e-05
0.0131653
-4.65437e-05
0.0146082
-7.03587e-05
0.0153864
-8.94358e-05
0.0154525
-9.78455e-05
0.0148074
-8.7811e-05
0.0135046
-6.75817e-05
0.011649
-4.44964e-05
0.00937481
-2.31989e-05
0.00682114
-9.90342e-06
0.00412102
-2.61798e-06
0.00137191
7.62444e-05
7.62604e-05
0.00026542
-7.81625e-08
0.000265371
1.04072e-08
0.00109904
-7.52527e-09
-3.27454e-08
0.00184727
-1.11377e-07
-4.8421e-07
0.00590461
9.5162e-07
0.00184806
3.01879e-07
0.00109917
1.74025e-07
-1.91848e-08
-0.00026524
0.000265403
7.85968e-09
9.98697e-08
-7.63314e-05
7.63359e-05
-4.45211e-06
0.00867252
-1.42606e-05
0.0111333
-3.32769e-05
0.0131521
-6.39856e-05
0.0146018
-9.34356e-05
0.0153904
-0.000112665
0.0154674
-0.000113415
0.014833
-9.80359e-05
0.0135351
-7.24337e-05
0.0116769
-4.562e-05
0.00939723
-2.34721e-05
0.00683471
-8.09821e-06
0.00412651
-8.1576e-07
0.00137273
7.62579e-05
7.62683e-05
0.000265477
-8.16097e-08
0.000265427
1.81884e-08
0.00109911
-2.43563e-10
-4.28791e-08
0.00184749
8.60716e-08
-1.83496e-07
0.00589978
5.61512e-07
0.0018481
3.39524e-07
0.00109925
1.72728e-07
-1.00213e-08
-0.000265339
0.000265505
8.43805e-09
6.81122e-08
-7.63682e-05
7.63762e-05
-3.72282e-06
0.00866198
-1.94245e-05
0.0111194
-4.69731e-05
0.0131351
-8.35671e-05
0.014592
-0.000117626
0.0153953
-0.000136117
0.0154901
-0.000130039
0.014865
-0.000107303
0.01357
-7.59267e-05
0.0117072
-4.29133e-05
0.00941667
-2.19795e-05
0.00684859
-7.02729e-06
0.00413272
-7.30769e-07
0.00137346
7.62947e-05
7.63129e-05
0.000265592
-8.60472e-08
0.000265438
1.10806e-07
0.00109936
4.48033e-09
-3.25907e-08
0.00184779
1.33062e-07
3.46379e-07
0.00589633
-6.16054e-07
0.00184815
2.03209e-07
0.00109953
1.77006e-07
-3.75132e-09
-0.000265439
0.000265616
-4.19049e-09
-1.09564e-08
-7.6381e-05
7.63897e-05
-6.9042e-06
0.00864947
-2.68176e-05
0.0110993
-6.36723e-05
0.0131152
-0.000112285
0.0145866
-0.000150045
0.0154093
-0.000162646
0.0155227
-0.000144683
0.0149024
-0.000111405
0.0136054
-7.30027e-05
0.0117373
-4.18682e-05
0.00943657
-1.79806e-05
0.00685955
-6.46997e-06
0.00413847
-4.65431e-07
0.00137393
7.63037e-05
7.64146e-05
0.000265666
-4.44433e-08
0.000265519
1.14183e-07
0.00109967
1.4836e-08
-2.66107e-08
0.00184832
1.71951e-07
1.22693e-06
0.00588911
-9.09416e-07
0.00184749
2.17254e-07
0.0010997
1.7804e-07
-9.96889e-10
-0.000265525
0.000265705
-3.00096e-09
-8.9537e-09
-7.64036e-05
7.63996e-05
-1.0542e-05
0.00863319
-3.95893e-05
0.0110752
-9.38645e-05
0.0130967
-0.00015
0.0145866
-0.000186604
0.0154332
-0.000184556
0.0155626
-0.00015453
0.0149455
-0.00011125
0.0136437
-6.87801e-05
0.0117642
-3.703e-05
0.00945562
-1.64219e-05
0.0068695
-3.19643e-06
0.0041412
-2.2898e-07
0.00137416
7.63553e-05
7.64695e-05
0.000265797
-7.68965e-08
0.000265656
1.15051e-07
0.00109988
1.46942e-08
-1.77552e-08
0.00184847
2.4966e-07
1.56192e-06
0.00587888
-1.87483e-06
0.00184768
-1.18578e-07
0.00109993
1.73957e-07
-7.40268e-09
-0.000265663
0.000265844
-3.20606e-09
-7.68072e-09
-7.64606e-05
7.64578e-05
-1.76562e-05
0.00861126
-6.35352e-05
0.0110449
-0.000133904
0.0130806
-0.000197429
0.0145974
-0.00022137
0.0154701
-0.00019614
0.0156042
-0.000153012
0.0149873
-0.000101943
0.0136769
-6.14573e-05
0.0117887
-3.14556e-05
0.00947065
-1.10291e-05
0.00687733
-2.88649e-06
0.00414385
1.6376e-07
0.001374
7.6381e-05
7.64961e-05
0.000265901
-4.16617e-08
0.000265802
8.18633e-08
0.00110019
1.13171e-08
-2.32849e-08
0.0018487
5.42453e-07
1.07775e-06
0.00586347
-3.32047e-06
0.00184716
-3.40676e-07
0.00109987
1.87708e-07
1.58003e-08
-0.00026577
0.00026595
-5.89421e-09
2.48338e-08
-7.64885e-05
7.64854e-05
-3.01767e-05
0.00857791
-9.96572e-05
0.0110106
-0.0001899
0.0130731
-0.000246585
0.0146226
-0.00023904
0.015513
-0.000199206
0.0156504
-0.000141953
0.0150273
-9.26676e-05
0.0137081
-5.21207e-05
0.0118093
-2.32006e-05
0.00948282
-6.71238e-06
0.00688116
6.86481e-07
0.00414333
1.75493e-06
0.00137226
7.64439e-05
7.65258e-05
0.000266044
-8.19113e-08
0.000265927
9.36513e-08
0.00110039
2.98422e-08
-5.59305e-09
0.00184762
6.20781e-07
1.80404e-06
0.00583726
-5.76883e-06
0.00184488
-5.71895e-07
0.00109991
1.16534e-07
1.97882e-08
-0.000265931
0.000266114
5.01929e-09
1.21464e-08
-7.65506e-05
7.65449e-05
-5.47356e-05
0.00853299
-0.000159895
0.0109806
-0.000257812
0.0130843
-0.000278573
0.0146622
-0.000243214
0.015557
-0.000182934
0.0156913
-0.000125713
0.0150604
-7.69776e-05
0.0137329
-4.13977e-05
0.0118275
-1.58679e-05
0.00949199
-3.1337e-06
0.00688499
1.66885e-06
0.00414344
2.11378e-06
0.00137015
7.64631e-05
7.65569e-05
0.00026622
-7.5719e-08
0.000266116
9.88981e-08
0.00110049
1.05621e-07
-5.72463e-08
0.00184664
3.56895e-08
-1.87487e-08
0.00579449
-1.19414e-05
0.00184176
-8.79651e-07
0.00109976
5.82678e-08
9.4011e-08
-0.000266121
0.000266237
7.58232e-10
1.4509e-08
-7.6569e-05
7.65742e-05
-0.000103684
0.00847678
-0.000241117
0.0109639
-0.000308244
0.013114
-0.000285066
0.014704
-0.000221814
0.0155958
-0.000157856
0.0157235
-0.000102809
0.0150862
-6.11823e-05
0.0137527
-2.86151e-05
0.0118403
-9.33292e-06
0.00949819
1.06831e-06
0.0068856
5.37301e-06
0.00414018
2.5333e-06
0.00136762
7.64986e-05
7.65976e-05
0.000266387
-4.31716e-08
0.000266258
7.12105e-08
0.00109973
1.89645e-07
-1.20349e-07
0.00184247
-7.34017e-07
-5.05827e-06
0.00572376
-2.78991e-05
0.00183335
-2.81624e-06
0.00109873
7.43064e-09
1.12292e-07
-0.000266304
0.000266355
8.02724e-09
4.83364e-08
-7.66121e-05
7.66131e-05
-0.000191637
0.0084273
-0.000328379
0.0109841
-0.000319926
0.0131489
-0.000253456
0.0147357
-0.000186316
0.0156243
-0.000128234
0.0157489
-8.12652e-05
0.0151063
-4.31944e-05
0.0137673
-1.81361e-05
0.0118491
-2.11934e-06
0.0095014
3.89145e-06
0.0068871
7.51122e-06
0.00413521
2.9341e-06
0.00136468
7.657e-05
7.66413e-05
0.000266616
-7.0716e-08
0.000266391
1.04925e-07
0.00109796
2.04974e-07
-1.64967e-07
0.00183152
-3.22919e-06
-2.5936e-05
0.00562916
-7.10986e-05
0.00181233
-8.71312e-06
0.00109534
-3.06652e-07
1.11154e-07
-0.000266485
0.00026652
-2.75681e-08
1.79774e-08
-7.66897e-05
7.66979e-05
-0.000322617
0.00842154
-0.000346773
0.0110109
-0.000273115
0.0131685
-0.000203792
0.0147531
-0.000145058
0.0156411
-9.79265e-05
0.0157656
-5.75069e-05
0.0151206
-2.84443e-05
0.0137776
-7.98069e-06
0.011855
4.44921e-06
0.00950084
1.12164e-05
0.00688338
7.91046e-06
0.00413023
3.42937e-06
0.00136125
7.66272e-05
7.67322e-05
0.000266751
-2.55367e-08
0.000266507
8.00193e-08
0.00109214
4.59826e-07
-4.86799e-07
0.00180044
-1.40437e-05
-9.55592e-05
0.00557718
-0.000175072
0.00176041
-3.10695e-05
0.00108405
-8.01822e-07
1.71811e-07
-0.000266563
0.000266289
-3.20803e-08
5.45313e-08
-7.67502e-05
7.67229e-05
-0.000361997
0.00843677
-0.000273622
0.0110114
-0.000203864
0.0131686
-0.000151602
0.0147597
-0.000106181
0.0156494
-6.77075e-05
0.0157758
-3.79623e-05
0.0151302
-1.27896e-05
0.0137825
3.67585e-06
0.0118557
1.21884e-05
0.00949988
1.25231e-05
0.00687878
9.56026e-06
0.0041241
3.99141e-06
0.00135725
7.66974e-05
7.67775e-05
0.000266794
-4.50735e-08
0.000266227
8.00938e-08
0.0010713
1.51394e-07
-1.43826e-06
0.00172468
-5.98296e-05
-0.000195967
0.00557197
-0.00016082
0.00167597
-0.000126356
0.00104407
-3.59858e-06
-2.41122e-07
-0.000266372
0.000265645
-7.46478e-08
2.75699e-08
-7.6832e-05
7.68001e-05
-0.000238859
0.00840201
-0.000177462
0.010985
-0.000137124
0.0131542
-0.000101364
0.0147549
-7.18442e-05
0.0156536
-4.48135e-05
0.0157827
-1.90305e-05
0.0151364
-2.29272e-06
0.0137884
1.19522e-05
0.011856
1.63151e-05
0.00949608
2.02343e-05
0.0068681
1.11871e-05
0.0041169
4.74886e-06
0.00135251
7.67551e-05
7.68352e-05
0.000265896
-9.94912e-08
0.000264483
-2.53797e-08
0.000996942
-2.17156e-06
-1.05322e-05
0.00164894
-0.000168935
-0.000107
0.00548282
-4.27038e-05
0.00161565
-0.000127535
0.000922142
-3.72033e-05
-1.4352e-05
-0.00026431
0.000261233
-5.21983e-07
-6.74093e-08
-7.68628e-05
7.67883e-05
-0.000120481
0.00834504
-0.000105097
0.010953
-8.7553e-05
0.0131404
-6.71163e-05
0.0147502
-4.61786e-05
0.0156549
-2.26813e-05
0.0157863
-4.84201e-06
0.015139
9.98092e-06
0.0137904
1.95496e-05
0.0118528
2.28049e-05
0.00949352
1.84116e-05
0.00686088
1.57456e-05
0.0041059
6.50558e-06
0.00134599
7.66889e-05
7.66635e-05
0.000259669
-6.06996e-07
0.000250876
-1.73995e-06
0.000876773
-5.97492e-05
-6.38154e-05
0.00156362
-5.49647e-05
-3.16702e-05
0.00539924
-5.22059e-06
0.00154104
-2.01285e-05
0.000813097
-1.87345e-05
-4.51264e-05
-0.00024036
0.000213169
-1.00128e-05
-3.8354e-06
-7.65961e-05
7.60742e-05
-5.5873e-05
0.00829584
-5.75506e-05
0.010923
-5.10788e-05
0.0131243
-3.86636e-05
0.0147427
-2.07678e-05
0.015653
-4.7247e-06
0.0157862
8.96882e-06
0.01514
2.26239e-05
0.0137873
2.75456e-05
0.011848
2.97571e-05
0.00948217
2.66679e-05
0.00684995
1.59951e-05
0.0040964
5.9901e-06
0.00134001
7.54672e-05
7.37272e-05
0.000175597
-2.21763e-05
0.000149485
-3.77027e-05
0.000765769
-6.38674e-06
-1.25163e-06
0.00151784
-8.46911e-06
-1.09166e-05
0.0053524
1.88457e-06
0.0015152
-2.57359e-06
0.00074642
9.82349e-08
-8.78778e-07
-0.000104358
8.56237e-05
-6.98918e-05
5.9879e-05
-2.65045e-05
0.0082648
-3.13696e-05
0.0109033
-2.62757e-05
0.013112
-1.6811e-05
0.0147387
-6.2167e-06
0.0156545
7.11823e-06
0.0157881
1.96488e-05
0.015143
2.97749e-05
0.0137851
3.37043e-05
0.0118441
3.45767e-05
0.00947426
2.92957e-05
0.00683666
1.98968e-05
0.0040825
6.85315e-06
0.00133315
3.77027e-05
7.92367e-05
7.79848e-05
0.000737998
-1.92362e-07
1.44867e-07
0.00150561
-1.32259e-06
-4.85196e-06
0.00532748
3.28048e-06
0.00150735
1.46458e-07
0.00073536
1.46553e-07
-8.03879e-08
-7.71061e-05
7.72038e-05
-1.04517e-05
0.00824389
-1.22839e-05
0.0108894
-9.94444e-06
0.0131051
-1.31162e-06
0.0147338
9.73552e-06
0.0156519
2.13884e-05
0.0157863
3.22621e-05
0.0151405
3.82332e-05
0.0137806
4.23373e-05
0.0118363
4.33334e-05
0.00946022
3.33847e-05
0.00682316
2.24178e-05
0.00406693
8.83387e-06
0.00132432
7.70115e-05
7.71564e-05
0.00073393
-1.48122e-08
1.25367e-07
0.00150258
-7.74932e-08
-2.63812e-06
0.00531662
3.04366e-06
0.00150538
4.80569e-07
0.000734009
9.62399e-08
-2.57702e-08
-7.7076e-05
7.72227e-05
-2.43683e-06
0.00823404
-1.5603e-06
0.010881
3.4205e-06
0.0131004
1.1658e-05
0.0147319
2.25518e-05
0.0156508
3.19354e-05
0.0157867
4.1965e-05
0.0151368
4.73587e-05
0.0137756
5.14377e-05
0.0118282
4.60156e-05
0.00944759
3.90651e-05
0.00680652
2.26349e-05
0.00405314
8.44955e-06
0.00131588
7.72082e-05
7.73341e-05
0.00073387
-2.63083e-08
9.02827e-08
0.00150257
1.75239e-07
-1.00694e-06
0.00531231
2.88374e-06
0.00150503
5.85634e-07
0.000734302
6.48282e-08
-1.43761e-08
-7.73083e-05
7.74051e-05
2.85677e-06
0.00822962
5.62862e-06
0.0108788
1.20568e-05
0.0131
2.00616e-05
0.0147344
3.05089e-05
0.0156522
4.23819e-05
0.0157863
4.96292e-05
0.0151345
5.78133e-05
0.0137692
5.89705e-05
0.0118153
5.24875e-05
0.00943416
4.28812e-05
0.00678627
2.56147e-05
0.00403598
9.44421e-06
0.00130645
7.73793e-05
7.74701e-05
0.000734395
6.3075e-10
8.31629e-08
0.00150362
3.97537e-07
-6.28774e-08
0.00531198
3.24265e-06
0.00150585
6.50383e-07
0.000734948
5.42471e-08
-2.21477e-08
-7.74558e-05
7.7521e-05
5.37774e-06
0.00822987
1.10487e-05
0.0108798
1.97552e-05
0.0131003
2.98539e-05
0.0147351
4.03086e-05
0.0156543
5.13858e-05
0.0157845
6.07679e-05
0.0151315
6.51589e-05
0.013763
6.15881e-05
0.0118061
5.8317e-05
0.00941874
4.48946e-05
0.006767
3.13769e-05
0.00401406
9.98701e-06
0.00129646
7.75218e-05
7.76053e-05
0.000735262
3.36489e-08
5.02539e-08
0.00150529
4.99859e-07
1.12287e-07
0.0053141
3.14947e-06
0.00150786
6.68244e-07
0.000735792
3.50448e-08
8.40424e-08
-7.75832e-05
7.76373e-05
8.66872e-06
0.00823226
1.65029e-05
0.010883
2.56277e-05
0.0131045
3.78248e-05
0.0147375
5.0676e-05
0.015655
6.04833e-05
0.0157848
6.8715e-05
0.015128
7.41702e-05
0.0137504
7.64754e-05
0.011788
6.64997e-05
0.00939713
5.56121e-05
0.00674276
3.23067e-05
0.00399174
1.07778e-05
0.00128569
7.76709e-05
7.77213e-05
0.000736198
3.69738e-08
5.62374e-08
0.00150746
5.17003e-07
1.0484e-06
0.00531901
2.70955e-06
0.0015099
7.01202e-07
0.000736837
2.25686e-08
5.23958e-09
-7.78053e-05
7.78399e-05
1.02603e-05
0.0082385
1.93855e-05
0.0108893
3.08594e-05
0.0131115
4.51849e-05
0.014743
5.72829e-05
0.0156582
7.04529e-05
0.0157831
8.09559e-05
0.0151212
8.46966e-05
0.0137422
8.65187e-05
0.011768
7.66051e-05
0.00937614
5.7645e-05
0.00671744
3.6519e-05
0.003966
1.45897e-05
0.00127109
7.78769e-05
7.79332e-05
0.000737295
1.29778e-08
4.43561e-08
0.00151025
7.01662e-07
1.34561e-06
0.00532513
2.79901e-06
0.0015122
7.54561e-07
0.000737932
2.69902e-08
3.59086e-08
-7.79384e-05
7.79605e-05
1.18167e-05
0.00824607
2.3563e-05
0.0108966
3.72387e-05
0.0131194
5.14998e-05
0.0147488
6.66049e-05
0.015662
8.06308e-05
0.0157834
8.8855e-05
0.015117
9.37146e-05
0.013735
9.03191e-05
0.0117543
8.48927e-05
0.00934889
6.51539e-05
0.00668879
4.05763e-05
0.00394
2.9296e-05
0.00124178
7.79733e-05
7.80177e-05
0.000738534
3.94786e-08
5.95664e-08
0.00151279
7.53727e-07
1.53133e-06
0.00533284
2.57088e-06
0.00151456
1.03003e-06
0.000739245
3.07294e-08
1.1774e-08
-7.80536e-05
7.808e-05
1.3084e-05
0.00825655
2.77182e-05
0.0109061
4.53901e-05
0.0131255
6.07519e-05
0.0147547
7.80022e-05
0.0156647
8.92254e-05
0.015783
0.000100581
0.0151102
0.000104703
0.0137206
0.000102497
0.0117367
9.14263e-05
0.00932262
7.25617e-05
0.0066568
6.19703e-05
0.00390732
5.66288e-05
7.81194e-05
7.81791e-05
0.000739895
4.11309e-08
6.1233e-08
0.00151524
8.55835e-07
1.44331e-06
0.00534259
1.89909e-06
0.00151716
6.48674e-07
0.000740802
1.09348e-07
1.30075e-08
-7.81909e-05
7.82211e-05
1.47939e-05
0.00826949
3.1038e-05
0.0109205
4.94846e-05
0.0131368
6.90232e-05
0.0147637
8.59889e-05
0.0156679
0.000101535
0.015782
0.000110842
0.015104
0.00011418
0.0137089
0.000110963
0.0117171
9.76503e-05
0.00929752
9.33322e-05
0.00662543
0.000103976
7.82621e-05
7.83234e-05
0.000741545
7.88476e-08
3.40086e-08
0.00151819
4.14502e-07
1.13922e-06
0.00535472
1.52538e-06
0.00152018
-9.00021e-08
0.000742124
3.46673e-08
3.41849e-08
-7.83364e-05
7.84453e-05
1.9094e-05
0.00828143
3.71563e-05
0.0109328
5.60154e-05
0.0131498
7.58278e-05
0.0147738
9.44238e-05
0.015675
0.00011119
0.0157817
0.000121114
0.0150971
0.000128161
0.0136917
0.000124602
0.0116902
0.00012129
0.00926956
0.000136009
7.85241e-05
7.85583e-05
0.000742462
2.31819e-08
5.23253e-08
0.00152252
-1.20366e-06
1.93626e-06
0.00536635
5.54306e-06
0.00152584
-1.79376e-06
0.00074241
3.73338e-09
-4.17283e-08
-7.85924e-05
7.86268e-05
2.28423e-05
0.00829576
4.0511e-05
0.0109483
6.32172e-05
0.0131624
8.54043e-05
0.0147828
0.000106504
0.0156797
0.000120103
0.0157827
0.00013247
0.0150928
0.000137519
0.0136788
0.000142621
0.0116688
0.000159275
7.86499e-05
7.87023e-05
0.000741145
3.32076e-08
2.84455e-08
0.00152411
5.32666e-06
-1.65357e-06
5.76205e-06
0.0053778
5.62758e-06
0.00152865
-3.17863e-07
1.31806e-06
0.000438351
-2.07607e-07
0.000301197
1.16285e-08
-7.86606e-05
7.8664e-05
2.45033e-05
0.00831176
4.61926e-05
0.0109653
6.89028e-05
0.0131789
9.43445e-05
0.014795
0.000113675
0.0156861
0.00013136
0.0157838
0.000140533
0.0150897
0.000153175
0.0136682
0.000169397
7.86972e-05
7.87258e-05
0.000459431
-1.57535e-05
0.000464575
-6.79636e-06
0.00153118
1.33139e-06
1.90871e-06
5.04565e-06
0.00539238
4.88362e-06
0.00153389
1.32676e-06
1.58962e-06
0.000467295
-3.03745e-06
0.0004695
-8.86986e-07
-7.87375e-05
7.85299e-05
0.00028258
2.86295e-06
2.65361e-05
0.00833143
5.08257e-05
0.0109834
7.76304e-05
0.0131956
0.000102862
0.0148058
0.00012353
0.0156939
0.000140799
0.0157835
0.000157207
0.0150857
0.000175342
0.000276664
-8.79745e-07
0.000470488
3.44256e-07
0.000471833
5.64483e-07
0.00153646
1.10575e-06
1.366e-06
5.28524e-06
0.00540869
4.94411e-06
0.00153934
8.50477e-07
1.15674e-06
0.000472477
6.83311e-07
0.000473213
8.54462e-07
0.000274667
-1.03989e-06
0.000274286
-5.05801e-07
8.1393e-05
3.01201e-05
0.00835212
5.59803e-05
0.011005
8.54844e-05
0.013213
0.00010988
0.0148194
0.000131243
0.0157035
0.00015034
0.0157904
0.000169722
8.05132e-05
0.000274621
9.63186e-09
0.000275072
1.14561e-07
0.000473684
6.34919e-07
0.000474596
4.54584e-07
0.00154268
8.64695e-07
1.08123e-06
5.67296e-06
0.00542774
5.40271e-06
0.00154558
1.14327e-06
9.01087e-07
0.000474997
4.50217e-07
0.000475547
6.06278e-07
0.000275585
1.70693e-07
0.000276284
1.56378e-07
7.94736e-05
7.89678e-05
3.31875e-05
0.00837492
6.29711e-05
0.0110275
9.24674e-05
0.0132304
0.000115951
0.0148347
0.000138605
0.0157152
0.00015358
7.89777e-05
7.90924e-05
0.000276725
1.93922e-07
0.000277037
1.43147e-07
0.000475958
4.5337e-07
0.000476542
4.98201e-07
0.00154923
1.13427e-06
8.88395e-07
6.40486e-06
0.00544865
5.86035e-06
0.00155254
1.21209e-06
8.79361e-07
0.000477271
4.14544e-07
0.000477762
4.1037e-07
0.000277381
1.06339e-07
0.000277879
1.08577e-07
7.92634e-05
7.94199e-05
3.80273e-05
0.00839985
7.02543e-05
0.0110498
9.85515e-05
0.0132478
0.000121389
0.0148519
0.000129903
7.9614e-05
7.97572e-05
0.00027823
1.02244e-07
0.000278593
1.35447e-07
0.000478276
6.19524e-07
0.000478746
4.19382e-07
0.00155663
1.32985e-06
9.9044e-07
7.20861e-06
0.00547272
6.75154e-06
0.00156019
1.31949e-06
9.78505e-07
0.000479584
3.73225e-07
0.00048002
4.4365e-07
0.000278943
6.46936e-08
0.000279252
1.01735e-07
7.98637e-05
7.99723e-05
4.40155e-05
0.00842609
7.78094e-05
0.0110705
0.000100212
0.013269
0.000103203
8.00746e-05
8.02101e-05
0.000279737
1.33648e-07
0.000280055
1.01548e-07
0.000480685
6.64453e-07
0.000481221
4.55263e-07
0.00156453
1.47492e-06
1.38968e-06
8.70009e-06
0.00550027
7.75915e-06
0.00156865
1.2402e-06
1.39715e-06
0.000482126
4.14884e-07
0.000482445
6.59605e-07
0.000280323
1.0571e-07
0.000280656
1.107e-07
8.02749e-05
8.03765e-05
5.33514e-05
0.00845053
7.97756e-05
0.0110909
7.52984e-05
8.05102e-05
8.06117e-05
0.000281216
1.04843e-07
0.000281453
2.17827e-07
0.000483358
5.62062e-07
0.000484228
5.20222e-07
0.00157432
1.43358e-06
1.59223e-06
1.13141e-05
0.0055312
1.11001e-05
0.00157889
1.55695e-06
1.62555e-06
0.000484928
5.39229e-07
0.000485591
7.34442e-07
0.000281777
9.1905e-08
0.000282314
1.22407e-07
8.07175e-05
8.08282e-05
5.8986e-05
0.00847132
5.08601e-05
8.09332e-05
8.1151e-05
0.000282722
1.54276e-07
0.000283115
1.26937e-07
0.000486384
6.39769e-07
0.000487361
6.15197e-07
0.0015862
1.88712e-06
2.11424e-06
1.57522e-05
0.00555729
1.71375e-05
0.00159241
2.34542e-06
2.54822e-06
0.000488342
5.75269e-07
0.000489063
9.04201e-07
0.000283526
1.28593e-07
0.00028417
9.05657e-08
8.12431e-05
8.13656e-05
3.46677e-05
8.15199e-05
8.16468e-05
0.000284645
1.64677e-07
0.000285112
1.47288e-07
0.000490162
7.87387e-07
0.000491463
8.13378e-07
0.00160154
3.00416e-06
3.61838e-06
3.30843e-05
1.44714e-05
0.00160921
4.13584e-06
5.32592e-06
0.000492772
1.03572e-06
0.000493914
1.40512e-06
0.000285536
1.51331e-07
0.000286282
1.57929e-07
8.17755e-05
8.1866e-05
8.20307e-05
8.21778e-05
0.000286867
2.0167e-07
0.000287489
1.91262e-07
0.000495406
1.51111e-06
0.000497303
1.72124e-06
0.00162231
8.57735e-06
1.14005e-05
1.69149e-05
8.65096e-06
0.000499485
1.95354e-06
0.000501795
3.01408e-06
0.00028829
2.34656e-07
0.000289383
3.11174e-07
8.23291e-05
8.24869e-05
8.26884e-05
8.28795e-05
0.00029052
3.73875e-07
0.000291829
4.11482e-07
0.000505174
5.19718e-06
0.000508689
7.88397e-06
0.000513325
1.22783e-05
1.19545e-05
0.000293264
5.17868e-07
0.0002955
7.76551e-07
8.3114e-05
8.34249e-05
8.37986e-05
8.42098e-05
0.00029914
1.55669e-06
0.000303496
3.52605e-06
0.000308046
7.72848e-06
1.58496e-05
8.47273e-05
8.55036e-05
8.70598e-05
9.05855e-05
9.83139e-05
-3.47463e-06
3.47545e-06
2.0565e-06
-5.5322e-06
-1.43378e-05
4.22518e-06
1.35891e-05
4.0195e-06
-1.62981e-05
1.01056e-06
-6.54211e-06
6.05658e-06
5.45794e-05
-5.23857e-05
3.71994e-06
9.86751e-06
2.622e-06
-1.79104e-05
4.50454e-07
-6.99213e-06
-4.37462e-06
5.10589e-05
-8.45585e-06
-3.22053e-05
-1.66682e-06
6.02015e-06
5.39465e-05
-1.10676e-06
-5.30314e-05
8.20155e-06
-1.85659e-05
1.6283e-07
-7.15366e-06
-3.2394e-06
6.19055e-05
-1.56069e-06
-0.000490366
-2.59739e-05
0.000508003
-3.20316e-06
-1.69963e-06
-2.57114e-05
-1.55095e-06
-6.52338e-07
5.15562e-05
-1.99297e-07
-8.16724e-07
-5.51305e-05
-2.89881e-07
7.54876e-06
-1.92203e-05
7.13728e-08
-7.22646e-06
-2.36426e-06
5.64995e-05
9.28939e-06
-1.59717e-06
-0.000474705
-1.72711e-05
-0.00149979
-4.44977e-05
0.00151828
-1.79464e-05
0.000524233
2.2818e-06
-2.6241e-05
-5.33727e-07
-1.23077e-06
-5.62076e-05
-1.14343e-07
-3.61402e-07
4.94343e-05
-1.42336e-07
-1.02212e-07
7.34842e-06
-1.94399e-05
1.13271e-07
-7.34158e-06
4.32554e-05
1.59978e-05
-1.50864e-06
-1.21921e-06
-0.00046534
-3.91589e-09
4.7951e-05
-7.56674e-08
-5.20624e-08
-0.00148092
-3.60756e-05
-0.00297983
-6.59512e-05
0.00300133
-3.80959e-05
0.00153848
-8.32021e-06
0.000534894
2.58791e-06
-2.81656e-05
-1.46132e-07
-4.78425e-07
5.73373e-05
-5.77336e-05
-1.72173e-08
-1.21453e-07
-1.62433e-10
-1.01555e-07
1.9688e-05
-6.41582e-08
-1.97412e-05
7.20532e-06
7.10349e-06
-7.40629e-06
2.33107e-05
-2.78492e-07
-7.27547e-08
3.51189e-05
-1.48644e-05
-0.00046202
1.25798e-05
4.658e-05
-6.23463e-08
-8.36708e-08
4.54405e-05
-4.78798e-08
-4.08836e-08
-0.00146298
-1.79863e-05
7.0273e-06
6.97365e-06
-0.0029579
-5.79954e-05
-0.00491765
-9.19301e-05
0.00494367
-6.16191e-05
0.00302487
-2.73139e-05
0.00155746
-3.75798e-06
0.000541228
1.4025e-06
-2.95335e-05
7.29277e-08
-9.46483e-08
5.82598e-05
-5.83519e-05
3.32279e-09
-5.71163e-08
4.07442e-08
7.17699e-09
1.99667e-05
-1.99482e-05
-3.6509e-08
1.99012e-05
-5.61562e-08
1.98859e-05
1.41299e-08
4.24547e-08
-7.36406e-06
-0.000456953
1.83059e-05
4.51775e-05
-1.60892e-09
-1.42274e-08
4.51471e-05
-2.58436e-08
-1.58169e-08
2.24779e-07
-2.90191e-06
3.78e-05
1.06019e-05
-2.52269e-05
-0.00144838
-1.98628e-06
6.90963e-06
6.82567e-06
6.77658e-06
6.73417e-06
-0.00293464
-4.12295e-05
-0.00489115
-8.44778e-05
-0.00726966
-0.000123643
0.0073014
-8.97442e-05
0.00497181
-5.24046e-05
0.00304998
-1.979e-05
0.00157354
-3.48748e-06
0.000546173
-6.72313e-07
-2.93465e-05
2.87514e-07
2.40555e-07
5.85728e-05
-5.84933e-05
2.00948e-08
-2.28219e-08
6.93205e-08
5.80574e-08
2.00002e-05
-1.99684e-05
-2.82088e-08
1.99875e-05
-4.37358e-08
2.00022e-05
2.59e-08
6.09305e-08
7.40632e-06
-7.44322e-06
7.34993e-06
-8.2422e-06
-0.00045677
1.85858e-05
-0.00143801
7.86129e-06
6.7314e-06
6.7177e-06
2.76553e-08
3.19759e-08
1.96617e-05
2.25196e-05
6.69158e-06
6.67541e-06
2.03746e-06
-2.83957e-07
-4.68868e-07
3.65118e-05
-3.14397e-05
-0.00291196
-2.47014e-05
-0.00486228
-7.00965e-05
-0.00723784
-0.000116283
-0.00994673
-0.000162049
0.00998516
-0.000123451
0.00733513
-8.28139e-05
0.00500224
-4.48265e-05
0.00307503
-1.83013e-05
0.00158836
-7.15509e-06
0.000552669
-3.79551e-06
-2.66007e-05
5.07724e-07
5.93681e-07
5.84409e-05
-5.82055e-05
4.06073e-08
1.53252e-08
9.08272e-08
9.82735e-08
1.99234e-05
-1.98794e-05
-2.29648e-08
1.99387e-05
-3.69079e-08
1.99753e-05
3.33243e-08
6.49568e-08
7.40022e-06
-7.42822e-06
7.35655e-06
7.38229e-06
-7.3739e-06
-0.000458445
1.63616e-05
-7.35651e-06
-0.00142981
1.03618e-05
-0.00289093
-1.31867e-05
6.7027e-06
6.73408e-06
6.60752e-07
1.32268e-07
1.88661e-05
2.2896e-05
-2.12545e-07
2.2639e-05
3.42877e-06
-5.5966e-07
3.42612e-05
-6.3276e-07
-3.5392e-05
-0.00483267
-5.4323e-05
-0.00720199
-0.000105932
-0.00990671
-0.000156287
-0.0128071
-0.000210356
0.0128554
-0.000164133
0.0100259
-0.000118801
0.00737113
-7.65158e-05
0.00503394
-4.279e-05
0.00309954
-2.28325e-05
0.00160408
-1.43349e-05
0.000563271
-9.03398e-06
-1.91623e-05
6.72513e-07
9.90398e-07
5.78694e-05
-5.74639e-05
5.52351e-08
5.73233e-08
1.14831e-07
1.43429e-07
1.9752e-05
-1.96951e-05
-1.61404e-08
1.97972e-05
-2.92328e-08
1.98514e-05
3.71455e-08
7.03812e-08
7.3665e-06
-7.38908e-06
7.32987e-06
7.36326e-06
-0.000454641
7.5499e-06
-6.30775e-06
-5.06611e-06
-0.00141968
6.17952e-06
-3.97621e-06
-3.87853e-05
-0.00287166
-8.97336e-06
-0.00480241
-4.35049e-05
6.86563e-06
9.749e-08
1.85547e-05
2.23098e-05
-2.31912e-07
-6.86666e-07
3.15585e-05
-5.93842e-07
2.19325e-05
-2.57454e-07
-0.00716473
-9.1609e-05
-0.00986514
-0.000147497
-0.012758
-0.000205333
-0.0156642
-0.000265651
0.0157195
-0.000210418
0.0129017
-0.000160863
0.0100679
-0.000114091
0.00740871
-7.52334e-05
0.0050664
-4.76051e-05
0.00312434
-3.37978e-05
0.00162358
-2.68298e-05
0.000581113
-1.89545e-05
-2.0869e-06
5.68745e-07
1.3846e-06
5.67995e-05
-5.62741e-05
6.8349e-08
9.47687e-08
1.34798e-07
1.92585e-07
1.948e-05
-1.94114e-05
-1.22254e-08
1.95589e-05
-2.10063e-08
1.96294e-05
4.45353e-08
7.76367e-08
7.31051e-06
-7.32663e-06
7.28145e-06
7.3187e-06
-0.000442833
-7.30045e-06
-3.5615e-06
-9.44743e-07
-0.00140673
-5.39684e-06
-4.10107e-05
-4.08744e-06
-4.2224e-05
-3.85438e-06
-0.00285205
-1.3429e-05
-0.00477271
-3.86584e-05
-0.00712656
-8.1671e-05
6.96291e-06
1.83282e-05
-6.19942e-09
-2.1605e-05
2.11783e-05
-2.62806e-07
2.90754e-05
-7.4588e-07
-8.61256e-07
-2.67112e-07
1.80869e-05
-1.75995e-08
-0.00982001
-0.000136731
-0.0127081
-0.000197409
-0.0156074
-0.000262065
-0.0183082
-0.00033194
0.0183745
-0.000266664
0.0157757
-0.000209822
0.0129507
-0.000158662
0.0101125
-0.000114653
0.00744814
-8.06708e-05
0.00509948
-6.05083e-05
0.00315107
-5.1566e-05
0.00164833
-4.64773e-05
0.000608654
-3.7951e-05
3.31149e-05
9.75927e-07
1.78863e-06
5.5225e-05
-5.45535e-05
-1.65195e-07
8.33303e-08
1.01044e-07
2.3596e-07
1.91084e-05
-1.90269e-05
-1.12486e-08
1.92167e-05
-1.25679e-08
1.93027e-05
4.94173e-08
8.39965e-08
7.22548e-06
-7.23749e-06
7.20451e-06
7.24899e-06
-0.000426947
-2.06819e-05
1.70284e-06
3.14236e-06
-0.00139209
-2.19409e-05
-4.21581e-05
-3.62445e-06
-4.00402e-05
-3.06013e-06
-0.00283222
-2.52623e-05
2.67484e-05
-8.36972e-07
-6.89631e-07
-0.00474413
-4.20657e-05
-0.00708804
-7.72255e-05
-0.00977302
-0.000128682
6.95629e-06
2.07681e-05
-3.37088e-07
-1.78765e-05
1.76584e-05
-4.75612e-08
2.02786e-05
-3.71418e-07
-5.74105e-08
6.93812e-06
-0.0126554
-0.000189443
-0.0155481
-0.000256695
-0.0182407
-0.000329576
-0.0205587
-0.000407102
0.0206338
-0.000333023
0.0184409
-0.000267642
0.0158336
-0.000209132
0.0130011
-0.000158217
0.0101561
-0.000119175
0.00748665
-9.34545e-05
0.00513244
-8.09655e-05
0.0031805
-7.64016e-05
0.00167834
-7.34147e-05
0.000644204
-5.74605e-05
7.88767e-05
6.57685e-06
5.17308e-06
5.18533e-05
-4.66383e-05
-2.74345e-06
-1.47542e-06
-8.5858e-07
-5.10741e-08
1.86963e-05
-1.87746e-05
-8.41018e-08
1.88189e-05
-3.8271e-08
1.88784e-05
4.25739e-08
8.77979e-08
7.1165e-06
-7.12728e-06
7.10398e-06
7.15349e-06
-0.000413047
-1.53339e-05
2.12282e-06
-6.91718e-07
-0.00137927
-3.34952e-05
-3.60644e-05
-2.26529e-06
-3.14984e-05
-1.41188e-06
-0.00281481
-3.93419e-05
2.5046e-05
-8.1139e-07
-1.10914e-06
2.44229e-05
-1.48269e-06
-9.51223e-07
-0.00471765
-5.17275e-05
-1.99281e-05
1.94423e-05
-3.49616e-07
-3.38932e-07
-0.00705071
-7.9386e-05
-0.00972731
-0.000122925
-0.0126025
-0.000181533
1.74076e-05
-8.60257e-08
-6.88071e-06
6.83251e-06
1.71057e-05
-6.95208e-08
-0.0154873
-0.000250309
-0.0181732
-0.000324155
-0.0204822
-0.000406079
-0.022294
-0.000491313
0.0223783
-0.000409569
0.0207104
-0.00033399
0.0185072
-0.0002676
0.015892
-0.000210204
0.0130531
-0.000163317
0.0102002
-0.000129966
0.00752317
-0.000112394
0.00516389
-0.00010593
0.00321005
-0.000104847
0.00170978
-9.6657e-05
0.000683412
-6.8043e-05
0.000123352
1.24215e-05
1.11399e-05
3.7217e-05
-3.00636e-05
3.26488e-07
-8.90772e-07
-1.86305e-06
-2.3824e-06
1.92801e-05
-1.92281e-05
-2.79173e-06
1.91497e-05
-1.34382e-06
1.8743e-05
-4.50393e-07
-8.2095e-08
7.03478e-06
-7.11816e-06
6.99664e-06
7.03949e-06
-0.000407797
3.61318e-07
-1.91999e-06
-3.70168e-06
-0.00136617
-2.84264e-05
-2.72272e-05
-2.13851e-06
-2.56429e-05
-2.28283e-06
-0.00279975
-4.85684e-05
2.64808e-05
-1.66717e-06
-2.65155e-06
3.11746e-05
-3.13132e-06
-2.9665e-06
-0.00469431
-6.27259e-05
1.90536e-05
-4.22421e-07
1.84694e-05
-5.23843e-07
-1.81173e-05
1.74631e-05
-8.2646e-07
-5.98719e-07
-0.00701668
-8.58106e-05
-1.68587e-05
1.65729e-05
-6.36324e-08
-9.19044e-08
-0.00968233
-0.00012441
-0.0125476
-0.000177865
-0.0154243
-0.00024451
6.7464e-06
6.67688e-06
-0.0181033
-0.000320169
-0.0204037
-0.00040264
-0.0222105
-0.000489617
-0.0234805
-0.000579745
0.023569
-0.000492404
0.0224611
-0.000408951
0.0207853
-0.000333706
0.0185733
-0.000267966
0.0159498
-0.000212968
0.0131028
-0.000172605
0.0102429
-0.000147998
0.00755879
-0.0001356
0.00519357
-0.000132634
0.00323789
-0.000127852
0.00174105
-0.000109328
0.000724698
-7.89996e-05
0.000166927
1.78498e-05
1.75098e-05
2.21393e-05
-1.47432e-05
2.69808e-06
2.32676e-06
1.89193e-06
1.32389e-06
1.74305e-05
-1.67835e-05
-3.17705e-07
1.78355e-05
-1.29279e-06
1.86415e-05
-2.66708e-06
-2.9679e-06
8.99374e-06
-1.17836e-05
7.65017e-06
7.20026e-06
-0.000410349
1.07793e-05
-3.70248e-06
-4.52238e-06
-0.00135407
-1.17508e-05
-2.51435e-05
-2.42549e-06
-2.66025e-05
-2.24739e-06
-0.00278424
-4.3947e-05
3.39259e-05
-2.98364e-06
-1.90337e-06
3.34552e-05
-5.85444e-07
-1.23002e-06
-0.00467449
-6.84006e-05
1.70781e-05
-1.28139e-06
1.64888e-05
-2.06045e-06
-1.67262e-05
1.67154e-05
-3.11708e-06
-3.20322e-06
-0.00698705
-9.2357e-05
1.62616e-05
-1.09856e-07
1.58445e-05
-1.06064e-07
-1.54095e-05
1.47954e-05
-2.11607e-07
-1.63582e-07
-0.00964093
-0.000127213
-6.58498e-06
6.52174e-06
-0.012495
-0.000176984
-0.0153613
-0.000240856
-0.018032
-0.000315846
-0.0203251
-0.000398711
-0.0221247
-0.000488478
-0.0233906
-0.000579514
-0.0241438
-0.000667149
0.0242312
-0.000580466
0.023657
-0.000493374
0.0225455
-0.000409844
0.0208615
-0.000334678
0.01864
-0.00027019
0.016007
-0.000219953
0.0131501
-0.000184904
0.0102798
-0.000166061
0.00758926
-0.00015767
0.00521863
-0.000152694
0.00326276
-0.000141148
0.00177287
-0.000118831
0.000764504
-8.07469e-05
1.65941e-05
1.79595e-05
4.57459e-06
4.84043e-06
4.25845e-06
4.16259e-06
3.78392e-06
3.5549e-06
1.35783e-05
-1.21856e-05
1.30388e-06
1.48698e-05
1.0346e-06
1.59322e-05
8.30138e-07
4.73422e-07
1.3466e-05
-1.36066e-05
-1.72975e-07
1.28288e-05
-6.53408e-07
1.18136e-05
-1.6499e-06
-2.93691e-06
-0.000416133
1.47926e-05
-4.34701e-06
-4.64923e-06
-0.00134579
2.5046e-06
-2.79947e-05
-2.30933e-06
-3.03349e-05
-2.1811e-06
-0.0027662
-2.97841e-05
3.19534e-05
-5.62577e-07
-3.65353e-07
3.01955e-05
-2.05634e-07
-2.8483e-07
-0.0046534
-6.5039e-05
1.65152e-05
-2.78106e-06
1.59983e-05
-1.38607e-06
-1.53415e-05
1.49719e-05
-2.17357e-07
-5.73351e-07
-0.00695925
-9.62207e-05
1.39385e-05
-4.23169e-07
1.27197e-05
-8.40639e-07
-1.12594e-05
1.10711e-05
-2.9262e-06
-1.74235e-06
-0.00960212
-0.000131218
6.41207e-06
6.30618e-06
-6.1426e-06
5.93155e-06
-0.0124448
-0.000177462
-0.0153005
-0.000237832
-0.0179617
-0.000311198
-0.0202466
-0.000394357
-0.0220387
-0.000484691
-0.0233015
-0.000577659
-0.0240548
-0.00066858
-0.0243385
-0.000744808
0.0244161
-0.000667371
0.0243181
-0.000581088
0.0237447
-0.000493839
0.0226295
-0.000410112
0.0209369
-0.000335895
0.0187057
-0.000274147
0.0160612
-0.000228462
0.0131937
-0.00020013
0.0103139
-0.000182993
0.0076146
-0.000174849
0.0052408
-0.000165028
0.00328663
-0.000148973
0.00180299
-0.000119099
-1.38112e-05
3.82098e-06
4.05353e-06
4.44925e-06
4.53696e-06
6.47844e-06
-4.43279e-06
2.20834e-06
8.56693e-06
2.07144e-06
1.04048e-05
1.94476e-06
1.77391e-06
1.18751e-05
-1.09265e-05
3.55924e-07
1.26301e-05
2.78831e-07
1.32573e-05
2.0414e-07
1.24867e-07
5.23913e-06
-5.41032e-06
4.58647e-06
2.93691e-06
-0.000420672
1.36164e-05
-4.60846e-06
-4.45409e-06
-0.00134002
9.04306e-06
-3.23693e-05
-2.3088e-06
-3.4833e-05
-2.18332e-06
-0.0027489
-1.479e-05
2.85155e-05
-3.21865e-07
-3.06821e-07
2.67737e-05
-2.08486e-07
-2.28442e-07
-0.00462997
-5.32136e-05
1.45675e-05
-1.59057e-07
1.43074e-05
-1.0615e-07
-1.40963e-05
1.39225e-05
-3.25569e-08
-7.4035e-08
-0.00693205
-9.22583e-05
8.29056e-06
6.90443e-06
-6.33108e-06
6.11339e-06
-0.00956626
-0.000132078
5.50872e-06
4.66839e-06
-2.92604e-06
-0.0123968
-0.000179237
-0.0152401
-0.000237832
-0.0178905
-0.000308975
-0.0201662
-0.00039157
-0.0219494
-0.000483586
-0.0232087
-0.000577454
-0.023964
-0.000668393
-0.02426
-0.00074703
-0.0240805
-0.000804569
0.0241402
-0.0007443
0.0244931
-0.000666447
0.0244035
-0.000582303
0.0238332
-0.00049365
0.022713
-0.000411619
0.0210126
-0.000339042
0.0187706
-0.000279763
0.0161125
-0.000238843
0.0132324
-0.000211655
0.0103425
-0.000195709
0.00763547
-0.000184176
0.00525995
-0.000170304
0.00330795
-0.000146238
-1.49975e-06
2.08566e-06
2.8142e-07
2.27048e-06
2.29428e-06
2.43422e-06
2.39765e-06
6.7616e-06
-5.1851e-06
6.29824e-07
8.24823e-06
5.82944e-07
9.65727e-06
5.35326e-07
5.04777e-07
4.80145e-06
-4.4457e-06
5.08058e-06
5.28545e-06
-0.000418853
5.99269e-06
-4.46374e-06
-3.34208e-06
-0.00133317
6.76914e-06
-3.70399e-05
-2.39782e-06
-3.92155e-05
-2.27777e-06
-0.00273175
-8.08626e-06
2.50939e-05
-3.05226e-07
-3.218e-07
2.33524e-05
-2.19803e-07
-2.19702e-07
-0.00460384
-4.09121e-05
1.3678e-05
-7.70401e-08
1.34455e-05
-7.38325e-08
-1.32747e-05
1.30914e-05
-2.418e-08
-5.7425e-08
-0.00690072
-8.45345e-05
5.95407e-06
5.8477e-06
-5.77366e-06
5.74095e-06
-0.00952874
-0.00012978
-0.0123505
-0.000178434
-0.0151832
-0.000236171
-0.0178219
-0.000306504
-0.0200858
-0.000389414
-0.0218622
-0.00047881
-0.0231167
-0.000575611
-0.0238738
-0.00066765
-0.0241785
-0.00074992
-0.0240186
-0.000808947
-0.0233663
-0.000834872
0.0233966
-0.000801963
0.0241979
-0.000743829
0.0245704
-0.000668391
0.0244896
-0.000581788
0.0239213
-0.000494774
0.0227962
-0.000413758
0.0210874
-0.000341816
0.0188327
-0.000286568
0.0161602
-0.000246203
0.013267
-0.000219644
0.0103665
-0.000202356
0.00765365
-0.000186151
0.00527579
-0.00016408
2.6041e-07
6.10594e-07
1.80951e-06
7.19542e-07
3.50175e-06
7.40365e-07
7.13812e-07
2.82272e-06
-2.19416e-06
3.40547e-06
3.94092e-06
-0.000407738
-9.72472e-06
-2.22121e-06
8.34732e-07
-0.00132289
-4.26955e-06
-4.11074e-05
-2.5701e-06
-4.2028e-05
-2.422e-06
-0.00271444
-1.05314e-05
2.16074e-05
-3.03807e-07
-3.47413e-07
1.97945e-05
-2.45378e-07
-2.18175e-07
-0.00457783
-3.40849e-05
1.28637e-05
-7.65131e-08
1.26204e-05
-7.77779e-08
-1.24552e-05
1.22659e-05
-2.97083e-08
-5.42499e-08
-0.00686783
-7.37938e-05
5.66402e-06
5.59034e-06
-5.53292e-06
5.50921e-06
-0.0094909
-0.000122382
-0.0123053
-0.000174906
-0.0151264
-0.000235209
-0.0177533
-0.000304717
-0.0200064
-0.000385878
-0.0217738
-0.000477826
-0.0230222
-0.000573257
-0.0237797
-0.00066975
-0.0240938
-0.000752301
-0.0239555
-0.000812949
-0.0233338
-0.000841482
-0.0221555
-0.00082882
0.0221494
-0.00083006
0.0234247
-0.000799477
0.0242535
-0.000744073
0.0246461
-0.000668641
0.0245764
-0.000582695
0.0240093
-0.000493996
0.0228764
-0.000411908
0.0211575
-0.000342492
0.0188886
-0.000288893
0.0162029
-0.000248245
0.0132956
-0.000220602
0.0103847
-0.000199524
0.00766702
-0.000175442
2.1497e-08
7.40451e-07
1.48035e-06
-0.000393626
-2.21695e-05
3.77087e-06
4.28302e-06
-0.00131121
-2.14089e-05
-4.17787e-05
-2.46934e-06
-3.91325e-05
-1.81156e-06
-0.00269766
-2.10402e-05
1.7933e-05
-3.19168e-07
-3.89419e-07
1.60788e-05
-3.19921e-07
-2.4798e-07
-0.00455239
-3.59567e-05
1.20414e-05
-7.86732e-08
1.17728e-05
-7.83662e-08
-1.16111e-05
1.1394e-05
-2.7831e-08
-5.6212e-08
-0.00683349
-6.84199e-05
5.43295e-06
5.35536e-06
-5.30111e-06
5.27177e-06
-0.00944988
-0.000114809
-0.012259
-0.000168701
-0.0150712
-0.000230164
-0.0176867
-0.000301829
-0.0199281
-0.00038305
-0.0216854
-0.000474314
-0.0229275
-0.00057262
-0.023685
-0.000667952
-0.0240083
-0.000755306
-0.023888
-0.000819802
-0.0232979
-0.000848869
-0.0221585
-0.000838432
-0.0204167
-0.00078259
0.0203705
-0.000821942
0.0221413
-0.000828546
0.0234538
-0.000801024
0.0243105
-0.000744921
0.0247224
-0.00067093
0.0246647
-0.000581697
0.024097
-0.000495908
0.0229604
-0.000412475
0.0212274
-0.000344097
0.0189438
-0.000288494
0.0162432
-0.000247829
0.0133228
-0.000216658
0.0104019
-0.000186517
-0.000383395
-9.95678e-06
1.47446e-06
-1.75568e-06
-0.00130206
-3.13231e-05
-3.46826e-05
-6.77777e-07
-3.0611e-05
2.10198e-07
-0.00268461
-3.44643e-05
1.4565e-05
-3.88807e-07
-5.66782e-07
1.41649e-05
-8.97574e-07
-5.12643e-07
-0.00452991
-4.3514e-05
1.11596e-05
-8.44501e-08
1.08609e-05
-9.08209e-08
-1.06789e-05
1.04045e-05
-4.62245e-08
-6.60225e-08
-0.00680135
-6.80827e-05
5.19325e-06
5.115e-06
-5.05879e-06
5.03121e-06
-0.009409
-0.000109286
-0.0122108
-0.000163066
-0.0150141
-0.000225821
-0.01762
-0.000296931
-0.0198511
-0.000378893
-0.0215981
-0.000470354
-0.0228336
-0.000568159
-0.0235897
-0.000667874
-0.0239184
-0.0007578
-0.0238193
-0.000824018
-0.0232586
-0.000859098
-0.0221575
-0.000849872
-0.0204598
-0.000795341
-0.0181834
-0.000701681
0.0181025
-0.000775938
0.0203244
-0.000820174
0.0221329
-0.000828914
0.0234816
-0.000802178
0.0243677
-0.000745221
0.0247967
-0.000668168
0.0247511
-0.000580861
0.0241819
-0.000492496
0.0230405
-0.000411404
0.0212948
-0.00033884
0.0189942
-0.000283424
0.0162788
-0.000239858
0.013346
-0.000200275
-0.000383028
6.34385e-06
-2.67176e-06
-4.05049e-06
-0.00129186
-2.01633e-05
-2.76571e-05
-1.47952e-06
-2.77267e-05
-1.68807e-06
-0.0026743
-4.16276e-05
1.69456e-05
-1.26133e-06
-2.19618e-06
2.07602e-05
-1.7816e-06
-1.82317e-06
-0.00451122
-5.31551e-05
1.01277e-05
-1.12369e-07
9.70045e-06
-1.3957e-07
-9.3681e-06
8.77463e-06
-3.03448e-07
-1.80247e-07
-0.00677214
-7.27195e-05
4.94677e-06
4.85587e-06
-4.78985e-06
4.74339e-06
-0.00937012
-0.000106957
-0.0121627
-0.000157314
-0.0149582
-0.000218874
-0.017554
-0.000291777
-0.0197735
-0.000374442
-0.0215099
-0.00046711
-0.0227374
-0.000566599
-0.0234918
-0.000666193
-0.0238277
-0.000758671
-0.023746
-0.0008311
-0.0232136
-0.000869
-0.0221535
-0.000863109
-0.0204989
-0.000810757
-0.0182634
-0.00071542
-0.0155599
-0.00059348
0.0154517
-0.000692572
0.0180192
-0.000772183
0.0202764
-0.000819249
0.0221233
-0.000830027
0.0235095
-0.000803998
0.0244265
-0.000747112
0.0248756
-0.000669503
0.0248398
-0.000580091
0.0242695
-0.000488521
0.0231176
-0.000404922
0.0213608
-0.000333684
0.0190444
-0.000273181
0.0163121
-0.000220202
-0.000388634
1.44722e-05
-4.10187e-06
-4.7723e-06
-0.00128325
-2.27236e-06
-2.85319e-05
-1.86795e-06
-3.08194e-05
-1.7676e-06
-0.00266181
-3.2661e-05
2.07297e-05
-1.01927e-06
-4.3015e-07
1.92793e-05
-7.60153e-08
-1.62783e-07
-0.0044965
-5.63437e-05
8.17711e-06
-6.62934e-07
7.25264e-06
-1.27103e-06
-7.50407e-06
5.72281e-06
-2.07436e-06
-0.00674832
-7.69735e-05
4.63093e-06
4.49139e-06
-4.31114e-06
4.00801e-06
-0.00933439
-0.00010844
-0.0121162
-0.000153444
-0.0149014
-0.000214183
-0.0174874
-0.0002855
-0.0196967
-0.000368684
-0.021423
-0.000461324
-0.0226421
-0.000562332
-0.0233932
-0.000665103
-0.0237348
-0.000758997
-0.0236703
-0.000834376
-0.0231672
-0.000877469
-0.0221464
-0.000876155
-0.020534
-0.000827977
-0.0183394
-0.000734751
-0.0156659
-0.000609447
-0.0127158
-0.000471972
0.0125943
-0.000584636
0.0153438
-0.000690534
0.0179375
-0.000773545
0.0202307
-0.000822933
0.0221162
-0.000831908
0.0235374
-0.000805367
0.0244848
-0.000746177
0.0249523
-0.000666659
0.0249264
-0.000577667
0.0243587
-0.000484681
0.0231973
-0.000398442
0.0214256
-0.000322493
0.0190937
-0.000253995
-0.000395716
1.60764e-05
-4.63824e-06
-4.35965e-06
-0.00127854
9.75478e-06
-3.28452e-05
-2.07699e-06
-3.53395e-05
-2.28193e-06
-0.00264714
-1.69462e-05
1.76477e-05
-1.1786e-07
-1.20072e-07
1.59886e-05
-5.19967e-08
-5.96126e-08
-0.00448028
-4.88818e-05
4.70339e-06
4.2731e-06
-4.11032e-06
4.03427e-06
-0.00672617
-7.84877e-05
3.34532e-06
2.07436e-06
-0.00930195
-0.000109416
-0.0120724
-0.000152227
-0.0148463
-0.000208489
-0.0174217
-0.000279865
-0.0196195
-0.000362602
-0.0213354
-0.000456223
-0.0225458
-0.00055763
-0.0232943
-0.000661284
-0.0236411
-0.000758846
-0.023591
-0.000838304
-0.023116
-0.000885564
-0.0221339
-0.000889983
-0.020565
-0.000845202
-0.0184115
-0.000755863
-0.0157704
-0.000630282
-0.0128363
-0.000488911
-0.00985141
-0.000349892
0.00972934
-0.000463327
0.0124729
-0.000583554
0.0152368
-0.000692911
0.0178569
-0.00077652
0.0201843
-0.000825508
0.0221098
-0.000836958
0.023569
-0.000805241
0.0245438
-0.000745619
0.0250312
-0.000662863
0.0250115
-0.000569667
0.0244436
-0.000475562
0.0232745
-0.000384479
0.0214876
-0.00030292
-0.000398035
1.07306e-05
-4.7659e-06
-3.64915e-06
-0.00127445
1.19891e-05
-3.64734e-05
-3.49997e-06
-3.84849e-05
-1.28482e-06
-1.06536e-06
-0.00263297
-4.42087e-06
1.4162e-05
-1.17212e-07
-1.3527e-07
1.20017e-05
-5.51638e-08
-6.716e-08
-0.0044603
-3.69339e-05
3.91622e-06
3.79583e-06
-3.73622e-06
3.68372e-06
-0.00670302
-7.20314e-05
-0.00927217
-0.000108265
-0.0120303
-0.0001515
-0.0147934
-0.000205081
-0.0173571
-0.000273079
-0.0195442
-0.000355179
-0.0212484
-0.000449676
-0.0224507
-0.000551371
-0.023195
-0.000656961
-0.0235454
-0.00075702
-0.0235093
-0.000840588
-0.0230622
-0.000892157
-0.0221168
-0.000902574
-0.0205916
-0.000863322
-0.0184803
-0.000776414
-0.0158721
-0.000654165
-0.0129551
-0.000511521
-0.0099726
-0.000367737
-0.00715777
-0.000239443
0.00704722
-0.000342282
0.00960828
-0.000463782
0.0123532
-0.000587897
0.0151318
-0.000698104
0.0177784
-0.000781943
0.0201408
-0.000829863
0.0221027
-0.000836968
0.0236007
-0.000805678
0.0246039
-0.000743183
0.0251116
-0.00065903
0.0251009
-0.000562208
0.0245303
-0.000463863
0.0233538
-0.000368385
-0.000390071
-4.46608e-06
-3.29168e-06
-2.1086e-07
-0.00126728
3.55e-06
-4.07649e-05
-1.21862e-06
-1.26662e-06
-4.2679e-05
-9.23627e-07
-8.1359e-07
-0.00261928
-1.70615e-06
2.33939e-06
-4.42297e-09
6.12884e-06
4.00049e-08
1.18902e-06
-1.34273e-07
3.04866e-07
-1.81519e-07
-0.00443865
-2.60774e-05
3.5661e-06
3.43054e-06
-3.36338e-06
3.30824e-06
-0.00667747
-6.24853e-05
-0.00924187
-0.000102326
-0.0119915
-0.000147115
-0.0147442
-0.000200737
-0.0172943
-0.000267899
-0.0194688
-0.000348475
-0.0211619
-0.000441665
-0.0223557
-0.000544669
-0.0230942
-0.000652146
-0.0234477
-0.00075468
-0.0234262
-0.000840148
-0.0230044
-0.000898345
-0.0220962
-0.000912881
-0.0206147
-0.000879588
-0.0185456
-0.000798018
-0.0159699
-0.000678565
-0.0130724
-0.000536889
-0.0100932
-0.000390892
-0.00726878
-0.000256687
-0.00478703
-0.000147815
0.00469547
-0.000232996
0.00693798
-0.000345894
0.0094904
-0.00047182
0.0122371
-0.000595676
0.0150293
-0.000705378
0.0177019
-0.000787348
0.0200982
-0.000832286
0.022098
-0.000837079
0.0236321
-0.000805969
0.0246667
-0.000738756
0.0251913
-0.000650887
0.0251896
-0.000553628
0.0246201
-0.000447844
-0.000376099
-2.46104e-05
3.57769e-06
7.05814e-06
-0.00125736
-1.43874e-05
-4.39303e-05
-1.0336e-06
-1.00562e-06
-4.28564e-05
-7.84579e-07
-5.01628e-07
-0.00260549
-1.02436e-05
-3.49029e-07
-5.66358e-07
-9.56092e-07
-6.58943e-07
-1.44971e-06
-4.30098e-07
-1.97827e-06
-2.85047e-07
-0.00441697
-2.33836e-05
3.30391e-06
6.03883e-06
-4.31894e-08
3.34427e-06
5.76352e-06
9.28569e-08
-0.00664939
-5.41593e-05
-0.00921025
-9.41136e-05
-0.0119527
-0.000141099
-0.0146958
-0.000195532
-0.0172334
-0.000261607
-0.0193942
-0.00034248
-0.0210749
-0.000435447
-0.0222587
-0.000538674
-0.0229931
-0.000645721
-0.0233491
-0.000750699
-0.0233406
-0.000840306
-0.0229438
-0.000900793
-0.0220727
-0.000921811
-0.0206346
-0.000892933
-0.0186086
-0.000816531
-0.0160672
-0.000700735
-0.0131895
-0.00056139
-0.0102139
-0.000416179
-0.00737906
-0.000280658
-0.00487827
-0.000165498
-0.00283675
-7.99549e-05
0.00276886
-0.000142629
0.00460505
-0.000239384
0.00683142
-0.00035714
0.0093757
-0.000482782
0.0121242
-0.000605033
0.014929
-0.000711904
0.0176264
-0.000791145
0.0200571
-0.000834677
0.0220956
-0.000836891
0.023663
-0.000800542
0.0247285
-0.000733826
0.0252742
-0.000644301
0.0252803
-0.00053704
-0.000363577
-1.74765e-05
4.56558e-06
3.87556e-07
-0.00125046
-3.15128e-05
-3.89173e-05
-4.43233e-07
8.25559e-08
-3.36666e-05
7.92153e-07
1.0128e-06
-0.00259394
-2.59383e-05
-2.45198e-06
-5.60977e-07
-2.84476e-06
-6.11933e-07
-3.18566e-06
-4.43392e-07
-3.326e-06
-3.61083e-07
-0.00439812
-2.90954e-05
5.30118e-06
-1.04398e-07
4.79011e-06
-1.48386e-07
4.48028e-06
-1.19426e-07
4.22332e-06
-2.86276e-08
-0.00662278
-5.00019e-05
3.30102e-06
3.39371e-06
-0.00917752
-8.68934e-05
-0.0119132
-0.000133654
-0.0146483
-0.000188592
-0.0171737
-0.000255162
-0.0193227
-0.000333167
-0.0209917
-0.000425614
-0.0221653
-0.000528864
-0.022893
-0.00063882
-0.0232498
-0.000745046
-0.0232536
-0.000837678
-0.0228813
-0.00090275
-0.0220462
-0.000927296
-0.0206522
-0.000904244
-0.0186689
-0.000832698
-0.0161625
-0.000721226
-0.0133065
-0.00058382
-0.0103358
-0.000439486
-0.00749152
-0.00030368
-0.00497143
-0.000187468
-0.00290496
-9.72921e-05
-0.00135964
-3.71155e-05
0.00131685
-7.57309e-05
0.00270199
-0.000152739
0.00451846
-0.000254633
0.00672896
-0.000370539
0.00926347
-0.00049374
0.0120129
-0.000613058
0.0148301
-0.00071711
0.0175524
-0.000793457
0.0200159
-0.000834266
0.0220929
-0.000834293
0.0236968
-0.00079577
0.0247904
-0.00072515
0.0253551
-0.000628419
-0.000362217
2.76822e-06
-1.4513e-06
-2.67429e-06
-0.00124252
-2.54075e-05
-2.9004e-05
1.47786e-07
-2.44775e-07
-2.81134e-05
-2.25786e-07
-2.80011e-07
-0.00258755
-3.79012e-05
-3.1633e-06
-6.06885e-07
-2.49207e-06
-5.883e-07
-1.40942e-06
-2.90396e-07
-3.52631e-07
-4.4935e-08
-0.00438331
-4.07527e-05
3.81583e-06
-1.53518e-07
3.36229e-06
-1.58478e-07
3.06412e-06
-1.44151e-07
2.80129e-06
-9.84212e-08
-0.00659824
-5.36351e-05
3.28907e-06
3.14088e-06
3.02146e-06
2.99277e-06
-0.00914401
-8.35125e-05
-0.011874
-0.000126073
-0.0146004
-0.000181504
-0.0171147
-0.000247591
-0.0192512
-0.000326662
-0.0209062
-0.000418734
-0.0220699
-0.000520927
-0.0227915
-0.000630314
-0.0231509
-0.000737737
-0.0231652
-0.00083339
-0.022817
-0.000902023
-0.0220166
-0.000932376
-0.0206651
-0.000914374
-0.0187259
-0.000847205
-0.0162567
-0.000738535
-0.0134236
-0.000604093
-0.0104589
-0.000460767
-0.00760673
-0.000324325
-0.00506813
-0.000207017
-0.0029773
-0.000115156
-0.0014054
-5.15742e-05
-0.000374979
-1.03327e-05
0.000356436
-8.27121e-06
-3.39403e-05
0.00127505
-8.87224e-05
0.00263797
-0.000169916
0.00443371
-0.000269576
0.00662795
-0.000383199
0.00915291
-0.00050251
0.0119023
-0.0006194
0.0147324
-0.000719778
0.0174787
-0.000794354
0.019976
-0.000831868
0.0220905
-0.000830177
0.0237312
-0.000789513
0.0248548
-0.000712784
-0.00036887
1.22763e-05
-2.69016e-06
-2.9279e-06
-0.00123433
-5.42113e-06
-2.85966e-05
-4.40325e-07
-5.27711e-07
-3.06785e-05
-3.09648e-07
-2.84852e-07
-0.00257931
-3.36472e-05
5.61668e-07
-7.6775e-07
8.66066e-07
-5.49533e-07
8.60627e-07
-2.20307e-07
6.24751e-07
-4.5379e-08
-0.0043732
-4.8008e-05
2.47813e-06
-2.8396e-07
2.30875e-06
-4.18998e-07
2.67911e-06
-6.60584e-07
3.70853e-06
-1.07489e-06
-0.00657941
-5.95882e-05
2.83915e-06
2.68095e-06
2.53693e-06
2.43843e-06
-0.00911536
-8.2286e-05
-0.0118376
-0.000119938
-0.0145531
-0.000173443
-0.0170583
-0.000237937
-0.0191819
-0.000316833
-0.0208246
-0.000408234
-0.0219772
-0.000511461
-0.0226923
-0.000620201
-0.0230501
-0.000731093
-0.0230755
-0.000827435
-0.0227496
-0.000900775
-0.0219837
-0.000934924
-0.0206761
-0.000921366
-0.018782
-0.000858306
-0.0163507
-0.000753232
-0.0135413
-0.000620868
-0.0105854
-0.000477632
-0.00772641
-0.0003411
-0.00517007
-0.000222378
-0.00305561
-0.00012871
-0.00145808
-6.24657e-05
-0.000403474
-1.23579e-05
-1.07098e-05
2.73748e-06
-6.17068e-06
-6.90569e-06
-8.57899e-06
0.00034082
-9.71427e-06
2.29137e-06
-7.82634e-06
-4.79379e-05
0.00123432
-0.000106156
0.00257424
-0.000185134
0.00434932
-0.000281913
0.00652672
-0.000392115
0.00904253
-0.00050898
0.0117919
-0.000622602
0.0146352
-0.000721521
0.0174059
-0.00079372
0.0199378
-0.000829351
0.0220897
-0.000824591
0.0237663
-0.000777345
-0.000376261
1.32518e-05
-3.04688e-06
-2.80505e-06
-0.00122966
7.6104e-06
-3.24387e-05
-4.32333e-07
-4.97166e-07
-3.48189e-05
-2.91872e-07
-2.57101e-07
-0.00256726
-1.74697e-05
3.73622e-07
-1.90618e-07
4.72136e-08
-2.01674e-07
-2.0113e-07
-6.10765e-08
-5.14858e-07
2.78807e-08
-0.00436298
-4.38673e-05
2.94034e-06
2.39083e-06
2.17039e-06
2.12454e-06
-0.00656467
-6.27485e-05
2.1544e-06
1.73546e-06
1.07489e-06
-0.00908996
-8.49839e-05
-0.0118017
-0.000118144
-0.0145062
-0.000166853
-0.0170009
-0.000230901
-0.0191121
-0.000307772
-0.0207429
-0.000398536
-0.0218838
-0.000501637
-0.0225917
-0.00061198
-0.0229486
-0.000721651
-0.0229857
-0.000820957
-0.0226803
-0.000896788
-0.0219495
-0.000934926
-0.020684
-0.000927079
-0.018835
-0.00086844
-0.0164424
-0.000766582
-0.0136594
-0.000635113
-0.0107134
-0.000492869
-0.00784914
-0.000354927
-0.00527691
-0.000234306
-0.00313983
-0.000138183
-0.00151803
-6.87982e-05
-0.000441022
-1.30194e-05
-1.19228e-05
1.0552e-05
-1.69519e-05
-5.9673e-06
-6.33127e-06
-5.22886e-05
4.85259e-05
-1.1501e-06
-1.99244e-06
2.27006e-06
-8.56287e-06
-1.22881e-05
0.000318817
-1.3645e-05
1.50473e-06
-8.93287e-06
-5.27441e-05
-4.46679e-06
-2.90744e-06
-6.12537e-05
0.0011894
-0.00011858
0.00250768
-0.000195545
0.00426292
-0.000290125
0.00642469
-0.000398249
0.00893179
-0.000513152
0.0116825
-0.000624825
0.0145385
-0.000721592
0.0173337
-0.000791075
0.0198995
-0.000824196
0.0220893
-0.000815387
-0.000376679
5.75318e-06
-3.29863e-06
-2.02365e-06
-0.00122551
9.11496e-06
-3.69021e-05
-4.53836e-07
-5.08958e-07
-3.91557e-05
-2.99548e-07
-2.52513e-07
-0.00255448
-5.15784e-06
-8.00205e-07
-1.48246e-07
-1.11746e-06
-1.80181e-07
-1.36058e-06
-4.84357e-08
-1.66174e-06
4.3211e-08
-0.00434715
-3.33049e-05
1.93358e-06
1.73197e-06
1.67082e-06
1.6983e-06
-0.0065487
-5.98354e-05
-0.0090682
-8.45183e-05
-0.0117701
-0.000116596
-0.0144625
-0.000161778
-0.016946
-0.000221753
-0.0190456
-0.000297388
-0.0206621
-0.000388515
-0.021792
-0.000490306
-0.0224935
-0.000599866
-0.0228501
-0.000710572
-0.0228945
-0.00081282
-0.0226101
-0.000891152
-0.021913
-0.000933352
-0.0206904
-0.000928505
-0.0188871
-0.000874924
-0.0165345
-0.000776376
-0.0137781
-0.000647892
-0.0108435
-0.000505044
-0.00797581
-0.000366221
-0.00538819
-0.000243667
-0.00322928
-0.000144874
-0.00158363
-7.25637e-05
-0.000484055
-1.33137e-05
-1.24419e-05
2.3081e-05
-3.03756e-05
-5.73243e-06
-5.79499e-06
-4.40259e-05
3.94228e-05
-6.42455e-07
-7.27868e-07
-1.0466e-06
-7.84613e-07
-1.9858e-05
1.90886e-05
-3.81864e-07
-2.10398e-05
-8.09229e-07
-5.06513e-05
-5.42025e-06
-5.23144e-06
-1.83205e-06
-8.94441e-06
-1.46141e-05
0.000287023
-1.48144e-05
-6.86012e-06
-8.61339e-06
-5.20828e-05
-2.93647e-06
-4.56273e-06
2.21079e-05
-2.29999e-05
-3.57345e-06
-1.83868e-06
-6.77357e-05
0.0011386
-0.000125139
0.0024373
-0.000201579
0.00417442
-0.000294902
0.00632139
-0.000401572
0.00882023
-0.00051475
0.0115724
-0.000624451
0.0144414
-0.000719206
0.0172619
-0.000786294
0.0198616
-0.00081707
-0.000365313
-1.52698e-05
-8.20604e-07
4.73967e-06
-0.00121731
-2.4373e-06
-4.13761e-05
-5.17246e-07
-5.59583e-07
-4.27429e-05
-3.76161e-07
-2.80181e-07
-0.00254084
-4.52453e-06
-1.96524e-06
-1.51413e-07
-2.28915e-06
-1.85106e-07
-2.53863e-06
-4.95165e-08
-2.8421e-06
5.03495e-08
-0.00432855
-2.37506e-05
1.54975e-06
1.36965e-06
1.32117e-06
1.36402e-06
-0.00652939
-5.26099e-05
-0.00904609
-8.19432e-05
-0.0117402
-0.000114457
-0.0144225
-0.000156613
-0.0168925
-0.000215246
-0.0189785
-0.000288847
-0.0205824
-0.00037709
-0.0217019
-0.000478619
-0.0223953
-0.000588512
-0.0227497
-0.000700203
-0.0228032
-0.00080187
-0.0225391
-0.000883858
-0.0218739
-0.000930227
-0.0206933
-0.000930498
-0.0189354
-0.00088029
-0.0166241
-0.000785343
-0.0138973
-0.000657234
-0.0109756
-0.000515722
-0.00810548
-0.000375368
-0.00550339
-0.000251034
-0.00332324
-0.000149737
-0.00165347
-7.50722e-05
-0.000530304
-1.3546e-05
-1.27852e-05
3.71117e-05
-4.47227e-05
-5.70993e-06
-5.70799e-06
-3.50387e-05
3.05735e-05
-6.35234e-07
-6.36262e-07
-7.17832e-07
-6.92158e-07
-1.71642e-05
1.66599e-05
-1.39273e-07
-1.7728e-05
-1.64152e-07
1.83114e-05
-2.69392e-07
-2.01261e-07
-7.77618e-06
7.39453e-06
-8.5848e-06
-2.37432e-05
-4.67651e-06
-2.43072e-05
-4.66702e-06
-5.64679e-05
-2.72926e-06
-1.82082e-06
-1.30925e-05
-8.38457e-06
-1.49563e-05
0.000248912
-1.46737e-05
-1.9789e-05
-8.10276e-06
-6.15382e-05
-1.52299e-06
-2.02213e-06
2.58007e-05
-2.68258e-05
-1.91045e-06
-3.06903e-06
1.04235e-05
-1.39955e-05
-6.99474e-05
0.00108339
-0.00012812
0.00236384
-0.000204392
0.00408388
-0.000297726
0.00621752
-0.000403339
0.00870881
-0.000515057
0.011463
-0.00062347
0.0143457
-0.000714441
0.01719
-0.000782662
-0.00035155
-2.89259e-05
8.91209e-06
6.26307e-06
-0.00120885
-2.37224e-05
-4.26125e-05
-5.33754e-07
-4.15195e-07
-3.8285e-05
-1.40152e-07
5.53591e-07
-0.00252817
-1.50973e-05
-3.1929e-06
-1.67342e-07
-3.55049e-06
-2.01905e-07
-3.85285e-06
-7.31007e-08
-4.15756e-06
2.41245e-08
-0.00431079
-2.22836e-05
1.21236e-06
1.02741e-06
9.77917e-07
1.02796e-06
-0.0065078
-4.53445e-05
-0.00902382
-7.48747e-05
-0.0117126
-0.000109519
-0.0143847
-0.000152289
-0.0168415
-0.000207654
-0.0189137
-0.000280046
-0.0205037
-0.000367571
-0.0216113
-0.000467744
-0.0222971
-0.000576772
-0.02265
-0.00068823
-0.0227118
-0.000791574
-0.0224672
-0.000873778
-0.0218334
-0.000924416
-0.0206954
-0.000928079
-0.0189832
-0.000882704
-0.0167132
-0.000791218
-0.0140166
-0.000666056
-0.0111086
-0.000524338
-0.00823764
-0.000383585
-0.00562147
-0.000257307
-0.00342044
-0.000153842
-0.0017263
-7.69048e-05
-0.000578552
-1.37515e-05
-1.30667e-05
5.17638e-05
-5.95538e-05
-5.75953e-06
-5.74414e-06
-2.6258e-05
2.18147e-05
-6.43521e-07
-6.26293e-07
-6.90583e-07
-7.01516e-07
-1.50756e-05
1.45707e-05
-1.31001e-07
-1.55699e-05
-1.41385e-07
1.61039e-05
-1.61255e-07
-1.57931e-07
-6.75968e-06
6.62049e-06
-6.92385e-06
7.12511e-06
-1.49656e-05
-3.706e-06
-1.72441e-05
-2.38809e-06
-2.82044e-05
-1.34946e-06
-2.90344e-05
-9.88812e-07
-6.69101e-05
-1.6573e-06
-1.34983e-06
-2.68776e-05
-7.86294e-06
-1.47037e-05
0.00020798
-1.42885e-05
-3.3888e-05
-7.6634e-06
-7.20821e-05
-1.35669e-06
-1.57242e-06
3.01739e-05
-3.09544e-05
-7.40593e-07
-8.81967e-07
1.92358e-05
-2.06034e-05
-5.42461e-07
-1.07726e-06
-7.02194e-05
0.00102553
-0.000129242
0.00228871
-0.000206429
0.00399263
-0.000299707
0.00611392
-0.000405252
0.00859902
-0.00051648
0.011356
-0.000619868
0.0142511
-0.00071578
-0.000349934
-7.45095e-07
7.31528e-07
-1.58457e-06
-0.00120402
-3.37491e-05
-3.22405e-05
1.17279e-06
1.69778e-06
-2.69093e-05
7.40108e-07
1.93245e-07
-0.00251993
-3.19571e-05
-4.49715e-06
-1.94789e-07
-4.68971e-06
-2.22192e-07
-4.71646e-06
-1.1223e-07
-4.11666e-06
-4.59097e-08
-0.00429513
-3.07533e-05
8.60421e-07
6.58701e-07
5.85664e-07
6.09537e-07
-0.00648725
-4.28322e-05
-0.00899968
-6.94911e-05
-0.0116843
-0.000103192
-0.0143479
-0.000146266
-0.0167928
-0.000200902
-0.0188503
-0.000271062
-0.0204271
-0.000356674
-0.0215223
-0.000456537
-0.0222002
-0.000564658
-0.0225521
-0.000674649
-0.0226216
-0.000778481
-0.0223944
-0.000864293
-0.0217912
-0.000915895
-0.0206957
-0.000924141
-0.0190283
-0.000882934
-0.0168005
-0.000795353
-0.0141348
-0.000673037
-0.0112424
-0.000532209
-0.00837128
-0.000390724
-0.00574273
-0.000262356
-0.0035208
-0.00015699
-0.00180172
-7.84651e-05
-0.000628206
-1.39473e-05
-1.33202e-05
6.68009e-05
-7.47263e-05
-5.8314e-06
-5.82076e-06
-1.7478e-05
1.30009e-05
-6.53182e-07
-6.30246e-07
-6.9241e-07
-7.1356e-07
-1.30087e-05
1.24962e-05
-1.31381e-07
-1.34945e-05
-1.40355e-07
1.40381e-05
-1.57618e-07
-1.5782e-07
-6.16028e-06
6.02953e-06
-6.30149e-06
6.45942e-06
-3.70594e-06
-6.09397e-06
-2.16356e-05
-3.15902e-07
-2.23816e-05
-2.41743e-07
-3.19327e-05
-6.78655e-07
-3.2649e-05
-6.32507e-07
-7.72374e-05
-1.43363e-06
-1.26706e-06
-4.1116e-05
-7.4818e-06
-1.43783e-05
0.00016608
-1.39507e-05
-4.80529e-05
-7.34053e-06
-8.2169e-05
-1.2994e-06
-1.43741e-06
3.35661e-05
-3.43088e-05
-6.12924e-07
-6.54914e-07
2.30786e-05
-2.36403e-05
-1.77863e-07
-1.84533e-07
7.17124e-06
-7.71321e-06
-7.01549e-05
0.000966424
-0.000130504
0.00221278
-0.000209025
0.00390192
-0.000303297
0.00601194
-0.000408396
0.00849093
-0.000514507
0.0112507
-0.000626867
2.26048e-05
-6.14203e-07
-5.15915e-07
-0.000133208
-0.000238201
-0.00119247
-1.23041e-05
-2.58688e-05
-9.83556e-08
-2.07821e-07
-2.72579e-05
-9.67525e-08
-9.65631e-08
-0.00251519
-3.84867e-05
-2.80277e-06
-1.41406e-07
-1.21073e-06
1.0667e-07
-4.70278e-07
-2.77217e-07
-0.00428493
-4.21509e-05
4.14654e-07
1.92769e-07
8.07479e-08
3.47738e-08
-0.00647002
-4.79844e-05
-0.0089766
-6.59115e-05
-0.0116563
-9.7519e-05
-0.0143126
-0.000138516
-0.016747
-0.000192149
-0.0187893
-0.000261893
-0.0203515
-0.000346646
-0.0214339
-0.000445034
-0.0221034
-0.000553367
-0.0224549
-0.000661835
-0.0225301
-0.000766076
-0.022322
-0.000850873
-0.0217498
-0.000905734
-0.0206929
-0.000918663
-0.0190715
-0.000880933
-0.0168858
-0.000797674
-0.0142521
-0.000678056
-0.0113773
-0.000538212
-0.00850716
-0.000396354
-0.00586631
-0.000267186
-0.00362327
-0.000159942
-0.00187891
-7.98421e-05
-0.000678993
-1.41364e-05
-1.35566e-05
8.2137e-05
-9.01802e-05
-5.90862e-06
-5.90947e-06
-8.60746e-06
4.07448e-06
-6.62756e-07
-6.37351e-07
-7.00832e-07
-7.2559e-07
-1.09239e-05
1.04037e-05
-1.32749e-07
-1.14116e-05
-1.41484e-07
1.19648e-05
-1.59958e-07
-1.59915e-07
-5.5739e-06
5.44287e-06
-5.71418e-06
5.872e-06
-8.02877e-06
-8.27022e-06
-2.41768e-05
-1.41022e-07
-2.4658e-05
-1.5065e-07
-3.51591e-05
-5.82638e-07
-3.58502e-05
-5.74868e-07
-8.70879e-05
-1.33824e-06
-1.22217e-06
-5.52077e-05
-7.22176e-06
-1.41827e-05
0.000123984
-1.3859e-05
-6.20207e-05
-7.1388e-06
-9.18052e-05
-1.26044e-06
-1.36393e-06
3.66845e-05
-3.74072e-05
-5.76361e-07
-6.02943e-07
2.51793e-05
-2.56439e-05
-1.4799e-07
-1.33524e-07
8.45475e-06
-8.63184e-06
-7.10839e-05
0.000907034
-0.000133893
0.00213767
-0.000214574
0.00381323
-0.00030939
0.00591296
-0.000411427
0.00838786
-0.000528158
-0.00117514
5.29003e-06
-2.77503e-05
-5.12615e-08
-6.8321e-08
-2.81589e-05
-4.63459e-08
-5.92287e-08
-8.2644e-06
-5.35373e-06
-0.000119591
1.31634e-05
-0.000259624
-0.00250136
-2.61297e-05
-3.75526e-07
-5.8271e-07
-6.79226e-07
-7.75903e-07
-0.00427749
-4.59286e-05
-1.0667e-07
-0.00645785
-5.43143e-05
-0.00895743
-6.71508e-05
-0.0116289
-9.32507e-05
-0.0142778
-0.000132373
-0.0167003
-0.000185223
-0.0187289
-0.000252586
-0.020277
-0.000336402
-0.0213462
-0.00043441
-0.022009
-0.000539388
-0.0223585
-0.000649816
-0.0224387
-0.000753224
-0.02225
-0.000838073
-0.0217068
-0.000893891
-0.0206901
-0.000908562
-0.0191136
-0.000876584
-0.0169702
-0.000796495
-0.0143688
-0.000680983
-0.0115121
-0.000543233
-0.00864364
-0.000401741
-0.00599118
-0.000271496
-0.00372767
-0.000162797
-0.00195772
-8.11565e-05
-0.000730741
-1.43263e-05
-1.37889e-05
9.77368e-05
-0.000105893
-5.98942e-06
-6.00145e-06
3.84306e-07
-4.97679e-06
-6.71898e-07
-6.45943e-07
-7.11664e-07
-7.37714e-07
-8.80984e-06
8.28111e-06
-1.34143e-07
-9.30329e-06
-1.43389e-07
9.86658e-06
-1.63017e-07
-1.62038e-07
-4.9822e-06
4.85001e-06
-5.12334e-06
5.28326e-06
-8.77263e-06
-8.92316e-06
-2.61043e-05
-1.21361e-07
-2.65416e-05
-1.37188e-07
-3.81971e-05
-5.48986e-07
-3.8871e-05
-5.48263e-07
-9.65448e-05
-1.28374e-06
-1.19324e-06
-6.91066e-05
-7.10351e-06
-1.43992e-05
8.15884e-05
-1.42992e-05
-7.58423e-05
-7.11395e-06
-0.000101128
-1.23978e-06
-1.3215e-06
3.96591e-05
-4.03648e-05
-5.54935e-07
-5.7598e-07
2.70214e-05
-2.74586e-05
-1.39435e-07
-1.23078e-07
9.05668e-06
-9.20422e-06
-7.46315e-05
0.000847755
-0.000141405
0.0020645
-0.000224889
0.00372873
-0.000318922
0.00582046
-0.000431414
-6.12613e-06
5.38931e-06
-0.00248382
-1.22593e-05
-8.27109e-07
-8.94933e-07
-5.64647e-08
-3.79312e-08
-1.1244e-05
-2.21757e-05
-9.41148e-07
-1.00055e-06
-1.98988e-08
-8.32174e-07
-9.29439e-08
-0.000118646
-0.000265767
-0.0042653
-3.83302e-05
-0.00644807
-5.57115e-05
-0.00894236
-6.93893e-05
-0.011605
-9.1107e-05
-0.0142448
-0.000126166
-0.0166554
-0.000177213
-0.018671
-0.000243098
-0.0202036
-0.000325963
-0.0212602
-0.000422376
-0.0219136
-0.000529819
-0.0222604
-0.000637433
-0.0223498
-0.000738766
-0.0221785
-0.000824769
-0.0216644
-0.000880395
-0.0206862
-0.000897825
-0.0191542
-0.000867983
-0.0170528
-0.000794038
-0.0144843
-0.000680995
-0.0116464
-0.000546679
-0.00878039
-0.000406511
-0.0061177
-0.000275254
-0.00383396
-0.000165254
-0.00203811
-8.24574e-05
-0.0007834
-1.45195e-05
-1.40199e-05
0.000113588
-0.000121853
-6.07095e-06
-6.09435e-06
9.50537e-06
-1.41626e-05
-6.80864e-07
-6.54872e-07
-7.23007e-07
-7.49434e-07
-6.66374e-06
6.12717e-06
-1.35552e-07
-7.16373e-06
-1.45145e-07
7.73672e-06
-1.66327e-07
-1.6436e-07
-4.38197e-06
4.24824e-06
-4.52516e-06
4.68719e-06
-9.32547e-06
-9.46266e-06
-2.78923e-05
-1.15017e-07
-2.83095e-05
-1.31311e-07
-4.11192e-05
-5.29266e-07
-4.17788e-05
-5.33035e-07
-0.000105781
-1.26009e-06
-1.18764e-06
-8.29975e-05
-7.24328e-06
-1.54445e-05
3.82007e-05
-1.57869e-05
-8.98638e-05
-7.43325e-06
-0.000110331
-1.25263e-06
-1.31264e-06
4.25378e-05
-4.32356e-05
-5.41889e-07
-5.62361e-07
2.8768e-05
-2.91896e-05
-1.33931e-07
-1.17711e-07
9.58574e-06
-9.725e-06
-8.26555e-05
0.000789042
-0.000154878
0.00199453
-0.000240631
0.00365047
-0.000343462
-1.19569e-05
-0.00424771
-2.98311e-05
-1.05715e-06
-1.09526e-06
-1.37195e-06
-1.60132e-07
-9.71257e-06
-2.43802e-05
5.18301e-07
-2.49914e-05
2.17714e-06
-7.26454e-07
-6.80783e-07
-0.00643506
-5.13395e-05
-0.00892838
-6.96876e-05
-0.0115852
-8.91092e-05
-0.0142143
-0.000121619
-0.0166125
-0.000169099
-0.0186137
-0.000234541
-0.0201303
-0.000316452
-0.0211737
-0.00041244
-0.0218184
-0.000517615
-0.0221655
-0.000624699
-0.022261
-0.000726244
-0.0221062
-0.000810989
-0.0216218
-0.000867445
-0.0206821
-0.000884416
-0.0191942
-0.000857802
-0.0171338
-0.000787013
-0.0145984
-0.000679961
-0.0117791
-0.000548392
-0.00891768
-0.0004094
-0.00624562
-0.000278603
-0.00394137
-0.000167838
-0.00211962
-8.37218e-05
-0.000836879
-1.47182e-05
-1.42574e-05
0.000129685
-0.000138066
-6.15683e-06
-6.19063e-06
1.87601e-05
-2.34811e-05
-6.89924e-07
-6.64324e-07
-7.34884e-07
-7.6111e-07
-4.48395e-06
3.93944e-06
-1.37034e-07
-4.99164e-06
-1.47099e-07
5.57427e-06
-1.69804e-07
-1.66729e-07
-3.77297e-06
3.63774e-06
-3.91783e-06
4.08219e-06
-9.84012e-06
-9.97161e-06
-2.96073e-05
-1.11073e-07
-3.00132e-05
-1.26956e-07
-4.39749e-05
-5.21138e-07
-4.46313e-05
-5.30879e-07
-0.000115056
-1.28189e-06
-1.23111e-06
-9.74309e-05
-7.88367e-06
-1.79856e-05
-7.41052e-06
-1.90497e-05
-0.000104789
-8.42195e-06
-0.000119792
-1.33289e-06
-1.36929e-06
4.53825e-05
-4.60897e-05
-5.45066e-07
-5.61348e-07
3.04608e-05
-3.08711e-05
-1.31732e-07
-1.14829e-07
1.00893e-05
-1.02232e-05
-9.68412e-05
0.000731032
-0.000174621
0.00192855
-0.000266717
-3.01507e-05
-0.00641855
-4.6358e-05
-1.25551e-06
2.21538e-07
-9.41618e-06
-2.55459e-05
-1.7211e-07
-2.99311e-07
-0.00891474
-6.49915e-05
-0.0115689
-8.60262e-05
-0.0141871
-0.00011631
-0.0165732
-0.000160901
-0.018558
-0.000224797
-0.0200592
-0.000305639
-0.0210879
-0.00040229
-0.0217245
-0.00050633
-0.0220679
-0.000615229
-0.02217
-0.000715696
-0.0220346
-0.000797894
-0.0215799
-0.000852839
-0.0206803
-0.000869328
-0.0192345
-0.000844087
-0.0172156
-0.000776004
-0.0147117
-0.000673658
-0.0119113
-0.000547706
-0.00905465
-0.000411442
-0.0063733
-0.000281756
-0.00404992
-0.000170107
-0.00220249
-8.50264e-05
-0.000891188
-1.49257e-05
-1.45075e-05
0.000146037
-0.000154521
-6.24392e-06
-6.28943e-06
2.81517e-05
-3.29429e-05
-6.99084e-07
-6.74017e-07
-7.47041e-07
-7.72882e-07
-2.27169e-06
1.71982e-06
-1.38577e-07
-2.78654e-06
-1.48972e-07
3.37834e-06
-1.73192e-07
-1.69075e-07
-3.15423e-06
3.01735e-06
-3.30127e-06
3.468e-06
-1.03343e-05
-1.04613e-05
-3.12827e-05
-1.08938e-07
-3.16881e-05
-1.25237e-07
-4.68387e-05
-5.32511e-07
-4.75201e-05
-5.48793e-07
-0.0001249
-1.39738e-06
-1.37597e-06
-0.00011333
-9.44567e-06
-2.28664e-05
-5.63671e-05
-2.49882e-05
-0.000121792
-1.05868e-05
-0.000130218
-1.55334e-06
-1.55239e-06
4.8302e-05
-4.90551e-05
-5.7927e-07
-5.87043e-07
3.21355e-05
-3.25492e-05
-1.31203e-07
-1.13943e-07
1.05762e-05
-1.07076e-05
-0.000116693
0.000673146
-0.000198776
-4.58422e-05
-0.00889968
-6.14045e-05
-1.03396e-06
-9.58343e-06
-4.6986e-09
-3.291e-08
-0.0115513
-8.26356e-05
-0.014162
-0.000111198
-0.0165348
-0.000154688
-0.0185028
-0.000216036
-0.0199881
-0.000295836
-0.0210027
-0.000390788
-0.0216296
-0.000497195
-0.02197
-0.000604281
-0.0220804
-0.000704796
-0.0219624
-0.00078785
-0.0215367
-0.000841076
-0.0206774
-0.000855717
-0.0192751
-0.000828717
-0.0172963
-0.000763401
-0.0148232
-0.000664561
-0.0120423
-0.000542714
-0.00919069
-0.000411681
-0.00650116
-0.000283591
-0.00415944
-0.00017223
-0.00228629
-8.62973e-05
-0.000946314
-1.51339e-05
-1.47646e-05
0.000162637
-0.000171229
-6.33497e-06
-6.3918e-06
3.76874e-05
-4.25435e-05
-7.08216e-07
-6.84008e-07
-7.59833e-07
-7.84987e-07
-2.4964e-08
-5.35113e-07
-1.40156e-07
-5.48124e-07
-1.51044e-07
1.14961e-06
-1.76787e-07
-1.71411e-07
-2.52646e-06
2.3881e-06
-2.67526e-06
2.84433e-06
-1.08165e-05
-1.09417e-05
-3.29685e-05
-1.12242e-07
-3.33879e-05
-1.28811e-07
-4.9869e-05
-5.83589e-07
-5.06316e-05
-6.12953e-07
-0.000136255
-1.69008e-06
-1.71506e-06
-0.000132124
-1.2537e-05
-3.06618e-05
-0.000108833
-3.35332e-05
-0.000142523
-1.4578e-05
-0.000142835
-2.0354e-06
-1.97449e-06
5.15145e-05
-5.23899e-05
-6.77716e-07
-6.69345e-07
3.38556e-05
-3.42972e-05
-1.3718e-07
-1.19119e-07
1.10556e-05
-1.11864e-05
-0.000135652
-6.02942e-05
-0.0115348
-7.79266e-05
-1.03863e-06
-0.0141391
-0.000105478
-0.0164985
-0.000147533
-0.0184503
-0.000207201
-0.0199171
-0.000287069
-0.0209171
-0.00038149
-0.0215325
-0.000487873
-0.0218717
-0.000595464
-0.0219875
-0.000697143
-0.0218875
-0.000779736
-0.0214946
-0.000829943
-0.0206758
-0.000842604
-0.0193173
-0.000813594
-0.0173792
-0.00074573
-0.0149369
-0.000649719
-0.012172
-0.000534842
-0.00932431
-0.000409109
-0.00662836
-0.000284507
-0.00426908
-0.000174007
-0.00237103
-8.75488e-05
-0.00100225
-1.53445e-05
-1.50388e-05
0.000179497
-0.000188203
-6.43138e-06
-6.49861e-06
4.73646e-05
-5.22881e-05
-7.17899e-07
-6.94427e-07
-7.73177e-07
-7.97265e-07
2.25605e-06
-2.82336e-06
-1.41647e-07
1.72525e-06
-1.53026e-07
-1.11425e-06
-1.80479e-07
-1.7387e-07
-1.88884e-06
1.74874e-06
-2.03989e-06
2.2113e-06
-1.12984e-05
-1.14271e-05
-3.47561e-05
-1.23889e-07
-3.52259e-05
-1.42707e-07
-5.33638e-05
-7.16036e-07
-5.43104e-05
-7.67759e-07
-0.000150664
-2.30105e-06
-2.40567e-06
-0.000155381
-1.77924e-05
-3.78549e-05
-3.96226e-05
-0.000168102
-2.07996e-05
-0.000159451
-2.97913e-06
-2.80911e-06
5.54236e-05
-5.65578e-05
-9.00762e-07
-8.61061e-07
3.57583e-05
-3.62767e-05
-1.59019e-07
-1.36859e-07
1.15462e-05
-1.16829e-05
-7.47359e-05
-0.014118
-9.90064e-05
-0.0164644
-0.000139537
-0.0183996
-0.000198297
-0.0198484
-0.00027592
-0.0208321
-0.000372096
-0.0214368
-0.000477199
-0.0217719
-0.000587639
-0.0218938
-0.000689202
-0.0218122
-0.000772449
-0.0214492
-0.000825164
-0.0206715
-0.000834285
-0.0193601
-0.00079975
-0.0174648
-0.000728061
-0.0150502
-0.000632393
-0.0123008
-0.00052096
-0.00945699
-0.000402178
-0.0067543
-0.00028318
-0.00437843
-0.000175152
-0.00245632
-8.87076e-05
-0.00105893
-1.55527e-05
-1.53238e-05
0.000196632
-0.000205451
-6.53059e-06
-6.6099e-06
5.71908e-05
-6.21932e-05
-7.27e-07
-7.04702e-07
-7.86632e-07
-8.10011e-07
4.57126e-06
-5.14571e-06
-1.43053e-07
4.03256e-06
-1.55029e-07
-3.41193e-06
-1.84287e-07
-1.76394e-07
-1.24153e-06
1.10004e-06
-1.39447e-06
1.56834e-06
-1.18065e-05
-1.19492e-05
-3.6838e-05
-1.53973e-07
-3.74274e-05
-1.77795e-07
-5.78602e-05
-9.98586e-07
-5.9172e-05
-1.09351e-06
-0.000170052
-3.45991e-06
-3.72392e-06
-0.000181479
-2.44688e-05
-2.72945e-05
-0.000181661
-4.81113e-06
-4.37215e-06
6.07261e-05
-6.23473e-05
-1.35741e-06
-1.25478e-06
3.81074e-05
-3.87967e-05
-2.10843e-07
-1.80892e-07
1.2086e-05
-1.22446e-05
-9.43408e-05
-0.0164318
-0.000131644
-0.0183507
-0.000188378
-0.0197809
-0.000265747
-0.0207478
-0.000360224
-0.0213401
-0.00046882
-0.0216695
-0.000579657
-0.021798
-0.000683416
-0.021733
-0.000768376
-0.0214004
-0.000821172
-0.0206668
-0.000829813
-0.0194041
-0.000790238
-0.0175515
-0.000713049
-0.0151671
-0.000611142
-0.0124313
-0.000501885
-0.00958792
-0.000390032
-0.00687713
-0.000279366
-0.00448635
-0.000175304
-0.0025418
-8.97208e-05
-0.00111628
-1.57558e-05
-1.56285e-05
0.00021405
-0.000222976
-6.63412e-06
-6.72795e-06
6.71789e-05
-7.2259e-05
-7.37107e-07
-7.16838e-07
-8.01284e-07
-8.2319e-07
6.92422e-06
-7.50786e-06
-1.44569e-07
6.37597e-06
-1.57276e-07
-5.74464e-06
-1.88193e-07
-1.78973e-07
-5.84666e-07
4.4186e-07
-7.39526e-07
9.15921e-07
-1.23983e-05
-1.2576e-05
-3.95729e-05
-2.21724e-07
-4.04104e-05
-2.5551e-07
-6.42433e-05
-1.56332e-06
-6.62037e-05
-1.76238e-06
-0.000194138
-5.66682e-06
-6.31995e-06
-7.44023e-06
-7.07096e-06
6.85082e-05
-7.09732e-05
-2.34351e-06
-2.06732e-06
4.13885e-05
-4.24226e-05
-3.22997e-07
-2.76506e-07
1.27569e-05
-1.29672e-05
-0.000122744
-0.0183038
-0.000178527
-0.0197149
-0.000254453
-0.020663
-0.000350511
-0.0212424
-0.000457914
-0.0215667
-0.000571556
-0.021699
-0.000678665
-0.02165
-0.00076643
-0.0213485
-0.000820306
-0.0206587
-0.000829313
-0.0194468
-0.000787142
-0.0176409
-0.000700821
-0.0152891
-0.000591067
-0.0125645
-0.00047792
-0.00971846
-0.000371347
-0.0069969
-0.000270268
-0.00459213
-0.000173583
-0.00262673
-9.03679e-05
-0.00117412
-1.59377e-05
-1.59442e-05
0.000231755
-0.000240775
-6.73973e-06
-6.85041e-06
7.73357e-05
-8.24982e-05
-7.47974e-07
-7.28843e-07
-8.16607e-07
-8.36597e-07
9.31621e-06
-9.90835e-06
-1.46285e-07
8.75874e-06
-1.59591e-07
-8.11707e-06
-1.9231e-07
-1.81626e-07
8.29882e-08
-2.27958e-07
-7.44906e-08
2.53464e-07
-1.31887e-05
-1.3444e-05
-4.36201e-05
-3.65125e-07
-4.49522e-05
-4.29659e-07
-7.38133e-05
-2.82497e-06
-7.67449e-05
-3.38617e-06
7.96756e-05
-4.83806e-06
-4.13944e-06
4.65251e-05
-4.82638e-05
-6.04107e-07
-4.94383e-07
1.37206e-05
-1.40431e-05
-0.000168736
-0.019649
-0.000244408
-0.020579
-0.000338445
-0.0211449
-0.000447989
-0.0214625
-0.000562104
-0.021598
-0.00067258
-0.0215631
-0.000765512
-0.0212911
-0.000823861
-0.0206438
-0.000835154
-0.0194843
-0.000791796
-0.0177285
-0.000699513
-0.0154131
-0.000576787
-0.0127029
-0.000452666
-0.00985028
-0.0003461
-0.00711388
-0.000254379
-0.00469375
-0.000168681
-0.00271002
-9.03371e-05
-0.00123215
-1.60808e-05
-1.62752e-05
0.000249744
-0.000258841
-6.84652e-06
-6.97797e-06
8.76645e-05
-9.29051e-05
-7.59337e-07
-7.4304e-07
-8.33399e-07
-8.51203e-07
1.17508e-05
-1.23523e-05
-1.4823e-07
1.11825e-05
-1.62127e-07
-1.05297e-05
-1.96671e-07
-1.84541e-07
7.61636e-07
-9.08422e-07
6.0197e-07
-4.20344e-07
-1.44081e-05
-1.48377e-05
-5.03272e-05
-7.59812e-07
-5.26842e-05
-1.02716e-06
5.5292e-05
-2.33799e-06
-1.53098e-06
1.53321e-05
-1.59356e-05
-0.000233252
-0.0204958
-0.000327644
-0.0210465
-0.000436869
-0.0213569
-0.000553643
-0.0214937
-0.000666342
-0.0214736
-0.000762082
-0.0212293
-0.000827311
-0.0206246
-0.000843144
-0.019517
-0.000802483
-0.0178133
-0.000706983
-0.0155379
-0.000574696
-0.0128468
-0.000432908
-0.0099874
-0.000315544
-0.00722999
-0.000229991
-0.00478993
-0.000158193
-0.00278981
-8.88823e-05
-0.00128974
-1.61347e-05
-1.66151e-05
0.000268008
-0.000277141
-6.95056e-06
-7.10921e-06
9.8168e-05
-0.000103491
-7.6999e-07
-7.57102e-07
-8.50963e-07
-8.65734e-07
1.42269e-05
-1.4837e-05
-1.50111e-07
1.36485e-05
-1.64822e-07
-1.29848e-05
-2.01269e-07
-1.87598e-07
1.45269e-06
-1.60156e-06
1.2901e-06
-1.10556e-06
-1.66946e-05
-1.77211e-05
1.92521e-05
-0.000315747
-0.0209495
-0.000424621
-0.021251
-0.000542747
-0.0213875
-0.000659879
-0.0213791
-0.0007609
-0.0211607
-0.000830693
-0.0205985
-0.000853396
-0.0195416
-0.000818486
-0.0178921
-0.000723691
-0.015661
-0.000583932
-0.0129932
-0.000428252
-0.0101312
-0.000289131
-0.00734954
-0.000196
-0.00488135
-0.000138589
-0.00286355
-8.4482e-05
-0.00134568
-1.60074e-05
-1.69447e-05
0.000286515
-0.000295612
-7.04147e-06
-7.24283e-06
0.00010885
-0.000114248
-7.80732e-07
-7.72986e-07
-8.70258e-07
-8.80847e-07
1.67489e-05
-1.73681e-05
-1.5217e-07
1.61582e-05
-1.67634e-07
-1.5483e-05
-2.06129e-07
-1.91007e-07
2.1554e-06
-2.30585e-06
1.9905e-06
-1.80291e-06
-0.000413667
-0.0211437
-0.000531903
-0.0212805
-0.000649729
-0.0212831
-0.000755887
-0.0210899
-0.000831655
-0.0205654
-0.000863741
-0.0195602
-0.000834827
-0.017965
-0.00074558
-0.0157786
-0.000606105
-0.0131375
-0.000439606
-0.0102799
-0.00027948
-0.00747683
-0.000161826
-0.00497122
-0.000106123
-0.00292846
-7.36664e-05
-0.00139753
-1.54388e-05
-1.71904e-05
0.00030518
-0.000314079
-7.10928e-06
-7.37655e-06
0.000119705
-0.000125169
-7.90856e-07
-7.89305e-07
-8.91101e-07
-8.96186e-07
1.9316e-05
-1.99429e-05
-1.54283e-07
1.87137e-05
-1.7058e-07
-1.80271e-05
-2.11254e-07
-1.94215e-07
2.87133e-06
-3.02392e-06
2.70334e-06
-2.51233e-06
-0.000521149
-0.0211716
-0.000640828
-0.0211832
-0.000749606
-0.0210122
-0.000833584
-0.0205263
-0.000870789
-0.0195714
-0.000852584
-0.0180297
-0.000770092
-0.0158893
-0.0006349
-0.0132772
-0.000466465
-0.0104271
-0.000292445
-0.00761071
-0.000145607
-0.00506939
-6.36667e-05
-0.00298521
-4.93917e-05
-0.00144065
-1.35418e-05
-1.70146e-05
0.000323781
-0.000332114
-7.10708e-06
-7.48942e-06
0.000130718
-0.000136217
-8.00471e-07
-8.10894e-07
-9.14941e-07
-9.11574e-07
2.1933e-05
-2.25684e-05
-1.56319e-07
2.13167e-05
-1.7379e-07
-2.0618e-05
-2.16758e-07
-1.9789e-07
3.59995e-06
-3.75436e-06
3.42938e-06
-3.23517e-06
-0.000629507
-0.0210819
-0.000742082
-0.0209323
-0.000829551
-0.0204821
-0.000877748
-0.0195757
-0.000866482
-0.0180879
-0.000794479
-0.0159943
-0.000665009
-0.0134119
-0.000500151
-0.0105697
-0.000323872
-0.00774244
-0.000160719
-0.00517567
-3.93218e-05
-0.00304424
-4.62741e-06
-0.00146878
-6.67084e-06
-1.45817e-05
0.00034164
-0.000348422
-6.7592e-06
-7.488e-06
0.000141836
-0.000147296
-8.08021e-07
-8.40474e-07
-9.45385e-07
-9.25239e-07
2.4603e-05
-2.52447e-05
-1.58782e-07
2.39701e-05
-1.77686e-07
-2.326e-05
-2.23128e-07
-2.01386e-07
4.34328e-06
-4.49984e-06
4.16925e-06
-3.97136e-06
-0.000732137
-0.0208489
-0.000825459
-0.0204327
-0.000879012
-0.0195751
-0.000878379
-0.0181405
-0.000813836
-0.0160949
-0.000693958
-0.0135426
-0.000534382
-0.0107088
-0.000361064
-0.00786883
-0.000197499
-0.00527678
-5.96264e-05
-0.00311504
3.14545e-05
-0.00148643
1.52314e-05
-2.22076e-06
0.000356332
-0.000358573
-4.42961e-06
-6.67248e-06
0.000152852
-0.000157921
-7.99489e-07
-8.89515e-07
-9.92597e-07
-9.38533e-07
2.73364e-05
-2.7983e-05
-1.61826e-07
2.66793e-05
-1.83861e-07
-2.59597e-05
-2.30756e-07
-2.05829e-07
5.10189e-06
-5.26064e-06
4.92428e-06
-4.72289e-06
-0.00081653
-0.0203802
-0.000877921
-0.019569
-0.000885061
-0.0181871
-0.000831742
-0.0161897
-0.000719048
-0.0136708
-0.000565693
-0.0108461
-0.000397086
-0.00799342
-0.000236471
-0.00537276
-0.000101524
-0.0031768
2.13941e-06
-0.00151542
3.10322e-05
2.94192e-05
0.00035982
-0.000352972
8.38463e-06
-9.73385e-07
0.000162643
-0.000165524
-6.22861e-07
-9.25913e-07
-1.05471e-06
-8.96256e-07
3.01535e-05
-3.07857e-05
-1.66999e-07
2.94581e-05
-1.93532e-07
-2.87327e-05
-2.42506e-07
-2.12921e-07
5.88134e-06
-6.04322e-06
5.69735e-06
-5.49152e-06
-0.000872148
-0.0195584
-0.000888526
-0.01823
-0.000842187
-0.0162823
-0.000739134
-0.0137976
-0.000592314
-0.010985
-0.000426852
-0.00812153
-0.000268993
-0.00547203
-0.000137227
-0.00323642
-4.19303e-05
-0.00153346
1.01812e-06
1.91409e-05
0.000347691
-0.000344239
2.75778e-05
2.41366e-05
0.000165237
-0.000158422
1.77496e-06
-2.05234e-07
-9.63465e-07
-2.96489e-07
3.29825e-05
-3.34461e-05
-1.59283e-07
3.22603e-05
-2.03935e-07
-3.15823e-05
-2.58244e-07
-2.18339e-07
6.69192e-06
-6.85876e-06
6.49852e-06
-6.2856e-06
-0.000885368
-0.0182687
-0.000849849
-0.0163707
-0.000753797
-0.0139243
-0.000612396
-0.0111265
-0.000450762
-0.00825463
-0.000293759
-0.00557895
-0.00016207
-0.00330586
-6.77945e-05
-0.0015611
-1.12602e-05
-3.03375e-06
0.000336319
-0.000336627
1.32169e-06
1.12208e-05
0.000147122
-0.00013485
6.1383e-06
9.16482e-06
3.77511e-06
9.0619e-06
3.44077e-05
-3.28017e-05
1.69053e-07
3.43005e-05
-9.75238e-08
-3.41611e-05
-2.48057e-07
-1.5688e-07
7.53938e-06
-7.69862e-06
7.33539e-06
-7.11706e-06
-0.000851503
-0.0164577
-0.000762786
-0.0140491
-0.000629048
-0.0112695
-0.000469376
-0.00839309
-0.000312319
-0.00569391
-0.000178825
-0.00338658
-8.13711e-05
-0.00160499
-1.39569e-05
-9.96803e-06
0.000337332
-0.000344749
-3.84952e-06
-2.33101e-06
0.000126053
-0.000124586
-2.09733e-07
6.11438e-08
2.14577e-06
2.77749e-07
1.88325e-05
-1.26946e-05
2.3434e-05
4.56299e-06
-2.9887e-05
8.60149e-07
2.60867e-06
8.20083e-06
-8.0317e-06
8.10343e-06
-7.94655e-06
-0.000768315
-0.0141721
-0.00063972
-0.0114146
-0.00048395
-0.00853599
-0.000326472
-0.00581579
-0.000190439
-0.00347634
-8.90759e-05
-0.00165941
-1.47103e-05
-1.22515e-05
0.000350374
-0.000359696
-4.64188e-06
-4.34432e-06
0.000126445
-0.000129934
-2.10987e-07
-1.54873e-07
-1.90317e-07
-2.82521e-07
1.021e-05
-1.04202e-05
1.02711e-05
-1.05489e-05
4.56295e-06
-7.17163e-06
-0.000645375
-0.0115604
-0.000493953
-0.00868248
-0.00033747
-0.00594316
-0.000199118
-0.00357268
-9.41174e-05
-0.00172006
-1.50832e-05
-1.33511e-05
0.000367116
-0.000376976
-4.85963e-06
-4.83428e-06
0.000133748
-0.000138008
-2.07636e-07
-1.79473e-07
-2.47379e-07
-2.8415e-07
1.10486e-05
-1.12602e-05
1.08934e-05
-1.06109e-05
-0.000500708
-0.00883033
-0.000346113
-0.00607469
-0.000205952
-0.00367388
-9.79246e-05
-0.00178471
-1.53896e-05
-1.40879e-05
0.000385261
-0.000395361
-4.99028e-06
-5.06785e-06
0.000142293
-0.000146767
-2.06271e-07
-1.86438e-07
-2.63962e-07
-2.86524e-07
1.19717e-05
-1.218e-05
1.1792e-05
-1.15078e-05
-0.000351603
-0.00620927
-0.000211536
-0.00377861
-0.00010125
-0.00185218
-1.57415e-05
-1.47266e-05
0.000404201
-0.000414484
-5.11403e-06
-5.25055e-06
0.000151271
-0.000155866
-2.07721e-07
-1.92493e-07
-2.74371e-07
-2.90977e-07
1.29179e-05
-1.3125e-05
1.2731e-05
-1.24445e-05
-0.000215711
-0.00388588
-0.00010427
-0.00192177
-1.62611e-05
-1.54211e-05
0.000423778
-0.000434246
-5.27971e-06
-5.43446e-06
0.000160538
-0.000165248
-2.10859e-07
-1.98672e-07
-2.83885e-07
-2.9633e-07
1.38834e-05
-1.40918e-05
1.36906e-05
-1.33997e-05
-0.000106657
-0.00199273
-1.69686e-05
-1.63419e-05
0.000443984
-0.000454676
-5.57776e-06
-5.68609e-06
0.000170085
-0.000174946
-2.17154e-07
-2.06291e-07
-2.93963e-07
-3.0438e-07
1.48716e-05
-1.50831e-05
1.46724e-05
-1.43761e-05
-1.6866e-05
-1.71443e-05
0.000464858
-0.000475645
-6.18641e-06
-6.16315e-06
0.000180008
-0.000185136
-2.33477e-07
-2.23185e-07
-3.08636e-07
-3.17139e-07
1.58881e-05
-1.61058e-05
1.56816e-05
-1.53773e-05
0.000484805
-0.000493974
-2.69357e-06
-5.00383e-06
-7.98447e-06
0.000190615
-0.000196362
-2.15163e-07
-2.27604e-07
-3.39703e-07
-3.45751e-07
1.69556e-05
-1.71899e-05
1.6732e-05
-1.64148e-05
-3.31033e-06
-3.05036e-06
0.000133673
-0.000137016
6.47942e-07
0.00012412
4.54885e-06
-8.00832e-05
-1.11908e-07
-3.21436e-08
1.81036e-05
-1.83191e-05
1.78757e-05
-1.75299e-05
0.000139168
-1.35321e-06
-8.99224e-07
7.45692e-05
-7.41051e-05
1.83016e-07
-9.65475e-07
-1.84311e-05
-1.84634e-05
7.48077e-05
-2.77014e-07
-1.96938e-07
1.94289e-05
-1.92462e-05
1.94431e-05
)
;

boundaryField
{
    inlet
    {
        type            calculated;
        value           nonuniform 0();
    }
    outlet
    {
        type            calculated;
        value           nonuniform List<scalar> 
55
(
0.00118515
0.00385996
0.00659339
0.00924629
0.0116587
0.0136623
0.0150913
0.0158065
0.0157389
0.0148786
0.0132969
0.0111153
0.00848751
0.00554439
0.000213095
0.000802845
0.00183012
0.00332579
0.00528715
0.0076781
0.0104156
0.0133659
0.0163459
0.0191427
0.021553
0.0234333
0.0247093
0.0253716
0.0254394
0.0249193
0.0238043
0.022091
0.0198272
0.0171232
0.0141622
0.011152
0.00829112
0.00573252
0.00357374
0.00186062
0.000610036
-0.000166996
0.00161122
0.00030415
0.000114164
5.88452e-07
1.2135e-06
2.2521e-05
-8.22755e-05
-0.000193805
-0.000206919
0.000510021
3.23151e-06
-5.77902e-05
-2.15893e-05
)
;
    }
    wall
    {
        type            calculated;
        value           uniform 0;
    }
    front
    {
        type            empty;
        value           nonuniform 0();
    }
    back
    {
        type            empty;
        value           nonuniform 0();
    }
    vanem
    {
        type            calculated;
        value           uniform 0;
    }
    vaneu
    {
        type            calculated;
        value           nonuniform 0();
    }
    vanel
    {
        type            calculated;
        value           uniform 0;
    }
    procBoundary1to0
    {
        type            processor;
        value           nonuniform List<scalar> 
58
(
-0.00132657
-0.0039708
-9.56901e-06
-0.00657394
-0.009034
-0.0112426
-0.0130705
-0.0144017
-0.0151303
-0.0151893
-0.0145467
-0.0132363
-0.0113341
-0.00897868
-0.00631585
4.66782e-05
-0.00216196
-0.00011941
-0.00116124
3.97654e-06
-0.00246646
-0.00422953
-0.00640284
-0.00888525
-0.0115203
-0.0140985
-0.0164034
-0.0182579
-0.0195845
-0.0204133
-0.0208516
-0.0210362
-0.0210632
-0.0209793
-0.0207645
-0.0203246
-0.0195452
-0.0183026
-0.0165409
-0.0142951
-0.0117051
-0.00897944
-0.00634517
-0.00399494
-0.00206538
1.75967e-05
-0.00050521
-0.00143872
-0.000449225
-0.000263262
-1.07139e-06
-0.000267563
-1.97203e-05
-7.60348e-05
-2.59269e-05
-9.84971e-06
-7.58845e-05
-0.000141125
)
;
    }
}


// ************************************************************************* //
