/*--------------------------------*- C++ -*----------------------------------*\
| =========                 |                                                 |
| \\      /  F ield         | OpenFOAM: The Open Source CFD Toolbox           |
|  \\    /   O peration     | Version:  v1912                                 |
|   \\  /    A nd           | Website:  www.openfoam.com                      |
|    \\/     M anipulation  |                                                 |
\*---------------------------------------------------------------------------*/
FoamFile
{
    version     2.0;
    format      ascii;
    class       surfaceScalarField;
    location    "290";
    object      phi;
}
// * * * * * * * * * * * * * * * * * * * * * * * * * * * * * * * * * * * * * //

dimensions      [0 3 -1 0 0 0 0];
oriented        oriented;


internalField   nonuniform List<scalar> 
7352
(
0.00711971
0.00289227
0.0107434
0.00638829
0.00176678
0.0011255
0.0123519
0.00840351
0.00424347
0.00391157
0.000165562
0.000959952
0.0129136
0.00945122
0.00623478
0.00641221
0.000978377
0.00309875
-0.000116412
0.00107639
0.0129921
0.00993546
0.00747449
0.0082115
0.00205487
0.00533573
-0.000143805
0.00312616
-5.339e-05
0.00112979
0.0128762
0.0101319
0.00810227
0.00930769
0.00296776
0.0072986
3.73816e-05
0.00515459
-0.00017685
0.00324963
-1.03594e-05
0.00114016
0.0126957
0.0101985
0.00834657
0.00988753
0.00353044
0.00874504
0.00027915
0.00705685
-0.000277106
0.00525486
-7.77475e-05
0.00331701
-1.99192e-05
0.00116007
0.0125028
0.0102109
0.00839452
0.0101506
0.00376193
0.00965603
0.000396311
0.00862792
-0.000335346
0.00711508
-0.000187458
0.00536457
-8.14749e-05
0.00337856
-1.57261e-05
0.00117579
0.0123186
0.0102022
0.00836356
0.0102419
0.00375851
0.010154
0.000289664
0.00976268
-0.000428513
0.0087211
-0.000311826
0.00723944
-0.000187184
0.00547028
-6.92643e-05
0.00343209
-5.59083e-06
0.00118137
0.0121513
0.0101852
0.00832308
0.0102427
0.00361747
0.0103829
-4.74562e-05
0.0104912
-0.000632208
0.00996637
-0.000463067
0.00887234
-0.000330773
0.00738302
-0.000166356
0.00556736
-4.22592e-05
0.00346875
-2.61096e-06
0.00118397
0.0120051
0.0101623
0.00831513
0.0101931
0.00340898
0.0104512
-0.000591566
0.010927
-0.00098005
0.0108391
-0.000683129
0.0101864
-0.000514184
0.00905575
-0.000308971
0.00752564
-0.000121713
0.0056468
-2.91513e-05
0.00349528
-2.17629e-06
0.00118614
0.0118864
0.0101316
0.00836822
0.0101092
0.00318128
0.0104208
-0.00131759
0.0111773
-0.00146102
0.011408
-0.000999417
0.0111553
-0.00075342
0.0104257
-0.000495754
0.00924253
-0.000249006
0.00765292
-9.41648e-05
0.00571181
-2.43561e-05
0.00351745
-1.46158e-06
0.00118759
0.0117956
0.0100988
0.00851139
0.00998836
0.00297332
0.0103172
-0.00221758
0.0113208
-0.00205653
0.0117728
-0.00141426
0.0118228
-0.00106496
0.0114669
-0.000734073
0.010664
-0.000425798
0.00941931
-0.000206369
0.00776512
-7.98191e-05
0.00576726
-2.04122e-05
0.00353639
-1.7446e-06
0.00118933
0.0117348
0.0100618
0.00877546
0.00983482
0.00281775
0.0101439
-0.00329794
0.0113976
-0.00274311
0.0120073
-0.00190576
0.0122643
-0.00144679
0.0122046
-0.00102846
0.0117613
-0.000654309
0.0108925
-0.000370558
0.00958349
-0.000180327
0.00786562
-6.99987e-05
0.00581684
-1.95639e-05
0.0035542
-1.92548e-06
0.00119124
0.0116984
0.0100284
0.00919135
0.00964584
0.00276496
0.00988767
-0.00456127
0.0114072
-0.00348592
0.0121404
-0.00244302
0.0125446
-0.00187585
0.0126934
-0.00137054
0.0125467
-0.000932186
0.0120391
-0.000584752
0.0111067
-0.000330346
0.0097335
-0.000160088
0.0079557
-6.56164e-05
0.00586288
-1.91055e-05
0.00357137
-1.66582e-06
0.0011929
0.0116703
0.0100061
0.00978562
0.00943413
0.00290843
0.00950235
-0.00596532
0.0112917
-0.00421321
0.0121345
-0.00296759
0.012665
-0.00230006
0.0129688
-0.00172908
0.0130519
-0.00124396
0.0128585
-0.000843866
0.0122982
-0.00052947
0.0113058
-0.000296988
0.00987039
-0.000149719
0.0080398
-6.20175e-05
0.00590578
-1.73484e-05
0.00358705
-2.08786e-06
0.00119498
0.0116188
0.00999349
0.0105678
0.00922388
0.00347078
0.00887181
-0.00734451
0.0108815
-0.0047619
0.0118404
-0.00335797
0.0125249
-0.00263333
0.0129983
-0.00204617
0.0132859
-0.00155478
0.0133627
-0.00112799
0.0131426
-0.00076553
0.0125343
-0.000478322
0.0114871
-0.000277368
0.00999803
-0.000141067
0.00811884
-5.81709e-05
0.00594659
-1.77915e-05
0.00360275
-2.91777e-06
0.0011979
0.0115946
0.00988814
0.0114383
0.009123
0.00490504
0.00778962
-0.00823371
0.00976102
-0.0047941
0.0109137
-0.00340247
0.0118849
-0.00273407
0.0126256
-0.00222702
0.0131791
-0.00180236
0.0135334
-0.00139782
0.0136325
-0.00101836
0.0133954
-0.000693468
0.0127494
-0.000446125
0.0116559
-0.000260976
0.0101179
-0.000131016
0.00819168
-5.57788e-05
0.00598458
-1.93306e-05
0.00361916
-3.75023e-06
0.00120165
0.0115558
0.00985389
0.0123157
0.0045675
0.0044432
0.00481954
0.0033031
0.00304533
0.00286007
-0.00417404
0.00393004
-0.0033872
0.00318707
-0.002226
0.00881071
-0.00161781
-0.00283571
0.0103469
-0.00242514
0.0115759
-0.00215913
0.0125577
-0.00190108
0.0132778
-0.00159125
0.0137269
-0.00124733
0.0138615
-0.000914295
0.0136162
-0.000643163
0.0129464
-0.000417709
0.0118126
-0.000240458
0.0102274
-0.000124252
0.00826015
-5.69965e-05
0.00602224
-2.12461e-05
0.00363665
-4.21575e-06
0.00120586
0.0113967
0.010019
0.0131821
0.00445297
0.00453462
0.00553439
0.00385263
0.00619262
0.003785
-0.00344879
0.00257786
-0.000508679
-0.00155861
0.000766299
0.000897515
0.00396276
0.00145709
0.00129286
-0.00185923
0.00356327
-0.00237519
0.000910879
0.000654972
-0.00054042
0.00227032
-0.000402059
-0.000940689
0.00751545
-0.000599784
-0.00103769
0.00298314
-0.00161455
0.00953634
-0.00177288
0.0111897
-0.00177035
0.012427
-0.0016349
0.0133215
-0.00139479
0.0138743
-0.00110226
0.0140495
-0.000842306
0.0138154
-0.000597778
0.0131265
-0.000383663
0.0119558
-0.000225956
0.0103291
-0.000122183
0.00832533
-5.90078e-05
0.00606
-2.24665e-05
0.0036549
-4.41506e-06
0.00121027
0.0110966
0.0102572
0.0136103
0.0046621
0.00492864
0.00686704
0.00377853
0.00743758
0.0039641
0.00541481
0.00115944
0.00117348
0.000945212
3.20128e-06
-0.00132478
0.000711373
0.00147767
-0.000711373
0.000539317
0.000756744
-0.000388973
0.000759432
0.000265999
-0.000180099
0.00165834
-0.000245617
-0.000141203
0.000498575
0.00250524
-0.000462797
-0.000288737
0.00641727
-0.000227631
0.00214772
-0.000242271
-0.00115515
0.00891861
-0.00139863
0.010818
-0.0014795
0.0122716
-0.00140923
0.0133359
-0.00120885
0.0139809
-0.00100533
0.0142125
-0.000776868
0.0139945
-0.000546676
0.0132895
-0.000357528
0.0120874
-0.000217712
0.0104246
-0.000122289
0.00838861
-5.98486e-05
0.00609738
-2.27589e-05
0.00367324
-4.73186e-06
0.001215
0.0106886
0.0104499
0.0136115
0.00504766
0.00520844
0.00797626
0.00412339
0.00821144
0.00469347
0.00673182
0.00121586
0.00124567
0.00809313
0.00131781
0.00128496
-0.00115564
0.00175398
0.000561111
0.000557153
-0.000568029
0.000124796
-0.000377753
0.000197654
0.00126564
-5.38841e-05
-1.62227e-05
-0.000124796
0.00194332
-8.43372e-05
-0.000273858
0.00584025
-0.000304274
0.00178859
-2.75444e-05
-4.53618e-05
0.00104363
-8.60615e-06
-1.16558e-05
-0.000894494
0.00841448
-0.00112565
0.0104641
-0.00126217
0.0121245
-0.001191
0.013318
-0.00108692
0.0140625
-0.000918881
0.0143545
-0.000705027
0.0141528
-0.000504872
0.0134369
-0.000339339
0.012209
-0.000213474
0.0105158
-0.000121567
0.00845033
-5.95516e-05
0.00613417
-2.32234e-05
0.00369173
-4.96455e-06
0.00121997
0.0102513
0.0105054
0.0132608
0.0108006
0.00849298
0.00476612
0.00877945
0.00492198
0.0092166
0.00139193
0.00160801
0.00961321
0.00231219
0.00198467
0.00237247
0.000597383
0.00298652
0.000631607
-0.0036049
0.00422596
0.000696754
0.000666579
1.08761e-05
0.000550241
0.00014377
0.000127547
0.000557075
-3.59266e-06
-8.43846e-07
0.000406655
0.00165492
-5.55955e-05
-8.45983e-05
-0.000279922
0.00537496
-0.000149282
0.00157113
-0.000112707
-0.000107776
0.000588912
-5.93817e-05
0.000564092
-2.05426e-05
-0.000115891
0.000107285
-0.000645695
0.00793452
-0.00098579
0.0101877
-0.00104604
0.0119796
-0.00105634
0.0132875
-0.000984566
0.0141282
-0.000824287
0.0144737
-0.000645889
0.0142938
-0.00047418
0.0135717
-0.000327605
0.0123231
-0.000208364
0.0106026
-0.000119514
0.00851029
-5.96207e-05
0.00617057
-2.337e-05
0.00371013
-5.40532e-06
0.00122537
0.0098039
0.0105074
0.0127979
0.0109683
-0.010549
0.0190975
0.00534488
0.00568671
0.00989422
0.00233163
0.00215348
0.00426716
0.00486457
0.000753323
0.00546591
0.00100666
-0.00579473
0.00589157
0.00221536
0.00165585
0.00114763
0.00177923
-0.00244581
0.00314257
0.000103692
0.000102849
0.000348841
-1.56828e-06
0.000533692
-2.51968e-05
0.000492652
-4.35578e-05
0.00146222
-0.000114157
-5.68472e-05
-8.80674e-05
0.0048903
-7.29765e-05
0.00135835
-3.1011e-05
-1.44048e-05
0.000458057
-7.81126e-05
0.000429366
-7.90856e-05
0.000332038
-3.74018e-06
-0.000637771
0.00758649
-0.000817937
0.00995962
-0.000906153
0.0118294
-0.000945483
0.0132484
-0.000874592
0.0141785
-0.000750427
0.0145783
-0.000599802
0.0144194
-0.000452982
0.0136971
-0.000316847
0.0124316
-0.000202124
0.0106852
-0.000116486
0.00856715
-5.9148e-05
0.00620635
-2.45378e-05
0.00372926
-5.4001e-06
0.00123077
0.00934235
0.0105046
0.0122333
0.0110719
0.0181775
0.0118883
0.0157812
-0.0156413
0.00274947
0.00245551
0.0153979
0.00607003
0.0061764
0.0020468
0.00654886
0.00178102
-0.00758704
0.00170855
0.00105318
0.00389589
0.00490255
-0.0065584
0.00626989
0.00250386
0.00010128
0.000311311
-4.46992e-06
0.00027842
-1.06674e-05
0.000387269
-7.20601e-05
0.000357373
-2.69502e-05
0.00128591
-1.01141e-05
-5.51073e-06
-8.88877e-05
0.0045134
-0.000171991
0.00122366
-4.65169e-06
-6.08469e-06
0.000335292
-8.92982e-06
0.000323916
-3.02901e-06
0.000228359
-2.80515e-05
0.000203624
-5.43512e-05
9.754e-05
-0.000590343
0.00735889
-0.000664475
0.00971793
-0.000797593
0.0116815
-0.000833538
0.0132073
-0.000792775
0.0142208
-0.000690663
0.0146691
-0.000567226
0.0145337
-0.000431728
0.013812
-0.000303303
0.0125328
-0.000195867
0.0107646
-0.000114797
0.00862279
-6.00719e-05
0.00624188
-2.46975e-05
0.00374856
-5.23336e-06
0.001236
0.00886876
0.0105046
0.0116119
0.011126
0.0167431
0.0125063
-0.0142755
0.0300118
0.00525747
0.00629246
-0.00733725
0.0078255
0.00226123
-0.00777626
0.00289452
-0.00515575
0.00219445
0.00258136
0.00671836
0.00159833
0.00091234
-0.00606771
-0.00501453
0.00250386
9.30701e-05
8.24027e-05
0.000131564
0.000104614
0.000315441
-1.63932e-06
0.000311176
-1.24646e-06
0.0011518
-6.26264e-06
-1.07675e-05
-0.000210382
0.00431988
-0.000186443
0.00103402
-1.5413e-05
-3.87925e-05
0.000307639
-1.11564e-06
0.00030231
-7.55569e-07
9.56841e-05
9.26551e-05
5.43512e-05
-0.000378078
0.00707248
-0.00056093
0.00948127
-0.00070238
0.0115503
-0.000762632
0.0131772
-0.000723216
0.0142534
-0.00064526
0.0147472
-0.000536756
0.0146387
-0.000412639
0.0139213
-0.000291226
0.0126281
-0.000190158
0.0108399
-0.000114346
0.00867706
-6.02095e-05
0.00627739
-2.48323e-05
0.00376815
-5.31951e-06
0.00124132
0.00838926
0.0105035
0.0109489
0.0111676
0.0151229
0.0127463
0.0281556
0.0143625
0.00701079
-0.00301198
-0.00140979
0.00154249
0.00112596
0.00849694
0.00480629
-0.00289452
-0.00258136
0.00176383
0.00410219
9.10157e-05
8.97692e-05
0.000297158
-1.11118e-06
0.000288377
-1.98719e-06
0.000962433
-6.76238e-05
-7.11782e-05
-7.38996e-05
0.00403642
-2.0733e-05
0.000866185
-6.71977e-05
-2.29993e-05
0.00027652
-3.55762e-06
0.000247003
-9.27541e-06
8.86535e-05
8.78979e-05
-0.000255105
0.00676666
-0.000498841
0.00927773
-0.000668353
0.011456
-0.000688474
0.0131424
-0.000667318
0.0142754
-0.000607943
0.0148183
-0.000509312
0.0147354
-0.000391659
0.0140217
-0.000278925
0.0127169
-0.000185745
0.0109113
-0.000112864
0.00872972
-5.91076e-05
0.00631166
-2.35701e-05
0.0037864
-5.08521e-06
0.0012464
0.00790835
0.0105009
0.0102535
0.0111989
0.0135714
0.0127191
0.0252472
0.0156547
-0.00435003
0.0169224
0.0102871
0.000354035
-0.000781519
0.00123713
0.00108688
-0.000229485
0.000573929
-0.000895098
0.00258849
8.67867e-05
8.47995e-05
0.000203728
-2.43497e-05
0.000180166
-4.76167e-05
0.000800176
-6.83772e-06
-1.05587e-06
-1.3867e-05
0.00213166
-3.90812e-06
0.00166743
0.000779819
-3.04497e-07
-7.39999e-08
0.000112968
8.99689e-05
8.12418e-05
7.19664e-05
-9.77099e-05
0.00653287
-0.000167348
-0.000541533
0.0091509
-0.000602072
0.0113696
-0.000622793
0.0130979
-0.000622726
0.0142902
-0.000573677
0.0148827
-0.000481705
0.0148254
-0.000371731
0.0141145
-0.000269509
0.0128006
-0.000182105
0.0109806
-0.000110377
0.00878098
-5.73734e-05
0.00634547
-2.29259e-05
0.00380424
-5.4734e-06
0.00125188
0.00743372
0.0104937
0.00953153
0.0112229
0.0121814
0.0125889
0.0220573
0.015909
0.018364
0.0142131
-0.00143812
0.00678483
0.0059394
-0.000999049
0.00012455
-0.000392951
0.00058473
-0.000109914
0.000290892
0.00158091
-0.000430545
4.76167e-05
8.31311e-05
8.20751e-05
0.000766562
-5.61353e-07
-4.81241e-08
-0.000188585
0.00222254
0.000442562
0.00031947
1.20545e-07
5.0171e-07
-3.24834e-06
0.00149283
-1.07387e-05
8.17705e-05
8.16965e-05
-0.000183625
0.00640795
-0.000232993
-0.000114624
0.00216981
-0.000488805
0.00903763
-0.000514955
0.0112618
-0.000570273
0.0130454
-0.000589176
0.0143057
-0.000543162
0.0149442
-0.000452416
0.0149061
-0.000355893
0.0142009
-0.000262289
0.0128808
-0.000175194
0.0110454
-0.00010627
0.00882988
-5.55145e-05
0.00637806
-2.20123e-05
0.00382078
-4.91351e-06
0.00125679
0.00696633
0.0104844
0.00878872
0.0112365
0.0109517
0.0124526
0.0189833
0.0156629
0.018016
0.016257
0.00995299
0.0110449
0.00208697
0.00384408
2.97501e-05
-2.13879e-05
0.000930635
-0.000348772
1.46362e-05
0.000430617
-5.20031e-06
1.96599e-05
8.11352e-05
8.10871e-05
-3.57851e-05
0.000475098
0.000283204
4.80935e-07
8.12076e-05
8.17093e-05
-2.41729e-05
0.0014181
-1.57178e-05
-6.59614e-06
0.000470955
0.00211597
-0.000129781
-0.000209646
0.0063022
-0.000173409
0.00207456
-0.000191585
-0.000361068
0.00888374
-0.000451104
0.0111426
-0.000544424
0.0130007
-0.000563734
0.0143263
-0.000507359
0.0149991
-0.000430576
0.0149808
-0.000341595
0.0142802
-0.000252491
0.0129581
-0.000170615
0.0111097
-0.00010351
0.00887787
-5.34521e-05
0.00640949
-2.18377e-05
0.0038377
-5.07494e-06
0.00126186
0.00650629
0.0104761
0.00803717
0.0112359
0.00984043
0.0123478
0.016229
0.0152069
0.0167149
0.016964
0.011521
0.0146889
0.0047909
0.00834097
0.000654285
1.63499e-05
0.00317344
-0.000776321
0.000686553
0.000119519
0.000132927
0.000161183
-5.3859e-05
-2.54786e-05
9.4359e-06
2.90959e-05
0.000277919
-1.31188e-06
8.21903e-05
-0.000462446
0.000448321
-1.00484e-05
0.00134742
-1.99418e-05
-3.91594e-05
-7.2093e-06
0.00204437
-0.000179464
-0.000116853
0.00611946
-6.14803e-05
0.00199954
-0.000128579
0.00129913
-9.03106e-05
-5.29897e-05
-0.000277773
0.00871041
-0.000440919
0.0110391
-0.000540468
0.0129774
-0.000524792
0.0143437
-0.000476833
0.0150453
-0.000407251
0.0150464
-0.000326172
0.0143539
-0.000242671
0.0130302
-0.000166902
0.0111731
-9.94533e-05
0.00892387
-5.18109e-05
0.00643947
-2.16009e-05
0.00385423
-5.60165e-06
0.00126746
0.00605449
0.0104668
0.00728622
0.011227
0.00880432
0.012272
0.0138402
0.0147366
0.0150108
0.016911
0.0118005
0.0166845
0.00688971
0.0125901
0.00227255
0.00672271
-0.000317133
0.00095978
3.20183e-05
2.82418e-05
0.000363158
-4.89079e-05
0.00285919
-0.000225394
2.80394e-06
2.4977e-05
2.42769e-05
4.44389e-05
-9.49347e-06
-2.33516e-05
-2.10138e-05
-5.87614e-06
0.000272306
-1.5964e-06
8.08784e-05
0.000438195
-9.81662e-06
0.000264294
-2.03636e-06
0.00041604
-1.70042e-05
0.00127725
-7.88251e-05
-7.87601e-05
0.00194586
-6.3175e-05
-4.85444e-05
0.00592949
-3.92647e-05
0.00191377
-2.93922e-05
0.00121293
-1.88736e-05
-4.53845e-05
-0.000394615
0.000363866
-5.95619e-05
-3.15657e-05
-0.000285933
0.00855541
-0.000474308
0.0109729
-0.000506636
0.0129592
-0.000488126
0.014355
-0.000445346
0.0150834
-0.000387109
0.0151074
-0.000313663
0.0144249
-0.000233591
0.0130969
-0.000158156
0.0112318
-9.58802e-05
0.00896794
-5.06409e-05
0.00646851
-2.16945e-05
0.00387032
-5.17418e-06
0.00127264
0.00560777
0.0104607
0.00654072
0.0112123
0.00781098
0.0122204
0.0117759
0.0143363
0.0132218
0.0165256
0.011279
0.0174326
0.00798453
0.0155897
0.00406532
0.0107973
0.00125
0.00583587
0.000911702
-1.61715e-05
1.53414e-05
-7.26783e-05
9.8472e-05
3.91235e-06
2.31327e-06
-3.87016e-05
3.31359e-06
2.6093e-06
-1.16571e-05
0.00029873
-6.92013e-05
0.00262966
-3.95021e-05
3.60477e-06
-2.40673e-05
9.54257e-06
-1.01097e-05
1.10351e-05
1.02621e-05
5.87614e-06
-2.68899e-05
7.92819e-05
0.000256067
-1.59084e-06
7.72455e-05
0.000242257
-3.19375e-06
0.000346135
-6.10945e-05
0.000322505
-5.51308e-05
0.00116328
-1.05647e-05
-2.95657e-06
0.0018836
-1.83747e-05
-3.98812e-05
0.00574682
-6.33798e-05
0.0018591
-1.47693e-05
0.00113731
-6.09142e-07
-2.81943e-06
-0.000297395
0.000285008
-6.48695e-06
-2.0275e-05
-0.00021917
0.000180822
-2.12139e-05
-8.47948e-06
-0.000373792
0.00845489
-0.000465645
0.0109319
-0.000462505
0.0129336
-0.000442641
0.0143523
-0.000413395
0.0151097
-0.000368926
0.0151626
-0.000302244
0.0144935
-0.000225905
0.0131646
-0.000152363
0.0112883
-9.31448e-05
0.00901045
-5.0796e-05
0.00649761
-2.10681e-05
0.00388621
-3.91101e-06
0.00127655
0.00516708
0.0104537
0.00580873
0.0111928
0.00684387
0.0121794
0.0099646
0.0140317
0.0114945
0.0160636
0.0103557
0.0174489
0.00821298
0.0172041
0.00537963
0.0142754
0.00253161
0.00951572
0.000855645
0.00527896
0.000860977
-2.2718e-05
4.24115e-06
-0.000108287
0.000105589
-8.36387e-06
-5.10977e-06
3.88783e-07
5.13709e-06
-4.13429e-06
8.51833e-06
-4.71462e-07
-1.82099e-06
1.49261e-06
4.10192e-06
-5.45651e-06
-2.5956e-06
0.000269771
-7.96522e-05
0.00243954
5.59269e-06
-1.50633e-06
-1.58548e-05
7.56547e-05
7.24609e-05
0.000162494
-4.27674e-05
0.000107363
0.000276473
-2.03041e-06
0.00027403
-5.1299e-07
0.00112056
-1.2485e-06
-3.71999e-07
0.00183567
-1.64454e-05
-8.28698e-05
0.00560489
-0.000149003
0.00179751
-2.52226e-05
0.00110724
-7.20001e-07
-7.33481e-07
-0.000271486
0.000271061
-1.8459e-07
-2.76602e-07
-8.70883e-05
8.06013e-05
-6.39814e-05
4.27674e-05
-0.000420611
0.00840985
-0.00040958
0.010879
-0.000396907
0.0128879
-0.000402885
0.0143418
-0.000396786
0.0151376
-0.000358686
0.0152191
-0.00029492
0.0145625
-0.000216501
0.0132288
-0.000147205
0.0113424
-9.37609e-05
0.00905341
-4.9261e-05
0.0065258
-2.0373e-05
0.00390267
-5.03288e-06
0.00128158
0.00473098
0.0104471
0.00508753
0.0111749
0.00589178
0.0121449
0.00833859
0.0138054
0.00987603
0.0156502
0.00928356
0.0171358
0.0078855
0.0177763
0.00601056
0.0165732
0.00372143
0.0130855
0.0017542
0.00861716
0.000682318
0.00486641
0.000809458
-2.58892e-05
-2.2454e-06
-0.000104406
0.000105175
-2.34873e-05
1.05678e-07
5.31823e-06
-1.08982e-05
8.41681e-06
-5.88266e-06
-1.31743e-05
-2.8336e-06
-1.23171e-05
-4.6862e-07
1.33827e-06
-4.71465e-07
1.50633e-06
0.000272221
-0.000107759
0.00227507
7.85709e-05
7.80579e-05
0.000269988
-1.75829e-07
0.0002696
1.56849e-08
0.00109228
-4.02163e-07
-1.08595e-06
0.00175821
-4.35726e-05
-0.000195241
0.00556764
-0.000188127
0.00169647
-8.72675e-05
0.0010698
-2.2491e-06
-4.94429e-07
-0.000268915
0.000268346
-1.51787e-07
-4.80396e-08
-7.77813e-05
7.75966e-05
-0.000335739
0.008336
-0.000312886
0.010795
-0.000343917
0.0128289
-0.000380893
0.0143259
-0.000387875
0.0151668
-0.000348591
0.0152727
-0.000281366
0.0146274
-0.000210043
0.0132916
-0.000142966
0.0113916
-8.92306e-05
0.00909338
-4.87103e-05
0.00655413
-2.1125e-05
0.00391876
-4.68156e-06
0.00128626
0.0042973
0.0104417
0.00437946
0.0111552
0.00495178
0.0121148
0.00684369
0.0136398
0.00835752
0.0153239
0.00818123
0.0167525
0.00726871
0.0177526
0.00607014
0.0177168
0.0044851
0.0158095
0.00273474
0.012105
0.00135036
0.00794911
0.000607638
0.00453099
0.000752465
-3.59436e-05
-1.48225e-05
-0.000100935
9.62314e-05
-2.11862e-05
1.99362e-06
-8.64192e-06
-1.02646e-05
-3.1431e-06
3.37862e-07
-1.77565e-06
-9.09312e-06
5.56822e-07
4.64128e-06
2.43544e-06
-8.31817e-06
-3.98178e-07
-8.66802e-07
0.000293668
-0.000143444
0.00212485
7.74208e-05
7.74364e-05
0.000268068
-1.24233e-07
0.000267038
-5.70222e-08
0.00103231
-1.06078e-06
-5.02141e-06
0.00166139
-0.000160165
-0.000155155
0.00545957
-7.25184e-05
0.00163768
-0.000164421
0.000966897
-1.68309e-05
-5.02798e-06
-0.000266612
0.000264692
-3.28787e-07
-6.89355e-08
-7.73884e-05
7.72365e-05
-0.000196109
0.00821922
-0.00024431
0.0106954
-0.000322665
0.0127707
-0.000379628
0.0143176
-0.00038474
0.0152029
-0.000339385
0.0153308
-0.000267822
0.0146852
-0.000200294
0.0133489
-0.000138937
0.0114413
-8.71413e-05
0.00913181
-4.752e-05
0.00658053
-2.01058e-05
0.00393418
-4.55063e-06
0.0012908
0.00387052
0.0104338
0.00368638
0.0111347
0.00401973
0.0120873
0.00543444
0.0135241
0.00691552
0.0150818
0.00709723
0.0164079
0.00653822
0.017483
0.00576669
0.018056
0.00476061
0.0174412
0.00348767
0.0150566
0.00215043
0.0113049
0.00114064
0.00741611
0.00058393
0.00424073
0.000697378
-6.30911e-05
-2.52661e-05
-8.94178e-05
8.06653e-05
-2.71912e-05
-8.00863e-06
5.59481e-06
-1.47441e-05
-6.60618e-06
-5.43131e-06
-2.08206e-06
-5.94615e-07
4.55838e-06
-7.7015e-06
2.07656e-06
-1.182e-06
2.78273e-06
-1.60071e-06
0.00032377
-0.000179759
0.00198083
7.71123e-05
7.70552e-05
0.00026393
-3.00021e-07
0.00025947
-5.6243e-07
0.00089925
-2.84642e-05
-6.40548e-05
0.00157852
-9.60001e-05
-4.49767e-05
0.00532578
-1.73355e-05
0.00154157
-3.55653e-05
0.00085298
-5.58873e-05
-6.22664e-05
-0.000255446
0.000241699
-3.08528e-06
-1.00436e-06
-7.69863e-05
7.66574e-05
-0.000128955
0.00810387
-0.000223536
0.0105962
-0.000332573
0.0127236
-0.000394902
0.0143278
-0.000381288
0.0152448
-0.000319296
0.0153822
-0.00025888
0.0147438
-0.000192181
0.0134022
-0.000134067
0.0114882
-8.44248e-05
0.00916871
-4.35743e-05
0.00660399
-1.95348e-05
0.00394916
-4.41331e-06
0.00129521
0.00344837
0.0104271
0.00300458
0.0111156
0.00309114
0.0120633
0.00407526
0.0134465
0.00553066
0.014909
0.00603498
0.016144
0.0057753
0.0171708
0.00528311
0.0179666
0.00466586
0.0181508
0.00386739
0.0170615
0.00284768
0.0143593
0.0018043
0.0106413
0.00103334
0.0069667
0.000586123
0.00397838
-0.000118472
0.000636089
-6.88407e-05
4.12165e-05
-3.54675e-05
-1.3442e-05
1.90457e-05
-2.79151e-05
-9.58586e-06
-8.73588e-06
-6.92336e-07
-3.0145e-06
1.05165e-05
-1.47442e-05
-2.3787e-06
7.54986e-06
-2.46481e-06
-9.78359e-06
-2.82848e-06
1.60071e-06
0.000344328
-0.000195159
0.00183166
7.63573e-05
7.57948e-05
0.000221762
-8.52792e-06
0.000179007
-2.13005e-05
0.000781278
-1.96552e-05
-4.64274e-06
0.00151061
-1.40192e-05
-1.81268e-05
0.0052262
-1.12514e-05
0.00149923
-5.9578e-06
0.000747393
-8.95764e-08
-1.59053e-06
-0.000158617
0.00010273
-4.18766e-05
-7.47905e-05
7.17051e-05
-0.000109458
0.00798979
-0.000250256
0.0105139
-0.00037242
0.0127011
-0.000403189
0.0143497
-0.00035789
0.0152834
-0.000304637
0.015428
-0.000240256
0.0147918
-0.00018209
0.0134502
-0.000129841
0.0115336
-8.1175e-05
0.00920631
-4.5706e-05
0.00663016
-1.88638e-05
0.00396361
-4.27836e-06
0.00129949
0.00303421
0.0104172
0.00233944
0.0110923
0.00216933
0.0120375
0.00273757
0.013401
0.00417771
0.0147994
0.00498784
0.0159561
0.00500955
0.0169098
0.00472664
0.0177273
0.00435095
0.0182815
0.00390032
0.0181179
0.00326906
0.0166401
0.00243424
0.0137294
0.00160254
0.0100721
0.000983423
0.00656939
0.000593521
0.00372918
3.59076e-05
-7.45583e-05
-2.57377e-05
-1.28681e-05
-0.000112022
0.000552949
3.08712e-05
-3.04315e-05
-4.31737e-06
-6.16878e-06
1.91813e-05
-2.22693e-05
-6.49782e-06
1.65418e-05
-6.0964e-06
-1.56926e-05
2.56086e-07
-2.16518e-06
5.2933e-06
-7.672e-06
2.82848e-06
0.000369903
-0.000220561
0.00168231
6.31771e-05
4.18766e-05
8.30744e-05
7.84317e-05
0.00073366
-3.55873e-07
6.9547e-08
0.00148574
-4.63058e-06
-1.1142e-05
0.00513333
-5.44726e-06
0.00147944
-4.95139e-06
0.000727797
4.48183e-08
-1.40337e-07
-7.68412e-05
7.67516e-05
-0.000136591
0.00787612
-0.000315142
0.0104566
-0.00040632
0.0127043
-0.000375623
0.0143674
-0.000328539
0.0153073
-0.000277656
0.0154654
-0.000229661
0.0148394
-0.000177956
0.0134983
-0.000127196
0.0115796
-8.23529e-05
0.00924295
-4.53636e-05
0.00665666
-1.82048e-05
0.00397753
-4.32735e-06
0.00130381
0.00262934
0.0104054
0.00169103
0.0110656
0.0012514
0.0120102
0.00138512
0.0133899
0.00284097
0.0147378
0.00395198
0.0158353
0.00424589
0.0167198
0.00414916
0.0174873
0.00393271
0.0181455
0.00369759
0.0184842
0.0033818
0.0180051
0.00286509
0.0162093
0.00217079
0.0131611
0.00148559
0.00956991
0.000956722
0.00620619
0.000607617
0.00349147
-0.000127016
-3.6101e-05
-2.34645e-05
7.36154e-05
-8.4261e-05
-6.68505e-06
-8.40735e-06
7.197e-05
-5.22226e-06
-6.00079e-06
-0.000132952
0.000465339
2.38581e-05
-3.59403e-06
-1.61663e-06
2.28907e-05
-2.3203e-05
-3.38381e-06
-5.51382e-06
1.56775e-05
-1.70142e-05
-5.1611e-06
9.58109e-06
-7.41591e-06
0.000387079
-0.000234565
0.00152979
7.63957e-05
7.64653e-05
0.0007233
-1.08515e-07
-2.57779e-08
0.00147112
-2.82592e-06
-7.55336e-06
0.00502516
-2.08684e-05
0.0014645
4.06561e-06
-2.8983e-06
0.000718678
-1.45764e-07
-1.83872e-07
-7.63249e-05
7.63697e-05
-0.000227043
0.00778802
-0.000399404
0.0104497
-0.00037619
0.0127048
-0.000336024
0.0143749
-0.000298044
0.0153277
-0.000261493
0.0154972
-0.000220326
0.0148818
-0.000174298
0.0135454
-0.000125175
0.0116224
-7.91074e-05
0.0092767
-4.23892e-05
0.00668084
-1.8074e-05
0.00399128
-4.40441e-06
0.00130821
0.00223518
0.0103925
0.0010655
0.011031
0.000338479
0.0119786
-1.2016e-05
0.0134073
0.001504
0.0147269
0.0029193
0.0157704
0.00348272
0.0165985
0.00356431
0.0173046
0.00347752
0.0179425
0.00336992
0.0184732
0.00325568
0.0186103
0.00303163
0.0178386
0.00259756
0.0157825
0.0020055
0.0126412
0.00141539
0.00911124
0.000947394
0.00586641
0.000619794
0.00325875
-0.000183918
-4.38834e-05
-3.21693e-05
9.82991e-05
-0.000108824
-1.30619e-05
-1.25147e-05
-6.38281e-06
-3.0439e-06
2.43949e-05
-2.86821e-05
-2.39798e-06
1.95135e-05
-3.52602e-06
1.93939e-05
-5.10274e-06
1.33931e-05
-0.000139917
0.000370687
9.79907e-06
8.18244e-06
1.86593e-05
-1.2825e-06
-1.73882e-06
-5.16111e-06
0.000406333
-0.000254984
0.00137844
7.62612e-05
7.62354e-05
0.000418337
6.15448e-08
1.44497e-07
0.000297309
0.00145864
-1.16773e-06
-5.18562e-07
-2.31809e-05
0.00488762
-6.63217e-05
0.00144056
-2.15392e-07
-2.57325e-06
0.000451107
-2.8704e-05
0.000453031
-4.82262e-06
-7.60515e-05
7.59057e-05
-0.000367018
0.00775563
-0.000367479
0.010441
-0.000318152
0.012687
-0.000286577
0.0143634
-0.000267401
0.0153336
-0.000245181
0.0155221
-0.000213913
0.0149214
-0.000172762
0.013593
-0.000123088
0.0116664
-7.65701e-05
0.00931087
-4.17541e-05
0.00670452
-1.79925e-05
0.00400486
-4.25578e-06
0.00131246
0.00185673
0.0103753
0.000472972
0.010985
-0.000567238
0.0119367
-0.00148697
0.0134535
0.000146723
0.0147646
0.00189029
0.0157559
0.00271964
0.0165335
0.00297613
0.0171866
0.00301083
0.0177713
0.00298914
0.0183232
0.00298882
0.0187401
0.00296472
0.0186772
0.00279723
0.0176389
0.00242253
0.0153655
0.00189927
0.0121574
0.00137337
0.00868526
0.000943605
0.0055426
0.000632232
0.00303285
-0.000244004
-4.34549e-05
-3.63776e-05
0.000120934
-0.00013773
-2.70889e-05
-9.48117e-06
-1.05782e-05
3.82312e-05
-4.19575e-05
-9.33585e-06
3.46097e-05
-8.89325e-06
3.13517e-05
-3.125e-06
-3.74404e-07
8.62877e-06
-1.10268e-05
5.10274e-06
-0.000158293
0.000273995
6.89993e-06
0.000419503
-0.000268206
0.00122714
7.59672e-05
7.61117e-05
0.000267446
1.15869e-06
0.000452375
-5.11917e-07
0.000451947
-9.01771e-08
0.00142314
-7.93523e-07
-4.96661e-06
-0.000107897
0.00482243
-0.000193936
0.00137548
-4.74476e-06
-1.39235e-05
0.000451778
-4.62028e-08
0.000449556
-3.51769e-07
0.000264132
-1.50879e-06
-0.000351729
0.00773988
-0.000274379
0.0103972
-0.000249676
0.0126501
-0.000245433
0.0143415
-0.000247283
0.0153357
-0.000242304
0.0155505
-0.000219517
0.0149682
-0.000174518
0.0136444
-0.000125743
0.0117156
-8.08574e-05
0.00934997
-4.12006e-05
0.00672772
-1.56608e-05
0.00401626
-4.28011e-06
0.00131674
0.00149822
0.0103561
-7.21901e-05
0.0109205
-0.00146112
0.0118789
-0.00307422
0.0135239
-0.00124718
0.0148474
0.000859469
0.0157954
0.00195246
0.0165231
0.00238412
0.0171255
0.00253824
0.0176592
0.00259347
0.018167
0.00265654
0.0186555
0.00274205
0.0189627
0.00277393
0.0187005
0.00264616
0.0174153
0.00230557
0.0149592
0.00182951
0.0117012
0.00134598
0.00828288
0.000942432
0.0052324
0.000640227
0.00281212
-0.000311475
-5.03865e-05
-4.04372e-05
0.000150718
-0.000162611
-3.1563e-05
-2.33896e-05
4.5926e-05
-0.000107505
-1.79852e-06
3.74788e-05
-1.19049e-06
4.54154e-05
-8.97079e-06
-7.12042e-06
2.34194e-05
-2.5793e-05
-6.96241e-06
1.45262e-05
1.14012e-05
-0.000168483
0.000174268
0.000432347
-0.000284135
0.00107892
7.72704e-05
0.000263808
-1.88452e-07
0.000263534
1.8389e-07
0.000449113
-3.50627e-07
0.000445607
-1.46073e-06
0.00132207
-1.67132e-05
-3.77722e-05
-0.000181941
0.00477139
-0.000118755
0.00126979
-5.38205e-05
-8.78332e-05
0.000443375
-2.51291e-06
0.000433846
-4.39446e-06
0.000263422
6.62291e-08
0.00026318
-1.10431e-07
7.57616e-05
-0.000196112
0.00766162
-0.000181762
0.0103293
-0.000194263
0.0125989
-0.000221669
0.0143159
-0.000247571
0.015341
-0.000248279
0.0155792
-0.000219305
0.0150129
-0.00017133
0.01369
-0.000116442
0.0117512
-7.33223e-05
0.00938209
-4.08811e-05
0.00675294
-1.75423e-05
0.00402952
-2.91747e-06
0.00131965
0.0011657
0.0103347
-0.000548704
0.0108327
-0.00233967
0.011799
-0.00481788
0.0136226
-0.00269772
0.0149745
-0.000175586
0.0158825
0.00118402
0.0165639
0.00178718
0.01712
0.00206059
0.0176032
0.00219217
0.0180605
0.00230026
0.0185233
0.00243872
0.0189588
0.00258659
0.0191501
0.00265817
0.0186885
0.00254662
0.0171742
0.00222815
0.0145605
0.00178266
0.0112645
0.0013269
0.00789841
0.000939799
0.00493282
0.000646785
0.00259768
-0.000379226
-5.46533e-05
-4.60814e-05
0.000178566
-0.000195968
-3.29856e-05
-2.44822e-05
0.00011818
-0.000129333
-1.06856e-05
-9.72443e-06
-3.21927e-06
-9.49601e-06
1.25586e-05
-1.43572e-05
3.00487e-05
-1.54084e-06
1.13681e-05
-2.86486e-06
-6.96242e-06
-0.000186622
7.6752e-05
0.000439747
-0.000294673
0.000933833
7.55731e-05
7.5757e-05
0.000262754
7.606e-08
0.000261419
-1.2595e-07
0.00042526
-8.12695e-06
0.000404762
-1.72746e-05
0.00123777
-7.78716e-05
-7.20559e-05
-5.75526e-05
0.00464677
-1.39359e-05
0.00118136
-4.31984e-05
-1.91382e-05
0.000383999
-3.30579e-05
0.000353713
-5.75468e-05
0.000259233
-3.27444e-07
0.000255487
-6.48491e-07
7.58232e-05
7.57128e-05
-9.44352e-05
0.00757429
-0.000125057
0.0102601
-0.000169077
0.0125463
-0.000223034
0.0142913
-0.000259917
0.0153526
-0.00025994
0.0156199
-0.000221936
0.0150635
-0.000171946
0.0137455
-0.000117615
0.0117955
-6.80843e-05
0.00940929
-3.68572e-05
0.00677225
-1.47838e-05
0.00404138
-3.72264e-06
0.00132337
0.000865926
0.0103131
-0.000932226
0.0107182
-0.00320002
0.0116931
-0.00677027
0.0137514
-0.00422178
0.0151467
-0.00121918
0.0160181
0.000414543
0.0166519
0.00118832
0.0171627
0.00158197
0.0175986
0.00179096
0.0180044
0.00193852
0.0184223
0.00210597
0.018856
0.00230863
0.0192368
0.00250264
0.0193056
0.00258931
0.0186458
0.00248277
0.0169196
0.00217396
0.0141692
0.00174651
0.0108449
0.00131097
0.00752724
0.000936474
0.00464313
0.000648259
0.00238917
-0.000446135
-6.78522e-05
-5.18657e-05
0.000210166
-0.000223726
-4.10945e-05
-3.18839e-05
0.000146365
-0.000168188
-6.66704e-06
-4.4955e-06
-4.52303e-06
-2.92777e-06
2.93774e-05
-3.56554e-05
-4.40782e-06
2.70725e-05
-7.4196e-06
-1.75765e-05
9.82728e-06
-0.000197909
-2.00174e-05
0.000443964
-0.000300756
0.000790618
7.57889e-05
7.56629e-05
0.00024868
-1.3202e-06
0.000234601
-3.19503e-06
0.000334708
-5.88668e-05
0.000313391
-5.07389e-05
0.0011362
-1.00536e-05
-2.34628e-06
-1.18783e-05
0.00456487
-6.57351e-07
0.00112341
-1.73522e-06
5.92931e-07
0.000289969
-1.97758e-05
0.000277447
-6.6169e-06
0.000210543
-9.00002e-06
0.000173504
-2.05085e-05
7.53354e-05
7.4687e-05
-5.36108e-05
0.00750284
-0.000100316
0.0101913
-0.000171316
0.0124946
-0.000242735
0.0142741
-0.000281084
0.0153738
-0.000267005
0.0156649
-0.00022013
0.0151117
-0.000159751
0.0137876
-0.000110896
0.0118383
-7.13507e-05
0.00944378
-3.56504e-05
0.00679311
-1.37913e-05
0.00405145
-2.46685e-06
0.00132584
0.000600972
0.0102956
-0.00119889
0.0105798
-0.00403474
0.0115529
-0.00897592
0.0138987
-0.00582395
0.0153536
-0.00226846
0.016196
-0.00035138
0.016784
0.000590231
0.01725
0.0010983
0.0176464
0.00138214
0.0180075
0.0015749
0.018368
0.00176502
0.0187632
0.00198943
0.0191753
0.00224244
0.019497
0.002462
0.0194329
0.00255301
0.0185756
0.00244176
0.0166518
0.00213503
0.0137807
0.00171838
0.0104375
0.00129375
0.00716996
0.000928354
0.00436304
0.000646647
0.00218648
-0.000134509
-0.000509539
0.000241113
-0.000254885
-5.40814e-05
-3.448e-05
0.000179486
-0.000189424
-1.66769e-05
-1.44795e-05
-6.82825e-06
-1.37589e-05
4.47893e-05
-4.92885e-05
-2.16793e-06
4.13827e-05
-1.08896e-06
-3.922e-05
-9.58596e-07
-7.65147e-07
7.4196e-06
-1.18274e-05
-0.000201452
-0.000119323
0.000444753
-0.000303854
0.000649717
7.33668e-05
7.01717e-05
0.000155301
-4.06632e-05
0.000104562
0.000269226
-1.8319e-06
0.000267396
-5.17021e-07
0.00111175
-8.20969e-07
6.04416e-07
-4.26735e-06
0.00451656
-1.03317e-06
0.00111068
-2.74314e-08
4.3116e-07
0.000265805
-1.44186e-07
0.000266231
1.6628e-07
8.47862e-05
7.81693e-05
6.11717e-05
4.06632e-05
-3.88291e-05
0.00744135
-0.000104138
0.0101242
-0.000199009
0.0124509
-0.000279115
0.0142722
-0.000299045
0.0154058
-0.000265301
0.0157101
-0.000209423
0.0151614
-0.000153841
0.0138306
-0.000103398
0.0118703
-6.05655e-05
0.0094687
-3.39669e-05
0.00681329
-1.32253e-05
0.0040622
-3.28257e-06
0.00132912
0.000365249
0.0102815
-0.00133438
0.0104311
-0.00479774
0.0113428
-0.0114242
0.0140012
-0.00746252
0.0155373
-0.00329609
0.0163812
-0.00109545
0.01694
3.2318e-06
0.017371
0.000615724
0.0177326
0.00097208
0.0180565
0.00120774
0.0183746
0.00141987
0.0187132
0.00165818
0.0190945
0.00193338
0.0194843
0.00222167
0.0197373
0.00245268
0.0195333
0.00253739
0.01848
0.00241382
0.016373
0.00210261
0.0133965
0.00169172
0.0100396
0.00127595
0.00682236
0.000917743
0.00409194
0.000641568
0.00198967
0.0002393
-0.000575939
-3.34226e-05
-1.93358e-05
-0.000127718
-0.000583275
0.000204907
-1.96891e-05
-1.0843e-05
-8.15557e-06
6.0039e-05
-6.48483e-05
-1.18679e-05
5.61766e-05
-1.06173e-05
-5.26406e-05
-3.4763e-06
-1.02231e-05
1.46402e-05
-1.68081e-05
1.35512e-05
-1.2786e-05
-0.000204749
-0.000218429
0.000439296
-0.000300116
0.000510536
7.63374e-05
7.58203e-05
0.000265246
1.64137e-07
0.000265817
3.41468e-08
0.00110658
-4.86522e-07
3.25467e-07
-2.0652e-06
0.00448095
-1.16316e-06
0.00110562
-1.06506e-07
2.79709e-08
0.000265815
-2.64119e-08
0.000266161
8.5816e-08
7.56762e-05
7.58424e-05
-4.05795e-05
0.00737779
-0.000131471
0.0100566
-0.000250282
0.012422
-0.000320848
0.014294
-0.000305431
0.0154459
-0.000254963
0.0157556
-0.000197937
0.0152055
-0.00014265
0.0138698
-9.53583e-05
0.0119051
-5.63947e-05
0.00949112
-3.22662e-05
0.00683233
-1.41202e-05
0.00407304
-2.53577e-06
0.00133165
0.000160235
0.0102385
-0.00133985
0.010287
-0.00533316
0.0109665
-0.013958
0.0138767
-0.00896667
0.0155053
-0.00420474
0.0164459
-0.001766
0.0170518
-0.00054511
0.0174884
0.000148395
0.0178383
0.000562292
0.0181424
0.00083843
0.0184258
0.00107622
0.0187183
0.00132486
0.0190465
0.00160722
0.0194206
0.00192115
0.0197848
0.00223053
0.0199595
0.00246327
0.0196074
0.00253214
0.0183616
0.00239297
0.0160827
0.00207368
0.0130145
0.00166358
0.00965193
0.00125398
0.00648613
0.000903863
0.00382964
0.000631502
0.00179746
-0.000640841
-2.83963e-05
-3.44209e-05
0.000154266
-0.000164223
-1.16924e-05
-1.17749e-05
0.000140253
-4.29682e-06
-1.02624e-06
-0.000131701
-0.000656324
6.81074e-05
-6.4421e-07
-4.71621e-07
5.35717e-05
-6.95536e-05
-6.13824e-06
-9.60226e-06
3.2926e-05
-4.009e-05
-4.70413e-06
3.05075e-05
-8.19897e-06
-2.02844e-05
-0.00020131
-0.000317233
0.000437186
-0.000303873
0.000377224
7.60066e-05
7.60407e-05
0.000265598
7.55451e-08
0.000265957
-3.3196e-08
0.00110373
-1.82144e-07
4.63246e-09
-6.36253e-07
0.0044436
-2.59271e-06
0.00110261
-1.73899e-08
-2.14909e-08
0.000265911
-6.07765e-08
0.000265831
1.07307e-07
7.60143e-05
7.61001e-05
-5.78212e-05
0.00730413
-0.000192768
0.00999911
-0.000323258
0.0124244
-0.000331156
0.0143197
-0.000289995
0.015481
-0.000234669
0.0157924
-0.000170379
0.0152332
-0.000124776
0.0138992
-8.47027e-05
0.0119334
-5.51922e-05
0.00951404
-2.57572e-05
0.00684396
-1.13446e-05
0.00408184
-3.00148e-06
0.00133465
3.48791e-05
0.0100953
-0.00121003
0.0101087
-0.005361
0.0103149
-0.0160636
0.0130721
-0.00988672
0.0147967
-0.00474986
0.0160505
-0.00223119
0.0169111
-0.000983221
0.0174899
-0.00027174
0.0179085
0.000168309
0.0182323
0.000473333
0.0185075
0.000730541
0.0187715
0.000989741
0.0190534
0.0012776
0.0193761
0.00159954
0.0197422
0.00194026
0.0200751
0.00225865
0.0201641
0.00248373
0.0196558
0.00253464
0.01822
0.0023743
0.0157821
0.00204514
0.012633
0.00163345
0.00927245
0.00122978
0.00616021
0.000885723
0.00357542
0.0006219
0.00161275
-0.000703936
-4.2893e-05
-2.57153e-05
0.000180675
-0.000200933
-3.51253e-06
-4.62594e-06
-6.19091e-06
-1.17781e-05
3.33766e-05
-3.60748e-05
-8.99452e-06
2.16017e-05
1.73048e-05
1.62786e-05
-0.000130048
-0.000727586
1.56343e-05
1.51627e-05
4.47828e-05
-8.13778e-07
-1.44574e-06
8.19897e-06
-1.29031e-05
-0.000209322
-0.000411785
0.000430433
-0.000300318
0.000247104
7.61756e-05
7.61424e-05
0.000265578
7.10369e-08
0.000265646
-6.3962e-08
0.00110189
4.64979e-08
3.48732e-08
1.90903e-08
0.00439104
-5.28233e-06
0.00109942
1.62097e-07
-2.86737e-07
0.000265811
-1.81805e-07
0.000265701
8.84672e-08
7.60816e-05
7.61888e-05
-0.000107639
0.007219
-0.000296988
0.00997284
-0.000349717
0.012443
-0.00031466
0.0143443
-0.000256551
0.0155028
-0.00020041
0.0158224
-0.000161984
0.0152704
-0.000114556
0.0139291
-7.74195e-05
0.0119556
-5.22966e-05
0.00954058
-2.87055e-05
0.00686132
-1.28256e-05
0.00409167
-3.22821e-06
0.00133788
0.00993339
-0.000763418
0.00964871
-0.00465838
0.00480416
0.00460185
-0.00713916
0.00587697
-0.00980972
0.00532321
-0.00621612
0.0125916
-0.00319007
-0.00448109
0.0145279
-0.00226097
0.0160802
-0.00118061
0.0171085
-0.000577327
0.0177955
-0.000178464
0.0182553
0.000123952
0.0185817
0.00038984
0.0188482
0.000656709
0.0191045
0.000950038
0.0193809
0.00127289
0.0197028
0.00161985
0.0200626
0.00197785
0.0203559
0.00229985
0.020348
0.00251046
0.01968
0.00253611
0.0180582
0.00235442
0.0154728
0.00201192
0.0122545
0.00160063
0.0089016
0.00120124
0.00584469
0.000866188
0.00333113
0.000608954
0.00143423
-0.000756782
-3.86934e-05
-3.85062e-05
0.000219581
-0.000233996
-1.81426e-05
-1.0336e-05
-5.11328e-06
-1.95444e-06
5.14438e-05
-5.39816e-05
-9.74983e-07
4.79506e-05
-1.13286e-06
4.36138e-05
-1.85408e-06
-4.2393e-06
-8.99453e-06
-0.000138646
-0.000798261
1.43489e-05
-0.000207004
-0.0005051
0.000426155
-0.000301896
0.000122841
7.62599e-05
7.61959e-05
0.000265616
1.31015e-07
0.000265682
-3.20114e-08
0.00109934
1.15888e-07
-2.03687e-08
-1.8887e-06
0.00430133
-1.60397e-05
0.0010942
3.4504e-07
-4.85467e-07
0.000265914
-7.02656e-08
0.000265635
-7.573e-09
7.60141e-05
7.61025e-05
-0.000222709
0.00714472
-0.000359752
0.00998287
-0.000326779
0.0124551
-0.000268339
0.0143561
-0.000215467
0.0155179
-0.000173874
0.0158343
-0.000133289
0.0152892
-0.00010358
0.0139552
-7.63697e-05
0.0119797
-4.77858e-05
0.00955966
-2.72514e-05
0.00687575
-1.22798e-05
0.00410072
-2.65049e-06
0.00134053
0.00916998
-0.0028559
0.00426038
0.00358592
-0.00708946
0.00475447
-0.00639816
0.0018758
0.00203474
-0.00599144
0.00565228
-0.00525393
0.00231183
0.00214517
-0.00425832
-0.00313414
0.00418941
-0.0017235
-0.00161507
0.0110236
-0.00129802
-0.00218571
0.00464792
-0.00163111
0.0138981
-0.000965346
0.015865
-0.000656864
0.017188
-0.000411511
0.0180285
-0.000171348
0.0185506
7.13543e-05
0.0189002
0.000329526
0.0191754
0.000622922
0.0194316
0.000945139
0.0197087
0.00129328
0.0200293
0.00166134
0.0203791
0.00202978
0.020626
0.0023472
0.0205112
0.00253682
0.0196793
0.00253492
0.0178776
0.00232912
0.0151556
0.00197547
0.0118796
0.00156327
0.00853957
0.00117132
0.00553956
0.000844835
0.00309525
0.000596791
0.00126359
-0.00082332
-3.88333e-05
-3.32738e-05
0.000241985
-0.000256345
-9.79441e-06
-1.45386e-05
-1.60248e-05
-1.44923e-05
6.45304e-05
-6.99412e-05
-1.27322e-05
5.94537e-05
-5.25962e-06
5.58898e-05
-1.54964e-06
-4.65649e-08
1.62208e-05
-1.71958e-05
1.50879e-05
1.32338e-05
-0.000138928
-0.000866339
-0.000212335
-0.000594663
0.000420839
-0.000301483
3.47894e-06
7.62334e-05
7.62014e-05
0.000265641
1.08969e-07
0.00026564
-2.05152e-08
0.0010923
2.68692e-07
-2.55099e-07
-1.85676e-05
0.00416233
-6.51519e-05
0.0010776
1.70617e-07
-1.51346e-06
0.000266007
-2.12789e-08
0.000265533
-1.15615e-08
7.61311e-05
7.61234e-05
-0.000358231
0.0071432
-0.000325655
0.00998174
-0.000254681
0.0124414
-0.000207296
0.014348
-0.000175987
0.01552
-0.000147286
0.0158483
-0.000123323
0.0153089
-0.000103641
0.0139825
-7.7429e-05
0.0120094
-5.1197e-05
0.00958361
-2.93182e-05
0.00689278
-1.20381e-05
0.00411011
-2.53382e-06
0.00317822
0.0031361
-0.0055823
0.00166755
0.00177699
-0.0039593
0.000732999
0.00122991
0.00515814
-0.00473634
0.001454
0.00193895
-0.00265099
0.00182869
0.00165497
-0.00216079
-0.00448017
0.00216079
-0.000371054
0.0029201
-0.000545333
-0.001129
0.0012342
0.00389457
-0.000861724
-0.000400925
0.00989041
-9.69913e-05
0.00323427
-0.000637709
-0.000307243
0.01324
-0.000428238
0.0156363
-0.000459565
0.0172361
-0.000357735
0.0182149
-0.000189168
0.0188111
2.88631e-05
0.0192009
0.000307591
0.0194907
0.000625089
0.0197517
0.000968039
0.0200339
0.00133268
0.020358
0.00171664
0.0206923
0.00208655
0.0208866
0.00239361
0.0206544
0.00256138
0.0196528
0.00253014
0.0176766
0.00230012
0.0148309
0.00193545
0.0115075
0.00152336
0.00818753
0.00113945
0.00524495
0.00082239
0.00286965
0.000583929
0.0011005
-0.000872601
-4.66346e-05
-4.30128e-05
0.000276904
-0.000295437
-2.02995e-05
-1.27142e-05
8.32289e-05
-8.1463e-05
-1.15601e-05
7.7631e-05
-8.94044e-06
7.34447e-05
-1.18382e-05
-1.09882e-05
2.40517e-05
-3.67839e-05
1.8792e-05
1.72424e-05
-0.000144746
-0.000933929
-0.000214388
-0.00068176
0.000413322
-0.000298005
-0.000111843
7.62323e-05
7.62118e-05
0.000265597
2.02931e-07
0.000265357
-1.56698e-08
0.00106122
2.08365e-07
-2.39513e-06
-0.000119755
0.00410418
-0.00018032
0.00100711
-2.08564e-06
-8.95799e-06
0.000265682
-1.54234e-07
0.00026423
-6.11381e-08
7.61905e-05
7.61788e-05
-0.000298034
0.00711557
-0.000214501
0.00994156
-0.000180725
0.0124149
-0.000160616
0.0143326
-0.000143376
0.0155161
-0.000132053
0.015857
-0.000120072
0.0153253
-9.82025e-05
0.0140033
-7.57812e-05
0.0120339
-5.48368e-05
0.00960912
-3.258e-05
0.00691332
-1.43773e-05
-0.00195353
0.000567451
0.000605027
0.000597672
0.000585043
0.00431834
-0.00431796
0.00166717
0.00135899
0.00308806
-0.00235506
-0.00302616
0.00052597
-0.000931566
0.000668506
-0.000107993
0.00224291
-0.000110837
-7.37009e-05
-0.000242701
0.00299414
-0.000160802
0.000156739
0.00918732
0.000239101
0.00290573
-8.58025e-06
0.00177496
-8.14841e-05
-8.82709e-05
1.97293e-05
0.012792
-0.000303004
0.0154798
-0.000378574
0.0172569
-0.000336909
0.0183627
-0.000209569
0.0190495
2.19084e-05
0.0194865
0.000317963
0.0197978
0.000648742
0.0200709
0.00100774
0.0203589
0.00138864
0.020686
0.00177933
0.0209995
0.00215033
0.0211299
0.00244011
0.0207757
0.0025779
0.019605
0.00251641
0.0174603
0.00226528
0.0145011
0.00189026
0.0111406
0.00148071
0.00784627
0.00110494
0.0049624
0.000799583
0.00265399
0.000569559
0.00094426
-0.00093317
-4.0759e-05
-4.342e-05
0.000306856
-0.000316104
-3.73862e-05
-3.15944e-05
0.000156732
-0.000174503
-1.86189e-06
-6.65748e-07
6.25676e-05
3.0799e-08
-4.35094e-08
5.21234e-05
-1.11588e-06
4.56449e-05
-2.4617e-06
3.85063e-05
-4.6992e-06
-9.2655e-06
-0.000147245
-0.00100107
-0.000213472
-0.000766294
0.000406824
-0.000297467
-0.000221199
7.63817e-05
7.6366e-05
0.000264384
5.3365e-08
0.000262338
-3.49909e-07
0.000935857
-1.34466e-05
-3.50584e-05
-0.000145004
0.00400438
-5.32382e-05
0.00087832
-5.8023e-05
-6.47615e-05
0.000260656
-4.0325e-07
0.000253012
-1.31461e-06
7.62118e-05
7.61505e-05
-0.00013225
0.00703332
-0.000126315
0.00988715
-0.00012455
0.0123788
-0.000123951
0.0143132
-0.000122779
0.0155068
-0.000119789
0.0158567
-0.000115747
0.0153429
-0.000101486
0.014029
-8.43497e-05
0.0120635
-5.51877e-05
0.00963173
-3.02702e-05
0.00175003
-0.00118258
0.00059754
0.00166718
0.000283269
0.000576721
-1.90522e-05
0.000175276
0.000515903
-1.28824e-05
0.00164339
-2.28522e-05
-6.37817e-06
0.00288201
0.000180463
0.000233358
0.00886019
0.000113505
0.00286968
0.000251424
0.00163609
4.00604e-06
-5.29163e-06
-0.000447856
0.000388984
-2.26119e-05
-2.02227e-05
-7.66041e-05
0.0125656
-0.000251159
0.0153524
-0.000330258
0.0172503
-0.000339414
0.0184925
-0.000200519
0.019272
4.32424e-05
0.0197613
0.000346355
0.0201002
0.000688818
0.0203899
0.00105961
0.0206879
0.00145044
0.0210149
0.00184664
0.0213032
0.00220918
0.0213608
0.00248123
0.0208724
0.00258892
0.0195325
0.00249629
0.0172293
0.00222365
0.0141677
0.00184165
0.0107796
0.00143614
0.00751507
0.00107078
0.0046912
0.000775169
0.00244838
0.000555173
0.000795912
-0.000994262
-4.84533e-05
-3.77014e-05
0.000331447
-0.00034901
-2.31961e-05
-2.80777e-05
0.000188355
-0.000198666
-1.32276e-05
-1.38485e-05
-4.62556e-06
-1.31169e-05
1.82206e-05
-2.00825e-05
1.75549e-05
-1.75114e-05
1.75422e-05
1.64263e-05
1.39647e-05
9.2655e-06
-0.000150516
-0.00106403
-0.000216932
-0.00084683
0.000403159
-0.000300109
-0.000324245
7.62037e-05
7.58539e-05
0.000242722
-3.15742e-06
0.000216837
-9.17411e-06
0.000804876
-5.24065e-05
-1.91544e-05
-1.9978e-05
0.00389379
-1.68301e-06
0.000758968
-6.12237e-06
-1.20881e-06
0.000179691
-2.08764e-05
0.000155857
-4.09278e-05
7.54506e-05
7.41359e-05
-5.65364e-05
0.00696353
-7.74229e-05
0.00984001
-9.21355e-05
0.012347
-9.90733e-05
0.0142894
-0.000107361
0.0154944
-0.000124571
0.0158655
-0.000122397
0.0153638
-0.00011395
0.0140586
-8.91537e-05
0.0120974
-5.90873e-05
0.000156224
0.000143341
0.000368024
-1.89205e-06
0.000362678
-1.03223e-06
0.0017176
2.90835e-05
6.98712e-05
0.00286795
0.000235095
5.10916e-05
0.00876016
-2.76635e-05
0.00288149
9.99607e-05
0.00175004
0.000113326
0.000105657
-0.000357782
0.000362364
-5.76522e-07
-3.95661e-07
-0.000123119
0.000100507
-9.5855e-05
0.0124103
-0.000186041
0.0152082
-0.000325751
0.0172366
-0.000317164
0.0186092
-0.000165758
0.019481
8.19221e-05
0.0200257
0.000391535
0.0203975
0.000742486
0.020707
0.0011217
0.0210166
0.00152037
0.0213411
0.00191418
0.0215982
0.00226615
0.0215759
0.00251204
0.0209492
0.00258888
0.0194399
0.00246729
0.0169857
0.0021759
0.0138335
0.00178956
0.0104262
0.0013897
0.00719615
0.00103397
0.0044324
0.00075082
0.00225273
0.000542993
0.00065608
-0.00103997
-5.64255e-05
-4.83846e-05
0.000366239
-0.000381057
-3.36347e-05
-2.04732e-05
0.00021682
-0.000235101
-2.17001e-06
-2.74597e-06
-6.87784e-06
-3.0455e-06
4.17231e-05
-4.97319e-05
-5.2189e-06
3.78249e-05
-9.95034e-06
-2.4708e-05
-0.000155133
-0.00112583
-0.000224239
-0.000922701
0.000393908
-0.000293132
-0.00042502
7.09783e-05
6.18042e-05
0.00010345
8.42957e-05
0.000739332
-5.08849e-07
1.64968e-07
-3.90476e-06
0.0038404
7.49005e-07
0.000737367
6.25439e-09
2.75034e-07
7.81733e-05
7.69643e-05
4.09278e-05
-3.01781e-05
0.00691628
-5.64854e-05
0.00980436
-7.17178e-05
0.0123196
-8.53628e-05
0.0142674
-0.000113139
0.0154829
-0.0001329
0.015876
-0.000143223
0.015393
-0.000128184
0.0140976
-9.46304e-05
9.86147e-05
9.75825e-05
0.000380716
1.07321e-05
0.000420329
3.02577e-05
0.00180075
0.000124732
5.96575e-05
0.0028914
4.11895e-05
-6.51519e-05
0.00872946
0.00272392
0.000139811
0.00185708
8.40553e-06
3.52253e-05
-0.00045527
0.000483034
8.55623e-05
7.07158e-05
-9.71868e-05
9.66103e-05
3.05824e-06
0.0122212
-0.000181317
0.0150637
-0.00030912
0.0172286
-0.000278222
0.0187216
-0.000118864
0.0196817
0.000131459
0.0202858
0.000443538
0.0206964
0.000802596
0.0210261
0.00119105
0.0213459
0.00159015
0.0216652
0.00197977
0.0218846
0.00231514
0.0217728
0.00253509
0.021003
0.0025805
0.0193267
0.0024311
0.0167305
0.0021227
0.0135003
0.00173419
0.0100817
0.00134061
0.00688951
0.000997863
0.00418536
0.000727727
0.002068
0.000527791
0.000522198
-0.00109591
-4.91503e-05
-5.00386e-05
0.00039017
-0.000401076
-4.55185e-05
-3.92715e-05
0.00025181
-0.000268672
-1.13431e-05
-5.42924e-06
-1.03694e-06
-2.72747e-06
5.93386e-05
-6.10028e-05
-5.05864e-07
5.71444e-05
-5.51794e-07
-5.48931e-05
-1.71684e-06
-7.94417e-07
9.95034e-06
-1.51693e-05
-0.000165013
-0.00118505
-0.000216804
-0.000999026
0.000387234
-0.000291466
-0.000520783
7.64553e-05
7.66204e-05
0.00073337
-2.17845e-08
1.12902e-07
-1.97825e-06
0.00381185
3.50143e-07
0.000734004
-4.35604e-09
1.18198e-07
7.66266e-05
7.69015e-05
-2.74284e-05
0.00688722
-4.58281e-05
0.00977846
-5.33139e-05
0.0122876
-8.7531e-05
0.0142418
-0.000132207
0.0154823
-0.000159432
0.0158922
-0.00015958
0.0154244
-0.000131308
0.000107342
0.0001376
0.000526198
8.1568e-05
0.000550306
3.55491e-05
0.00189273
7.57043e-06
-2.03587e-06
-0.00204974
-2.59313e-05
0.00474509
-1.0646e-05
0.000134083
0.00859843
-1.22125e-05
-4.98354e-06
-0.000570373
0.00057542
3.3587e-06
1.51585e-05
-0.000208316
0.000237382
5.64965e-05
3.4902e-05
0.012005
-0.000197519
0.0149521
-0.000283408
0.0172338
-0.000228467
0.0188312
-6.08362e-05
0.019874
0.000188034
0.0205413
0.000506978
0.0209921
0.000870591
0.0213466
0.00125951
0.0216766
0.00165883
0.0219861
0.00203726
0.0221624
0.00235568
0.0219522
0.00254688
0.0210366
0.00256207
0.0191957
0.00238643
0.0164667
0.00206608
0.0131684
0.0016758
0.00974651
0.00129151
0.00659586
0.000961764
0.00395132
0.000702977
0.00189281
0.00051378
0.000395657
-0.000113319
-0.00114761
0.000416474
-0.000415196
-5.0428e-05
-3.46405e-05
0.000274237
-0.000285849
-1.40194e-05
-1.98878e-05
-1.62697e-05
-1.74363e-05
6.76848e-05
-7.36384e-05
-5.38932e-06
6.41483e-05
-1.89258e-06
-6.20616e-05
2.18529e-08
-6.40814e-07
1.82324e-05
-1.87382e-05
1.76805e-05
-1.68861e-05
-0.000157635
-0.00124423
-0.000217999
-0.0010725
0.000380116
-0.000288402
-0.000612495
7.68796e-05
7.69925e-05
0.000732048
-4.9104e-08
2.44816e-08
-1.26548e-06
0.00378616
-4.81783e-07
0.000732429
-6.60201e-08
3.3698e-08
7.69881e-05
7.71061e-05
-2.68491e-05
0.00686824
-2.0204e-05
0.00974536
-5.51672e-05
0.0122552
-0.00011162
0.0142213
-0.000159303
0.0154821
-0.000186876
0.0159195
-0.000179243
0.000290906
2.80435e-05
0.000317832
8.62292e-06
0.000581091
1.89983e-06
0.000579559
-5.04074e-07
0.000877238
-0.000530065
-0.000371661
-1.19392e-06
-2.48704e-07
1.22492e-05
0.00475827
0.000108651
0.000868965
-9.00751e-07
-1.47319e-06
0.000251816
0.00838152
-0.000574749
3.24716e-05
-1.73524e-07
-0.000330623
0.000333982
1.29305e-10
2.36789e-06
5.64965e-05
-5.13463e-05
0.0118588
-0.000212859
0.0148816
-0.000238297
0.0172436
-0.000160853
0.0189312
-1.56469e-06
0.0200636
0.000250497
0.0207977
0.000573324
0.0212893
0.00094001
0.021666
0.00132844
0.022007
0.0017203
0.0223031
0.00208989
0.0224282
0.00238535
0.0221137
0.0025499
0.0210488
0.00253303
0.0190491
0.00233381
0.016199
0.00200223
0.012842
0.00161477
0.00942325
0.00124157
0.00631605
0.000924306
0.00373
0.000678947
0.00172765
0.000500023
0.000275754
0.000345874
-0.000838249
-2.66221e-05
-9.51758e-06
-0.000110984
-0.00119426
0.000304676
-9.22895e-06
-1.0217e-05
-5.59638e-06
8.78753e-05
-9.33044e-05
-8.5899e-06
8.16837e-05
-1.36962e-05
-7.77483e-05
-1.216e-05
-1.35011e-05
2.12498e-05
-2.66391e-05
1.93572e-05
-1.87164e-05
-0.000158053
-0.00130417
-0.000216891
-0.001144
0.000371413
-0.00028303
-0.000700875
7.70568e-05
7.70814e-05
0.000731183
-3.04223e-08
8.58142e-09
-1.19183e-06
0.00212779
6.99772e-07
0.00163201
0.000730746
-4.80312e-08
1.41599e-09
7.70153e-05
7.70487e-05
2.02607e-05
0.00684357
-1.57925e-05
-2.06132e-05
0.0097108
-6.94837e-05
0.0122131
-0.000140841
0.0142028
-0.000207248
0.0155025
-0.000217076
8.45401e-05
9.3163e-05
0.000335613
2.68136e-07
0.000335546
-4.3589e-07
-0.000336097
-3.09302e-06
9.03519e-05
-9.15458e-05
9.01032e-05
0.000881255
-1.21723e-06
1.17625e-06
0.000181745
0.00465996
0.000168379
0.000962282
5.08507e-06
2.25393e-05
8.92024e-05
8.77293e-05
4.76117e-05
0.00828256
-7.24429e-07
-9.55309e-05
9.5531e-05
-0.000126826
0.0117728
-0.000182926
0.0148262
-0.000165127
0.0172479
-9.90141e-05
0.0190287
6.23705e-05
0.0202518
0.000318352
0.0210527
0.000642995
0.0215863
0.00100715
0.0219873
0.00139313
0.0223341
0.00177786
0.0226151
0.00213252
0.0226811
0.00240596
0.0222577
0.00254028
0.0210416
0.00249384
0.0188891
0.00227478
0.0159265
0.0019353
0.0125215
0.00155169
0.00911314
0.0011899
0.00605046
0.000887765
0.00352118
0.0006554
0.00157227
0.000485431
0.000161741
-0.000871692
-3.89741e-05
-3.857e-05
0.000182722
-0.00020237
-5.37216e-06
-1.60115e-06
0.000173608
-4.72683e-07
6.9123e-08
-0.000102031
-0.00125029
9.39558e-05
-8.32525e-08
-1.325e-07
7.06393e-05
-9.8056e-05
-5.46541e-06
-9.69645e-06
5.0723e-05
-5.67891e-05
-2.52369e-06
4.21579e-05
-5.13105e-06
-3.87991e-05
-1.01424e-05
-0.000157698
-0.00136337
-0.000213768
-0.00121327
0.000365569
-0.000282198
-0.000784245
7.70181e-05
7.70267e-05
0.0007295
-4.04783e-09
5.52952e-08
-9.97142e-05
0.00224776
0.000429801
0.000300394
-1.37406e-07
1.4015e-07
9.77989e-06
0.00152006
2.46178e-06
7.69785e-05
7.69797e-05
-5.74352e-06
0.00682673
1.96477e-06
-3.42218e-05
0.00226619
-2.82318e-05
0.00966956
-0.000105494
0.0121777
-0.000200642
0.0141962
-0.000244136
9.57992e-05
9.53633e-05
-9.46388e-05
8.6512e-05
8.76883e-05
0.00101497
5.80615e-05
7.10003e-05
4.99743e-05
0.00467751
-1.99106e-05
0.00108416
7.36267e-05
2.55617e-05
9.27733e-05
0.000115313
-7.41992e-05
0.00822993
-0.000113165
0.011703
-9.7185e-05
0.0147582
-0.000100263
0.0172491
-4.1336e-05
0.0191324
0.000124398
0.0204457
0.000384546
0.0213112
0.000708424
0.0218851
0.00107132
0.0223091
0.00145066
0.0226613
0.00182631
0.0229213
0.00216392
0.0229231
0.00241468
0.0223833
0.00251883
0.0210166
0.00244586
0.018718
0.00220778
0.015654
0.00186365
0.0122095
0.00148687
0.00881617
0.00113913
0.00579909
0.000851207
0.00332538
0.000631741
0.00142596
0.000472581
5.47322e-05
-0.000936003
-1.5054e-05
-2.26724e-05
0.000213227
-0.000228996
-7.73485e-06
-1.54712e-05
-1.43686e-05
-1.33444e-05
2.1329e-05
-2.67011e-05
1.97278e-05
1.92552e-05
1.93243e-05
-0.00010151
-0.00130647
1.92411e-05
1.91086e-05
6.12471e-05
-3.04093e-07
-1.00737e-06
1.52735e-05
-1.77972e-05
1.01424e-05
-0.000158354
-0.00141878
-0.000215848
-0.00127961
0.000360691
-0.000281172
-0.000863764
7.69754e-05
7.70305e-05
-2.17062e-05
0.000461288
0.000276008
2.68012e-06
7.6893e-05
7.70332e-05
-6.39657e-06
0.00149788
-5.64093e-06
-3.29741e-06
0.000467047
0.00226902
-8.57501e-06
7.56606e-06
0.00679108
-1.41874e-07
0.00226934
1.64356e-06
-5.80973e-05
0.00962215
-0.000170423
0.0121475
-0.000259066
0.000173374
0.00019786
4.65141e-05
0.00112586
9.63897e-06
-1.3655e-06
-1.79725e-05
0.00465065
-2.93747e-05
0.00111714
-3.61623e-06
-7.58388e-06
0.000247793
2.36936e-05
0.000266287
7.06803e-06
-6.64129e-05
0.00818317
-7.67568e-06
0.0116135
-2.12082e-05
0.0146792
-5.22742e-05
0.01726
8.61039e-06
0.0192482
0.000183188
0.0206471
0.000449213
0.0215704
0.000773016
0.0221834
0.00112967
0.0226301
0.00150092
0.0229867
0.00186485
0.0232204
0.0021863
0.0231515
0.00241064
0.0224915
0.00248688
0.0209756
0.00238824
0.0185376
0.00213512
0.0153825
0.0017892
0.0119072
0.00142173
0.00853357
0.00108752
0.00556278
0.000815229
0.00314189
0.000609175
0.00128937
0.000460851
-4.54243e-05
-0.00099834
-2.56133e-05
-1.35554e-05
0.000246497
-0.000258598
-1.25354e-06
-1.70129e-06
-1.4921e-06
-3.6815e-06
5.3972e-05
-5.91992e-05
-2.508e-06
4.40466e-05
-5.5457e-06
4.00455e-05
-1.03675e-05
-0.000114966
-0.00134986
1.88045e-05
-0.000161057
-0.00147356
-0.000216532
-0.00134425
0.000355648
-0.000280063
-0.000939347
0.00027329
-5.79102e-07
7.97133e-05
-0.000464241
0.000461379
-3.53475e-06
0.0014956
-3.67375e-06
-2.62715e-06
-2.83469e-06
0.00227223
4.68436e-06
3.19161e-06
0.00674106
-1.12746e-05
0.0022685
3.58552e-06
0.00149677
4.93422e-07
-2.11907e-08
-0.000112376
0.00956411
-0.000250324
4.65141e-05
0.000274319
1.60666e-06
0.000273713
-7.60151e-07
0.00110518
-2.83898e-06
-3.17315e-06
-2.00566e-05
0.00462007
-1.57775e-05
0.00108618
-4.40843e-06
-5.96709e-06
0.000271696
-1.59892e-06
0.000266205
-2.09309e-06
7.02077e-05
7.72757e-05
4.67923e-05
0.0081287
9.97459e-05
0.0114926
9.4877e-06
0.0146174
-2.93336e-05
0.017298
5.251e-05
0.0193788
0.000245012
0.0208513
0.000513407
0.02183
0.000832702
0.0224803
0.00118217
0.0229489
0.0015434
0.0233082
0.00189446
0.0235122
0.00219572
0.0233664
0.00239646
0.0225819
0.00244321
0.0209206
0.00232044
0.0183523
0.00205652
0.0151152
0.00171159
0.0116173
0.001355
0.00826609
0.00103628
0.00534173
0.000780024
0.00297105
0.000587759
0.00116246
0.000449557
-0.00013933
-0.00102715
-4.58406e-05
-4.03168e-05
0.000270368
-0.000286994
-6.30024e-06
-2.68576e-06
-1.38908e-06
-3.94072e-07
6.49288e-05
-6.58022e-05
-3.80728e-07
6.36226e-05
-3.95957e-07
6.2384e-05
-2.54454e-07
-4.97554e-07
1.59132e-05
-1.84214e-05
1.03675e-05
-0.000112554
-0.00139835
-0.000159811
-0.00153028
-0.000217681
-0.00140664
0.000349973
-0.000277392
-0.00101192
0.000271385
-9.29902e-07
7.91343e-05
0.000459869
-2.16369e-06
0.000268861
-1.01014e-06
0.000458574
-1.33352e-06
0.00149842
1.8252e-06
1.21046e-06
0.00226957
2.11205e-06
-5.61256e-06
0.00666866
-3.43665e-05
0.00226049
-2.19277e-06
0.00149975
8.05721e-07
1.4526e-06
-0.0004586
0.000458792
3.0062e-07
-4.7349e-08
-0.000208164
7.88824e-05
7.81222e-05
0.000263526
-1.60361e-07
0.000261166
-8.12793e-07
0.00107042
-2.49409e-06
-1.80024e-06
-6.51263e-06
0.00464127
3.21071e-05
0.00106219
-3.47878e-06
-4.06983e-06
0.000258142
-1.38457e-06
0.000253891
-1.71682e-06
7.65233e-05
7.44302e-05
0.000213367
0.00801507
0.000110332
0.0113917
-9.68482e-06
0.0145978
-1.15388e-05
0.017362
0.000104792
0.0195191
0.000308061
0.0210566
0.000575791
0.0220869
0.000883878
0.0227786
0.00122157
0.0232707
0.00157371
0.0236289
0.00191223
0.0237957
0.00219386
0.023569
0.00236594
0.0226592
0.00238812
0.0208529
0.00224589
0.0181629
0.00197239
0.0148544
0.00163084
0.0113415
0.00128766
0.00801472
0.000985796
0.00513596
0.000745912
0.0028129
0.000566975
0.00104504
0.000438312
-0.000227665
-0.00107571
-2.56836e-05
-3.83048e-05
0.000298628
-0.000304932
-1.98263e-05
-1.97082e-05
-1.86374e-05
-1.00435e-05
6.94649e-05
-7.37137e-05
-2.05106e-06
6.75417e-05
-7.62265e-07
6.63467e-05
-1.93072e-07
1.5096e-07
1.95696e-05
-1.99503e-05
1.91735e-05
1.89189e-05
-0.000103132
-0.00145503
-0.000163791
-0.00158417
-0.000216505
-0.00146751
0.000346905
-0.000278254
-0.00108057
7.82044e-05
0.000267253
-5.56638e-07
7.71942e-05
0.000266396
-4.76468e-07
0.000460032
5.85036e-07
0.000460489
7.54168e-07
0.00149997
1.34722e-06
5.39758e-07
0.00225859
-3.70799e-06
-3.34279e-05
-8.86324e-05
0.00223715
-1.29238e-05
0.00149696
-3.6009e-07
1.17409e-06
-0.000461167
0.000461587
3.86177e-07
7.74269e-07
-0.000266458
0.000266641
1.17847e-07
-1.10316e-07
7.42698e-05
7.3457e-05
0.000251304
9.32955e-08
0.000249987
-4.83458e-07
0.00105777
-2.14936e-06
5.5853e-08
9.34046e-05
0.00460721
0.000154014
0.00108661
-1.25338e-06
4.52042e-06
0.000247599
-1.09132e-06
0.000244866
-1.33753e-06
7.20724e-05
7.03556e-05
0.000201475
0.00792393
2.85261e-05
0.0113535
-2.89611e-05
0.0146152
2.5138e-05
0.0174417
0.000166128
0.019661
0.000372967
0.0212594
0.000625606
0.0223451
0.00092472
0.0230755
0.00125476
0.0235897
0.0015956
0.0239455
0.00191798
0.0240716
0.00217771
0.0237572
0.002326
0.0227213
0.00232183
0.020777
0.00216124
0.017974
0.00188276
0.0146025
0.00154924
0.0110799
0.00121984
0.00778068
0.000935868
0.004946
0.000711952
0.00266793
0.000546929
0.000936423
0.000428833
-0.000309588
-0.00114024
-2.08924e-05
-1.77013e-05
0.000321231
-0.000335622
-4.4812e-06
-6.80926e-06
-7.98539e-06
-1.40205e-05
8.89617e-05
-9.43665e-05
-1.44212e-05
8.42335e-05
-1.49795e-05
7.85564e-05
-1.29592e-05
-5.20014e-06
2.07545e-05
-2.28054e-05
1.99923e-05
1.97993e-05
-0.000114917
-0.0015039
-0.000165239
-0.00163543
-0.000219192
-0.00152658
0.000345017
-0.000279914
-0.00114567
7.66375e-05
7.61609e-05
0.000267017
2.09337e-07
0.0002676
1.71175e-07
0.000462486
4.47612e-07
0.000462302
7.23717e-07
0.00149296
1.20393e-06
-9.07561e-07
0.00222527
-2.15528e-05
-4.5937e-05
0.00148137
-2.12408e-06
7.925e-07
-0.000462949
0.000462595
-7.18723e-09
5.26466e-07
-0.000268248
0.000268508
1.26456e-07
1.26711e-07
-7.60506e-05
7.61684e-05
7.04489e-05
6.99654e-05
0.000242548
1.68247e-07
0.00024285
-2.4619e-07
0.00112549
1.54307e-05
3.9093e-05
0.00016061
0.00458822
5.98488e-05
0.00114939
6.03066e-05
6.9805e-05
0.000242284
-6.87009e-07
0.000246581
2.22253e-07
6.88741e-05
6.75365e-05
4.39777e-05
0.00790847
-2.93021e-05
0.0113538
-1.45942e-05
0.0146549
8.26258e-05
0.0175252
0.000233413
0.0198005
0.000424897
0.0214601
0.000665264
0.0226046
0.000954968
0.0233753
0.0012757
0.0239096
0.00160599
0.0242575
0.0019121
0.0243372
0.00215047
0.0239327
0.00227223
0.0227709
0.00224484
0.0206934
0.00207096
0.0177858
0.00179028
0.0143615
0.00146461
0.0108351
0.00115206
0.00756449
0.000886282
0.00477167
0.000679624
0.00253523
0.000528023
0.000837235
0.000420681
-0.000385247
-0.00118935
-4.11902e-05
-2.46203e-05
0.000347684
-0.00036091
-7.66598e-06
-1.88876e-06
-3.75054e-06
0.000108075
-0.000110124
-2.43156e-06
0.000104309
-3.04266e-06
0.000100643
-4.31903e-06
-7.74407e-06
4.51949e-05
-5.41249e-05
-5.4909e-06
4.09646e-05
-1.07488e-05
2.80055e-05
-0.00012365
-0.00154548
-0.000166415
-0.0016882
-0.000221956
-0.00158453
0.000343927
-0.000282444
-0.00120715
7.63778e-05
7.6549e-05
0.000268707
2.47841e-07
0.000269302
1.28101e-07
0.000463638
1.60981e-07
0.000462517
2.1402e-07
0.00146394
1.94313e-07
-4.32546e-06
-1.00015e-05
-1.78331e-06
-0.000463112
0.000461455
-4.67815e-07
1.97335e-07
-0.000269772
0.000269719
4.55223e-08
5.67397e-08
-7.66757e-05
7.68022e-05
6.77047e-05
6.74585e-05
0.000255949
6.06259e-06
0.000277152
1.78901e-05
0.00119055
7.86624e-05
4.07915e-05
2.54482e-05
0.00462211
-1.53645e-05
0.00122297
2.32354e-05
4.18628e-06
0.000296256
4.12018e-05
0.000312332
5.37283e-05
6.67715e-05
6.69937e-05
-3.07241e-05
0.00790989
-3.2429e-05
0.0113717
4.02146e-05
0.0146973
0.000156324
0.0176023
0.000290462
0.019935
0.000460021
0.0216654
0.000691814
0.0228678
0.000972479
0.0236785
0.00128554
0.02423
0.00160393
0.0245657
0.00189282
0.0245949
0.00210956
0.0240954
0.00220657
0.0228091
0.00215861
0.0206058
0.00197267
0.0176034
0.00169256
0.0141335
0.00138044
0.0106068
0.00108428
0.0073665
0.000837614
0.00461368
0.000648009
0.00241525
0.000510508
0.000747411
0.000413515
-0.000454829
-0.00121615
-5.01271e-05
-4.6714e-05
0.000373757
-0.000388937
-2.60104e-05
-1.17731e-05
0.000105504
-0.000190649
-1.98373e-07
7.7704e-05
-2.68687e-08
0.000111585
-7.96932e-06
-2.2897e-06
6.55623e-05
-6.7458e-05
-5.35634e-07
6.3108e-05
-5.88145e-07
5.97635e-05
-9.74196e-07
-2.10533e-06
1.07488e-05
-1.62397e-05
-0.00011684
-0.00159506
-0.000166789
-0.00174337
-0.000226354
-0.00164062
0.000343725
-0.000285586
-0.00126527
7.705e-05
7.7178e-05
0.00026971
1.69532e-07
0.000269843
8.14356e-08
0.00046189
-2.40763e-07
0.000458331
-7.67142e-07
-0.000457651
0.00045068
-3.03116e-06
-1.10397e-06
-0.00027003
0.000269603
-4.10076e-08
1.07042e-08
-7.72348e-05
7.72802e-05
7.30563e-05
9.09463e-05
0.000339344
5.16496e-05
0.000356224
2.39112e-05
0.00124327
6.21943e-06
-1.06718e-06
-8.48401e-06
0.00462189
-2.20145e-05
0.00123865
-3.35094e-06
-7.40144e-06
0.000370113
9.34613e-06
0.000372577
1.72134e-06
0.000132148
0.000150699
3.51772e-05
-3.98154e-05
0.00791727
1.49029e-05
0.011397
0.000123098
0.0147306
0.000219769
0.017673
0.000321345
0.0200736
0.000480757
0.0218764
0.000704068
0.0231362
0.000981542
0.0239825
0.00128573
0.0245482
0.00159128
0.0248672
0.00186097
0.0248434
0.00205372
0.0242483
0.00212755
0.0228402
0.00206059
0.0205178
0.00186714
0.0174289
0.00159287
0.0139211
0.00129336
0.0103977
0.00101739
0.00718672
0.000789693
0.004472
0.00061731
0.00230846
0.00049391
0.000667019
0.000407323
-0.00051842
-0.00126775
-2.73593e-05
-3.78783e-05
0.000395568
-0.000405423
-4.02702e-05
-4.00821e-05
0.000201803
-0.000220511
-5.64899e-06
-1.65388e-06
-4.32475e-08
-5.75588e-07
2.04824e-05
-2.06808e-05
6.94909e-05
2.43936e-07
2.04556e-05
-2.56683e-07
1.99073e-05
-2.04428e-05
1.93192e-05
1.8345e-05
-0.000109922
-0.00165192
-0.000173501
-0.00179622
-0.000231652
-0.00169454
0.000345465
-0.000290833
-0.0013199
7.74498e-05
7.75312e-05
0.000269335
2.70971e-08
0.000268634
-6.64412e-08
-4.76647e-06
-0.000267686
0.000265003
-3.47568e-07
-1.56743e-07
-7.75419e-05
7.75009e-05
0.00018477
1.75782e-05
0.000202762
5.91903e-06
0.00037625
2.54594e-06
0.000375751
-5.679e-07
0.00123335
-1.38086e-06
-1.79999e-06
-1.36698e-05
0.0046133
-1.75591e-05
0.00122241
-1.96113e-06
-9.11101e-06
0.000375031
-2.63157e-06
0.000371394
-3.76457e-06
0.000210674
1.43345e-06
0.000212773
-3.7779e-07
3.51772e-05
-5.49223e-06
0.00793767
0.000107876
0.0114122
0.000201812
0.0147485
0.000247216
0.0177471
0.000329287
0.0202251
0.000483998
0.0220965
0.000708063
0.0234096
0.000980063
0.0242882
0.00127575
0.0248637
0.00156539
0.0251628
0.00181626
0.0250809
0.00198536
0.0243905
0.00203653
0.0228643
0.00195445
0.0204305
0.00175653
0.0172652
0.00148941
0.013725
0.00120622
0.0102089
0.000949769
0.00702665
0.000742479
0.00434683
0.000587769
0.0022146
0.000478486
0.000595861
0.000402778
-0.000575725
-0.00133157
-2.37835e-05
-2.23232e-05
0.000420398
-0.000433288
-1.44699e-05
-2.29039e-05
0.000230926
-0.000246573
-8.20875e-06
-1.64138e-05
-1.39014e-05
-1.5764e-05
2.29536e-05
-2.86025e-05
2.12997e-05
-2.07241e-05
2.06995e-05
-0.000121392
-0.00170403
-0.000182328
-0.00184554
-0.000238408
-0.00174696
0.00034866
-0.000297178
-0.00137136
7.75279e-05
7.74614e-05
-6.9386e-07
-7.73047e-05
7.69571e-05
5.27554e-05
5.86744e-05
0.000214755
5.63157e-07
0.000214454
-2.67067e-07
0.000369853
1.58855e-07
0.000368617
-5.63871e-07
0.00121864
-9.90324e-06
-1.3132e-05
0.0046255
-4.56637e-06
0.00121055
-9.46798e-06
0.000365729
9.26119e-07
0.000336918
1.96996e-05
0.000212576
-7.53736e-07
0.000210085
-1.27467e-06
6.01078e-05
5.97299e-05
8.26267e-05
0.00796291
0.000214572
0.0113994
0.000228328
0.0147674
0.000238568
0.0178378
0.00031888
0.0203902
0.000478197
0.0223264
0.000704241
0.0236855
0.000971215
0.0245927
0.00125625
0.0251729
0.00152742
0.0254517
0.00175729
0.025309
0.00190345
0.0245236
0.00193392
0.0228848
0.00184049
0.0203466
0.00164035
0.0171143
0.00138302
0.0135482
0.00111759
0.010041
0.000882259
0.00688688
0.000695467
0.00423914
0.000558915
0.00213418
0.000464176
0.000534469
0.000399683
-0.000626738
-0.00138557
-4.09241e-05
-2.64665e-05
0.00044591
-0.000458674
-1.10177e-05
-9.69905e-06
0.000263433
-0.000275269
-9.04063e-07
-1.73008e-06
-4.43804e-06
-1.60601e-06
5.78369e-05
-6.34299e-05
-2.61544e-06
4.72123e-05
-5.78886e-06
-4.25037e-05
-1.10552e-05
-0.000139201
-0.00174715
-0.000187827
-0.00189612
-0.000244039
-0.0018001
0.000354541
-0.000306948
-0.00141894
6.02931e-05
6.0026e-05
0.000209946
2.97722e-07
0.000209526
-1.4403e-07
0.000558609
-0.000231948
2.10928e-07
1.42326e-07
0.0012014
-3.98175e-06
5.96635e-07
0.00467646
3.10653e-05
0.0012022
-5.36735e-06
0.000550469
-7.08661e-07
-6.19653e-07
0.000210295
1.56891e-07
-1.95349e-06
5.92722e-05
5.79975e-05
0.000226795
0.00795068
0.000243507
0.0113842
0.000195174
0.0148108
0.000207587
0.0179491
0.000300078
0.0205684
0.00046957
0.022561
0.000695808
0.0239609
0.000955637
0.0248933
0.00122315
0.0254772
0.00147669
0.0257323
0.00168172
0.0255307
0.00180709
0.0246504
0.00182
0.0229053
0.00171526
0.0202717
0.00151883
0.0169785
0.00127389
0.013392
0.00102798
0.00989531
0.000815171
0.00676718
0.00064939
0.00414866
0.000531142
0.00206723
0.000451172
0.000482988
0.000398553
-0.000670738
-0.00141644
-5.68853e-05
-5.14417e-05
0.000471335
-0.000486534
-2.5726e-05
-1.38055e-05
0.000284044
-0.000293265
-1.06271e-06
-7.32475e-07
-4.96752e-07
-4.26641e-07
6.97127e-05
-7.04005e-05
-2.16342e-07
6.82963e-05
-3.1395e-07
-6.70703e-05
-7.97695e-07
-3.80182e-07
1.6844e-05
-1.94594e-05
1.10552e-05
-0.000140937
-0.00179404
-0.000189033
-0.00195112
-0.000255444
-0.00185159
0.000360933
-0.000316882
-0.00146297
5.82952e-05
5.81511e-05
5.65654e-05
-5.63545e-05
5.67077e-05
0.000546693
-1.44754e-07
-6.09914e-08
0.00120155
1.24634e-06
6.49256e-05
0.00470507
0.00013326
0.00122468
7.93151e-06
0.000542452
-5.60547e-07
-5.65782e-07
-5.60881e-05
5.53794e-05
5.8308e-05
0.000268906
0.00792529
0.000174704
0.0114047
0.000135698
0.0148827
0.000171862
0.0180773
0.000284125
0.0207538
0.000462311
0.0227945
0.000683366
0.0242331
0.000928058
0.0251884
0.0011773
0.0257765
0.00140804
0.0260059
0.00159199
0.0257458
0.00169536
0.024775
0.0016941
0.0229265
0.0015839
0.0202066
0.00139216
0.0168602
0.00116208
0.0132579
0.000937762
0.00977272
0.000747502
0.00666907
0.000603764
0.00407605
0.000504022
0.00201438
0.000439447
0.000442104
0.000398188
-0.000707978
-0.00145908
-4.39407e-05
-5.43559e-05
0.000495316
-0.000503067
-4.91315e-05
-4.26592e-05
0.000304826
-0.000321223
-6.70522e-06
-2.62352e-06
-4.67395e-07
-1.77711e-06
7.18291e-05
-7.2682e-05
-2.09446e-07
7.12426e-05
-1.45605e-07
-7.09497e-05
5.28307e-08
-1.33482e-07
2.09513e-05
-2.11676e-05
2.06373e-05
-2.02571e-05
-0.000130703
-0.00185237
-0.000200261
-0.0020063
-0.000267412
-0.00190105
0.000367226
-0.000326148
-0.00150402
5.52346e-05
5.51736e-05
0.000543732
-1.36441e-07
1.01907e-07
0.00125024
3.93635e-05
0.000153839
0.00470313
0.000117012
0.00128295
0.000100548
0.000552353
-1.39888e-07
-5.4914e-07
-5.46078e-05
5.40472e-05
0.000147379
0.00795261
8.72979e-05
0.0114531
8.40666e-05
0.0149705
0.000146348
0.0182151
0.000275748
0.0209404
0.000454645
0.0230233
0.000665151
0.0244961
0.000889352
0.0254764
0.00111504
0.0260696
0.00132389
0.0262741
0.00148701
0.0259541
0.00157183
0.0248973
0.00155641
0.0229539
0.00144373
0.020155
0.00126051
0.0167618
0.0010481
0.0131475
0.000845766
0.00967446
0.000679752
0.00659309
0.000557933
0.00402214
0.000477459
0.00197638
0.000428293
0.00041201
0.000397962
-0.000738701
-0.0015205
-2.93832e-05
-3.9895e-05
0.000515963
-0.000529527
-3.03754e-05
-4.14598e-05
0.000333104
-0.000338395
-2.20513e-05
-2.17873e-05
-1.09413e-05
-1.98371e-05
7.64608e-05
-8.10663e-05
-2.09965e-06
7.45753e-05
-7.38057e-07
-7.31332e-05
-1.61325e-08
-3.34979e-07
2.13938e-05
-2.16031e-05
2.12482e-05
-2.11147e-05
-0.000141152
-0.00191146
-0.000213888
-0.0020598
-0.000276785
-0.00195039
0.000375204
-0.000337669
-0.00154154
5.39108e-05
5.40127e-05
0.000586735
6.17971e-07
4.36253e-06
0.00130446
0.000132328
6.98189e-05
0.00476619
1.4499e-05
0.0013398
8.16788e-05
0.000638909
3.51685e-05
1.32063e-05
-5.34636e-05
5.33237e-05
4.31878e-05
0.00799673
2.66721e-05
0.0115105
5.31637e-05
0.0150637
0.000138128
0.0183527
0.000275921
0.0211191
0.000445937
0.0232425
0.000634047
0.0247514
0.00083362
0.0257578
0.00103642
0.026357
0.00122187
0.0265392
0.00136558
0.0261604
0.00143434
0.0250194
0.00140924
0.0229884
0.00129682
0.0201187
0.00112384
0.016686
0.000930593
0.0130627
0.000752631
0.00960158
0.000610956
0.00654008
0.000512215
0.00398739
0.00045106
0.00195363
0.000417255
0.000392727
0.000398677
-0.000762164
-7.68131e-05
-0.00158485
0.000543227
-0.000532291
-4.03194e-05
-2.61945e-05
0.000354634
-0.000372704
-4.49222e-06
-7.81311e-06
-1.61626e-05
-9.05769e-06
9.76711e-05
-0.000104095
-1.56273e-05
9.23243e-05
-1.64404e-05
-8.63202e-05
-5.68728e-06
-1.38329e-05
2.26923e-05
-2.47919e-05
2.19542e-05
-2.16193e-05
-0.00015911
-0.00196627
-0.000223592
-0.00211302
-0.000288714
-0.00199936
0.000383966
-0.000349916
-0.00157559
5.39416e-05
5.83041e-05
0.000678109
5.01004e-05
4.30266e-05
0.00137512
3.44962e-05
1.10315e-05
0.00480898
-1.06302e-05
0.00138438
5.24008e-06
0.000732669
5.49125e-06
2.16285e-05
-7.15104e-05
0.000106679
-7.14141e-06
0.00803054
-4.31224e-06
0.011568
4.37083e-05
0.0151581
0.000144982
0.0184837
0.000279023
0.021286
0.000427215
0.0234493
0.000585631
0.0249994
0.000758757
0.0260355
0.000937953
0.0266409
0.00110537
0.0267994
0.00122997
0.0263648
0.00128301
0.0251456
0.00125272
0.0230325
0.00114228
0.0201003
0.000982119
0.0166345
0.000809882
0.0130055
0.000657185
0.00955536
0.00054138
0.00651092
0.000465657
0.0039728
0.000424332
0.00194656
0.000406365
0.000385045
0.000399751
-0.000777945
0.000428856
-0.00102892
-6.73595e-06
-2.30482e-06
-0.000104174
-0.00163977
0.000391495
-4.33738e-07
-2.52434e-06
-4.20713e-06
-3.19631e-06
0.000119506
-0.00012189
-2.1076e-06
0.000114989
-3.29523e-06
-0.000111112
-9.14536e-06
-5.18078e-06
4.91913e-05
-5.89247e-05
-5.8937e-06
4.43121e-05
-1.1561e-05
-3.04792e-05
-0.000172159
-0.00201767
-0.00023219
-0.00216952
-0.000300124
-0.00204914
0.000393052
-0.000363128
0.000127782
2.89972e-05
0.000155875
1.49331e-05
0.000762208
4.92302e-06
3.27899e-08
0.00139346
1.94973e-06
-4.35679e-06
0.00482002
-1.38268e-05
0.0013896
-6.77047e-06
0.000769726
-2.23895e-06
-3.91528e-08
-0.000172671
0.000177244
9.18208e-07
4.83235e-06
-2.78654e-05
0.0080541
-1.20269e-05
0.0116237
5.67239e-05
0.0152464
0.000163345
0.0185993
0.000277632
0.0214356
0.000390208
0.0236447
0.000517061
0.0252411
0.000663877
0.0263095
0.000822939
0.0269234
0.000970595
0.0270588
0.00108015
0.0265676
0.00112234
0.025276
0.00108495
0.0230899
0.000981005
0.0201014
0.000835844
0.0166085
0.00068686
0.0129758
0.000560172
0.00953657
0.000470075
0.00650651
0.000418049
0.00397909
0.000396834
0.0019561
0.00039502
0.000389777
0.000400629
-0.00108983
-3.16435e-05
-1.16266e-05
0.000208
-0.000214399
-2.30443e-07
-1.05213e-07
0.000119195
-5.74052e-08
1.34537e-07
8.64231e-05
-0.000130343
-0.00168162
0.000126394
-7.63196e-06
0.000126119
-2.24927e-06
-0.000124561
-1.53689e-06
-1.63823e-06
7.21971e-05
-7.38847e-05
-4.19857e-07
6.94752e-05
-5.73101e-07
-6.54764e-05
-2.59351e-06
-1.1819e-06
1.1561e-05
-1.74547e-05
-0.00017221
-0.00207769
-0.000238235
-0.00223141
-0.000314293
2.89971e-05
4.39303e-05
0.000181364
8.02237e-07
0.000181409
-1.21576e-08
0.000772201
3.6176e-07
-8.88129e-07
0.00138822
-2.97996e-06
-9.93646e-06
0.00481595
-1.38691e-05
0.00138237
-7.97675e-06
0.000768684
-2.08195e-06
-1.17118e-06
-0.000181548
0.000180102
-7.93573e-07
-1.77987e-07
-4.87627e-05
4.96808e-05
-3.28626e-05
0.00807492
2.5435e-06
0.0116779
8.80817e-05
0.0153216
0.00018306
0.0186939
0.000256628
0.0215692
0.000329659
0.0238321
0.000425694
0.0254792
0.000549873
0.0265826
0.000690957
0.027203
0.000823302
0.0273156
0.000916178
0.0267738
0.000948108
0.0254128
0.000908962
0.0231619
0.000811115
0.0201261
0.000684643
0.0166108
0.000558517
0.0129774
0.000458823
0.00954782
0.000396137
0.00652843
0.000368683
0.00400724
0.000367954
0.00198317
0.000382727
-0.00112094
-4.90073e-05
-5.02219e-05
0.000225151
-0.000248657
-6.24556e-06
-1.89213e-06
-7.2643e-07
-1.48089e-07
2.2769e-05
-2.29993e-05
2.26638e-05
2.26064e-05
2.2741e-05
7.83244e-05
4.66724e-07
-0.00011145
-0.00174235
7.64179e-05
-3.428e-07
-7.51564e-05
-2.6516e-07
-3.76719e-07
2.18032e-05
-2.2223e-05
2.12301e-05
-2.00482e-05
-0.00016678
-0.00214912
-0.000249669
5.0483e-05
5.04708e-05
0.000180293
1.70315e-07
0.000179594
-1.89294e-07
0.000766278
1.87815e-08
-5.93413e-07
0.00137682
-4.38065e-06
-1.31207e-05
0.00480886
-1.26535e-05
0.00137129
-8.34097e-06
0.000761249
-1.75668e-06
-1.19067e-06
-0.000178691
0.000177357
-7.48746e-07
-2.67234e-07
-5.02929e-05
4.94992e-05
-2.31552e-05
0.00810063
4.07672e-05
0.0117252
0.000132244
0.0153724
0.000183512
0.018767
0.000205589
0.0216932
0.000241817
0.024016
0.00031345
0.0257157
0.000419615
0.0268539
0.000544179
0.0274821
0.000661162
0.0275707
0.000740476
0.0269814
0.000762546
0.0255592
0.000723756
0.0232493
0.000634928
0.0201759
0.000525915
0.0166434
0.000426121
0.0130101
0.00035464
0.00958932
0.000319219
0.0065779
0.000316948
0.00405825
0.000337087
-0.00118719
-1.5141e-05
-3.00558e-05
0.000264969
-0.00028509
-9.7838e-06
-1.91013e-05
-1.82788e-05
-1.56295e-05
2.57659e-05
-3.20115e-05
2.38738e-05
2.31474e-05
2.32077e-05
-9.04897e-05
-0.00181863
2.28649e-05
-2.24882e-05
-0.000173731
4.96695e-05
4.94803e-05
0.0001772
1.75399e-07
0.000176735
-1.27845e-07
0.000757539
-1.38381e-07
-5.31299e-07
0.00136345
-5.29082e-06
-1.46076e-05
0.00480937
-9.0486e-06
0.0013592
-8.40156e-06
0.000752122
-1.66143e-06
-1.26364e-06
-0.000175769
0.000174675
-6.6313e-07
-2.2447e-07
-4.9213e-05
4.84643e-05
9.06736e-06
0.00813232
0.000105125
0.0117523
0.000160466
0.0153955
0.00014503
0.0188276
0.000120654
0.0218144
0.000129334
0.0242001
0.000183995
0.0259513
0.000275261
0.0271229
0.000384971
0.0277583
0.000486611
0.0278245
0.000553115
0.0271909
0.000567823
0.0257152
0.000527151
0.0233571
0.00045041
0.0202514
0.000361246
0.0167082
0.000287784
0.013077
0.000246018
0.00966253
0.000238758
0.00665609
0.000261274
-0.00125714
-8.80216e-06
-1.17233e-05
0.000307274
-0.00031909
-1.09975e-06
-2.21982e-06
-2.23181e-06
-5.63545e-06
6.59873e-05
-7.26262e-05
-3.14359e-06
5.35365e-05
-6.64997e-06
4.7641e-05
-1.23825e-05
-9.18637e-05
4.86396e-05
4.85118e-05
0.000174386
1.50931e-07
0.000173982
-1.27224e-07
0.000747691
-3.04499e-07
-5.57122e-07
0.00135025
-5.65731e-06
-1.25708e-05
0.00482917
1.83308e-06
0.00134887
-7.6575e-06
0.000742252
-1.60751e-06
-1.35579e-06
-0.000172948
0.000171925
-6.37649e-07
-2.29445e-07
-4.82873e-05
4.76242e-05
8.00681e-05
0.0081574
0.000169271
0.0117436
0.000136973
0.0154035
6.35217e-05
0.0188847
1.1193e-05
0.0219325
3.69229e-06
0.0243804
4.17262e-05
0.0261848
0.000120316
0.0273875
0.00021461
0.0280303
0.000299762
0.0280779
0.00035413
0.0274045
0.000360683
0.0258816
0.000321895
0.0234856
0.000256245
0.0203564
0.000190039
0.016806
0.000144366
0.0131787
0.000131503
0.00976978
0.000153191
-1.1036e-05
-8.69744e-06
0.000329081
-0.000335992
-8.96998e-07
-9.89926e-07
-7.42668e-07
-9.8389e-07
8.07681e-05
-8.15402e-05
-3.2549e-07
7.89798e-05
-4.3e-07
7.72236e-05
-4.73062e-07
-1.03656e-06
1.90324e-05
-2.21756e-05
1.23825e-05
4.77752e-05
4.7648e-05
0.000171506
1.1361e-07
0.000171094
-1.46148e-07
0.000737638
-4.69603e-07
-5.71445e-07
0.00134099
-4.69767e-06
2.34399e-06
0.00486988
3.70233e-05
0.00134685
-4.03146e-06
0.000732949
-1.51676e-06
-1.44943e-06
-0.000169981
0.000169
-6.26908e-07
-2.43921e-07
-4.74186e-05
4.67809e-05
0.000184159
0.00814251
0.000164137
0.0117164
5.49393e-05
0.0154121
-4.76784e-05
0.0189436
-0.000114525
0.0220508
-0.000134947
0.0245571
-0.000106594
0.0264117
-4.39185e-05
0.027646
3.4359e-05
0.0282957
0.000104167
0.0283279
0.000142487
0.0276227
0.000141035
0.0260625
0.000105734
0.0236361
5.34434e-05
0.020493
9.06503e-06
0.0169413
-8.11448e-06
0.0133183
1.03417e-05
0.000343301
-1.18727e-06
-9.25018e-07
-7.84856e-07
-5.99209e-07
8.37902e-05
-8.44215e-05
-2.65341e-07
8.30578e-05
-2.55989e-07
8.24303e-05
-1.12105e-07
-9.18114e-08
2.41144e-05
-2.44392e-05
2.36848e-05
2.32121e-05
4.68944e-05
4.67481e-05
0.000168453
7.84384e-08
0.000168049
-1.66338e-07
0.000729383
-6.45766e-07
-4.8757e-07
0.00134662
2.58627e-06
6.07749e-05
0.00487776
0.000115508
0.00136963
1.40081e-05
0.000728084
-1.1879e-06
-1.54572e-06
-0.00016686
0.00016596
-6.1582e-07
-2.59734e-07
-4.65042e-05
4.58773e-05
0.000203102
0.00810356
7.15064e-05
0.0116998
-6.01705e-05
0.0154246
-0.000169639
0.0189987
-0.000243504
0.0221593
-0.000274918
0.0247254
-0.000261767
0.0266296
-0.000215003
0.0278954
-0.000155602
0.0285555
-0.000104625
0.028575
-8.06328e-05
0.0278444
-8.91135e-05
0.0262573
-0.000122762
0.0238123
-0.000160378
0.0206624
-0.000180426
0.0171136
-0.000168087
8.63191e-05
-2.92778e-07
-8.72123e-05
8.56312e-05
-2.35373e-07
8.49895e-05
-1.41311e-07
-3.02954e-08
2.48981e-05
-2.51631e-05
2.46426e-05
2.4531e-05
4.59558e-05
4.57897e-05
0.000165274
3.96211e-08
0.000164966
-1.79516e-07
0.000731164
-7.19907e-07
2.28466e-07
0.00138557
4.48389e-05
0.000128754
0.00485326
9.88536e-05
0.00140784
9.32378e-05
0.000744954
1.35366e-06
-1.13351e-06
-0.000163694
0.000163088
-5.82133e-07
-2.74325e-07
-4.55299e-05
4.49142e-05
8.5936e-05
0.00808913
-4.79997e-05
0.0116877
-0.000174843
0.0154298
-0.000287421
0.0190426
-0.000372246
0.0222567
-0.000416117
0.0248798
-0.000419213
0.0268338
-0.000393692
0.0281335
-0.000355054
0.0288059
-0.000325325
0.0288197
-0.000317435
0.0280727
-0.000334081
0.0264687
-0.000362935
0.0240149
-0.000384974
0.020867
-0.000380843
2.55695e-05
-2.58621e-05
-9.09093e-08
2.53344e-05
2.51934e-05
4.49538e-05
4.47742e-05
0.000162346
2.24281e-08
0.00016269
-1.15018e-07
0.000774151
3.33164e-06
1.23101e-05
0.00141906
0.000117535
6.12633e-05
0.00486933
8.60886e-06
0.00143791
8.00051e-05
0.000804448
4.09081e-05
2.20331e-05
-0.000161757
0.000163333
-2.20967e-07
-1.99809e-07
-4.44998e-05
4.39177e-05
-3.34783e-05
0.00807462
-0.000150092
0.0116629
-0.000278215
0.0154206
-0.000399795
0.0190702
-0.000495535
0.0223361
-0.000556186
0.0250168
-0.000580662
0.0270208
-0.000577497
0.028356
-0.000564866
0.0290455
-0.00055888
0.0290611
-0.000567815
0.0283065
-0.000591892
0.0266976
-0.000615211
0.0242451
-0.000622038
4.39402e-05
4.38253e-05
0.000165644
1.0208e-06
0.000174514
3.43976e-06
0.000820062
5.32541e-05
4.86685e-05
0.00146228
3.68978e-05
-1.33826e-06
0.00486484
-2.76474e-05
0.00146597
4.92228e-06
0.0008533
1.35535e-05
3.32159e-05
-0.000185359
0.000201089
2.5178e-05
1.11875e-05
-4.36255e-05
4.34047e-05
-0.000109967
0.00803451
-0.000229344
0.0116141
-0.000366726
0.0153876
-0.000501874
0.0190765
-0.000614794
0.0223947
-0.000694741
0.0251309
-0.000742615
0.0271859
-0.000769382
0.0285605
-0.000786969
0.0292735
-0.000807232
0.0293005
-0.000834902
0.0285495
-0.000863722
0.0269461
-0.000883882
4.44255e-05
4.78652e-05
0.000215911
3.84325e-05
0.000230803
3.37775e-05
0.000878405
1.05832e-05
1.2109e-06
0.00146971
-5.08017e-06
-2.55516e-05
0.00481938
-3.89489e-05
0.00145823
-1.61662e-05
0.000886141
-3.69168e-06
8.78469e-07
-0.000246643
0.000253307
6.89086e-06
1.73766e-05
-5.90527e-05
8.42308e-05
-0.00015847
0.00796364
-0.000292168
0.0115395
-0.000445843
0.0153315
-0.000595845
0.0190576
-0.000726193
0.0224261
-0.000829439
0.0252177
-0.000909936
0.0273264
-0.000971141
0.0287446
-0.00102309
0.0294894
-0.00107102
0.0295367
-0.00111518
0.0288009
-0.00115168
0.000100074
2.25893e-05
0.00012246
1.13929e-05
0.000260181
3.70966e-06
0.000260737
6.55608e-07
0.000885472
-9.31764e-07
-3.47888e-06
0.00144881
-1.61258e-05
-3.66633e-05
0.00474187
-4.42938e-05
0.00143165
-2.17849e-05
0.000877638
-5.01388e-06
-3.31682e-06
-0.000261903
0.000260123
-1.91115e-06
-2.86927e-07
-0.000135696
0.000141572
1.01598e-06
4.14124e-06
-0.000193447
0.00786493
-0.000345897
0.0114396
-0.00051435
0.0152501
-0.000679752
0.0190112
-0.000831091
0.0224278
-0.000964897
0.0252727
-0.00108326
0.0274386
-0.00118646
0.028908
-0.00127473
0.0296931
-0.00134967
0.0297711
-0.00141265
2.25894e-05
3.39824e-05
0.000144665
6.16992e-07
0.000145466
-1.44743e-07
0.000259906
-7.13899e-07
0.000257888
-1.46092e-06
0.000868065
-2.71226e-06
-3.83847e-06
0.00141538
-2.03901e-05
-4.38308e-05
0.00463913
-4.68676e-05
0.00139549
-2.44091e-05
0.00085553
-5.10045e-06
-4.14881e-06
-0.000256173
0.000253678
-2.51883e-06
-1.60122e-06
-0.000145374
0.000144114
-6.5067e-07
-1.94546e-07
-3.81236e-05
3.91398e-05
-0.000226728
0.00774577
-0.000391882
0.0113171
-0.000573194
0.0151435
-0.000754194
0.0189343
-0.000929687
0.0223926
-0.0011018
0.0252912
-0.00126597
0.0275181
-0.00141537
0.0290487
-0.00154308
0.0298865
-0.00164684
3.97569e-05
3.96122e-05
0.000143452
-5.13242e-08
0.000142451
-4.60164e-07
0.000252134
-1.16752e-06
0.00024995
-1.65386e-06
0.000842544
-3.36268e-06
-4.04061e-06
0.00137434
-2.26753e-05
-4.83553e-05
0.00453199
-7.12307e-05
0.00135147
-2.39951e-05
0.000827988
-5.23595e-06
-4.61505e-06
-0.000247585
0.000245049
-2.56443e-06
-1.78304e-06
-0.000141214
0.000139424
-7.28352e-07
-3.63792e-07
-3.94177e-05
3.87672e-05
-0.000254394
0.00760829
-0.00042951
0.0111734
-0.000620178
0.0150095
-0.000818347
0.0188229
-0.00102625
0.022317
-0.00124601
0.0252712
-0.00146392
0.0275666
-0.00166078
0.0291664
-0.00182585
3.87159e-05
3.82558e-05
0.000138365
-1.07542e-07
0.000137191
-4.79069e-07
0.000243037
-1.35009e-06
0.000240769
-1.77203e-06
0.000813291
-3.79385e-06
-4.18153e-06
0.00131962
-1.64997e-05
-0.000139124
0.00441673
0.00121755
3.08435e-05
0.000798402
-4.45164e-06
-4.65231e-06
-0.00023808
0.000235475
-2.63061e-06
-1.92683e-06
-0.000135786
0.000133946
-7.23481e-07
-3.7766e-07
-3.7892e-05
3.71637e-05
-0.000276172
0.00745495
-0.000456008
0.0110093
-0.000654767
0.0148459
-0.000874426
0.0186711
-0.00112689
0.0221979
-0.00140358
0.0252109
-0.00167826
0.0275841
-0.00192309
3.70563e-05
3.65774e-05
0.000132737
-1.4126e-07
0.000131468
-5.03198e-07
0.000233177
-1.49499e-06
0.000230823
-1.82622e-06
0.000790572
-2.21012e-06
-6.45824e-06
-0.000841749
-5.68473e-06
0.00193405
-8.18867e-06
-0.000136918
0.00427748
-2.03325e-05
-0.000227973
0.000225486
-1.96417e-06
-1.80084e-06
-0.000129943
0.000128048
-7.35873e-07
-4.00959e-07
-3.61997e-05
3.54764e-05
-0.000287932
0.00728688
-0.000470173
0.0108247
-0.000677008
0.0146485
-0.000929477
0.0184737
-0.00123917
0.0220335
-0.00157944
0.0251121
-0.00190868
3.53352e-05
3.4832e-05
0.000126731
-1.76418e-07
0.000125416
-5.10774e-07
0.000222018
1.2593e-06
0.000205152
1.04082e-05
0.000315649
-0.000320769
-3.29247e-07
-2.33294e-07
-1.16834e-05
0.0018217
-1.28801e-05
0.000308305
-3.4215e-07
-5.00493e-07
-0.000137053
0.00412661
-0.00013506
-4.00744e-07
-4.88292e-07
-0.000123971
0.00012256
-5.51536e-07
-3.54968e-07
-3.44311e-05
3.36953e-05
-0.000290672
0.00710739
-0.000469369
0.010617
-0.000691528
0.0144105
-0.000995067
0.0182296
-0.00137285
0.0218269
-0.00177405
3.35191e-05
3.30085e-05
0.000123335
4.84386e-07
-1.3159e-06
3.00529e-05
-3.0382e-05
2.98197e-05
0.000297497
-4.57333e-07
-4.16194e-07
-1.32813e-05
0.00171177
-1.38341e-05
0.000286127
-6.9124e-07
-8.16799e-07
2.94776e-05
2.89773e-05
-0.000135758
0.0039717
3.08702e-05
-3.12708e-05
-3.26535e-05
3.21023e-05
-0.000280827
0.00691885
-0.000452978
0.0103785
-0.000711328
0.0141268
-0.00108727
0.017944
-0.00152836
3.25867e-05
2.85201e-05
2.8104e-05
0.000273963
-5.88585e-07
-5.2688e-07
-1.34812e-05
0.00160308
-1.35812e-05
0.000261743
-7.51445e-07
-8.60423e-07
2.74129e-05
2.65963e-05
-0.000129325
0.0038202
-0.000250808
0.00671668
-0.000433869
0.010101
-0.000765231
0.0138048
-0.00120745
2.60078e-05
2.5481e-05
0.000249381
-5.94761e-07
-5.23097e-07
-1.3549e-05
0.00150032
-1.30177e-05
0.000237385
-7.43071e-07
-8.41237e-07
2.47296e-05
2.38694e-05
-0.000107785
0.00367718
-0.000202019
0.00648482
-0.000451383
0.00978717
-0.000858696
2.32748e-05
2.27517e-05
0.000224956
-5.98957e-07
-5.19862e-07
-1.34655e-05
0.00141666
-1.06599e-05
0.000213498
-7.38638e-07
-8.21512e-07
2.20087e-05
2.11676e-05
-4.9278e-05
0.00352443
-0.000186662
0.0062201
-0.000529885
2.05687e-05
2.00488e-05
0.000201196
-6.30838e-07
-5.32893e-07
-7.13833e-06
0.00136277
1.17448e-05
0.000192068
-7.58173e-07
-7.73898e-07
1.93102e-05
1.84888e-05
-4.02789e-06
0.0033418
-0.000265091
1.7858e-05
1.73249e-05
0.000185867
-6.37893e-07
-3.00474e-07
3.49974e-05
0.00129822
2.55285e-05
0.000195104
-4.05821e-08
2.54704e-06
1.65667e-05
1.57928e-05
-9.39252e-05
1.51549e-05
1.48542e-05
0.000208686
8.51698e-06
1.28982e-05
-1.19446e-06
-2.02308e-05
0.00021966
1.12665e-05
3.28591e-06
1.48135e-05
1.73607e-05
2.58777e-05
3.23705e-05
6.40501e-06
0.000219869
6.41289e-07
-2.04432e-06
-2.9616e-06
-3.83293e-06
4.07588e-05
2.87723e-06
4.36019e-05
4.42543e-07
6.40493e-06
4.41615e-05
8.20988e-08
4.25935e-05
-4.76454e-07
4.0592e-05
-9.60579e-07
-1.15762e-06
3.79166e-05
9.28206e-06
9.72466e-06
9.8068e-06
9.33024e-06
8.36965e-06
7.21205e-06
-1.97584e-07
)
;

boundaryField
{
    inlet
    {
        type            calculated;
        value           nonuniform List<scalar> 
50
(
-0.010012
-0.010012
-0.010012
-0.010013
-0.010014
-0.010016
-0.010018
-0.010018
-0.010018
-0.010018
-0.010016
-0.010013
-0.010008
-0.010001
-0.009992
-0.009978
-0.009942
-0.009864
-0.009815
-0.00986
-0.009957
-0.010042
-0.010068
-0.01006
-0.010043
-0.010031
-0.010024
-0.01002
-0.010019
-0.010017
-0.010016
-0.010015
-0.010014
-0.010013
-0.010011
-0.010008
-0.010007
-0.010005
-0.010003
-0.0100006
-0.0099983
-0.0099969
-0.0099976
-0.0100022
-0.0100133
-0.0100307
-0.0100458
-0.0100335
-0.0099699
-0.0098986
)
;
    }
    outlet
    {
        type            calculated;
        value           nonuniform 0();
    }
    wall
    {
        type            calculated;
        value           uniform -0;
    }
    front
    {
        type            empty;
        value           nonuniform 0();
    }
    back
    {
        type            empty;
        value           nonuniform 0();
    }
    vanem
    {
        type            calculated;
        value           uniform 0;
    }
    vaneu
    {
        type            calculated;
        value           nonuniform 0();
    }
    vanel
    {
        type            calculated;
        value           uniform 0;
    }
    procBoundary0to1
    {
        type            processor;
        value           nonuniform List<scalar> 
57
(
0.00134306
0.00412195
0.00692922
0.00966054
0.012133
0.0141343
0.0154724
0.0159574
0.0155296
0.0142111
0.0121388
0.00952194
0.00658256
-0.00132925
-0.00190046
-0.00222503
-0.00229602
-0.00209796
-0.00160552
-0.000785522
0.000407678
0.00202881
0.00413406
0.00676417
0.00991263
0.0134967
0.0173264
0.0211082
0.0245069
0.0272139
0.0290619
0.0300053
0.0300655
0.0292636
0.0275697
0.0249774
0.0215812
0.0176231
0.013456
0.00945836
0.0059553
0.00317063
0.00122572
0.00218257
8.68882e-06
0.000446759
-2.59529e-05
0.000206433
2.29626e-06
-0.000352217
7.13033e-07
7.01462e-06
0.00142979
0.00026093
-8.78332e-05
7.62633e-05
3.58195e-05
)
;
    }
    procBoundary0to2
    {
        type            processor;
        value           nonuniform List<scalar> 5(4.34476e-08 -5.7402e-08 -3.35772e-07 -1.73386e-07 1.32788e-07);
    }
}


// ************************************************************************* //
