/*--------------------------------*- C++ -*----------------------------------*\
| =========                 |                                                 |
| \\      /  F ield         | OpenFOAM: The Open Source CFD Toolbox           |
|  \\    /   O peration     | Version:  v1912                                 |
|   \\  /    A nd           | Website:  www.openfoam.com                      |
|    \\/     M anipulation  |                                                 |
\*---------------------------------------------------------------------------*/
FoamFile
{
    version     2.0;
    format      ascii;
    class       labelList;
    location    "constant/polyMesh";
    object      cellProcAddressing;
}
// * * * * * * * * * * * * * * * * * * * * * * * * * * * * * * * * * * * * * //


3753
(
0
1
100
2
101
200
3
102
201
300
4
103
202
301
400
5
104
203
302
401
485
6
105
204
303
402
486
570
7
106
205
304
403
487
571
655
8
107
206
305
404
488
572
656
740
9
108
207
306
405
489
573
657
741
825
10
109
208
307
406
490
574
658
742
826
911
11
110
209
308
407
491
575
659
743
827
912
997
12
111
210
309
408
492
576
660
744
828
913
998
1083
13
112
211
310
409
493
577
661
745
829
914
999
1084
1168
14
113
212
311
410
494
578
662
746
830
915
1000
1085
1169
1254
15
114
213
312
411
495
579
663
747
831
916
1001
1086
1170
1255
1341
16
115
214
313
412
496
580
664
748
832
917
1002
1087
1171
1256
1342
1429
17
116
215
314
413
497
581
665
749
833
918
1003
1088
1172
1257
1343
1430
1517
18
117
216
315
414
498
582
666
750
834
919
1004
1089
1173
1258
1344
1431
1518
1605
19
118
217
11192
316
9277
11190
415
9276
9308
499
9306
583
667
751
835
920
1005
1090
1174
1259
1345
1432
1519
1606
1694
20
119
218
11195
11191
317
11214
12430
12431
11216
416
11237
9307
11235
500
584
9333
668
752
836
921
1006
1091
1175
1260
1346
1433
1520
1607
1695
1783
21
120
219
11198
11193
11194
9278
12433
11215
12432
11236
9309
9335
12498
585
669
9360
9334
753
837
922
1007
1092
1176
1261
1347
1434
1521
1608
1696
1784
1872
22
121
220
11201
11196
11197
318
11219
9279
12436
12435
12434
12497
501
11244
9362
670
754
9375
12544
12545
9336
12524
838
923
1008
1093
1177
1262
1348
1435
1522
1609
1697
1785
1873
1962
23
122
221
11199
11200
319
11222
9280
12440
11217
11218
12438
12437
586
11249
12543
12577
12578
755
839
9392
12575
12576
9361
924
1009
1094
1178
1263
1349
1436
1523
1610
1698
1786
1874
1963
2052
24
123
222
321
9284
320
11225
9281
11220
11221
12442
12441
12546
9377
12579
12606
12607
840
925
9407
12604
12605
12574
9376
9363
1010
1095
1179
1264
1350
1437
1524
1611
1699
1787
1875
1964
2053
2143
25
124
223
322
12448
12449
9283
11223
11224
12445
12446
12439
671
11268
9394
12608
12639
12640
926
1011
9425
12637
12638
12603
9393
12580
9378
1096
1180
1265
1351
1438
1525
1612
1700
1788
1876
1965
2054
2144
2234
26
125
224
323
417
9314
12447
9282
9311
12500
12444
12443
9409
12641
12669
12670
1012
1097
9443
12667
12668
12636
9408
1181
1266
1352
1439
1526
1613
1701
1789
1877
1966
2055
2145
2235
2325
27
126
225
324
418
12501
12503
12504
9313
9427
12671
12691
12692
1098
1182
9453
12689
12690
12666
9426
1267
1353
1440
1527
1614
1702
1790
1878
1967
2056
2146
2236
2326
2416
28
127
226
325
419
503
12499
12502
9312
9341
9444
12693
12715
12716
1183
1268
9464
11365
12713
12714
1354
11363
1441
1528
1615
1703
1791
1879
1968
2057
2147
2237
2327
2417
2507
29
128
227
326
420
504
588
9340
9310
502
12739
12740
1269
11368
12737
12738
11364
11366
1355
1442
11380
1529
1616
1704
1792
1880
1969
2058
2148
2238
2328
2418
2508
2598
30
129
228
327
421
505
589
673
11251
11252
9339
9338
12528
11367
12766
9478
11382
12763
1443
1530
11398
11381
1617
1705
1793
1881
1970
2059
2149
2239
2329
2419
2509
2599
2689
31
130
229
328
422
506
590
674
672
758
11250
587
9337
12525
12762
12767
1356
12761
11383
11400
1531
1618
11412
11399
9495
12796
1706
1794
1882
1971
2060
2150
2240
2330
2420
2510
2600
2690
2779
32
131
230
329
423
507
591
675
759
757
9380
9381
843
9364
12549
9365
12554
12527
12526
12764
11385
12765
11384
1444
11401
11414
1619
1707
11427
11413
9513
12826
12794
12795
1795
1883
1972
2061
2151
2241
2331
2421
2511
2601
2691
2780
2869
33
132
231
330
424
508
592
676
760
844
842
9396
9397
12581
12582
11269
11270
12551
929
12550
12552
12553
12799
12800
11403
11402
1532
11415
11429
1708
1796
9566
11428
9531
12852
12824
12825
12798
12797
1884
1973
2062
2152
2242
2332
2422
2512
2602
2692
2781
2870
2960
34
133
232
331
425
509
593
677
761
845
930
928
9413
9414
12609
12610
11284
11285
9379
12547
1015
12548
12827
11417
11416
1620
11430
9568
1797
1885
9587
9567
9551
12879
12850
12851
1974
2063
2153
2243
2333
2423
2513
2603
2693
2782
2871
2961
3051
35
134
233
332
426
510
594
678
762
846
931
1016
1014
9431
9432
9412
11301
11302
9395
12611
11283
756
1101
11432
11431
1709
11449
9589
1886
1975
9610
9588
9569
12913
12877
12878
2064
2154
2244
2334
2424
2514
2604
2694
2783
2872
2962
3052
3142
36
135
234
333
427
511
595
679
763
847
932
1017
1102
1100
11326
11327
9430
927
9410
11300
12642
841
1186
11451
11450
1798
11467
9612
1976
2065
9634
9611
9590
12943
12911
12912
2155
2245
2335
2425
2515
2605
2695
2784
2873
2963
3053
3143
3234
37
136
235
334
428
512
596
680
764
848
933
1018
1103
1187
1185
11342
11343
11325
1013
9428
12672
9429
12676
12643
9411
1273
11469
11468
1887
11476
9636
2066
2156
9658
9635
9613
12969
12941
12942
2246
2336
2426
2516
2606
2696
2785
2874
2964
3054
3144
3235
3326
38
137
236
335
429
513
597
681
765
849
934
1019
1104
1188
1274
1184
1272
11341
1099
9445
12695
9446
12700
12674
12673
12675
1360
11478
11477
1977
11483
9660
2157
2247
9685
9659
9637
12987
12968
2337
2427
2517
2607
2697
2786
2875
2965
3055
3145
3236
3327
3418
39
138
237
336
430
514
598
682
766
850
935
1020
1105
1189
1275
1361
1271
9466
9467
1359
9454
9455
12721
12697
12696
12698
12699
1448
2067
11488
9687
2248
2338
9712
9686
9661
13002
2428
2518
2608
2698
2787
2876
2966
3056
3146
3237
3328
3419
3510
40
139
238
337
431
515
599
683
767
851
936
1021
1106
1190
1276
1362
1449
1358
9481
9482
12741
12742
11356
11357
1447
12717
12718
12720
12719
12694
1536
2158
11494
9714
2339
2429
9739
13030
13031
9688
13020
2519
2609
2699
2788
2877
2967
3057
3147
3238
3329
3420
3511
3601
41
140
239
338
432
516
600
684
768
852
937
1022
1107
1191
1277
1363
1450
1537
1446
9499
9500
12768
12769
11370
11371
9465
12743
11355
1535
11339
11340
1624
2249
11497
13029
13057
13058
2430
2520
9766
13055
13056
9713
2610
2700
2789
2878
2968
3058
3148
3239
3330
3421
3512
3602
3692
42
141
240
339
433
517
601
685
769
853
938
1023
1108
1192
1278
1364
1451
1538
1625
1534
9517
9518
9498
11387
11388
9480
12770
11369
1270
1623
1713
13032
9741
13059
13087
13088
2521
2611
9787
13085
13086
13054
9740
9715
2701
2790
2879
2969
3059
3149
3240
3331
3422
3513
3603
3693
3783
43
142
241
340
434
518
602
686
770
854
939
1024
1109
1193
1279
1365
1452
1539
1626
1714
1622
9535
9536
9516
1445
9496
11386
12801
1357
9479
1712
1802
2340
11502
9768
13089
13117
13118
2612
2702
9808
13115
13116
13084
9767
13060
9742
2791
2880
2970
3060
3150
3241
3332
3423
3514
3604
3694
3784
3874
44
143
242
341
435
519
603
687
771
855
940
1025
1110
1194
1280
1366
1453
1540
1627
1715
1803
1711
11434
11435
9534
1533
9514
12828
9515
12831
12802
9497
1801
1892
2431
11512
9789
13119
13152
13153
2703
2792
9827
13150
13151
13114
9788
13090
9769
2881
2971
3061
3151
3242
3333
3424
3515
3605
3695
3785
3875
3965
45
144
243
342
436
520
604
688
772
856
941
1026
1111
1195
1281
1367
1454
1541
1628
1716
1804
1893
1800
11455
11456
11433
1621
9532
12853
9533
12858
12830
12829
1891
1982
2522
11528
9810
13154
13179
13180
2793
2882
9839
13177
13178
13149
9809
13120
9790
2972
3062
3152
3243
3334
3425
3516
3606
3696
3786
3876
3966
4056
46
145
244
343
437
521
605
689
773
857
942
1027
1112
1196
1282
1368
1455
1542
1629
1717
1805
1894
1983
1799
1890
11454
1710
9552
12882
9553
12887
12855
12854
12856
12857
1981
2072
2613
9829
13181
13203
13204
2883
2973
9853
13201
13202
13176
9828
3063
3153
3244
3335
3426
3517
3607
3697
3787
3877
3967
4057
4147
47
146
245
344
438
522
606
690
774
858
943
1028
1113
1197
1283
1369
1456
1543
1630
1718
1806
1895
1984
2073
1889
9592
9593
1980
9570
9571
12918
12884
12883
12885
12886
2071
2163
9841
13205
13230
13231
2974
3064
9868
13228
13229
13200
9840
3154
3245
3336
3427
3518
3608
3698
3788
3878
3968
4058
4148
4238
48
147
246
345
439
523
607
691
775
859
944
1029
1114
1198
1284
1370
1457
1544
1631
1719
1807
1896
1985
2074
2164
1979
9615
9616
12944
12945
11470
11471
2070
12914
12915
12917
12916
12880
12881
2162
2254
9855
13232
13257
13258
3065
3155
9883
13255
13256
13227
9854
3246
3337
3428
3519
3609
3699
3789
3879
3969
4059
4149
4239
4329
49
148
247
346
440
524
608
692
776
860
945
1030
1115
1199
1285
1371
1458
1545
1632
1720
1808
1897
1986
2075
2165
2255
2069
9639
9640
12970
12971
11480
11481
9591
2161
11452
11453
2253
2345
9870
13259
13284
13285
3156
3247
9900
13282
13283
13254
9869
3338
3429
3520
3610
3700
3790
3880
3970
4060
4150
4240
4330
4421
149
248
347
9287
441
9285
9317
525
9315
609
693
777
861
946
1031
1116
1200
1286
1372
1459
1546
1633
1721
1809
1898
1987
2076
2166
2256
2346
2160
9665
9666
12988
12989
11485
11486
9614
12972
11479
1888
2252
2344
2436
9885
13286
13313
13314
3248
3339
9918
13311
13312
13281
9884
3430
3521
3611
3701
3791
3881
3971
4061
4151
4241
4331
4422
4513
249
348
9289
12450
12451
442
11240
12452
9316
11238
526
610
9342
694
778
862
947
1032
1117
1201
1287
1373
1460
1547
1634
1722
1810
1899
1988
2077
2167
2257
2347
2437
2251
9692
9693
13005
13006
11490
11491
9638
12990
11484
1978
2343
2435
2527
9902
13315
13349
13350
3340
3431
9936
13347
13348
13310
9901
3522
3612
3702
3792
3882
3972
4062
4152
4242
4332
4423
4514
349
9290
12454
12455
12456
12457
9286
11239
12508
9318
9344
12507
611
695
11253
9343
779
863
948
1033
1118
1202
1288
1374
1461
1548
1635
1723
1811
1900
1989
2078
2168
2258
2348
2438
2528
2342
9719
9720
9691
2159
9664
13007
11489
2068
2434
2526
2618
9920
13351
13379
13380
3432
3523
9954
13377
13378
13346
9919
3613
3703
3793
3883
3973
4063
4153
4243
4333
4424
4515
12458
12459
12460
12461
12453
9288
12506
527
12505
11245
11255
696
780
11271
11254
9345
12531
864
949
1034
1119
1203
1289
1375
1462
1549
1636
1724
1812
1901
1990
2079
2169
2259
2349
2439
2529
2619
2433
9746
9747
9718
2250
9689
13021
9690
13022
9662
13003
13004
9663
2525
2617
2708
9938
13381
13406
13407
3524
3614
9972
13404
13405
13376
9937
3704
3794
3884
3974
4064
4154
4244
4334
4425
4516
11247
11246
612
11256
11273
781
865
11286
11272
9366
12557
12529
12530
950
1035
1120
1204
1290
1376
1463
1550
1637
1725
1813
1902
1991
2080
2170
2260
2350
2440
2530
2620
2709
2524
11514
11515
9745
2341
9716
13033
9717
13036
2616
2707
2798
9956
13408
13437
13438
3615
3705
9987
13435
13436
13403
9955
3795
3885
3975
4065
4155
4245
4335
4426
4517
11258
11257
697
11274
11288
866
951
11303
11287
9382
12585
12555
12556
1036
1121
1205
1291
1377
1464
1551
1638
1726
1814
1903
1992
2081
2171
2261
2351
2441
2531
2621
2710
2799
2615
11531
11532
11513
2432
9743
13061
9744
13066
13035
13034
2706
2797
2889
13467
13468
3706
3796
9996
13465
13466
3886
3976
4066
4156
4246
4336
4427
4518
11276
11275
782
11289
11305
952
1037
11304
9398
12614
12583
12584
1122
1206
1292
1378
1465
1552
1639
1727
1815
1904
1993
2082
2172
2262
2352
2442
2532
2622
2711
2800
2890
2705
11548
11549
11530
2523
9770
13091
9771
13096
13063
13062
13064
13065
2796
2888
2980
13497
13498
3797
3887
10005
13495
13496
3977
4067
4157
4247
4337
4428
4519
11291
11290
867
11306
953
1038
9433
1123
9415
12646
12612
12613
12586
1207
1293
1379
1466
1553
1640
1728
1816
1905
1994
2083
2173
2263
2353
2443
2533
2623
2712
2801
2891
2981
2704
2795
11547
2614
9791
13123
9792
13128
13093
13092
13094
13095
2887
2979
3071
13521
13522
3888
3978
10014
13519
13520
4068
4158
4248
4338
4429
4520
12617
12618
11308
11307
12644
12679
12680
1039
1124
9447
12677
12678
1208
12645
12616
12615
1294
1380
1467
1554
1641
1729
1817
1906
1995
2084
2174
2264
2354
2444
2534
2624
2713
2802
2892
2982
3072
2794
9830
9831
2886
9811
9812
13159
13125
13124
13126
13127
2978
3070
3162
13546
13547
3979
4069
10023
11808
13544
13545
4159
11806
4249
4339
4430
4521
12649
12650
12648
12703
12704
1125
1209
9456
12701
12702
1295
12647
1381
1468
1555
1642
1730
1818
1907
1996
2085
2175
2265
2355
2445
2535
2625
2714
2803
2893
2983
3073
3163
2885
9843
9844
13182
13183
11562
11563
2977
13155
13156
13158
13157
13121
13122
11529
3069
3161
3254
13573
13574
4070
11811
13571
13572
11807
11809
4160
4250
11821
4340
4431
4522
12725
12726
1210
1296
9468
12723
12724
1382
1469
1556
1643
1731
1819
1908
1997
2086
2176
2266
2356
2446
2536
2626
2715
2804
2894
2984
3074
3164
3255
2976
9857
9858
13206
13207
11577
11578
3068
11545
11546
3160
3253
3346
11810
13603
10032
11823
13600
4251
4341
11836
11822
4432
4523
12727
12747
12748
1297
1383
9483
12745
12746
12722
9457
1470
1557
1644
1732
1820
1909
1998
2087
2177
2267
2357
2447
2537
2627
2716
2805
2895
2985
3075
3165
3256
3347
3067
9872
9873
13233
13234
11592
11593
9842
13208
11576
3159
3252
3345
3438
13599
13604
4161
13598
11824
11838
4342
4433
11852
11837
10041
13627
4524
9470
12749
12774
12775
1384
1471
9501
12772
12773
12744
9469
1558
1645
1733
1821
1910
1999
2088
2178
2268
2358
2448
2538
2628
2717
2806
2896
2986
3076
3166
3257
3348
3439
3158
9888
9889
13260
13261
11607
11608
9856
13235
11591
2884
3251
3344
3437
3530
13601
11826
13602
11825
4252
11839
11854
4434
4525
11868
11853
10050
13654
13625
13626
9485
12776
12806
12807
1472
1559
9519
12804
12805
12771
9484
1646
1734
1822
1911
2000
2089
2179
2269
2359
2449
2539
2629
2718
2807
2897
2987
3077
3167
3258
3349
3440
3531
3250
9906
9907
13288
13289
11622
11623
9871
13262
11606
2975
3343
3436
3529
3621
13630
13631
11841
11840
4343
11855
11870
4526
11885
11869
10061
13684
13652
13653
13629
13628
9503
12808
12835
12836
1560
1647
9537
12833
12834
12803
9502
1735
1823
1912
2001
2090
2180
2270
2360
2450
2540
2630
2719
2808
2898
2988
3078
3168
3259
3350
3441
3532
3622
3342
9924
9925
13318
13319
11637
11638
9887
13290
11621
3066
3435
3528
3620
3712
13657
13658
11857
11856
4435
11871
11887
11886
10073
13714
13682
13683
13656
13655
9521
12837
12862
12863
1648
1736
9554
12860
12861
12832
9520
1824
1913
2002
2091
2181
2271
2361
2451
2541
2631
2720
2809
2899
2989
3079
3169
3260
3351
3442
3533
3623
3713
3434
9942
9943
9923
11655
11656
9905
13320
11636
3157
9886
13287
3527
3619
3711
3803
13687
13688
11873
11872
4527
11888
10087
13747
13712
13713
13686
13685
9539
12864
12891
12892
1737
1825
9572
12889
12890
12859
9538
1914
2003
2092
2182
2272
2362
2452
2542
2632
2721
2810
2900
2990
3080
3170
3261
3352
3443
3534
3624
3714
3804
3526
9960
9961
9941
3341
9921
11654
13352
3249
9903
13316
13317
9904
3618
3710
3802
3894
13717
13718
11890
11889
4620
13745
13746
13716
13715
9556
12893
12922
12923
1826
1915
9594
12920
12921
12888
9555
9540
2004
2093
2183
2273
2363
2453
2543
2633
2722
2811
2901
2991
3081
3171
3262
3353
3444
3535
3625
3715
3805
3895
3617
9976
9977
9959
3433
9939
13382
9940
13383
13353
9922
3709
3801
3893
3985
13750
13751
11907
13749
13748
1649
11436
9574
12924
12949
12950
1916
2005
9617
12947
12948
12919
9573
12894
9557
2094
2184
2274
2364
2454
2544
2634
2723
2812
2902
2992
3082
3172
3263
3354
3445
3536
3626
3716
3806
3896
3986
3708
11720
11721
9975
3525
9957
13409
9958
13413
3800
3892
3984
4076
13783
1738
11457
9596
12951
9619
2006
2095
9641
9618
12946
9595
12925
9575
2185
2275
2365
2455
2545
2635
2724
2813
2903
2993
3083
3173
3264
3355
3446
3537
3627
3717
3807
3897
3987
4077
3799
11742
11743
11719
3616
9973
13439
9974
13444
13411
13410
13412
3891
3983
4075
4167
1827
11472
1917
11482
9643
2096
2186
9667
9642
9620
12973
12952
9597
2276
2366
2456
2546
2636
2725
2814
2904
2994
3084
3174
3265
3356
3447
3538
3628
3718
3808
3898
3988
4078
4168
3890
11764
11765
11741
3707
9988
13469
9989
13474
13441
13440
13442
13443
3982
4074
4166
4258
2007
11487
9669
2187
2277
9694
9668
9644
12991
2367
2457
2547
2637
2726
2815
2905
2995
3085
3175
3266
3357
3448
3539
3629
3719
3809
3899
3989
4079
4169
4259
3981
11779
11780
11763
3798
9997
13499
9998
13504
13471
13470
13472
13473
4073
4165
4257
4350
2097
11492
9696
2278
2368
9721
9695
9670
13008
2458
2548
2638
2727
2816
2906
2996
3086
3176
3267
3358
3449
3540
3630
3720
3810
3900
3990
4080
4170
4260
4351
4072
11794
11795
11778
3889
10006
13525
10007
13530
13501
13500
13502
13503
4164
4256
4349
4442
2188
11495
9723
2369
2459
9748
9722
9697
13023
2549
2639
2728
2817
2907
2997
3087
3177
3268
3359
3450
3541
3631
3721
3811
3901
3991
4081
4171
4261
4352
4443
4071
4163
11793
3980
10015
13550
10016
13555
13527
13526
13528
13529
4255
4348
4441
4534
2279
11498
9750
2460
2550
9772
9749
9724
13039
2640
2729
2818
2908
2998
3088
3178
3269
3360
3451
3542
3632
3722
3812
3902
3992
4082
4172
4262
4353
4444
4535
4162
10033
10034
4254
10024
13577
10025
13582
13552
13551
13553
13554
13523
13524
4347
4440
4533
11500
11499
2370
11503
9774
2551
2641
9793
9773
9751
13069
13037
13038
2730
2819
2909
2999
3089
3179
3270
3361
3452
3543
3633
3723
3813
3903
3993
4083
4173
4263
4354
4445
4536
4253
10042
10043
13605
13606
11812
11813
13579
4346
13578
13580
13581
13548
13549
11777
11776
4439
4532
11505
11504
2461
11516
9795
2642
2731
9813
9794
9775
13099
13067
13068
2820
2910
3000
3090
3180
3271
3362
3453
3544
3634
3724
3814
3904
3994
4084
4174
4264
4355
4446
4537
4345
10052
10053
13632
13633
11827
11828
13575
4438
13576
11792
11791
4531
11518
11517
2552
11533
9815
2732
2821
11564
9814
9796
13131
13097
13098
2911
3001
3091
3181
3272
3363
3454
3545
3635
3725
3815
3905
3995
4085
4175
4265
4356
4447
4538
4437
10063
10064
13659
13660
11843
11844
4530
11535
11534
2643
11550
11566
2822
2912
11579
11565
9816
13162
13129
13130
3002
3092
3182
3273
3364
3455
3546
3636
3726
3816
3906
3996
4086
4176
4266
4357
4448
4539
4529
10075
10076
13689
13690
11859
11860
10051
13661
11842
11552
11551
2733
11567
11581
2913
3003
11594
11580
9832
13186
13160
13161
3093
3183
3274
3365
3456
3547
3637
3727
3817
3907
3997
4087
4177
4267
4358
4449
4540
10089
10090
13719
13720
11875
11876
10062
13691
11858
4344
11569
11568
2823
11582
11596
3004
3094
11609
11595
9845
13211
13184
13185
3184
3275
3366
3457
3548
3638
3728
3818
3908
3998
4088
4178
4268
4359
4450
4541
13752
13753
11892
11893
10074
13721
11874
4436
11584
11583
2914
11597
11611
3095
3185
11624
11610
9859
13238
13209
13210
3276
3367
3458
3549
3639
3729
3819
3909
3999
4089
4179
4269
4360
4451
4542
10088
11910
13754
11891
4528
11599
11598
3005
11612
11626
3186
3277
11639
11625
9874
13265
13236
13237
3368
3459
3550
3640
3730
3820
3910
4000
4090
4180
4270
4361
4452
4543
4621
11614
11613
3096
11627
11641
3278
3369
11657
11640
9890
13293
13263
13264
3460
3551
3641
3731
3821
3911
4001
4091
4181
4271
4362
4453
4544
11629
11628
3187
11642
11659
3370
3461
11672
11658
9908
13323
13291
13292
3552
3642
3732
3822
3912
4002
4092
4182
4272
4363
4454
4545
11644
11643
3279
11660
11674
3462
3553
11687
11673
9926
13356
13321
13322
3643
3733
3823
3913
4003
4093
4183
4273
4364
4455
4546
13326
13327
11662
11661
3371
11675
11689
3554
3644
11703
11688
9944
13386
13354
13355
13325
13324
3734
3824
3914
4004
4094
4184
4274
4365
4456
4547
13359
13360
11677
11676
3463
11690
11705
3645
3735
11722
11704
9962
13416
13384
13385
13358
13357
3825
3915
4005
4095
4185
4275
4366
4457
4548
13389
13390
11692
11691
3555
11706
11724
3736
3826
11744
11723
9978
13447
13414
13415
13388
13387
3916
4006
4096
4186
4276
4367
4458
4549
13419
13420
11708
11707
3646
11725
11746
3827
3917
11745
9990
13477
13445
13446
13418
13417
4007
4097
4187
4277
4368
4459
4550
13450
13451
11727
11726
3737
11747
3828
3918
10008
4008
9999
13475
13476
13449
13448
4098
4188
4278
4369
4460
4551
13480
13481
11749
11748
13533
13534
3919
4009
10017
13531
13532
4099
13505
13506
13479
13478
4189
4279
4370
4461
4552
13507
13508
13558
13559
4010
4100
10026
13556
13557
4190
4280
4371
4462
4553
13585
13586
4101
4191
10035
13583
13584
4281
4372
4463
4554
13609
13610
4192
4282
10044
13607
13608
4373
4464
4555
13636
13637
4283
4374
10054
13634
13635
4465
4556
13664
13665
4375
4466
10065
13662
13663
4557
13694
13695
4467
4558
10077
13692
13693
13725
13726
4559
10091
13723
13724
13727
13758
13759
13756
13757
13722
10078
10093
13760
13755
10092
13791
10108
)


// ************************************************************************* //
