/*--------------------------------*- C++ -*----------------------------------*\
| =========                 |                                                 |
| \\      /  F ield         | OpenFOAM: The Open Source CFD Toolbox           |
|  \\    /   O peration     | Version:  v1912                                 |
|   \\  /    A nd           | Website:  www.openfoam.com                      |
|    \\/     M anipulation  |                                                 |
\*---------------------------------------------------------------------------*/
FoamFile
{
    version     2.0;
    format      ascii;
    class       volScalarField;
    location    "450";
    object      p;
}
// * * * * * * * * * * * * * * * * * * * * * * * * * * * * * * * * * * * * * //

dimensions      [0 2 -2 0 0 0 0];


internalField   nonuniform List<scalar> 
3753
(
-0.0064911
-0.00646382
-0.00625024
-0.00641873
-0.00622394
-0.00600757
-0.00637899
-0.00617778
-0.00598249
-0.0057795
-0.00635141
-0.00613739
-0.00593994
-0.00575554
-0.00555553
-0.00634241
-0.00610701
-0.00590284
-0.00571238
-0.00553221
-0.0053386
-0.00636093
-0.00609385
-0.00587164
-0.00567224
-0.00549125
-0.00531519
-0.00513162
-0.00641669
-0.00610441
-0.00585312
-0.00564074
-0.0054559
-0.0052751
-0.00510884
-0.0049292
-0.00651125
-0.00614654
-0.00585593
-0.00562328
-0.00542781
-0.00524063
-0.00506884
-0.0049072
-0.00473315
-0.00664534
-0.00622587
-0.00588572
-0.00562626
-0.00541149
-0.0052128
-0.00503355
-0.00486868
-0.00471199
-0.00454478
-0.00681612
-0.00634428
-0.00594452
-0.00565327
-0.00541502
-0.00519954
-0.00500638
-0.00483606
-0.00467404
-0.00452274
-0.00436261
-0.00700837
-0.00650161
-0.00602751
-0.0057056
-0.00544447
-0.0052071
-0.00499406
-0.00481139
-0.00463997
-0.00448606
-0.00434191
-0.00418163
-0.00717448
-0.00670589
-0.00613269
-0.00578394
-0.00550431
-0.00523918
-0.005003
-0.00479908
-0.0046154
-0.00445664
-0.00430524
-0.00416153
-0.00400823
-0.00693811
-0.00727936
-0.00725902
-0.00625798
-0.00588614
-0.00559398
-0.00530018
-0.00503786
-0.00480742
-0.00460586
-0.00443268
-0.00427191
-0.00412633
-0.00398889
-0.00383689
-0.00641239
-0.00687086
-0.0072313
-0.00726097
-0.00730678
-0.00600935
-0.00570849
-0.00538994
-0.0051008
-0.00484113
-0.00461562
-0.00442065
-0.00424864
-0.0040977
-0.00395405
-0.00381867
-0.0036715
-0.00616051
-0.00647951
-0.0066227
-0.00696907
-0.00745654
-0.00726262
-0.00725431
-0.00737049
-0.00583922
-0.0055057
-0.00519156
-0.00490364
-0.00465117
-0.00443013
-0.00424064
-0.0040762
-0.00392414
-0.00378568
-0.00365251
-0.00351332
-0.00598193
-0.00624837
-0.00639335
-0.0065826
-0.00668379
-0.00692017
-0.00701323
-0.00717466
-0.00780755
-0.00720347
-0.00730436
-0.00740338
-0.00564121
-0.00530494
-0.00499433
-0.00471501
-0.00446547
-0.00425097
-0.00406756
-0.00390252
-0.00375858
-0.00362026
-0.00349591
-0.00335276
-0.00578163
-0.00603891
-0.00616735
-0.00634346
-0.00647543
-0.00663384
-0.00670977
-0.00681923
-0.00673608
-0.00689023
-0.00650101
-0.00675704
-0.00835083
-0.00731986
-0.00737182
-0.00745035
-0.00543618
-0.0051094
-0.00480465
-0.00452751
-0.00428607
-0.00407797
-0.00389401
-0.00373866
-0.00359421
-0.00346309
-0.00333549
-0.00320098
-0.00557833
-0.00582928
-0.00595045
-0.00612087
-0.00624006
-0.00636932
-0.00644679
-0.00657333
-0.00650068
-0.00668953
-0.00674558
-0.00685022
-0.0068051
-0.00684307
-0.00908173
-0.00523973
-0.00491372
-0.00461604
-0.00434801
-0.0041115
-0.00390514
-0.0037316
-0.00357595
-0.0034365
-0.00330585
-0.00318381
-0.00304828
-0.0053786
-0.00562943
-0.00574249
-0.00590913
-0.00601819
-0.00614789
-0.00621312
-0.00633039
-0.00625884
-0.00641357
-0.00647322
-0.00660495
-0.00654151
-0.00503988
-0.00472854
-0.00443518
-0.00417038
-0.00394047
-0.00374344
-0.00357071
-0.0034199
-0.00328259
-0.00315262
-0.00303234
-0.00289756
-0.00517783
-0.00543056
-0.00553768
-0.00570718
-0.0058081
-0.00593919
-0.005999
-0.00609764
-0.00604476
-0.00618267
-0.00624861
-0.00636273
-0.00629342
-0.00485601
-0.00454168
-0.00425528
-0.0040016
-0.00377636
-0.00358274
-0.00341614
-0.00326629
-0.00312811
-0.00300364
-0.00288338
-0.00275585
-0.00498966
-0.00523227
-0.00533753
-0.00550245
-0.00560559
-0.00573714
-0.00579206
-0.00588866
-0.00583504
-0.0059719
-0.00603642
-0.00613056
-0.00607861
-0.00466307
-0.00436222
-0.00408527
-0.00383394
-0.00361736
-0.0034296
-0.00326409
-0.00311385
-0.00298138
-0.00285581
-0.00273963
-0.00261206
-0.0047949
-0.00504377
-0.00514027
-0.00530376
-0.00540895
-0.00553055
-0.00558892
-0.00568275
-0.00563794
-0.00577203
-0.00582647
-0.00592528
-0.00586781
-0.00448496
-0.00418897
-0.00391669
-0.00367424
-0.00346438
-0.00328049
-0.00311438
-0.00296811
-0.00283425
-0.0027106
-0.00259819
-0.00247168
-0.00461571
-0.00485073
-0.00494697
-0.00511217
-0.0052084
-0.00533721
-0.00538531
-0.00548801
-0.0054338
-0.00556626
-0.0056221
-0.00571722
-0.00567367
-0.00430751
-0.00401948
-0.00375254
-0.0035209
-0.00331635
-0.0031336
-0.00297026
-0.00282264
-0.00268937
-0.00257072
-0.00245735
-0.00233557
-0.00443371
-0.00466892
-0.00476106
-0.004921
-0.00501722
-0.00513926
-0.0051936
-0.00528575
-0.00523616
-0.00537245
-0.00542043
-0.00552138
-0.00546596
-0.00413602
-0.00385208
-0.00359898
-0.00337378
-0.00317472
-0.00299238
-0.00282514
-0.00267653
-0.00254882
-0.00243035
-0.0023224
-0.00220132
-0.00426145
-0.00448925
-0.00457722
-0.00473613
-0.00482605
-0.00495487
-0.00499436
-0.0050947
-0.00504531
-0.00517268
-0.00522841
-0.00531771
-0.00526938
-0.00396761
-0.00369476
-0.00345029
-0.00323493
-0.00303599
-0.00284825
-0.00268005
-0.00253602
-0.00240894
-0.00229643
-0.00218851
-0.00206924
-0.00409101
-0.00431672
-0.0043991
-0.00455651
-0.00464197
-0.00476602
-0.0048116
-0.00489975
-0.00485482
-0.00498714
-0.00502299
-0.00512532
-0.00508363
-0.00380591
-0.00354297
-0.00331152
-0.00310002
-0.00289703
-0.00270444
-0.00253687
-0.00239621
-0.00227705
-0.00216317
-0.00205668
-0.00193916
-0.00392735
-0.00414545
-0.00422802
-0.00438152
-0.00446205
-0.00458682
-0.00462694
-0.00471713
-0.0046698
-0.00479672
-0.0048419
-0.00493297
-0.00488939
-0.00364965
-0.00340045
-0.00318065
-0.00296969
-0.00275326
-0.00255809
-0.00239653
-0.0022652
-0.00214504
-0.00203277
-0.00192765
-0.00181357
-0.00376747
-0.00398283
-0.00405901
-0.00420745
-0.00429327
-0.00440791
-0.00445184
-0.00453681
-0.00448893
-0.00461947
-0.00465307
-0.00475377
-0.00470119
-0.00350091
-0.00327087
-0.00306087
-0.00282938
-0.00260323
-0.00241404
-0.00226502
-0.00213483
-0.0020159
-0.00190448
-0.00180263
-0.00168744
-0.00361519
-0.00382482
-0.00389761
-0.00404378
-0.00412227
-0.00423485
-0.00427994
-0.00436452
-0.00432048
-0.00443964
-0.00447814
-0.00457316
-0.00451856
-0.00336513
-0.00315767
-0.00293016
-0.00267526
-0.0024516
-0.00228074
-0.00213797
-0.00200753
-0.00188823
-0.00178065
-0.00167649
-0.00156459
-0.00346893
-0.00367669
-0.00373838
-0.00388499
-0.00395935
-0.00407282
-0.00410921
-0.00418949
-0.00415127
-0.00426841
-0.00430971
-0.00440012
-0.00434773
-0.00324525
-0.00305076
-0.00277502
-0.00251008
-0.00231374
-0.00215638
-0.00201282
-0.00188318
-0.00176712
-0.00165519
-0.00155465
-0.00143886
-0.00333001
-0.003534
-0.0035872
-0.00373237
-0.00380118
-0.00391212
-0.00395159
-0.00402695
-0.00398505
-0.00410539
-0.00413619
-0.00421999
-0.00417965
-0.00316558
-0.00290574
-0.00258598
-0.00236309
-0.00219271
-0.00203619
-0.0018923
-0.00176326
-0.00164418
-0.00153435
-0.00143092
-0.00131489
-0.00323475
-0.00339964
-0.00344112
-0.00358613
-0.00365244
-0.00376152
-0.0037913
-0.00386607
-0.00383032
-0.00394257
-0.00398088
-0.00405724
-0.00401155
-0.00307297
-0.00267758
-0.0024261
-0.00224612
-0.00207818
-0.00191924
-0.00177463
-0.00164446
-0.00152325
-0.00141285
-0.00130677
-0.00119175
-0.00325044
-0.00327674
-0.0033093
-0.00344786
-0.00351023
-0.00361467
-0.00364502
-0.00371538
-0.00368035
-0.00379346
-0.00381615
-0.0038958
-0.00385763
-0.00279124
-0.00249653
-0.00231467
-0.00213846
-0.00196477
-0.00180473
-0.00165952
-0.00152503
-0.0014049
-0.00128965
-0.00118548
-0.00106663
-0.00291984
-0.00338586
-0.00326806
-0.00328126
-0.00337181
-0.00348116
-0.00350244
-0.00357217
-0.00354537
-0.00364354
-0.00367112
-0.00374396
-0.00370497
-0.00257387
-0.00239745
-0.00221559
-0.0020283
-0.00185323
-0.00169234
-0.00154412
-0.0014101
-0.00128493
-0.00117075
-0.00106248
-0.000940439
-0.00267955
-0.00288685
-0.00308496
-0.0036044
-0.00321947
-0.00334529
-0.00335668
-0.00343739
-0.0034177
-0.00350563
-0.00353182
-0.00360097
-0.00357052
-0.00248781
-0.00230612
-0.00210713
-0.00191972
-0.00174532
-0.00158274
-0.00143232
-0.00129501
-0.00116858
-0.00104914
-0.000936335
-0.000813023
-0.00258868
-0.00277096
-0.00285299
-0.00292674
-0.00313036
-0.00395892
-0.00303996
-0.00324198
-0.00318306
-0.00337956
-0.00340654
-0.00346988
-0.0034422
-0.0024048
-0.00219751
-0.00200027
-0.00181522
-0.00163991
-0.00147528
-0.00132382
-0.0011804
-0.00104909
-0.000924469
-0.00081162
-0.000683397
-0.00250187
-0.00265067
-0.00273004
-0.0028457
-0.00291429
-0.00299537
-0.00303641
-0.00285824
-0.00304037
-0.00461669
-0.00308275
-0.00332173
-0.00322723
-0.00229626
-0.00209057
-0.00189821
-0.00171221
-0.00153677
-0.00137128
-0.00121238
-0.0010672
-0.000928821
-0.000802666
-0.000683063
-0.000548371
-0.00239451
-0.00254018
-0.00261167
-0.00271057
-0.00278135
-0.00286409
-0.00291617
-0.00299392
-0.00294841
-0.00218547
-0.00198909
-0.00179659
-0.00161342
-0.00143704
-0.00126651
-0.00110642
-0.000952385
-0.000810672
-0.000676418
-0.000550696
-0.000411202
-0.00228346
-0.00243275
-0.0024974
-0.00259541
-0.00265561
-0.00272938
-0.00276576
-0.0028336
-0.00279546
-0.00208357
-0.00188781
-0.00170014
-0.00151788
-0.00133928
-0.00116715
-0.000998013
-0.000838076
-0.000688095
-0.000546641
-0.000415852
-0.000268834
-0.0021796
-0.00232483
-0.00238574
-0.00248602
-0.00254082
-0.00261876
-0.0026497
-0.00270104
-0.00267219
-0.00198239
-0.00179116
-0.001606
-0.00142503
-0.00124596
-0.00106596
-0.000890851
-0.000722302
-0.000563185
-0.000414813
-0.000276031
-0.000122563
-0.00207613
-0.0022211
-0.00227983
-0.00237628
-0.00243039
-0.00250588
-0.00253552
-0.00258862
-0.00255959
-0.00188355
-0.00169738
-0.00151797
-0.00133615
-0.00115365
-0.000968444
-0.000783908
-0.000604748
-0.000436151
-0.00027836
-0.000131942
3.15552e-05
-0.00197633
-0.00211843
-0.00217259
-0.0022715
-0.00232557
-0.00239721
-0.0024274
-0.00247801
-0.00245071
-0.00178978
-0.00161133
-0.00143124
-0.00125202
-0.00106457
-0.00087005
-0.000675472
-0.000485382
-0.000305655
-0.00013673
1.85591e-05
0.000190988
-0.00188034
-0.00201907
-0.00207154
-0.00216579
-0.00221779
-0.00229811
-0.00231915
-0.00237054
-0.00234538
-0.00170154
-0.00152568
-0.00135359
-0.00117069
-0.00097602
-0.000772956
-0.000565766
-0.00036266
-0.00016934
9.2795e-06
0.000176004
0.000357283
-0.00178988
-0.00192309
-0.00197252
-0.0020659
-0.00211695
-0.00218619
-0.00221353
-0.00226433
-0.00223836
-0.00161606
-0.00145033
-0.00127784
-0.00109161
-0.000889316
-0.000675706
-0.000454241
-0.000236981
-2.96667e-05
0.000163411
0.00033998
0.000530638
-0.00170142
-0.0018308
-0.00187887
-0.00197009
-0.00201623
-0.00208653
-0.00211176
-0.00216282
-0.00213571
-0.00153985
-0.00137975
-0.00120593
-0.00101352
-0.000804365
-0.0005778
-0.0003426
-0.000106357
0.000117228
0.000324361
0.00051388
0.000708333
-0.00162187
-0.00174183
-0.00178761
-0.00187592
-0.00192065
-0.00199139
-0.00201649
-0.00206072
-0.00203547
-0.00147107
-0.00131377
-0.00113512
-0.000939041
-0.000721512
-0.00048067
-0.000225423
3.01411e-05
0.000272463
0.000494207
0.000698447
0.000903998
-0.00155205
-0.00165737
-0.00170199
-0.00178595
-0.00182951
-0.00189471
-0.00192021
-0.00196402
-0.00193955
-0.00141008
-0.00124756
-0.00106632
-0.000869534
-0.00063964
-0.000381382
-0.000103437
0.000172563
0.000434326
0.000679812
0.000900457
0.00108699
-0.00148986
-0.00158389
-0.00162042
-0.00169859
-0.0017414
-0.00180703
-0.00182691
-0.00187123
-0.00184885
-0.00134896
-0.00117851
-0.00100679
-0.000801843
-0.000559047
-0.000279393
2.1176e-05
0.000323409
0.000615871
0.000869727
0.00118498
0.000448364
-0.00142908
-0.00164113
-0.00157287
-0.0015987
-0.00165414
-0.00172322
-0.00174224
-0.00178219
-0.00176191
-0.0012763
-0.00112369
-0.000950715
-0.000739199
-0.000478484
-0.000174115
0.000154187
0.000491749
0.000785892
0.00120325
0.000540305
-0.00135988
-0.00145595
-0.00149204
-0.00184451
-0.00233526
-0.00153543
-0.00163653
-0.00165844
-0.00169922
-0.00168004
-0.00121996
-0.00107463
-0.000901807
-0.000677348
-0.000395569
-6.5428e-05
0.000302159
0.000639942
0.00111624
0.000570504
-0.00129939
-0.00139442
-0.00142826
-0.00148811
-0.00152595
-0.00156147
-0.00163994
-0.00156099
-0.000836505
-0.00161398
-0.00159707
-0.00117236
-0.00103455
-0.000855709
-0.000617759
-0.000312744
5.71405e-05
0.000427333
0.000943573
0.00051285
-0.00124959
-0.00133636
-0.00136356
-0.00140766
-0.00143128
-0.00144276
-0.0014696
-0.00151653
-0.00154912
-0.001584
-0.00162333
-0.00162395
-0.00141793
-0.00113598
-0.000999348
-0.0008154
-0.000558414
-0.00021937
0.00015866
0.000689264
0.000396323
-0.00121141
-0.00128799
-0.00130919
-0.00135178
-0.00136669
-0.00137933
-0.00139464
-0.00142618
-0.00144682
-0.00146195
-0.0014881
-0.00153982
-0.0015708
-0.00161011
-0.00164802
-0.00110529
-0.00097334
-0.000776459
-0.00049453
-0.000141564
0.000366899
0.000239642
-0.00118148
-0.00124797
-0.00126464
-0.00130502
-0.00131617
-0.00132582
-0.00134007
-0.00136805
-0.00138169
-0.00139783
-0.00140951
-0.00144247
-0.00146036
-0.00147914
-0.00150324
-0.0010868
-0.000949673
-0.000738151
-0.000437636
6.58354e-06
6.09703e-05
-0.00116266
-0.00121773
-0.0012295
-0.00126235
-0.00127441
-0.00128064
-0.0012916
-0.00132059
-0.00133217
-0.00134158
-0.00135568
-0.00138326
-0.00139632
-0.00141284
-0.00142443
-0.00107304
-0.000932012
-0.00069823
-0.000351418
-0.000120141
-0.00115207
-0.00119819
-0.00120331
-0.00123135
-0.00123973
-0.00124622
-0.00125255
-0.00127764
-0.00128753
-0.00129576
-0.00130698
-0.00133326
-0.00134695
-0.00135606
-0.00136963
-0.00107132
-0.00090467
-0.000667814
-0.000285005
-0.00115852
-0.00118785
-0.00118682
-0.00121152
-0.00121652
-0.00121815
-0.00122551
-0.00124543
-0.00125066
-0.00126062
-0.00126535
-0.00129079
-0.00129899
-0.00130942
-0.00132396
-0.00105915
-0.000919059
-0.000419729
-0.00116615
-0.00119426
-0.0011843
-0.00119787
-0.00120318
-0.00120122
-0.00120524
-0.00122352
-0.00122646
-0.00123095
-0.00123746
-0.00125824
-0.00126209
-0.00127137
-0.00127853
-0.00110842
-0.00052127
-0.00126694
-0.00120086
-0.0011921
-0.00120355
-0.00119958
-0.00119923
-0.0011947
-0.00120734
-0.00121095
-0.00121337
-0.00121692
-0.00123263
-0.00123698
-0.00124219
-0.00124793
-0.000594354
-0.000707361
-0.00130732
-0.00123444
-0.00121131
-0.00120762
-0.00120857
-0.00120133
-0.00120779
-0.00120741
-0.00120631
-0.00120519
-0.00121618
-0.00121818
-0.0012235
-0.00122877
-0.000661266
-0.00134582
-0.00129637
-0.00127229
-0.00124007
-0.00122254
-0.00121744
-0.00121417
-0.00121317
-0.00120877
-0.00121355
-0.00121489
-0.00121203
-0.00121357
-0.000562829
-0.001366
-0.00140526
-0.00133124
-0.00129284
-0.00126953
-0.00124295
-0.00122951
-0.00121959
-0.00121708
-0.00121589
-0.00121435
-0.000578322
-0.00152223
-0.00141971
-0.00131849
-0.0012901
-0.00126424
-0.00124066
-0.00122841
-0.000726552
-0.00165939
-0.00141128
-0.00131795
-0.0962124
-0.0952414
-0.0960628
-0.0952964
-0.0951845
-0.0957429
-0.0959002
-0.0955237
-0.0951977
-0.0949787
-0.0959394
-0.0960517
-0.0959752
-0.0954992
-0.0952643
-0.0950201
-0.0947712
-0.096141
-0.0962943
-0.0962836
-0.0963416
-0.0953904
-0.095009
-0.0950669
-0.0948081
-0.0945319
-0.0963558
-0.096563
-0.0971122
-0.0964192
-0.0967649
-0.0955402
-0.0944861
-0.0945872
-0.0948382
-0.0945796
-0.0943335
-0.0965989
-0.0967896
-0.0972871
-0.0965613
-0.0968226
-0.0956819
-0.0946563
-0.0936303
-0.0941474
-0.0946328
-0.0944138
-0.0943715
-0.0941292
-0.0969927
-0.0974517
-0.0967049
-0.0970427
-0.0958222
-0.0948089
-0.0937938
-0.0937294
-0.0927733
-0.0933612
-0.0942129
-0.0939931
-0.0941766
-0.0939176
-0.0976033
-0.0968449
-0.095961
-0.0949513
-0.0939476
-0.0929345
-0.0937831
-0.0935864
-0.0928793
-0.0919155
-0.0924473
-0.0934597
-0.0934172
-0.0939604
-0.0936909
-0.0977457
-0.0969825
-0.0960996
-0.0950913
-0.0940921
-0.093091
-0.0920791
-0.0937364
-0.0935405
-0.0927408
-0.0920203
-0.0910731
-0.0915931
-0.0923666
-0.0933427
-0.0927753
-0.0935072
-0.0978829
-0.0971184
-0.0962387
-0.0952325
-0.0942345
-0.0932399
-0.0922395
-0.091234
-0.0928165
-0.0926117
-0.0919404
-0.0911576
-0.0902876
-0.0907397
-0.0915168
-0.0922113
-0.0924253
-0.093312
-0.0929692
-0.0980162
-0.0972467
-0.0963711
-0.0953756
-0.0943792
-0.0933869
-0.0923939
-0.0913945
-0.0904189
-0.0919816
-0.0917757
-0.091064
-0.0904203
-0.0893863
-0.0899353
-0.0906323
-0.09136
-0.0915731
-0.0981408
-0.0973503
-0.0964783
-0.0955126
-0.0945269
-0.093537
-0.0925472
-0.0915535
-0.0905636
-0.0895544
-0.0911217
-0.0909082
-0.0904286
-0.0894872
-0.0885023
-0.089035
-0.0898394
-0.0904361
-0.0906681
-0.0982413
-0.0973882
-0.0965149
-0.0956225
-0.0946688
-0.0936909
-0.0927043
-0.0917137
-0.0907205
-0.0897157
-0.0886806
-0.0902095
-0.090437
-0.0893746
-0.0886146
-0.0876143
-0.0881609
-0.0889571
-0.0896113
-0.0897936
-0.0982794
-0.097283
-0.096398
-0.0956562
-0.0947815
-0.0938384
-0.0928655
-0.091879
-0.0908853
-0.0898808
-0.0888561
-0.087797
-0.0906226
-0.0894289
-0.089208
-0.0885305
-0.08773
-0.0867048
-0.0872702
-0.0880873
-0.088797
-0.0890272
-0.0896063
-0.0896934
-0.0981834
-0.096907
-0.0959912
-0.0955254
-0.0948118
-0.0939534
-0.093019
-0.0920486
-0.0910587
-0.0900551
-0.0890338
-0.0879841
-0.0868953
-0.0893883
-0.0891844
-0.0885838
-0.0883586
-0.087647
-0.0868227
-0.0857652
-0.0863535
-0.0871944
-0.0879219
-0.0881485
-0.088761
-0.0889864
-0.0978333
-0.096071
-0.095093
-0.0950826
-0.0946638
-0.093978
-0.093136
-0.0922089
-0.0912376
-0.0902396
-0.0892209
-0.0881765
-0.0870956
-0.085967
-0.088536
-0.0883218
-0.0876964
-0.0874712
-0.0867376
-0.085887
-0.0848052
-0.0854037
-0.086274
-0.0870242
-0.0872534
-0.087882
-0.0881033
-0.0970525
-0.0945382
-0.0934541
-0.0941138
-0.0941787
-0.093808
-0.0931533
-0.0923271
-0.091405
-0.0904293
-0.089419
-0.0883795
-0.0873043
-0.0861839
-0.0850159
-0.0876475
-0.0874321
-0.0867901
-0.0865584
-0.0858016
-0.0849167
-0.0838504
-0.0844114
-0.0853199
-0.0860981
-0.0863353
-0.0869813
-0.0872078
-0.095616
-0.0920765
-0.0908337
-0.0923584
-0.0931304
-0.0932745
-0.0929579
-0.0923339
-0.0915235
-0.0906042
-0.089621
-0.0885939
-0.0875258
-0.0864122
-0.0852468
-0.0840509
-0.0867435
-0.0865158
-0.0858566
-0.085621
-0.0848233
-0.083945
-0.082786
-0.0834648
-0.0843101
-0.0851451
-0.0853844
-0.0860542
-0.0862887
-0.0933023
-0.0885426
-0.0870862
-0.0895665
-0.0912461
-0.0921372
-0.0923666
-0.0921059
-0.091517
-0.0907219
-0.0898036
-0.0888094
-0.0877589
-0.0866551
-0.0854959
-0.0842847
-0.0830201
-0.0858089
-0.0855769
-0.0848889
-0.0846458
-0.083863
-0.0829254
-0.0816504
-0.0823299
-0.0834342
-0.0841255
-0.0843821
-0.0850996
-0.085339
-0.0899722
-0.0839568
-0.0822392
-0.0855928
-0.0882691
-0.0901104
-0.0911259
-0.0914475
-0.0912504
-0.0906981
-0.0899188
-0.0889997
-0.0879892
-0.0869093
-0.0857623
-0.0845511
-0.0832778
-0.0819243
-0.0848441
-0.0846018
-0.0838786
-0.083637
-0.0827921
-0.0817926
-0.0804646
-0.0811919
-0.0822177
-0.0831093
-0.0836148
-0.084067
-0.0843405
-0.0856394
-0.0785242
-0.0765165
-0.0804771
-0.0840574
-0.0869324
-0.0889408
-0.0900923
-0.0905146
-0.0903852
-0.0898727
-0.0891101
-0.0881871
-0.0871558
-0.0860389
-0.0848413
-0.0835676
-0.0822183
-0.0807659
-0.0837731
-0.0833597
-0.0828396
-0.08254
-0.0816716
-0.0806174
-0.0793058
-0.0799895
-0.0810884
-0.0820115
-0.0823055
-0.0828814
-0.08379
-0.0804939
-0.0725727
-0.0702674
-0.0744624
-0.0786648
-0.082469
-0.0855472
-0.0877332
-0.0890279
-0.0895598
-0.0895042
-0.0890354
-0.0882894
-0.0873604
-0.0863023
-0.0851415
-0.0838849
-0.0825393
-0.0811018
-0.0795619
-0.082727
-0.0824946
-0.0817509
-0.081453
-0.080492
-0.0794669
-0.0778791
-0.078993
-0.0798671
-0.0808767
-0.0811822
-0.0819751
-0.0822499
-0.0828334
-0.0840529
-0.0748428
-0.0664739
-0.063889
-0.0679211
-0.0723568
-0.0767922
-0.08082
-0.0841056
-0.0864755
-0.0879251
-0.0885746
-0.0886008
-0.0881789
-0.0874506
-0.0865125
-0.0854221
-0.0842101
-0.0828876
-0.0814612
-0.0799262
-0.0782687
-0.0827013
-0.0824643
-0.0817012
-0.0814136
-0.0805856
-0.080272
-0.0792566
-0.0773955
-0.0764378
-0.0779789
-0.079678
-0.0799825
-0.0808349
-0.0811302
-0.0819324
-0.0822012
-0.0690333
-0.0605961
-0.0577745
-0.0612766
-0.06553
-0.0701915
-0.0748523
-0.0791001
-0.0825967
-0.0851601
-0.0867737
-0.0875506
-0.0876654
-0.0872958
-0.0865855
-0.0856357
-0.084508
-0.0832388
-0.0818439
-0.0803271
-0.0786792
-0.0768838
-0.0816452
-0.0813698
-0.0805393
-0.0802334
-0.0794687
-0.0793968
-0.0776941
-0.0760375
-0.0769689
-0.0748979
-0.0782141
-0.0796169
-0.0799338
-0.0807865
-0.0810717
-0.0634085
-0.055287
-0.0522928
-0.0549461
-0.0586358
-0.0630901
-0.0679615
-0.0728364
-0.0773016
-0.0810126
-0.0837766
-0.0855628
-0.0864777
-0.0866901
-0.0863764
-0.0856852
-0.0847219
-0.0835536
-0.0822217
-0.080747
-0.0791283
-0.0773591
-0.0754109
-0.0804835
-0.0801905
-0.0792393
-0.0783193
-0.0778152
-0.0774548
-0.0762582
-0.074462
-0.0754989
-0.0770854
-0.0767196
-0.0732863
-0.0784661
-0.0781444
-0.0795723
-0.0798839
-0.0582935
-0.0508567
-0.0477644
-0.0493193
-0.0521136
-0.0559644
-0.0605979
-0.065661
-0.0707382
-0.075416
-0.0793419
-0.0823113
-0.0842821
-0.085345
-0.0856618
-0.0854101
-0.08474
-0.0837626
-0.0825516
-0.0811527
-0.0795903
-0.0778633
-0.0759572
-0.0738525
-0.079212
-0.0786835
-0.0763387
-0.0759857
-0.0746995
-0.0728093
-0.0738745
-0.0756223
-0.0752092
-0.0716495
-0.0539869
-0.0475158
-0.0443905
-0.0447227
-0.0463722
-0.0492783
-0.0532641
-0.0580516
-0.0632857
-0.0685518
-0.073433
-0.077573
-0.0807546
-0.0829172
-0.0841373
-0.0845693
-0.0843853
-0.0837395
-0.0827493
-0.0814946
-0.0800243
-0.0783686
-0.076522
-0.0744661
-0.0722083
-0.0747863
-0.0744095
-0.0729739
-0.0712612
-0.0721284
-0.0740109
-0.073583
-0.0697115
-0.0507029
-0.0453062
-0.0421929
-0.0413468
-0.0417409
-0.0434565
-0.0464464
-0.0505369
-0.0554506
-0.0608333
-0.0662701
-0.0713456
-0.0756962
-0.0790929
-0.0814553
-0.0828431
-0.0833979
-0.0832894
-0.0826732
-0.0816726
-0.0803733
-0.0788306
-0.0770718
-0.075093
-0.0728733
-0.0703989
-0.0731094
-0.0726848
-0.0715837
-0.0690781
-0.0703294
-0.0722105
-0.0717039
-0.067615
-0.0485045
-0.0440903
-0.0410094
-0.0391876
-0.0383928
-0.0388255
-0.0405815
-0.0436234
-0.0477863
-0.0527964
-0.0583014
-0.0638895
-0.0691456
-0.0737024
-0.0773133
-0.079882
-0.0814454
-0.082134
-0.0821092
-0.0815295
-0.080522
-0.0791802
-0.0775603
-0.075688
-0.0735612
-0.0711493
-0.0684292
-0.0712065
-0.0714728
-0.0692511
-0.0668802
-0.0681775
-0.0703014
-0.0697937
-0.065337
-0.0472793
-0.0436116
-0.0405642
-0.0380547
-0.0362943
-0.035536
-0.0359866
-0.0377548
-0.040817
-0.0450178
-0.0500914
-0.0556902
-0.0614068
-0.0668277
-0.071579
-0.0754044
-0.0781819
-0.0799302
-0.0807616
-0.0808309
-0.0802952
-0.0792861
-0.0779012
-0.0762
-0.0742026
-0.0719074
-0.0692844
-0.066281
-0.0718425
-0.0693494
-0.068829
-0.067106
-0.0644998
-0.0659203
-0.0683444
-0.0677831
-0.0701302
-0.0697612
-0.0628434
-0.0467867
-0.0435865
-0.040565
-0.0376528
-0.0352257
-0.0335193
-0.0327843
-0.0332334
-0.0349866
-0.0380349
-0.0422382
-0.0473406
-0.053002
-0.0588201
-0.0643853
-0.0693201
-0.0733525
-0.0763414
-0.0782818
-0.0792657
-0.0794396
-0.0789562
-0.0779508
-0.0765233
-0.074733
-0.0725981
-0.070118
-0.0672536
-0.0639307
-0.0692317
-0.0687389
-0.067232
-0.0666519
-0.0647219
-0.06188
-0.0634222
-0.0660776
-0.0654572
-0.0682546
-0.0676931
-0.0601035
-0.0467519
-0.0437779
-0.0407716
-0.0376806
-0.0348723
-0.0325262
-0.0308695
-0.030147
-0.030576
-0.0322865
-0.0352878
-0.0394569
-0.044551
-0.0502406
-0.056131
-0.0618167
-0.0669175
-0.0711487
-0.0743482
-0.0764842
-0.0776314
-0.0779192
-0.0774974
-0.0765004
-0.0750289
-0.0731409
-0.0708585
-0.0681685
-0.0650295
-0.0613498
-0.0670884
-0.0665246
-0.0648438
-0.064208
-0.0620863
-0.0589901
-0.0606595
-0.0635752
-0.0628933
-0.0659636
-0.0653389
-0.0570831
-0.0469366
-0.0440273
-0.0410282
-0.0378986
-0.0349272
-0.0322262
-0.029963
-0.0283519
-0.0276331
-0.028023
-0.0296649
-0.0325867
-0.0366846
-0.0417322
-0.0474129
-0.0533426
-0.0591213
-0.0643672
-0.0687844
-0.0721885
-0.0745251
-0.0758406
-0.0762525
-0.0759013
-0.0749165
-0.0733974
-0.071405
-0.0689594
-0.0660346
-0.0625788
-0.0585012
-0.0646839
-0.0640585
-0.0622037
-0.0615112
-0.0591784
-0.0557992
-0.0576045
-0.06081
-0.0600585
-0.0634444
-0.0627515
-0.053752
-0.0471768
-0.0434579
-0.0449907
-0.0381563
-0.0404814
-0.0419538
-0.0351551
-0.0323093
-0.0297191
-0.027539
-0.0259714
-0.0252463
-0.025582
-0.027133
-0.0299453
-0.0339342
-0.0388954
-0.0445286
-0.0504612
-0.0563012
-0.061667
-0.0662527
-0.0698537
-0.0723879
-0.0738788
-0.0744237
-0.074149
-0.0731778
-0.0716089
-0.069503
-0.0668722
-0.0636826
-0.0598689
-0.0553496
-0.0620191
-0.0613434
-0.0592926
-0.0585288
-0.0559598
-0.0522766
-0.0542276
-0.0577491
-0.0569231
-0.0606509
-0.0598977
-0.0500818
-0.0465651
-0.0481536
-0.043178
-0.043954
-0.0446755
-0.0454373
-0.0354119
-0.0376324
-0.0390415
-0.040211
-0.0409555
-0.0416485
-0.04238
-0.0325456
-0.029829
-0.0273524
-0.0252567
-0.0237299
-0.0229936
-0.0232639
-0.0247031
-0.0273742
-0.0312194
-0.036055
-0.0415997
-0.0474963
-0.0533629
-0.0588196
-0.0635518
-0.0673351
-0.0700638
-0.0717315
-0.0724138
-0.0722194
-0.0712641
-0.0696413
-0.0674045
-0.0645649
-0.0610752
-0.0568598
-0.0518669
-0.05908
-0.0583288
-0.0560719
-0.0552243
-0.0524065
-0.0483981
-0.0505032
-0.0543699
-0.0534497
-0.0575686
-0.0567252
-0.0460669
-0.0462739
-0.0470795
-0.0478285
-0.0432641
-0.0440221
-0.0447011
-0.04544
-0.0327994
-0.0349128
-0.0362567
-0.0373726
-0.0380846
-0.0387481
-0.0394483
-0.0402923
-0.0410201
-0.0416723
-0.0423818
-0.0300717
-0.0274877
-0.0251271
-0.0231167
-0.0216318
-0.0208799
-0.0210737
-0.0223829
-0.0248887
-0.028556
-0.0332265
-0.038641
-0.0444612
-0.0503152
-0.055829
-0.0606808
-0.0646288
-0.0675421
-0.0693839
-0.0702044
-0.070092
-0.0691507
-0.0674633
-0.0650801
-0.0619997
-0.0581725
-0.0535246
-0.0480233
-0.0558321
-0.0549929
-0.0525108
-0.0515746
-0.048488
-0.0442009
-0.0464003
-0.0506315
-0.0496259
-0.054155
-0.053219
-0.0417145
-0.0463665
-0.0471535
-0.0478571
-0.0303209
-0.0323255
-0.0336027
-0.0346639
-0.0353425
-0.0359758
-0.0366443
-0.0374492
-0.0381458
-0.0387708
-0.0394504
-0.0277347
-0.0252853
-0.023042
-0.0211198
-0.0196758
-0.0189069
-0.0190179
-0.0201837
-0.0225016
-0.0259603
-0.0304292
-0.0356719
-0.0413718
-0.0471721
-0.052705
-0.0576449
-0.0617343
-0.064816
-0.0668235
-0.067778
-0.0677464
-0.0668118
-0.0650486
-0.0624941
-0.0591404
-0.0549445
-0.0498344
-0.043805
-0.0522273
-0.0513092
-0.0485833
-0.0475553
-0.0441735
-0.0397947
-0.0418912
-0.0465202
-0.0454232
-0.0503742
-0.0493591
-0.0370048
-0.0279775
-0.029872
-0.0310816
-0.0320874
-0.0327319
-0.0333343
-0.0339706
-0.0347355
-0.0354
-0.0359971
-0.0366466
-0.0255342
-0.0232204
-0.0210969
-0.019263
-0.0178629
-0.0170758
-0.017101
-0.0181139
-0.0202263
-0.02345
-0.0276815
-0.0327113
-0.0382471
-0.0439503
-0.0494615
-0.0544537
-0.0586544
-0.0618827
-0.0640409
-0.0651214
-0.0651598
-0.0642227
-0.0623654
-0.0596127
-0.0559609
-0.0513595
-0.0457729
-0.0392436
-0.0482557
-0.0472451
-0.0442748
-0.0431521
-0.0395374
-0.0349127
-0.0373685
-0.0420036
-0.0407969
-0.046226
-0.0451069
-0.0320025
-0.0257694
-0.0275532
-0.0286951
-0.0296447
-0.0302547
-0.0308258
-0.0314294
-0.0321537
-0.0327854
-0.033354
-0.0339727
-0.0234693
-0.0212917
-0.0192875
-0.0175445
-0.0161888
-0.015387
-0.0153253
-0.0161801
-0.0180748
-0.0210401
-0.0250033
-0.0297811
-0.0351102
-0.0406712
-0.0461168
-0.05112
-0.0553969
-0.0587428
-0.0610311
-0.0622186
-0.0623159
-0.0613584
-0.0593843
-0.0564137
-0.0524286
-0.0474132
-0.0413619
-0.0343928
-0.0439143
-0.0427999
-0.0394964
-0.0382938
-0.0347388
-0.0296917
-0.0320979
-0.0371611
-0.0363192
-0.0416713
-0.0404238
-0.0267738
-0.0236955
-0.0253692
-0.0264435
-0.0273365
-0.0279117
-0.0284518
-0.0290227
-0.0297057
-0.030304
-0.0308436
-0.0314313
-0.0215378
-0.0194953
-0.0176109
-0.0159588
-0.014651
-0.0138364
-0.0136911
-0.0143884
-0.0160561
-0.0187477
-0.0224137
-0.0269058
-0.0319864
-0.03736
-0.0426938
-0.0476633
-0.0519745
-0.0554033
-0.0577918
-0.0590651
-0.0591972
-0.0581981
-0.05609
-0.0528719
-0.0485493
-0.0431218
-0.0366457
-0.0293044
-0.0390489
-0.0377074
-0.0347503
-0.0333347
-0.0294065
-0.0243318
-0.0267667
-0.0320897
-0.0307554
-0.0362847
-0.0364415
-0.0214084
-0.0217539
-0.0233186
-0.0243261
-0.0251629
-0.0257035
-0.0262127
-0.0267508
-0.027392
-0.0279567
-0.0284679
-0.0290244
-0.0197366
-0.0178277
-0.0160614
-0.014501
-0.0132429
-0.0124212
-0.0121982
-0.0127397
-0.0141805
-0.0165857
-0.0199342
-0.0241094
-0.028903
-0.034046
-0.0392204
-0.0441069
-0.0484067
-0.051876
-0.054329
-0.0556548
-0.0557974
-0.0547366
-0.0524665
-0.0489978
-0.0443341
-0.038521
-0.0316881
-0.0240513
-0.0339319
-0.0327869
-0.0294043
-0.0280692
-0.024016
-0.0188859
-0.0213138
-0.0267566
-0.0253875
-0.0316171
-0.0303037
-0.0367308
-0.0160349
-0.0199418
-0.0213994
-0.0223413
-0.0231228
-0.023629
-0.0241075
-0.0246131
-0.0252131
-0.0257441
-0.0262269
-0.0267521
-0.0180621
-0.0162836
-0.0146335
-0.0131646
-0.011959
-0.0111353
-0.0108426
-0.0112371
-0.0124514
-0.0145649
-0.0175827
-0.0214166
-0.0258905
-0.03076
-0.0357266
-0.0404804
-0.0447183
-0.0481799
-0.0506548
-0.0519993
-0.0521219
-0.0509706
-0.0485323
-0.0448022
-0.0398192
-0.0336832
-0.0265573
-0.0187657
-0.0334552
-0.0323972
-0.0289322
-0.0276042
-0.0239813
-0.0226179
-0.0185164
-0.0134628
-0.0158064
-0.0212646
-0.0198699
-0.0262956
-0.0249077
-0.0311606
-0.0298478
-0.0107989
-0.0182554
-0.0196088
-0.0204866
-0.0212139
-0.0216866
-0.0221346
-0.0226082
-0.0231676
-0.0236655
-0.0241198
-0.0246138
-0.0165094
-0.0148574
-0.0133209
-0.0119422
-0.0107912
-0.00997287
-0.00961987
-0.00987606
-0.0108712
-0.0126971
-0.0153764
-0.0188517
-0.0229778
-0.0275346
-0.0322481
-0.0368173
-0.0409397
-0.0443431
-0.0467944
-0.0481166
-0.0481864
-0.0469275
-0.044305
-0.0403355
-0.0350797
-0.0286758
-0.0213802
-0.0135877
-0.0284543
-0.0271324
-0.0234779
-0.022109
-0.0184403
-0.0170709
-0.0130206
-0.00823677
-0.0103816
-0.0157139
-0.0143285
-0.0207634
-0.0193521
-0.0257776
-0.0243912
-0.00587548
-0.0166903
-0.0179429
-0.0187587
-0.0194333
-0.0198733
-0.0202916
-0.0207338
-0.0212537
-0.0217189
-0.022145
-0.0226082
-0.0150732
-0.0135431
-0.0121164
-0.0108261
-0.00973213
-0.00892526
-0.00852235
-0.0086528
-0.00944284
-0.0109873
-0.0133309
-0.0164389
-0.0201925
-0.0244047
-0.028821
-0.0331553
-0.0371095
-0.0404022
-0.0427802
-0.0440392
-0.0440264
-0.0426414
-0.0398477
-0.0356608
-0.0301853
-0.0236182
-0.016295
-0.00868443
-0.0229471
-0.0215878
-0.0179036
-0.0165299
-0.0129069
-0.0115601
-0.00775445
-0.00335
-0.0052093
-0.0102325
-0.00887832
-0.0151857
-0.0137807
-0.020202
-0.0187961
-0.00143045
-0.0152411
-0.0163974
-0.0171535
-0.0177773
-0.0181856
-0.018575
-0.0189868
-0.0194683
-0.0199016
-0.0203
-0.0207331
-0.0137478
-0.0123344
-0.0110127
-0.00980816
-0.00877281
-0.00798446
-0.00754267
-0.00756222
-0.00816203
-0.00944307
-0.0114573
-0.0141942
-0.017564
-0.0214032
-0.0254832
-0.0295362
-0.0332711
-0.0364012
-0.0386581
-0.0398145
-0.0396931
-0.0381775
-0.0352202
-0.0308663
-0.0252522
-0.0186476
-0.0114534
-0.00422707
-0.0173389
-0.0159775
-0.0123505
-0.0109949
-0.00751876
-0.00632116
-0.00273153
0.00101376
-0.000504719
-0.00391409
-0.00967672
-0.00830301
-0.014597
-0.0131986
0.00235361
-0.0139021
-0.0149669
-0.015666
-0.0162413
-0.0166192
-0.0169808
-0.0173631
-0.0178078
-0.0182102
-0.0185816
-0.0189852
-0.0125272
-0.0112246
-0.0100017
-0.00888019
-0.00790605
-0.00714211
-0.0066717
-0.00659705
-0.00702808
-0.00806295
-0.00976416
-0.012137
-0.015115
-0.0185596
-0.022273
-0.0260034
-0.0294727
-0.0323933
-0.0344858
-0.0355059
-0.0352566
-0.0336084
-0.0305213
-0.0260591
-0.0204104
-0.0139104
-0.00703245
-0.000390538
-0.0117654
-0.0104266
-0.00687589
-0.00521144
-0.00166042
0.00168733
0.00467535
0.00359303
0.000540056
-0.00265369
-0.00390807
-0.00908175
-0.00773449
0.00529832
-0.0126676
-0.0136461
-0.014291
-0.0148201
-0.0151689
-0.0155038
-0.015858
-0.0162675
-0.0166401
-0.0169854
-0.0173607
-0.0114048
-0.0102059
-0.00907528
-0.00803593
-0.00712382
-0.0063895
-0.00590181
-0.0057497
-0.00603445
-0.00684887
-0.00825633
-0.010276
-0.0128614
-0.0159033
-0.0192256
-0.0226013
-0.025766
-0.0284365
-0.0303284
-0.0311849
-0.0307967
-0.0290312
-0.0258569
-0.0213654
-0.0158057
-0.00956552
-0.00319393
0.00265658
-0.00639638
-0.00514485
-0.00140678
-0.000265928
0.00266041
0.00542103
0.00744904
0.00691434
0.00455995
0.00191713
0.000835689
0.00712642
-0.0115311
-0.012429
-0.0130225
-0.0135082
-0.0138293
-0.0141389
-0.0144661
-0.0148422
-0.0151865
-0.0155067
-0.0158546
-0.0103736
-0.00927016
-0.00822739
-0.00726873
-0.00642007
-0.00571872
-0.00522374
-0.00501365
-0.00517516
-0.00579303
-0.00693148
-0.00861537
-0.01082
-0.0134548
-0.0163739
-0.0193725
-0.0222038
-0.0245929
-0.026257
-0.026934
-0.0264089
-0.0245508
-0.0213438
-0.016917
-0.011575
-0.0057713
-9.39554e-05
0.00460994
0.00303414
0.00400644
0.00630764
0.00828425
0.0090915
0.00925883
0.00778469
0.0058338
0.00493664
0.00794413
-0.0104851
-0.0113093
-0.0118545
-0.0122997
-0.0125947
-0.0128802
-0.013182
-0.0135265
-0.0138437
-0.01414
-0.0144619
-0.00942691
-0.00841059
-0.00745424
-0.00657523
-0.00578675
-0.00512218
-0.0046318
-0.0043795
-0.00444009
-0.004888
-0.00578301
-0.00715563
-0.00899415
-0.0112314
-0.0137455
-0.0163556
-0.0188368
-0.0209256
-0.0223468
-0.0228388
-0.0221866
-0.0202701
-0.017094
-0.0128435
-0.00786038
-0.00265785
0.00196834
0.00572111
0.00675022
0.00751681
0.00904774
0.0100476
0.00955824
0.0103873
0.00999291
0.00889376
0.00823563
0.00605203
-0.00952744
-0.0102787
-0.0107796
-0.0111884
-0.0114588
-0.0117217
-0.0119995
-0.0123145
-0.0126062
-0.0128798
-0.013177
-0.00856153
-0.00762512
-0.00675441
-0.00594713
-0.00521817
-0.00459482
-0.00411712
-0.00383775
-0.00381809
-0.00412083
-0.00480026
-0.00588857
-0.00738637
-0.00924205
-0.0113601
-0.0135847
-0.0157115
-0.0174943
-0.0186692
-0.0189812
-0.0182243
-0.0162907
-0.0132309
-0.00924957
-0.00477394
-0.000487175
0.00333571
0.00387488
0.00955228
0.0100587
0.0106624
0.0105664
0.00784649
0.0101957
0.0109684
0.0108812
0.0105151
0.00693001
-0.00867583
-0.00932407
-0.00978804
-0.0101675
-0.0104144
-0.0106567
-0.010912
-0.0112
-0.0114676
-0.0117198
-0.0119937
-0.00776143
-0.00691404
-0.00611837
-0.00537937
-0.00470947
-0.00412971
-0.00367212
-0.00337806
-0.00329577
-0.00347725
-0.0039692
-0.00480415
-0.00598847
-0.00749009
-0.00923311
-0.0110849
-0.0128661
-0.0143506
-0.0152883
-0.0154366
-0.0146009
-0.0127094
-0.00982319
-0.00625016
-0.00249876
0.00107393
0.00184532
0.00626717
0.0112263
0.0114252
0.0109638
0.00952847
0.00690465
0.00797412
0.0105226
0.0116083
0.0115649
-0.00785607
-0.00851352
-0.00888666
-0.00921881
-0.00944747
-0.00967636
-0.00991183
-0.0101764
-0.0104211
-0.0106536
-0.0109059
-0.00703474
-0.00626636
-0.00554144
-0.00486776
-0.00425553
-0.00372097
-0.00328846
-0.00298883
-0.00285962
-0.0029408
-0.00327282
-0.00388466
-0.00479128
-0.00597103
-0.00736689
-0.00887262
-0.0103311
-0.0115355
-0.0122555
-0.012261
-0.0113896
-0.00956859
-0.00697507
-0.00389613
-0.000828579
0.000218842
0.00516367
0.011608
0.0114468
0.00985202
0.00709751
0.00445196
0.00873895
0.0107455
0.0111811
-0.0071062
-0.00766468
-0.00807452
-0.00846386
-0.0085797
-0.00875952
-0.00897548
-0.00922447
-0.0094546
-0.00967337
-0.00990658
-0.00637481
-0.00567776
-0.00501959
-0.00440782
-0.00385128
-0.00336208
-0.00295741
-0.0026593
-0.00249453
-0.00249449
-0.00269182
-0.00311395
-0.00377781
-0.00467324
-0.00576175
-0.00695775
-0.00812363
-0.0090777
-0.00960339
-0.00950172
-0.00860271
-0.00695886
-0.00461753
-0.00222464
-0.000837276
0.00364908
0.0102142
0.0092234
0.00671361
0.00385938
0.00731454
0.00990171
-0.00643885
-0.00694952
-0.00730091
-0.00757264
-0.00776387
-0.00794327
-0.00815306
-0.00860031
-0.00847634
-0.00871288
-0.00896101
-0.00577629
-0.00514458
-0.00454854
-0.00399496
-0.00349159
-0.0030467
-0.00267038
-0.00237762
-0.00218686
-0.00212154
-0.00220784
-0.00247061
-0.00293023
-0.00358495
-0.00440931
-0.0053363
-0.00625011
-0.00698677
-0.00735692
-0.00715107
-0.00632429
-0.00470971
-0.00305799
-0.00130602
0.00179462
0.00681423
0.00604442
0.00216582
0.00530245
0.00730426
0.0107247
-0.00583455
-0.00629806
-0.00661876
-0.00686963
-0.00704347
-0.00721035
-0.00739344
-0.00757633
-0.00775491
-0.00791176
-0.00803422
-0.00874895
-0.0052336
-0.00466196
-0.00412371
-0.00362473
-0.00317141
-0.00276756
-0.00241877
-0.00213301
-0.00192288
-0.00180521
-0.00180221
-0.00193647
-0.00222952
-0.00268693
-0.00329346
-0.00399887
-0.00470443
-0.0052667
-0.00549068
-0.00527353
-0.00430811
-0.00335928
-0.00129992
-0.000241302
0.00677581
0.00606749
0.00201551
0.00516293
-0.00528572
-0.00570385
-0.00599534
-0.00622182
-0.00637976
-0.00653464
-0.00670067
-0.00687186
-0.00704406
-0.0072088
-0.00738848
-0.00757943
-0.00775677
-0.00793108
-0.00804387
-0.00474197
-0.00422568
-0.00374082
-0.00329249
-0.00288452
-0.0025181
-0.00219373
-0.00191517
-0.00169022
-0.00153198
-0.00145906
-0.00149303
-0.00165595
-0.00195919
-0.00239633
-0.00292906
-0.00347321
-0.0038831
-0.00404683
-0.00360023
-0.00323641
-0.00102475
-0.00219813
-0.0047874
-0.00516391
-0.00542844
-0.0056323
-0.0057754
-0.00591655
-0.00606686
-0.00622152
-0.00637868
-0.00653098
-0.00669573
-0.00686976
-0.0070393
-0.00721013
-0.00738668
-0.00429615
-0.00383075
-0.00339506
-0.00299285
-0.00262526
-0.00229119
-0.00198765
-0.00171513
-0.0014788
-0.00128961
-0.00116452
-0.00112398
-0.00119192
-0.00138324
-0.00169713
-0.00210566
-0.00252268
-0.00285863
-0.00277743
-0.00283373
-0.000692333
-0.00378381
-0.00433523
-0.00467392
-0.004914
-0.00509733
-0.00522695
-0.0053552
-0.00549146
-0.00563065
-0.00577317
-0.00591182
-0.00606125
-0.00621797
-0.00637272
-0.00652931
-0.00669149
-0.00389222
-0.00347317
-0.00308177
-0.00272043
-0.00238787
-0.00208054
-0.00179365
-0.0015255
-0.00128073
-0.00106933
-0.000908097
-0.000817691
-0.000822519
-0.000940496
-0.00117654
-0.00149964
-0.00185659
-0.00199039
-0.0022995
-0.000458022
-0.00476653
-0.00392467
-0.00422949
-0.00444744
-0.00461205
-0.00472957
-0.00484602
-0.00496967
-0.00509478
-0.00522394
-0.00534991
-0.00548543
-0.00562633
-0.00576675
-0.00590901
-0.00605627
-0.003525
-0.00314781
-0.00279602
-0.00247012
-0.00216701
-0.00188072
-0.00160635
-0.00134141
-0.00109085
-0.000865643
-0.000682778
-0.000563905
-0.000535178
-0.000616957
-0.000811519
-0.00110358
-0.00133086
-0.00175049
-0.00037288
-0.00505661
-0.00355148
-0.0038261
-0.00402418
-0.00417205
-0.0042786
-0.00438422
-0.00449653
-0.00460878
-0.00472589
-0.00484031
-0.00496328
-0.00508993
-0.00521727
-0.0053464
-0.00548001
-0.00319103
-0.00285109
-0.00253363
-0.00223754
-0.00195791
-0.00168789
-0.00142247
-0.0011604
-0.000907208
-0.000675752
-0.000484704
-0.000358168
-0.000322982
-0.000398793
-0.000593603
-0.000830531
-0.00126053
-0.000397608
-0.00473485
-0.00321129
-0.00345921
-0.00363964
-0.00377282
-0.00386959
-0.00396543
-0.00406751
-0.00416823
-0.00427433
-0.00437819
-0.0044898
-0.00460358
-0.00471906
-0.00483629
-0.00495754
-0.00288552
-0.00257849
-0.00229065
-0.00201897
-0.0017575
-0.00149982
-0.00124112
-0.000982188
-0.000729738
-0.000499928
-0.000314529
-0.000199186
-0.00018059
-0.000280618
-0.000477433
-0.000859421
-0.000456988
-0.00400972
-0.00290056
-0.0031245
-0.00328937
-0.00340956
-0.00349776
-0.00358492
-0.00367795
-0.00376857
-0.00386483
-0.00395915
-0.00406049
-0.00416272
-0.00426739
-0.00437378
-0.00448383
-0.00260597
-0.00232751
-0.00206425
-0.00181199
-0.00156443
-0.00131584
-0.00106276
-0.000807927
-0.000561443
-0.000342267
-0.000175412
-8.79275e-05
-0.000107142
-0.000243368
-0.000550859
-0.000487175
-0.00312628
-0.00261584
-0.00281845
-0.00296939
-0.00307785
-0.00315864
-0.00323817
-0.00332316
-0.00340488
-0.00349255
-0.00357847
-0.0036707
-0.00376275
-0.00385777
-0.00395439
-0.00405431
-0.00234855
-0.00209484
-0.00185219
-0.00161554
-0.00137875
-0.00113709
-0.000889806
-0.000641955
-0.000407515
-0.000208254
-7.22801e-05
-2.80252e-05
-9.90971e-05
-0.00032662
-0.000463142
-0.00228083
-0.0023547
-0.00253811
-0.00267652
-0.00277436
-0.00284833
-0.00292104
-0.00299903
-0.00307266
-0.00315275
-0.0032314
-0.0033157
-0.00339875
-0.00348533
-0.00357337
-0.00366429
-0.00211195
-0.00187936
-0.00165366
-0.00142958
-0.00120115
-0.000965382
-0.000724977
-0.000488765
-0.000273989
-0.000104743
-1.15114e-05
-2.27727e-05
-0.000174399
-0.000396462
-0.00158333
-0.00211475
-0.00228095
-0.00240812
-0.0024964
-0.0025642
-0.00263071
-0.00270231
-0.00276855
-0.00284187
-0.00291384
-0.00299117
-0.00306617
-0.0031454
-0.00322592
-0.00330901
-0.00189336
-0.00167919
-0.00146832
-0.00125449
-0.00103294
-0.000803921
-0.000573689
-0.000354958
-0.000167704
-3.84143e-05
1.57681e-06
-8.43585e-05
-0.000315772
-0.00106588
-0.00189445
-0.00204484
-0.00216192
-0.00224138
-0.00230363
-0.00236459
-0.00243042
-0.00248999
-0.00255708
-0.00262303
-0.00269397
-0.00276163
-0.0028342
-0.002908
-0.00298419
-0.0016923
-0.00149455
-0.00129585
-0.00109052
-0.000876083
-0.000656013
-0.000440185
-0.000245523
-9.44027e-05
-1.42268e-05
-4.56777e-05
-0.000246605
-0.000710658
-0.00169121
-0.0018282
-0.00193619
-0.00200721
-0.0020645
-0.00212043
-0.00218106
-0.00223442
-0.00229593
-0.00235646
-0.00242157
-0.00248251
-0.00254899
-0.00261666
-0.00268657
-0.00150697
-0.00132385
-0.00113582
-0.00093857
-0.000732529
-0.000524748
-0.000329217
-0.000165696
-5.71387e-05
-4.4402e-05
-0.000201256
-0.000479686
-0.00150561
-0.00162947
-0.00172846
-0.00179289
-0.00184542
-0.00189654
-0.00195239
-0.00199982
-0.00205629
-0.00211187
-0.0021717
-0.00222642
-0.0022874
-0.0023495
-0.00241365
-0.00133825
-0.00116724
-0.000988232
-0.000799183
-0.000603748
-0.000412723
-0.000243237
-0.000115724
-6.75716e-05
-0.000177504
-0.00033786
-0.00133739
-0.00144678
-0.00155424
-0.00160309
-0.00164709
-0.00169241
-0.00174339
-0.00178538
-0.00183694
-0.00188774
-0.00194264
-0.00199154
-0.00204746
-0.00210444
-0.00216332
-0.00118306
-0.00102266
-0.000852391
-0.000672629
-0.000490772
-0.0003209
-0.000181331
-0.000107228
-0.000174523
-0.00027329
-0.00118433
-0.0012832
-0.00136503
-0.00141975
-0.00162298
-0.00157886
-0.00158328
-0.00163438
-0.00168253
-0.00173328
-0.00177738
-0.00182818
-0.00188014
-0.00193404
-0.00104161
-0.000890017
-0.000727715
-0.000558603
-0.000393149
-0.00024725
-0.000154073
-0.000183687
-0.000240978
-0.00104478
-0.00113561
-0.00121034
-0.00126964
-0.00134711
-0.001402
-0.00133344
-0.00144484
-0.00151337
-0.00158416
-0.00162974
-0.00167681
-0.0017255
-0.000910749
-0.000766666
-0.000612811
-0.000455707
-0.000308425
-0.000201637
-0.000198705
-0.000217173
-0.000916693
-0.00100142
-0.00107028
-0.00112432
-0.00119616
-0.00124026
-0.00127964
-0.00135963
-0.00131757
-0.00145992
-0.00153612
-0.000789598
-0.000651726
-0.000505729
-0.0003612
-0.000245481
-0.000215474
-0.000199728
-0.000797526
-0.000878553
-0.000942453
-0.000992043
-0.00105769
-0.00109627
-0.0011321
-0.00120348
-0.00116564
-0.000674786
-0.000541741
-0.000403424
-0.000282853
-0.000231081
-0.000186868
-0.000684933
-0.000764541
-0.000824602
-0.000871513
-0.000931756
-0.000966753
-0.000999286
-0.00106379
-0.00102953
-0.000564461
-0.000434437
-0.000312327
-0.000243608
-0.000176598
-0.000575755
-0.0006566
-0.000714126
-0.000760242
-0.000816336
-0.000849523
-0.00087924
-0.00093786
-0.000906773
-0.000454446
-0.000333479
-0.000251947
-0.000167369
-0.000466735
-0.000551719
-0.000608126
-0.000655308
-0.000708681
-0.000741679
-0.000769302
-0.000823395
-0.000794806
-0.000347547
-0.000255809
-0.000158174
-0.00035716
-0.000446346
-0.000503397
-0.00055367
-0.000605826
-0.000640108
-0.000666409
-0.000717437
-0.000690627
-0.000255692
-0.000148487
-0.000253725
-0.000336638
-0.000396515
-0.00045192
-0.000504555
-0.000541748
-0.000567526
-0.00061698
-0.000591191
-0.000138531
-0.000129259
-0.000219899
-0.00028425
-0.000345705
-0.000401272
-0.000443375
-0.00046946
-0.000518875
-0.00049327
-8.05383e-05
-0.000161363
-0.000227821
-0.000290566
-0.00034113
-0.000368767
-0.000420047
-0.000393621
-8.76495e-05
-0.000163916
-0.000226681
-0.000259198
-0.000316245
-0.000287216
-6.2304e-05
-0.000118148
-0.000195277
-0.00015444
)
;

boundaryField
{
    inlet
    {
        type            zeroGradient;
    }
    outlet
    {
        type            fixedValue;
        value           uniform 0;
    }
    wall
    {
        type            zeroGradient;
    }
    front
    {
        type            empty;
    }
    back
    {
        type            empty;
    }
    vanem
    {
        type            zeroGradient;
    }
    vaneu
    {
        type            zeroGradient;
    }
    vanel
    {
        type            zeroGradient;
    }
    procBoundary3to2
    {
        type            processor;
        value           nonuniform List<scalar> 
58
(
-0.0504423
-0.0501733
-0.0499751
-0.0500135
-0.0505174
-0.05175
-0.0539281
-0.0571393
-0.0613048
-0.0662099
-0.0715703
-0.0770839
-0.0824329
-0.0872939
-0.091382
-0.0945199
-0.0966953
-0.0980427
-0.0987748
-0.0991026
-0.0991916
-0.0991539
-0.0990567
-0.0989358
-0.0988054
-0.09867
-0.0985284
-0.0983771
-0.0982113
-0.0980355
-0.00731364
-0.00718915
-0.00704847
-0.00690206
-0.0067743
-0.00667918
-0.0066219
-0.00659869
-0.00660432
-0.00663187
-0.00666937
-0.0067146
-0.00674182
-0.048618
-0.0972173
-0.0972173
-0.0972173
-0.00739479
-0.00745228
-0.04978
-0.0486132
-0.0972012
-0.00739479
-0.00739205
-0.0486132
-0.00751239
-0.0972629
-0.00746078
)
;
    }
}


// ************************************************************************* //
