/*--------------------------------*- C++ -*----------------------------------*\
| =========                 |                                                 |
| \\      /  F ield         | OpenFOAM: The Open Source CFD Toolbox           |
|  \\    /   O peration     | Version:  v1912                                 |
|   \\  /    A nd           | Website:  www.openfoam.com                      |
|    \\/     M anipulation  |                                                 |
\*---------------------------------------------------------------------------*/
FoamFile
{
    version     2.0;
    format      ascii;
    class       faceSet;
    location    "constant/polyMesh/sets";
    object      wrongFaces;
}
// * * * * * * * * * * * * * * * * * * * * * * * * * * * * * * * * * * * * * //


6488
(
8195
8196
8197
8198
16392
8200
16393
8201
16394
8202
16395
8203
16397
16398
16399
16400
8212
8213
16406
8214
16407
8215
16408
16409
16412
16413
16414
16415
8224
8225
8226
8227
8229
8230
8231
16424
8232
16425
16426
16427
16429
16430
16431
16432
8241
8242
8243
8244
16438
16439
16440
16441
16444
16445
8253
16446
8254
16447
8255
8256
8258
8259
8260
8261
16456
16457
16458
16459
16461
16462
8270
16463
8271
16464
8272
8273
16470
16471
16472
16473
8282
16475
8283
16476
8284
16477
8285
16478
8287
8288
8289
8290
16486
16487
16488
16489
16490
16491
8299
16492
8300
16493
8301
8302
16501
16502
16503
8311
8312
8313
8314
8316
8317
8318
8319
16512
16513
16514
8328
8329
16522
8330
16523
8331
16524
8340
16533
8341
16534
8342
16535
8343
8345
8346
8347
8348
8357
8358
8359
8360
8369
8370
8371
8372
8374
8375
8376
8377
8386
8387
8388
8389
203
204
205
206
8398
8399
208
8400
209
8401
210
211
8403
8404
213
8405
214
8406
215
216
8415
8416
8417
8418
8427
8428
8429
8430
8432
8433
8434
8435
8444
8445
8446
8447
8456
8457
8458
8459
8461
8462
8463
8464
8473
8474
8475
8476
8485
8486
8487
8488
8490
8491
8492
8493
308
309
310
8502
311
8503
312
8504
313
8505
314
315
8514
8515
8516
8517
8519
328
8520
329
8521
330
8522
331
332
333
334
335
337
338
339
8531
340
8532
8533
342
8534
343
344
345
347
348
349
350
8543
352
8544
353
8545
354
8546
355
8548
357
8549
358
8550
359
8551
360
362
363
364
365
367
368
8560
369
8561
370
8562
8563
372
373
374
375
377
378
379
380
8572
8573
382
8574
383
8575
384
385
8577
8578
387
8579
388
8580
389
390
392
393
394
395
8589
8590
8591
8592
8601
8602
8603
8604
8606
8607
8608
8609
8618
8619
8620
8621
8630
8631
8632
8633
8635
8636
8637
8638
8647
8648
8649
8650
459
460
461
462
463
464
465
466
8659
8660
8661
8662
8664
8665
8666
8667
8676
8677
8678
8679
8688
8689
8690
8691
8693
8694
8695
8696
8705
8706
8707
8708
8717
8718
8719
8720
8722
8723
8724
8725
538
539
540
541
542
8734
543
8735
544
8736
545
8737
547
548
549
550
552
553
554
8746
555
8747
8748
557
8749
558
559
8751
560
8752
8753
562
8754
563
16948
564
16949
565
16950
16955
8763
16956
8764
16957
8765
8766
16963
16964
16965
8775
8776
16969
8777
16970
8778
16971
8780
8781
8782
8783
8792
8793
8794
8795
8803
8804
8805
8806
8807
8808
8809
8810
8817
8821
8827
8828
8829
8830
8831
8832
8833
8834
8836
8841
728
729
730
731
732
733
734
735
737
738
739
740
742
743
744
745
747
748
749
750
752
753
754
755
757
758
759
760
762
763
764
765
767
768
769
770
772
773
774
775
777
778
779
780
782
783
784
785
787
17172
788
17173
789
17174
790
8983
792
8984
793
8985
794
795
797
17182
798
8990
17183
799
17184
800
8992
8993
802
8994
17187
803
17188
804
17189
805
807
808
9000
809
810
9002
9003
17196
812
9004
17197
813
17198
814
815
9008
817
818
9010
819
9011
820
9012
17206
822
17207
823
17208
824
825
17211
827
17212
828
17213
829
830
9023
832
9024
833
9025
834
835
17220
17221
837
17222
838
9030
839
840
9032
9033
842
9034
843
844
845
17230
17231
847
9039
17232
848
9040
849
9041
850
9042
17235
17236
852
17237
853
854
9046
855
9048
857
9049
858
9050
859
17244
860
17245
861
17246
862
863
864
17253
17254
17255
17258
17259
17260
17265
17266
17267
17274
17275
17276
9084
17279
17280
17281
9091
17286
17287
17288
9097
9100
17295
17296
912
9104
17297
913
914
915
17300
17301
17302
9110
920
921
9113
922
923
9117
17312
928
17313
929
17314
930
931
9124
936
9128
937
938
939
9133
944
945
946
947
9141
952
953
9145
954
955
9150
960
961
962
963
9158
968
969
970
9162
971
9167
976
977
978
979
9175
984
985
986
987
9179
992
9184
993
994
995
1000
9192
1001
1002
1003
9196
1008
1009
9201
1010
1011
1016
1017
9209
1018
1019
9213
1024
1025
1026
9218
1027
1031
1032
1033
1034
9226
1038
9230
17423
1039
17424
1040
17425
1041
9235
1045
1046
1047
1048
17433
17434
17435
9243
1052
1053
17438
1054
17439
1055
9247
17440
1059
1060
9252
1061
1062
17447
17448
17449
1066
1067
1068
9260
1069
9264
17457
1073
17458
1074
17459
1075
1076
9269
17462
17463
17464
1080
1081
1082
1083
17471
1087
9279
17472
1088
9280
17473
1089
9281
1090
9282
9283
9284
9285
1094
9286
1095
9287
17480
1096
17481
1097
17482
17484
17485
1101
9293
17486
1102
9294
1103
9295
1104
9296
9297
9298
9299
1108
9300
1109
1110
1111
9303
9304
9305
9306
1115
1116
1117
9309
1118
9310
9311
9312
1122
9314
1123
9315
1124
9316
1125
9317
9319
9320
1129
9321
17514
1130
9322
17515
1131
17516
1132
9325
9326
9327
1136
9328
1137
1138
1139
9331
17524
9332
17525
9333
17526
9334
1143
1144
9336
17529
1145
9337
17530
1146
9338
17531
9339
9341
1150
9342
1151
9343
1152
9344
1153
17538
17539
9347
17540
9348
1157
9349
1158
9350
1159
1160
9353
9354
17547
9355
17548
1164
9356
17549
1165
1166
9358
17551
1167
9359
17552
9360
17553
9361
1171
9363
1172
9364
1173
9365
1174
9366
1178
1179
17564
1180
9372
17565
1181
9373
17566
9374
17567
9375
17568
17569
1185
1186
9378
1187
9379
1188
9380
9381
1192
1193
17578
1194
17579
1195
17580
17581
17582
9390
17583
1199
9391
1200
9392
1201
9393
1202
9395
9396
17589
9397
17590
1206
9398
17591
1207
1208
1209
17594
17595
17596
9404
9405
9406
9407
9410
9411
17604
9412
17605
9413
17606
1222
1223
17608
1224
17609
1225
17610
1226
1227
1228
1229
1230
9422
9423
17616
9424
17617
9425
17618
1234
9427
9428
17621
9429
17622
1238
9430
17623
1242
9436
9437
1246
9438
17631
9439
17632
17633
1250
9442
17635
9443
17636
9444
17637
9445
17643
17644
17645
9454
9455
17648
9456
17649
9457
17650
9459
9460
9461
9462
17658
17659
17660
9468
9469
17662
9470
17663
9471
17664
9474
9475
9476
9477
17670
17671
17672
17675
17676
17677
9486
9487
9488
9489
9491
9492
17685
9493
17686
9494
17687
17689
17690
17691
9500
9501
9502
9503
17696
17697
17698
9506
9507
9508
17701
9509
17702
17703
1320
17709
17710
9518
17711
9519
9520
17713
9521
17714
17715
9523
9524
9525
1334
9526
17720
17721
17722
9532
17725
9533
17726
9534
17727
9535
9537
9538
9539
9540
17733
17734
17735
17737
17738
17739
9548
9549
9550
9551
17744
9552
17745
9553
17746
9554
9555
9556
17749
17750
17751
9560
1370
9564
17757
9565
17758
17759
17761
17762
17763
17768
17769
17770
17773
17774
17775
17781
17782
17783
17785
9593
17786
17787
1403
9596
17792
1408
9600
17793
1409
17794
1410
1411
17797
17798
9606
17799
1416
1417
1418
9610
1419
17805
17806
9614
17807
1424
17809
1425
17810
1426
17811
1427
9622
17816
1432
17817
1433
17818
1434
9626
1435
9631
17824
1440
17825
1441
17826
1442
1443
9639
1448
1449
17834
1450
17835
1451
9643
17836
1456
9648
1457
1458
1459
17845
17846
17847
1464
9656
1465
1466
1467
9660
1472
1473
9665
1474
1475
1480
9672
1481
9673
1482
1483
9677
1488
1489
9681
1490
9682
1491
1496
9688
1497
9689
1498
9690
9691
9692
1501
9693
1502
9694
1503
1504
1505
9697
1506
9698
1507
9699
1508
9700
9702
1511
9703
1512
9704
1513
9705
1514
9706
9707
9708
1517
1518
9710
1519
9711
1520
9712
9713
1523
1524
9716
1525
9717
1526
9718
9719
1529
1530
9722
1531
9723
1532
9724
9725
1535
9727
1536
9728
1537
9729
1538
9730
9732
1541
9733
1542
9734
1543
9735
1544
1547
1548
1549
9741
1550
9742
9743
1552
9744
1553
1554
1555
9747
1556
9748
9749
1558
9750
1559
1560
1561
1562
1563
1564
9759
9760
1569
9761
9762
1572
9764
1573
9765
1574
9766
1575
9767
1576
1577
1578
9773
9774
9775
9776
9779
9780
9781
9782
1596
1597
9791
9792
1601
9793
1602
9794
1603
1604
9796
1605
9797
1606
9798
1607
9799
1612
1613
9805
1614
9806
1615
9807
9808
9811
1620
9812
1621
9813
1622
9814
1623
1628
1629
1630
1631
9823
9824
9825
9826
1636
9828
1637
9829
1638
9830
1639
9831
1644
1645
9837
1646
9838
9839
9840
1649
1650
1651
9843
1652
9844
1653
9845
1654
9846
1655
1656
1659
1660
1661
1662
9855
9856
1665
9857
1666
9858
1667
1668
9860
9861
9862
1671
9863
1672
1673
1674
1677
9869
1678
9870
1679
9871
1680
9872
1681
1683
9875
1684
9876
1685
9877
1686
9878
1687
1688
1689
9888
9889
9890
9891
9894
9895
9896
9897
9904
9905
9906
9907
9910
9911
9912
9913
9923
9924
9925
9926
9929
9930
9931
9932
9936
9937
1746
9938
1747
9939
1748
9940
1749
9941
1750
9942
1751
1752
1753
9945
9946
9947
1756
9948
1757
1758
1759
1762
1763
1764
1765
9957
9958
9959
1768
9960
1769
9961
1770
9962
1771
9963
9965
9966
9967
9968
9974
9975
9976
1789
1791
1792
9984
1793
9985
9986
9989
9990
9991
1803
1806
9998
1807
9999
1808
10000
1809
1810
1811
1812
10008
18201
10009
18202
1818
10010
18203
1819
10013
10014
1823
10015
18208
1824
18209
1825
18210
1826
1827
1828
1829
18214
10022
18215
10023
18216
10024
1834
1835
18220
1836
18221
1837
18222
10032
10033
1842
10034
1843
1844
1845
10037
10038
10039
1850
1851
1852
10046
1855
10047
1856
10048
1857
1858
1859
1860
18245
1861
18246
1862
18247
10056
1865
10057
1866
10058
1867
18252
1868
18253
1869
10061
18254
10062
1871
10063
1872
1873
18258
1874
18259
1875
18260
1876
1877
10070
10071
18264
10072
18265
18266
10080
10081
10082
10085
10086
10087
10096
18289
10097
18290
10098
18291
10099
10100
10101
10102
10103
10106
18299
10107
18300
10108
18301
10109
10110
1919
10111
1920
10112
1921
1922
10117
10118
10119
10120
10121
10122
10123
10124
1935
1936
1937
10129
1938
1941
1942
1943
1944
1947
1948
1949
1950
10144
1953
1954
1955
10147
1956
1959
10151
1960
1961
1962
1965
1966
10158
1967
1968
10162
1971
1972
1973
1974
10167
1977
1978
1979
1980
1983
10175
1984
1985
1986
10179
1989
1990
1991
1992
10184
1995
1996
1997
1998
10191
10192
10196
10200
10201
10207
10208
10209
10210
10211
10212
10213
10216
10217
2026
10218
10219
2028
2029
10221
2030
10222
2031
10223
2032
10224
2033
10225
2034
10226
10227
10229
10230
10231
10232
10238
10239
10240
10241
10244
10245
10246
10247
10256
10257
10258
10259
10261
10262
10263
2071
10264
2072
2073
2074
10270
10271
2079
10272
10273
2081
2082
2083
10276
2084
10277
2085
10278
2086
10279
2087
10288
10289
10290
10291
10293
10294
10295
10296
2104
2105
2106
2107
2108
2109
10302
2110
10303
2111
10304
10305
2114
2115
10308
2116
10309
2117
10310
10311
2120
2121
2122
2123
2126
2127
2128
10321
2129
10322
10323
10324
10327
10328
10329
10330
10337
10338
10339
10340
10343
10344
10345
10346
10351
10356
10357
10358
10359
10362
10363
10364
10365
10369
10370
10371
10379
10380
10381
10382
10383
2191
10384
2193
2194
10387
2195
10388
10389
10396
10397
10398
10406
10407
10408
10411
10412
10413
10420
10421
10422
2232
2233
2234
2235
10430
10431
10432
10435
10436
2244
10437
2245
2246
2247
2250
2251
2252
2253
2256
2257
10450
2258
10451
2259
10452
10453
10456
10457
10458
10459
10460
10461
10462
10472
10473
10474
10475
10482
10483
10484
10485
10488
10489
10490
10491
10496
10501
10502
10503
10504
10507
10508
10509
10510
10514
10515
10516
2331
10524
10525
2333
10526
2334
10527
2335
10528
2336
10529
2337
2338
2339
10532
10533
10534
2346
2347
2348
10541
2349
10542
2350
10543
2351
2352
2353
2356
2357
2358
10551
2359
10552
10553
2362
2363
18748
10556
2364
18749
10557
2365
18750
10558
18751
18752
2368
18753
2369
2370
2371
10564
10565
10566
2374
10567
2375
2376
10569
2377
18763
18764
18765
18766
10574
18767
10575
18768
10576
10577
10580
10581
10582
10583
10585
10589
10590
10591
10592
10595
10596
10597
10598
10601
10602
10603
10604
10607
10608
10609
10610
10616
10617
10618
10619
10621
10622
10623
10624
10630
10631
10632
10633
10642
10643
10644
10645
10647
10648
10649
10650
10659
2467
10660
2468
10661
2469
10662
2470
10671
10672
10673
10674
10676
10677
10678
10679
10688
10689
10690
10691
10700
10701
10702
10703
10705
10706
10707
10708
10717
10718
10719
10720
10731
10732
10733
10734
10737
10738
10739
10740
10751
10752
10753
10754
18956
18957
10765
18958
10766
10767
10768
10771
10772
10773
18966
10774
18967
18968
18971
18972
18973
10786
10787
18980
10788
18981
10789
18982
18990
18991
18992
10800
10801
10802
18995
10803
18996
18997
10806
10807
10808
10809
19004
19005
19006
19014
19015
19016
19019
19020
10828
19021
10829
10830
10831
10832
10833
10834
10835
19028
19029
10837
19030
10838
10839
10840
19038
19039
19040
10850
19043
10851
19044
10852
19045
10853
10854
10855
10856
10857
2666
2667
19052
2668
19053
2669
19054
10863
2671
10864
2672
10865
2673
2674
10868
19061
10869
19062
10870
19063
10871
19066
19067
19068
10879
10880
19073
10881
19074
10882
19075
10884
10885
10886
10887
19082
19083
19084
10893
10894
19087
10895
19088
19089
10898
10899
10900
10901
19094
19095
19096
10909
10910
19103
10911
19104
10912
19105
10914
10915
19108
10916
19109
10917
19110
19115
10923
19116
10924
19117
10925
10928
10929
10930
10931
19124
19125
19126
19129
19130
19131
10939
10940
10941
10942
19136
10944
19137
10945
19138
10946
10947
19145
10953
19146
10954
19147
10955
19150
10958
19151
10959
19152
10960
2768
10961
2770
2771
2772
10969
19162
10970
19163
10971
19164
10972
2781
10974
2782
10975
2783
10976
2784
10977
2785
2786
2787
19172
2788
19173
19174
10983
10984
19177
10985
19178
19179
10988
10989
10990
2798
10991
2799
2800
2801
19187
2803
19188
2804
19189
2805
2806
19191
10999
19192
11000
2808
19193
11001
2809
11002
2810
2811
11004
11005
2813
11006
2814
19199
11007
2815
19200
2816
19201
2818
19203
2819
19204
2820
19205
11013
2821
11014
11015
2823
2824
2825
11018
2826
11019
19212
11020
2828
19213
11021
2829
19214
2830
19215
2831
19216
19217
11029
11030
11031
11032
11034
11035
11036
11037
11043
11044
11045
11047
11049
11050
11051
11059
11060
11061
11062
11063
11065
11066
11067
11068
11072
11078
11079
11080
11081
11082
11083
11084
11085
11086
11091
2901
2902
2903
2904
2905
2906
2907
2908
19305
19306
19307
2924
2925
19310
2926
19311
2927
19312
2932
2934
2935
19320
2936
19321
19322
19324
19325
19326
19332
19333
19334
19337
19338
19339
19347
19348
19349
2965
2966
19351
2967
19352
2968
19353
2969
2970
2971
2972
2974
19359
2975
19360
2976
19361
2977
19363
2979
19364
2980
19365
2981
2982
2984
2985
2986
2987
19372
19373
2989
19374
11182
2990
19375
2991
19376
2992
19377
11186
2994
2995
19380
2996
19381
2997
19382
11191
2999
3000
3001
3002
11195
19388
3004
19389
3005
19390
3006
11199
3007
19396
11204
19397
19398
11208
19402
19403
19404
11212
11217
11221
11225
11230
11234
11238
11243
11247
11251
3059
3061
3062
3063
11256
11260
11264
11269
11273
3083
3084
11277
3085
3086
3087
3088
3089
11282
3090
3092
3093
11286
3094
3095
3097
11290
3098
3099
3100
3101
3102
11295
3103
3104
3105
3106
3107
3108
11301
11302
11303
11304
11305
11306
11307
11308
11309
11315
11316
11317
11318
11319
11320
11321
11322
11324
11325
11326
11327
11329
11330
11331
11332
11334
11335
11336
11337
11339
11340
11341
11342
11344
11345
11346
11347
11349
19542
11350
19543
11351
19544
11352
11354
19547
11355
19548
11356
19549
11357
11359
11360
11361
11362
19555
19556
11364
19557
11365
11366
19559
11367
19560
3176
19561
11369
3177
11370
3178
11371
3179
11372
3180
3181
19566
11374
3182
19567
11375
3183
19568
11376
11377
3185
3186
19571
11379
3187
19572
11380
3188
19573
11381
11382
3190
3191
11384
3192
11385
3193
11386
19579
11387
3195
19580
3196
19581
11389
3197
11390
3198
19583
11391
19584
11392
3200
19585
3201
11394
3202
11395
3203
11396
11397
3205
19590
3206
19591
11399
3207
19592
11400
3208
11401
11402
19595
19596
11404
19597
11405
11406
11407
11409
11410
19603
11411
19604
11412
19605
11414
19607
11415
19608
11416
19609
11417
19614
19615
19616
11426
19619
11427
19620
11428
19621
11429
11431
11432
11433
11434
19627
19628
19629
19631
19632
3248
19633
3250
11443
3251
11444
3252
11445
19638
11446
19639
19640
19643
19644
19645
11455
11456
11457
3265
11458
3266
19651
3267
19652
11460
3268
19653
11461
11462
19655
11463
19656
19657
3273
3274
3275
3276
19662
19663
19664
11472
11473
3281
11474
3282
19667
11475
3283
19668
3284
19669
3288
3289
3290
19675
3291
19676
11484
19677
11485
11486
19679
11487
3295
19680
3296
19681
11489
3297
11490
3298
11491
11492
19686
3302
19687
3303
19688
3304
3305
11501
3309
19694
11502
3310
19695
11503
3311
19696
11504
3312
3317
3318
3319
3320
11513
11514
11515
11516
3325
11518
3326
11519
3327
11520
3328
11521
3333
3334
3335
3336
11530
11531
11532
11533
11542
11543
11544
11545
11547
11548
11549
11550
11559
11560
11561
11562
11571
11572
11573
11574
11576
11577
11578
11579
11588
11589
11590
11591
11600
11601
11602
11603
11605
11606
11607
11608
3418
3419
3420
3421
3422
3423
3424
11617
3425
11618
11619
3427
11620
3428
3429
3430
3432
3433
3434
3435
11629
3437
11630
3438
11631
3439
11632
3440
11634
3442
11635
3443
11636
3444
11637
3445
3447
3448
3449
3450
3452
3453
11646
3454
11647
3455
11648
11649
3457
3458
3459
3460
3462
3463
3464
3465
11658
11659
3467
11660
3468
11661
3469
3470
11663
11664
3472
11665
3473
11666
3474
3475
3477
3478
3479
3480
3482
11675
3483
11676
3484
11677
3485
11678
3487
3488
3489
3490
3492
3493
3494
11687
3495
11688
11689
3497
11690
3498
3499
11692
3500
11693
11694
3502
11695
3503
3504
3505
3507
3508
3509
3510
11704
3512
11705
3513
11706
3514
11707
3515
3516
3517
3518
3519
3520
3522
3523
11716
3524
11717
11718
11719
11721
11722
11723
11724
3532
3533
3534
3535
3536
3537
3538
3539
11733
11734
11735
11736
3552
11745
11746
11747
11748
3556
11750
11751
11752
3560
11753
3564
3569
11762
11763
11764
11765
3574
3579
11774
11775
19968
11776
19969
11777
3585
19970
11779
11780
11781
11782
3590
3595
19980
19981
19982
11791
11792
3600
11793
11794
3605
11802
3610
11803
11804
11805
11806
11807
3615
11808
11809
3620
20007
20008
11816
20009
3625
11820
3630
11825
20019
20020
20021
11829
3637
3638
3639
3640
11833
3644
3645
11838
3646
3647
3651
11844
3652
11845
3653
11846
3654
11847
11848
11849
11850
3658
11851
3659
11852
3660
3661
11856
3665
3666
3667
3668
11862
11863
11864
3672
11865
3673
11866
3674
11867
3675
11868
11869
11870
3679
3680
3681
3682
3686
3687
3688
3689
3693
3694
3695
3696
3700
3701
3702
3703
3707
3708
3709
3710
3714
3715
3716
11909
3717
3721
3722
3723
11916
3724
3728
3729
11922
3730
3731
11925
3735
3736
11929
3737
3738
3742
11935
3743
3744
3745
11938
3749
11942
3750
3751
3752
11948
3756
3757
3758
3759
11952
3763
11956
3764
3765
3766
3770
3771
11964
3772
3773
3774
11968
3776
3777
3778
11973
3784
3788
11981
3790
3791
3792
11985
11990
3798
3802
3804
3805
11998
3806
12002
3812
12007
12015
12019
12024
12032
12036
12041
12049
12053
12058
3871
3873
12066
3874
3875
12070
12075
3885
12083
12087
12092
12100
12104
12109
3919
3924
12117
3925
3926
3927
12121
3932
3933
12126
3934
3935
3940
3941
12134
3942
3943
12138
3948
3949
3950
12143
3951
3956
3957
3958
12151
3959
12155
3964
3965
3966
3967
12160
3972
3973
3974
3975
12168
12172
3980
3981
3982
3983
12177
3988
3989
3990
3991
12187
12188
3996
12189
3997
12190
3998
12191
3999
12192
12193
12194
12195
4004
4005
4006
4007
12201
12202
12203
12204
4012
12205
4013
12206
4014
12207
4015
12208
12211
12212
4020
12213
4021
12214
4022
4023
12217
12218
12219
12220
4028
4029
12222
4030
12223
4031
12224
12225
12227
12228
4036
12229
4037
12230
4038
4039
12233
12234
12235
12236
4044
4045
4046
12239
4047
12240
12241
12242
12244
4052
12245
4053
12246
4054
12247
12249
4057
12250
4058
12251
4059
12252
4060
4061
4062
12255
4063
12256
4064
12257
12258
4067
4068
12261
4069
12262
4070
12263
12264
4073
12266
4074
12267
4075
12268
4076
12269
12271
4079
12272
4080
12273
4081
12274
4082
12277
4085
12278
4086
12279
4087
12280
4088
12283
4091
12284
4092
12285
4093
12286
4094
12288
12289
4097
12290
4098
12291
4099
4100
12293
12294
12295
4103
12296
4104
4105
4106
12299
12300
12301
4109
12302
4110
4111
4112
12305
12306
12307
4115
12308
4116
4117
12310
4118
12311
12312
12313
4121
4122
12315
4123
12316
4124
12317
12318
4127
4128
12321
4129
12322
4130
12323
12324
4133
4134
12327
4135
12328
4136
12329
12330
4139
12332
4140
12333
4141
12334
4142
12335
12337
4145
12338
4146
12339
4147
12340
4148
4151
4152
4153
12346
4154
12347
12348
12349
4157
4158
4159
12352
4160
12353
12354
12355
4163
4164
4165
4166
4169
4170
4171
12364
4172
12365
12366
4174
12367
4175
4176
12369
4177
12370
4178
12371
12372
4180
4181
4182
12378
12379
12380
12381
12384
12385
12386
12387
12396
4204
12397
4205
12398
4206
12399
4207
4208
12401
4209
12402
4210
12403
4211
12404
4214
4215
4216
4217
12410
12411
12412
4220
12413
4221
4222
4223
12416
4224
12417
12418
4226
12419
4227
4228
4229
4230
4231
4232
12428
12429
12430
12431
12433
12434
12435
12436
12442
12443
12444
12445
12448
12449
12450
12451
12460
12461
12462
12463
12465
12466
12467
12468
12474
12475
12476
12477
12480
12481
12482
12483
12492
12493
12494
12495
12497
12498
12499
12500
4309
4310
4311
4312
4313
12506
4314
12507
4315
12508
4316
12509
4319
12512
4320
12513
4321
12514
4322
12515
4325
4326
4327
4328
4331
12524
4332
12525
4333
12526
4334
12527
12529
4337
12530
4338
12531
4339
12532
4340
4343
4344
4345
12538
4346
12539
12540
12541
12544
12545
12546
12547
12556
12557
12558
12559
12561
12562
12563
12564
12570
12571
12572
12573
12576
12577
12578
12579
4388
4390
4391
4392
4393
4394
4395
12588
4396
12589
12590
12591
12593
12594
12595
12596
12602
12603
12604
12605
4413
4414
4415
12608
4416
12609
12610
12611
4421
4423
4424
4425
12620
12621
12622
12623
12625
12626
12627
12628
12634
12635
12636
12637
12640
12641
12642
12643
12652
12653
12654
4462
12655
4463
4464
12657
4465
12658
4466
12659
4467
12660
4468
4469
4472
4473
12666
4474
12667
4475
12668
12669
4478
4479
12672
4480
12673
4481
12674
12675
4484
4485
4486
4487
4490
4491
12684
4492
12685
4493
12686
12687
4496
12689
4497
12690
4498
12691
4499
12692
4502
4503
4504
4505
12698
12699
12700
4508
12701
4509
4510
4511
12704
12705
12706
12707
12716
12717
12718
12719
12721
12722
12723
12724
12730
12731
12732
12733
12736
12737
12738
12739
12748
12749
12750
12751
12753
12754
12755
12756
4565
4567
4568
4569
12762
12763
12764
12765
12767
12768
12769
12770
4581
4582
4583
4584
4585
12778
4586
12779
4587
12780
4588
12781
12782
12783
12784
12785
12789
12790
12791
4599
12792
4600
4601
4602
12795
12796
12797
4605
12798
4606
4607
12800
4608
4611
4612
12805
4613
12806
4614
12807
12808
4617
4618
12811
4619
12812
4620
12813
12814
4623
4624
4625
12818
4626
12819
12820
12821
4629
4630
4631
12824
4632
12825
12826
12827
4635
4636
4637
12830
4638
12831
12832
12833
12836
12837
12838
12839
12846
12847
12848
12849
12852
12853
12854
12855
12861
12862
12863
12864
12866
12867
12868
12869
12875
12876
12877
12878
12881
12882
12883
12884
12893
12894
12895
12896
12898
12899
12900
12901
4712
4713
4714
12907
4715
12908
12909
12910
4718
4719
4720
12913
4721
12914
12915
12916
12925
12926
12927
12928
12930
12931
12932
12933
12939
12940
12941
12942
12945
12946
12947
12948
12957
12958
12959
12960
12962
12963
12964
12965
12971
12972
12973
12974
12977
12978
12979
12980
12990
12991
12992
12993
12996
12997
12998
12999
13006
13007
13008
13009
13012
13013
13014
13015
13025
13026
13027
13028
13031
13032
13033
13034
13041
13042
13043
13044
13047
13048
13049
13050
13060
13061
13062
13063
13066
13067
13068
13069
13073
13074
13075
13076
13077
13078
13079
13082
13083
13084
13085
13094
13095
13096
13097
13098
13099
13100
13102
13103
13104
13105
13111
4919
13112
4920
13113
4921
4922
13121
13122
13123
13126
13127
13128
13135
13136
13137
13145
13146
13147
13150
13151
13152
13159
13160
13161
13169
13170
13171
13174
13175
13176
13183
13184
13185
13193
13194
13195
13198
13199
13200
13207
13208
13209
5018
5019
5020
5021
5022
5023
5024
13217
5025
13218
13219
13222
5030
13223
5031
13224
5032
5033
5034
5035
5036
5037
13231
5039
13232
5040
13233
5041
5042
5044
5045
5046
5047
13241
5049
13242
5050
13243
5051
5052
13246
13247
13248
13255
13256
13257
13265
13266
13267
13270
13271
13272
13278
13279
13280
13281
13284
13285
13286
13287
13288
13289
13290
13301
13302
13303
13304
13306
13307
13308
13309
13310
13311
13312
13313
13320
13321
13322
13323
13328
5138
5140
5141
13334
5142
13335
13336
13337
13340
13341
13342
13343
13348
13358
13359
13360
5168
13361
5169
13362
5170
13363
5171
5172
5173
13366
5174
13367
5175
13368
13369
13377
5185
13378
5186
13379
5187
13380
5188
13381
13382
5190
13383
5191
5192
13385
5193
13386
13387
5195
13388
5196
5197
5198
13394
13395
13396
13398
13400
13401
13402
13410
13411
13412
13413
13414
13416
13417
13418
13420
13421
13422
13423
13424
13425
13426
13429
13430
13431
13432
13433
13434
13435
13441
13442
13443
13444
13445
13446
13447
13448
13450
13451
13452
13453
13454
13455
13456
13457
5268
5269
5270
5271
5272
5273
5274
5275
13484
13488
13493
13497
13501
5311
5312
13505
5313
13506
5314
13511
5319
13512
5320
13513
5321
13514
5322
5323
13516
5324
13517
5325
13518
5326
13519
13520
13521
13522
13524
13525
13526
13527
13529
13530
13531
5339
13532
5340
5341
5342
5343
5344
5345
5346
5348
13541
5349
13542
5350
13543
5351
13544
5353
13546
5354
13547
5355
13548
5356
13549
5358
5359
5360
5361
13558
13559
13560
13561
13570
13571
13572
13573
13575
13576
13577
13578
13587
13588
13589
13590
13601
13602
13603
13604
13607
13608
13609
13610
5421
5423
5424
5425
13621
13622
13623
13624
13629
5442
13635
5443
13636
5444
13637
5445
13638
13641
13642
13643
13644
13650
13660
5468
13661
5469
13662
5470
13663
5471
13664
5472
13665
5473
5474
5475
13668
13669
5477
13670
5478
13671
5479
5480
5481
5482
5483
5484
5485
5486
13679
5487
13680
5488
13681
13682
13683
13684
13685
13687
13688
13689
13690
13696
13697
13698
13701
13702
13703
13704
13712
13713
13714
13715
13717
5525
13718
5526
13719
5527
13720
5528
13726
13727
13728
13730
13732
5540
13733
5541
13734
5542
5543
5545
5546
5547
5548
13742
5550
13743
5551
13744
5552
13745
5553
13746
5555
13748
5556
13749
5557
13750
5558
13751
5560
5561
5562
13755
5563
5565
5566
5567
13760
5568
5604
5605
5606
5607
5608
5609
13802
5610
5611
13806
13811
5621
5622
13815
5626
13819
5630
13824
13828
5636
13832
5641
13836
13837
5645
5648
5649
13842
5650
13843
5651
13844
5652
13845
5653
5654
13847
13848
13849
13850
5658
13851
5659
13852
5660
13853
5661
13855
13856
13857
5665
13858
5666
5667
13860
5668
13861
13862
13863
5672
13865
5673
13866
5674
13867
5675
13868
13870
13871
13872
5680
13873
5681
5682
13875
5683
13876
13877
13878
13887
13888
13889
13890
13892
13893
13894
13895
13904
13905
13906
13907
5716
5717
5718
5719
5720
5721
5722
5723
13916
13917
5725
13918
5726
13919
5727
5728
13921
13922
5730
13923
5731
13924
5732
5733
5735
5736
5737
5738
5740
13933
5741
13934
5742
13935
5743
13936
5744
5745
5746
5747
5748
5749
5750
5751
13945
13946
13947
13948
13950
13951
13952
13953
13962
13963
13964
13965
5776
5777
5778
5779
5780
5781
13974
5782
13975
5783
13976
13977
5785
5786
13979
5787
13980
5788
13981
13982
5790
5791
5792
5793
5795
5796
5797
5798
13991
13992
5800
13993
5801
13994
5802
5803
5805
5806
5807
5808
5810
5811
5812
14005
5813
14006
14007
5815
14008
5816
5817
5818
14011
14012
5820
14013
5821
14014
5822
5823
14025
14026
14027
14028
14039
14040
14041
5849
14042
5850
14045
14046
14047
14048
5858
5862
5866
5872
14067
14068
14069
5877
14070
14071
14072
14073
14074
5882
14076
14077
14078
5886
14079
5889
5890
5891
5892
5893
5894
5895
14089
14090
14091
5899
14092
5900
14093
5901
14094
5902
14095
14096
5906
5907
5908
5909
14102
14103
14104
5913
5914
14107
5915
14108
5916
14109
14110
5920
5921
5922
5923
14118
14119
5927
14120
5928
14121
5929
5930
14123
14124
14125
14126
5934
5935
5936
5937
14132
14133
14134
5942
5943
5944
14137
5945
14138
14139
14140
5950
5951
5952
5953
14148
14149
14150
14151
14153
14154
14155
14156
14162
14163
14164
14167
14168
14169
14170
14178
14179
14180
14181
14183
14184
14185
14186
14191
14192
14193
14196
14197
14198
14199
6007
6008
6009
6010
6011
6012
14205
6013
14206
6014
14207
14208
6016
6017
14210
6018
14211
6019
14212
14213
6021
6022
6023
6024
14218
6026
14219
6027
14220
6028
6029
14222
6031
14224
6032
14225
6033
14226
6034
6036
6037
6038
6039
14232
14233
6041
14234
6042
14235
6043
14236
6044
14238
6046
14239
6047
14240
6048
6049
6050
6051
14244
6052
14245
6053
14246
14251
14253
14254
14255
6064
14261
14263
14264
14265
6076
14269
14271
14272
6080
14273
6084
6089
6094
6100
6105
6110
6115
6120
6125
6130
6137
6138
6139
6140
6144
6145
6146
6147
6151
6152
14345
6153
6154
14349
6158
6159
6160
6161
14354
6165
14358
6166
6167
6168
14362
6172
6173
6174
14367
6175
14371
6179
6180
6181
6182
14375
6186
6187
14380
6188
6189
14384
6193
6194
6195
14388
6196
14393
14397
6207
14401
14406
14410
6220
14414
14419
14425
14426
14427
14428
14429
14430
6238
14431
14432
14433
6243
6244
6245
6246
14439
14440
14441
14442
14443
6251
14444
6252
14445
6253
14446
6254
14448
14449
14450
14451
6259
6260
14453
6261
14454
6262
14455
14456
14458
14459
6267
14460
6268
14461
6269
6270
14463
14464
14465
14466
6275
14468
6276
14469
6277
14470
6278
14471
14473
14474
6282
14475
6283
14476
6284
6285
14478
6286
14479
6287
14480
6288
14481
14483
14484
14485
14486
14488
14489
14490
14491
14493
14494
14495
14496
14505
14506
14507
14508
14510
14511
14512
14513
14522
14523
14524
14525
14534
14535
14536
14537
14539
14540
14541
14542
14551
14552
14553
14554
14563
14564
14565
14566
14568
14569
14570
14571
14580
14581
14582
14583
14592
14593
14594
14595
14597
14598
14599
14600
14609
14610
14611
14612
14621
14622
14623
14624
14626
14627
14628
14629
14638
14639
14640
14641
14649
14650
14651
14652
14653
14654
14655
14656
14665
14666
14667
14672
14674
14675
14676
14681
14682
14683
14684
14688
14690
14691
14692
14704
14705
14706
14707
14708
14709
14710
14711
14713
14717
14723
14724
14725
14726
14727
14728
14729
14730
14732
14739
14742
14746
14752
14755
14759
14765
14768
14772
6583
6584
6585
14778
6586
6587
6588
14781
6589
6590
14785
6593
6594
6595
6596
14791
6599
6600
6601
14794
6602
6605
14798
6606
6607
6608
6611
6612
6613
6614
14807
6617
6618
6619
6620
6623
6624
6625
6626
6629
6630
6631
6632
6635
6636
6637
6638
6641
6642
6643
6644
6647
6648
6649
6650
6653
6654
6655
6656
6659
6660
6661
6662
6665
6666
6667
6668
6671
6672
6673
6674
6677
6678
6679
6680
6683
6684
6685
6686
6689
6690
6691
6692
6695
6696
6697
6698
6701
6702
6703
6704
6707
6708
6709
6710
6713
6714
6715
6716
6719
6720
6721
6722
6725
6726
6727
6728
6731
6732
6733
6734
6737
6738
6739
6740
6742
6743
6744
6745
6746
6748
6749
6750
6751
6752
6753
6754
14990
14991
14992
15002
15003
15004
15007
15008
15009
15017
15018
15019
15027
15028
15029
15032
15033
6841
15034
6842
6843
6844
6845
6846
6847
6848
15041
15042
15043
6851
6852
6853
6854
6857
6858
15051
6859
15052
6860
15053
6863
15056
6864
15057
6865
15058
6866
6869
6870
6871
6872
15065
15066
15067
15075
15076
15077
15080
15081
15082
15089
15090
15091
15099
15100
15101
15104
15105
15106
15118
15119
15120
6928
15121
6930
6931
15124
6932
15125
6933
15126
6934
15127
6935
15128
6936
15129
15130
15138
15139
15140
15141
6953
6954
6955
15148
6956
15149
6957
15150
6958
15151
6959
6960
15154
15155
6963
15156
6964
15157
6965
6966
6969
6970
6971
6972
15167
6975
15168
6976
15169
6977
15170
6978
15173
6981
15174
6982
15175
6983
15176
6984
6987
6988
6989
6990
15183
15184
15185
6993
15186
6994
6995
6996
15189
15190
15191
6999
15192
7000
7001
7002
7005
7006
7007
7008
15202
15203
7011
15204
7012
15205
7013
7014
15208
15209
7017
15210
7018
15211
7019
7020
7023
7024
7025
15218
7026
15219
15220
15221
7029
7030
7031
15224
7032
15225
15226
15227
15237
15238
15239
15240
15243
15244
15245
15246
15253
15254
15255
15256
15259
15260
15261
15262
15272
15273
15274
15275
15278
15279
15280
15281
15288
15289
15290
15291
15294
7102
15295
7103
15296
7104
15297
7105
7108
7109
7110
7111
7114
15307
7115
15308
7116
15309
7117
15310
15313
15314
15315
15316
15323
15324
15325
15326
15329
15330
15331
15332
15342
15343
15344
15345
15348
15349
15350
15351
15358
15359
15360
15361
15364
15365
15366
15367
15377
15378
15379
15380
15383
15384
15385
15386
15393
15394
15395
15396
15399
15400
15401
15402
15412
15413
15414
15415
15418
15419
15420
15421
15428
15429
15430
15431
15434
15435
15436
15437
15447
15448
15449
15450
15453
15454
15455
15456
15463
15464
15465
15466
15469
15470
15471
15472
15482
15483
15484
15485
15488
15489
15490
15491
15498
15499
15500
15501
15504
15505
15506
15507
15517
15518
15519
15520
15523
15524
15525
15526
15533
15534
15535
15536
15539
15540
15541
15542
15552
15553
7361
15554
7362
15555
7363
15558
7366
15559
7367
15560
7368
15561
7369
15568
15569
15570
7378
15571
7380
7381
15574
7382
15575
15576
7384
15577
7385
7386
7387
7393
7394
15587
7395
15588
15589
15590
7398
7399
7400
15593
7401
15594
15595
15596
7409
7410
15603
7411
15604
7412
15605
15606
7414
7415
7416
15609
7417
15610
15611
15612
7423
7424
7425
7428
7429
15622
7430
15623
7431
15624
15625
15628
15629
15630
15631
7439
7440
7441
7442
7444
7445
15638
7446
15639
7447
15640
15641
15644
15645
7453
15646
7454
15647
7455
7458
7459
7460
7461
15656
15657
15658
15659
15661
7469
15662
7470
15663
7471
15664
7472
7474
7475
7476
7477
15670
15671
15672
15673
7483
15676
7484
15677
7485
15678
15679
7488
7489
7490
7491
15688
15689
15690
15691
7499
7500
15693
7501
15694
7502
15695
15696
7504
7505
7506
7507
7509
15702
7510
15703
7511
15704
7512
15705
7515
15708
7516
15709
7517
15710
7518
15711
7519
7520
7521
15720
15721
15722
15723
7531
7532
15725
7533
15726
7534
15727
15728
7536
7537
7538
7539
7540
7541
15734
7542
15735
7543
15736
15737
15740
15741
15742
7550
15743
7551
7552
7553
15752
15753
15754
15755
7564
15757
7565
15758
7566
15759
7567
15760
7570
7571
7572
7573
15766
15767
15768
15769
15772
15773
15774
15775
7585
7586
7587
7588
15784
15785
15786
15787
15789
15790
15791
7599
15792
7600
7601
7602
7605
15798
7606
15799
7607
15800
7608
15801
15804
15805
15806
15807
7620
7621
7622
7623
15816
15817
15818
15819
15821
15822
15823
15824
7634
7635
7636
7637
15830
15831
15832
7640
15833
7641
7642
7643
15836
15837
15838
15839
7655
15848
7656
15849
7657
15850
7658
15851
15853
15854
15855
15856
7669
15862
7670
15863
7671
15864
7672
15865
7675
15868
7676
15869
7677
15870
7678
15871
15880
15881
15882
7690
15883
7691
7692
15885
7693
15886
15887
15888
15894
15895
15896
7704
15897
7705
7706
7707
15900
15901
15902
7710
15903
7711
7712
7713
15912
15913
15914
15915
15917
7725
15918
7726
15919
7727
15920
7728
15926
15927
15928
15929
7739
15932
7740
15933
7741
15934
7742
15935
7745
7746
7747
7748
15944
15945
15946
15947
15949
15950
15951
15952
7760
7761
7762
7763
15958
15959
15960
15961
15964
15965
15966
7774
15967
7775
7776
7777
7780
7781
7782
7783
15976
15977
15978
15979
15981
15982
15983
15984
7795
7796
7797
15990
7798
15991
15992
15993
15996
15997
15998
15999
7809
7810
7811
7812
7815
16008
7816
16009
7817
16010
7818
16011
16013
16014
16015
16016
16022
7830
16023
7831
16024
7832
16025
7833
16028
16029
16030
16031
7844
7845
7846
7847
16040
16041
16042
7850
16043
7851
7852
16045
7853
16046
16047
16048
16054
16055
16056
16057
7865
7866
7867
16060
7868
16061
16062
16063
7879
16072
7880
16073
7881
16074
7882
16075
16077
7885
16078
7886
16079
7887
16080
7888
16086
16087
16088
16089
16092
7900
16093
7901
16094
7902
16095
7903
16104
16105
16106
7914
16107
7915
7916
16109
7917
16110
16111
16112
7920
7921
7922
7923
16118
16119
16120
16121
16124
16125
16126
16127
7935
7936
7937
7938
16136
16137
16138
16139
16141
7949
16142
7950
16143
7951
16144
7952
7955
7956
7957
16150
7958
16151
16152
16153
16156
16157
16158
16159
7970
7971
7972
7973
16168
16169
16170
16171
16173
16174
16175
16176
7984
7985
7986
7987
16182
7990
16183
7991
16184
7992
16185
7993
16188
16189
16190
16191
8005
8006
8007
16200
8008
16201
16202
16203
16205
16206
16207
16208
8018
8019
8020
8021
16214
16215
16216
8024
16217
8025
8026
8027
16220
16221
16222
16223
8038
8039
16232
8040
16233
8041
16234
16235
16237
16238
16239
16240
8050
8051
8052
8053
16246
16247
8055
16248
8056
16249
8057
8058
16252
16253
16254
16255
8067
8068
8069
8070
16264
16265
16266
16267
16269
16270
16271
8079
16272
8080
8081
8082
8084
8085
16278
8086
16279
8087
16280
16281
16284
16285
16286
16287
8096
8097
8098
8099
16296
16297
16298
16299
8108
16301
8109
16302
8110
16303
8111
16304
8113
8114
8115
8116
16310
16311
16312
16313
16316
16317
8125
16318
8126
16319
8127
8128
16328
16329
8137
16330
8138
16331
8139
8140
16333
16334
8142
16335
8143
16336
8144
8145
16342
16343
16344
16345
8154
8155
16348
8156
16349
8157
16350
16351
8166
8167
16360
8168
16361
8169
16362
16363
8171
8172
16365
8173
16366
8174
16367
16368
16374
16375
8183
16376
8184
16377
8185
8186
16380
16381
16382
16383
)


// ************************************************************************* //
