/*--------------------------------*- C++ -*----------------------------------*\
| =========                 |                                                 |
| \\      /  F ield         | OpenFOAM: The Open Source CFD Toolbox           |
|  \\    /   O peration     | Version:  v1912                                 |
|   \\  /    A nd           | Website:  www.openfoam.com                      |
|    \\/     M anipulation  |                                                 |
\*---------------------------------------------------------------------------*/
FoamFile
{
    version     2.0;
    format      ascii;
    class       surfaceScalarField;
    location    "230";
    object      phi;
}
// * * * * * * * * * * * * * * * * * * * * * * * * * * * * * * * * * * * * * //

dimensions      [0 3 -1 0 0 0 0];
oriented        oriented;


internalField   nonuniform List<scalar> 
7194
(
-1.80689e-06
0.00131925
0.00395985
-1.95697e-06
0.00132121
-9.08128e-06
0.00396697
-2.10885e-06
0.00132331
-2.41656e-05
0.00657237
-9.46538e-06
0.00397433
-2.11219e-06
0.00132543
-4.47743e-05
0.00905056
-2.40316e-05
0.00658694
-9.46785e-06
0.00398168
-1.9933e-06
0.00132742
-7.49809e-05
0.0112898
-4.80373e-05
0.00907456
-2.35524e-05
0.00660102
-9.34144e-06
0.00398903
-2.03522e-06
0.00132946
-0.00011565
0.0131532
-7.90059e-05
0.0113207
-4.53293e-05
0.00909634
-2.41661e-05
0.00661584
-9.72448e-06
0.00399672
-1.71906e-06
0.00133117
-0.000161964
0.0145134
-0.000119313
0.0131935
-7.88964e-05
0.0113543
-4.6311e-05
0.00911848
-2.1747e-05
0.00662787
-8.0833e-06
0.00400309
-1.59525e-06
0.00133277
-0.000208109
0.0152582
-0.000164885
0.014559
-0.000117661
0.0132323
-7.32203e-05
0.0113812
-4.13883e-05
0.00913812
-1.95509e-05
0.00663934
-7.26417e-06
0.00400876
-1.49159e-06
0.00133426
-0.000249305
0.0153179
-0.000214279
0.0153076
-0.000162229
0.0146036
-0.000112368
0.0132714
-7.06209e-05
0.0114105
-3.77493e-05
0.00915632
-1.8214e-05
0.00665028
-6.64173e-06
0.00401391
-1.16586e-06
0.00133543
-0.000279636
0.0146582
-0.000258233
0.0153618
-0.000211277
0.0153566
-0.000155732
0.0146469
-0.000100863
0.0133017
-6.16584e-05
0.0114344
-3.35213e-05
0.00917163
-1.55227e-05
0.00665917
-4.57252e-06
0.00401731
-1.17978e-06
0.00133661
-0.00029305
0.0133146
-0.000300541
0.0147005
-0.000258173
0.0154087
-0.000197631
0.0153985
-0.000136897
0.014683
-9.19791e-05
0.013332
-5.42432e-05
0.0114551
-2.99083e-05
0.00918602
-1.41697e-05
0.00666876
-5.19834e-06
0.00402133
-8.47322e-07
0.00133745
-0.00028624
0.0113702
-0.000330942
0.013345
-0.000296529
0.0147389
-0.000237142
0.0154482
-0.000173326
0.015435
-0.000122427
0.0147134
-7.83804e-05
0.0133561
-4.74896e-05
0.0114727
-2.56393e-05
0.00919748
-1.08926e-05
0.00667446
-4.57743e-06
0.00402506
-7.52837e-07
0.00133821
-0.00024583
0.00895918
-0.000350878
0.0113901
-0.000326793
0.0133752
-0.000263556
0.0147653
-0.000200879
0.0154758
-0.00014916
0.0154617
-0.000102299
0.0147373
-6.57089e-05
0.0133744
-3.94367e-05
0.0114865
-2.14319e-05
0.00920802
-1.13731e-05
0.00668125
-4.17179e-06
0.00402848
-7.88959e-07
0.001339
-5.06064e-05
0.00623448
-0.000109746
-0.000357538
0.00896584
-0.00034407
0.0114074
-0.00027622
0.0133879
-0.000217289
0.0147817
-0.000166469
0.0154931
-0.000119473
0.0154789
-8.41013e-05
0.0147557
-5.79034e-05
0.0133928
-3.63049e-05
0.0115013
-2.06307e-05
0.00921728
-1.02418e-05
0.00668732
-4.01061e-06
0.0040317
-7.73635e-07
0.00133977
0.00211591
-0.00213406
-3.24557e-05
-0.000141686
0.00622042
-0.000201792
0.00206996
-6.37931e-05
-0.000349355
0.00897113
-0.000268904
0.0114
-0.000211431
0.013382
-0.000166817
0.0147821
-0.000129375
0.015503
-0.00010108
0.0154959
-7.35151e-05
0.0147713
-4.77278e-05
0.0134043
-3.02367e-05
0.0115109
-1.74128e-05
0.00922445
-8.68874e-06
0.006692
-3.88808e-06
0.00403482
-8.4144e-07
0.00134061
-2.00644e-05
0.00139522
-0.00142012
-9.07628e-07
-6.64187e-06
0.00203933
-0.000111059
-0.000195235
0.00620618
-0.000139876
0.00201156
-0.000174018
0.00135183
-1.55005e-05
-4.90571e-06
-0.000228059
0.00893028
-0.000183577
0.0113722
-0.000153903
0.0133691
-0.000128543
0.0147812
-0.000105085
0.015507
-8.05536e-05
0.0155029
-5.73979e-05
0.014781
-4.22866e-05
0.0134163
-2.76948e-05
0.0115212
-1.87956e-05
0.00923456
-1.02226e-05
0.00669834
-3.43194e-06
0.00403741
-1.08327e-06
0.0013417
-3.60144e-06
-5.95287e-08
0.000445502
-0.000445643
-7.6606e-07
0.000440613
-1.75321e-06
0.00129737
-1.68508e-05
-3.97511e-05
0.0019878
-0.000171476
-0.000100374
0.00612011
-4.16158e-05
0.0019571
-0.000109174
0.00126317
-8.68701e-05
-5.29429e-05
-0.000438348
0.000428337
-5.48986e-06
-2.64003e-06
-0.000124657
0.00887136
-0.000116967
0.0113353
-0.000107382
0.013348
-9.59054e-05
0.0147721
-7.99198e-05
0.0155064
-6.37428e-05
0.0155092
-5.20223e-05
0.0147907
-3.83746e-05
0.013427
-2.70744e-05
0.0115295
-1.71498e-05
0.00924149
-1.07591e-05
0.00670566
-4.9873e-06
0.00404131
-1.14386e-06
0.00134284
-0.000448184
-1.06099e-06
-1.82955e-08
0.000260913
-0.000261617
-6.18696e-08
0.000259434
-2.74626e-07
0.000420665
-9.17875e-06
0.000399164
-1.82504e-05
0.00123512
-7.9927e-05
-6.35041e-05
0.00191113
-5.44055e-05
-3.64936e-05
0.00604017
-8.2267e-06
0.0018938
-2.4289e-05
0.00118333
-1.69971e-05
-4.03827e-05
-0.000379387
0.000352402
-5.98851e-05
-3.31653e-05
-0.000257207
0.00025248
-7.62496e-07
-4.13087e-07
-6.69911e-05
0.00882138
-7.45844e-05
0.0113025
-7.60415e-05
0.0133281
-7.23245e-05
0.0147645
-6.48159e-05
0.0155075
-5.7861e-05
0.0155151
-4.67066e-05
0.0147991
-3.6688e-05
0.0134366
-2.91167e-05
0.0115415
-2.05318e-05
0.00925126
-1.06019e-05
0.00671128
-5.3099e-06
0.00404548
-1.21072e-06
0.00134405
-0.000262564
-1.138e-07
-4.47376e-08
7.55645e-05
-7.56264e-05
7.52899e-05
0.000245025
-1.72336e-06
0.000230551
-3.77641e-06
0.000330838
-5.83638e-05
0.000310801
-4.34664e-05
0.00114188
-1.03905e-05
-2.56787e-06
0.00186984
-1.2536e-05
-1.53046e-05
0.00598911
-6.2318e-07
0.00186705
-5.43094e-06
0.0011209
-1.7487e-07
-3.13471e-06
-0.000289071
0.00027838
-6.30635e-06
-1.86527e-05
-0.000207104
0.00016849
-2.12718e-05
-9.71831e-06
-7.48768e-05
7.41143e-05
-3.72084e-05
0.00878401
-4.88466e-05
0.0112753
-5.41458e-05
0.0133099
-5.45059e-05
0.0147541
-5.40086e-05
0.0155036
-4.88981e-05
0.0155173
-4.30664e-05
0.0148054
-3.79328e-05
0.0134454
-2.94855e-05
0.0115504
-2.03318e-05
0.00926099
-1.36136e-05
0.00671958
-6.15461e-06
0.00405042
-1.53406e-06
0.00134558
-7.57402e-05
7.2391e-05
6.86145e-05
0.000147751
-3.76244e-05
0.000104285
0.000270265
-2.27571e-06
0.000268368
-6.70467e-07
0.00110935
-1.20027e-06
2.16668e-07
0.00185528
-3.53262e-06
-7.87652e-06
0.00595882
9.5815e-07
0.00185566
-1.00268e-06
0.00110401
5.49349e-07
-6.37811e-07
-0.000265607
0.000265525
-9.26242e-08
-3.74514e-07
-8.56319e-05
7.93255e-05
-5.88962e-05
3.76244e-05
-2.19796e-05
0.00875714
-3.33988e-05
0.0112545
-4.04916e-05
0.0132959
-4.65877e-05
0.0147467
-4.74936e-05
0.0155022
-4.65951e-05
0.0155208
-4.57944e-05
0.0148133
-4.05641e-05
0.0134565
-3.25407e-05
0.0115626
-2.50719e-05
0.00927245
-1.51019e-05
0.00672853
-6.92068e-06
0.00405581
-1.57197e-06
0.00134716
7.70498e-05
7.63794e-05
0.000264498
-1.72957e-07
0.00026469
2.4617e-08
0.00110059
-3.34068e-07
2.24306e-07
0.00184919
-1.41316e-06
-4.98914e-06
0.00594017
1.65348e-06
0.00185077
-6.2419e-07
0.0010995
4.03039e-07
-3.22725e-07
-0.000263996
0.000264486
5.92704e-08
5.64397e-08
-7.60049e-05
7.59122e-05
-1.39809e-05
0.00873772
-2.48325e-05
0.0112389
-3.19032e-05
0.0132812
-3.76575e-05
0.0147369
-4.42969e-05
0.0154999
-4.75721e-05
0.0155226
-4.92e-05
0.0148219
-4.52649e-05
0.0134692
-3.93046e-05
0.0115769
-2.84899e-05
0.00928584
-1.6988e-05
0.0067386
-7.76562e-06
0.004062
-1.93443e-06
0.00134909
7.57393e-05
7.57639e-05
0.000264238
-8.62684e-08
0.000264407
5.56129e-08
0.00109813
-1.88173e-07
1.51811e-07
0.00184644
-6.53967e-07
-3.13844e-06
0.00592836
9.68442e-07
0.00184812
-2.8054e-08
0.0010974
2.63607e-07
-1.61165e-07
-0.000264003
0.000264373
3.30337e-08
8.05443e-08
-7.58203e-05
7.58796e-05
-1.01261e-05
0.00872302
-1.71901e-05
0.0112241
-2.73543e-05
0.0132709
-3.54168e-05
0.014728
-4.36501e-05
0.015496
-5.32859e-05
0.0155267
-5.56237e-05
0.0148323
-5.41281e-05
0.013484
-4.51409e-05
0.0115935
-3.39599e-05
0.00930281
-2.04011e-05
0.00675123
-9.33075e-06
0.0040694
-2.03459e-06
0.00135112
7.57933e-05
7.58489e-05
0.000264254
-6.84574e-08
0.000264373
3.26693e-08
0.00109685
-1.5175e-07
4.71774e-08
0.00184553
-5.42587e-07
-1.85608e-06
0.00591935
7.43032e-07
0.00184627
2.26243e-07
0.00109666
2.53012e-07
-9.53727e-08
-0.000264146
0.000264399
1.07026e-08
6.56959e-08
-7.59295e-05
7.59625e-05
-7.03553e-06
0.00871286
-1.42237e-05
0.011211
-2.4884e-05
0.0132604
-3.62173e-05
0.0147206
-4.90712e-05
0.0154918
-5.89571e-05
0.01553
-6.57138e-05
0.0148439
-6.33834e-05
0.0135023
-5.3295e-05
0.0116128
-3.58399e-05
0.00931825
-2.07321e-05
0.00676263
-8.87212e-06
0.00407623
-1.8465e-06
0.00135297
7.58941e-05
7.59267e-05
0.000264327
-7.94347e-08
0.000264357
1.68528e-08
0.00109617
-8.75963e-08
3.49374e-08
0.0018448
-3.871e-07
-1.47432e-06
0.00591262
1.16461e-06
0.00184536
1.82168e-07
0.00109634
1.6442e-07
-1.07805e-07
-0.00026419
0.000264435
8.37888e-09
7.10289e-08
-7.59924e-05
7.60031e-05
-5.89567e-06
0.00870453
-1.29524e-05
0.0111991
-2.38928e-05
0.0132481
-4.198e-05
0.0147135
-6.07431e-05
0.0154935
-7.54833e-05
0.0155398
-7.93685e-05
0.0148599
-7.30477e-05
0.013522
-5.86017e-05
0.0116356
-4.10494e-05
0.00933856
-2.28767e-05
0.00677664
-8.77801e-06
0.00408317
-1.91618e-06
0.00135489
7.59237e-05
7.59406e-05
0.000264428
-8.02855e-08
0.000264449
1.41127e-08
0.00109602
-1.99123e-08
-4.41559e-08
0.00184409
-2.09496e-07
-1.17214e-06
0.00590692
9.74083e-07
0.00184503
2.27331e-07
0.00109608
1.62729e-07
-4.30396e-08
-0.000264273
0.000264435
2.22887e-09
6.83326e-08
-7.60116e-05
7.602e-05
-4.08191e-06
0.00869566
-1.26624e-05
0.0111879
-2.83697e-05
0.0132345
-4.72041e-05
0.0146999
-7.06972e-05
0.0154888
-8.9321e-05
0.0155497
-9.72305e-05
0.014884
-8.67568e-05
0.0135502
-6.63263e-05
0.0116609
-4.33409e-05
0.00935903
-2.23756e-05
0.00679023
-9.47547e-06
0.00409073
-2.4955e-06
0.00135738
7.59397e-05
7.59538e-05
0.000264495
-7.99548e-08
0.000264442
8.58529e-09
0.00109593
-1.84585e-08
-3.82702e-08
0.00184404
-1.82092e-07
-6.38107e-07
0.00590265
8.30173e-07
0.00184478
2.35514e-07
0.00109602
1.66479e-07
-3.118e-08
-0.000264302
0.000264459
5.61763e-09
9.70655e-08
-7.60221e-05
7.60244e-05
-5.03421e-06
0.00868804
-1.5071e-05
0.0111746
-3.41687e-05
0.0132214
-6.48143e-05
0.0146941
-9.40157e-05
0.0154935
-0.000112815
0.0155653
-0.000113017
0.0149103
-9.71549e-05
0.013581
-7.1309e-05
0.0116889
-4.4563e-05
0.00938122
-2.2717e-05
0.00680348
-7.7203e-06
0.00409595
-7.22309e-07
0.00135811
7.59444e-05
7.5953e-05
0.000264524
-8.34084e-08
0.000264469
1.63036e-08
0.0010959
-1.1232e-08
-4.84655e-08
0.00184413
1.4006e-08
-3.40155e-07
0.00589752
4.37879e-07
0.00184469
2.72191e-07
0.00109599
1.65014e-07
-2.21463e-08
-0.000264373
0.000264533
6.19454e-09
6.54162e-08
-7.60501e-05
7.60557e-05
-4.31739e-06
0.00867728
-2.02763e-05
0.0111607
-4.79736e-05
0.0132046
-8.45819e-05
0.0146846
-0.000118464
0.0154991
-0.000136543
0.0155888
-0.000129875
0.014943
-0.000106603
0.0136163
-7.49411e-05
0.0117192
-4.19666e-05
0.00940047
-2.13067e-05
0.00681706
-6.69882e-06
0.00410193
-6.52893e-07
0.00135876
7.59723e-05
7.59886e-05
0.00026461
-8.78463e-08
0.000264453
1.08545e-07
0.00109605
-6.6018e-09
-3.8338e-08
0.00184429
6.00027e-08
1.86768e-07
0.00589376
-7.40306e-07
0.00184459
1.35114e-07
0.00109617
1.69212e-07
-1.59296e-08
-0.000264444
0.000264615
-6.41081e-09
-1.33765e-08
-7.6054e-05
7.60602e-05
-7.51456e-06
0.00866452
-2.77173e-05
0.0111404
-6.4797e-05
0.0131848
-0.000113546
0.0146797
-0.000151204
0.0155138
-0.000163382
0.0156223
-0.000144757
0.0149812
-0.00011088
0.0136523
-7.21563e-05
0.0117494
-4.10421e-05
0.0094202
-1.74054e-05
0.00682777
-6.19251e-06
0.00410747
-4.02041e-07
0.00135916
7.59723e-05
7.60809e-05
0.000264655
-4.64261e-08
0.000264505
1.11874e-07
0.00109626
3.65622e-09
-3.24576e-08
0.00184468
9.78288e-08
1.0637e-06
0.00588621
-1.0355e-06
0.00184379
1.48142e-07
0.00109624
1.70069e-07
-1.3302e-08
-0.0002645
0.000264675
-5.22442e-09
-1.13895e-08
-7.60675e-05
7.60611e-05
-1.11669e-05
0.00864797
-4.05504e-05
0.0111162
-9.51786e-05
0.0131664
-0.000151567
0.0146801
-0.000188125
0.0155385
-0.000185586
0.0156632
-0.000154829
0.0150251
-0.000110896
0.013691
-6.80841e-05
0.0117765
-3.63377e-05
0.00943913
-1.59453e-05
0.00683752
-2.98637e-06
0.00411005
-1.80799e-07
0.00135934
7.60147e-05
7.61265e-05
0.000264757
-7.87602e-08
0.000264612
1.12718e-07
0.00109636
3.388e-09
-2.3781e-08
0.00184468
1.74625e-07
1.3959e-06
0.00587565
-2.0011e-06
0.00184383
-1.87892e-07
0.00109636
1.65913e-07
-1.97702e-08
-0.000264609
0.000264784
-5.45652e-09
-1.01507e-08
-7.61152e-05
7.61099e-05
-1.82964e-05
0.00862572
-6.45896e-05
0.0110856
-0.000135457
0.0131503
-0.00019937
0.0146913
-0.000223254
0.0155762
-0.000197411
0.0157057
-0.000153488
0.0150677
-0.000101738
0.0137246
-6.09209e-05
0.011801
-3.09091e-05
0.0094541
-1.06679e-05
0.0068452
-2.72951e-06
0.0041126
1.92523e-07
0.00135915
7.60312e-05
7.61439e-05
0.000264832
-4.36918e-08
0.000264728
7.96353e-08
0.00109656
-4.80056e-11
-2.93274e-08
0.00184476
4.65923e-07
9.09986e-07
0.00585989
-3.44594e-06
0.00184317
-4.10073e-07
0.00109619
1.79482e-07
3.20272e-09
-0.000264686
0.00026486
-8.14545e-09
2.22049e-08
-7.61337e-05
7.61283e-05
-3.08327e-05
0.00859196
-0.000100837
0.011051
-0.000191769
0.0131427
-0.000248921
0.014717
-0.000241188
0.01562
-0.000200678
0.0157529
-0.000142566
0.0151086
-9.26298e-05
0.0137564
-5.1755e-05
0.0118219
-2.28125e-05
0.00946624
-6.47103e-06
0.00684895
7.64734e-07
0.00411203
1.74458e-06
0.0013574
7.60846e-05
7.61642e-05
0.000264944
-8.37792e-08
0.000264823
9.13748e-08
0.00109665
1.82999e-08
-1.17496e-08
0.00184354
5.43305e-07
1.63368e-06
0.00583331
-5.89039e-06
0.00184073
-6.41233e-07
0.00109613
1.08558e-07
7.08251e-09
-0.000264817
0.000264994
2.69898e-09
9.52839e-09
-7.61864e-05
7.61783e-05
-5.54103e-05
0.00854653
-0.000161267
0.0110204
-0.000260057
0.0131538
-0.000281212
0.014757
-0.000245549
0.0156648
-0.000184495
0.0157949
-0.000126452
0.0151424
-7.70968e-05
0.0137817
-4.12161e-05
0.0118403
-1.56532e-05
0.00947542
-3.02701e-06
0.00685274
1.66683e-06
0.00411211
2.07667e-06
0.00135533
7.60945e-05
7.61859e-05
0.00026509
-7.76202e-08
0.000264981
9.65927e-08
0.00109664
9.36799e-08
-6.32072e-08
0.00184241
-4.05151e-08
-1.86729e-07
0.00579014
-1.20513e-05
0.00183746
-9.48114e-07
0.00109587
5.04399e-08
8.08655e-08
-0.000264977
0.000265087
-1.55092e-09
1.18656e-08
-7.61954e-05
7.61981e-05
-0.000104386
0.00848965
-0.000242734
0.0110031
-0.00031079
0.0131834
-0.000287868
0.0147993
-0.000224179
0.0157045
-0.000159464
0.0158279
-0.000103654
0.0151689
-6.14804e-05
0.013802
-2.86365e-05
0.0118533
-9.31209e-06
0.00948171
1.02902e-06
0.00685337
5.27797e-06
0.0041089
2.47462e-06
0.00135285
7.61205e-05
7.62171e-05
0.000265226
-4.52299e-08
0.000265093
6.90129e-08
0.00109577
1.77205e-07
-1.26084e-07
0.00183808
-8.07465e-07
-5.21585e-06
0.00571895
-2.7976e-05
0.00182891
-2.87809e-06
0.00109473
-1.39868e-10
9.90085e-08
-0.000265129
0.000265173
5.66163e-09
4.55113e-08
-7.62289e-05
7.62274e-05
-0.000192376
0.00843929
-0.000330253
0.0110226
-0.000322602
0.0132182
-0.000256201
0.0148314
-0.00018863
0.0157337
-0.000129879
0.0158541
-8.22503e-05
0.0151897
-4.36886e-05
0.013817
-1.83871e-05
0.0118624
-2.30959e-06
0.00948505
3.69446e-06
0.00685496
7.32639e-06
0.00410405
2.85557e-06
0.00135
7.61822e-05
7.62512e-05
0.000265423
-7.26621e-08
0.000265195
1.02569e-07
0.0010939
1.92429e-07
-1.70411e-07
0.00182699
-3.29319e-06
-2.60471e-05
0.0056237
-7.10796e-05
0.00180777
-8.75455e-06
0.00109123
-3.12854e-07
9.78334e-08
-0.000265278
0.000265308
-2.97524e-08
1.52969e-08
-7.62967e-05
7.63024e-05
-0.000323405
0.00843245
-0.000348722
0.0110487
-0.000275656
0.0132376
-0.000206386
0.0148491
-0.000147305
0.0157511
-9.96289e-05
0.0158715
-5.8643e-05
0.0152047
-2.91743e-05
0.0138278
-8.48815e-06
0.0118685
4.03376e-06
0.00948471
1.0853e-05
0.00685143
7.65404e-06
0.00409925
3.33051e-06
0.00134667
7.62297e-05
7.63323e-05
0.000265528
-2.76969e-08
0.00026528
7.77948e-08
0.00108799
4.4619e-07
-4.90753e-07
0.00179579
-1.40688e-05
-9.55188e-05
0.00557063
-0.00017482
0.00175574
-3.10295e-05
0.00107988
-8.05882e-07
1.5813e-07
-0.000265326
0.000265047
-3.42516e-08
5.16696e-08
-7.63476e-05
7.63178e-05
-0.000362787
0.00844651
-0.000275403
0.0110485
-0.000206187
0.0132374
-0.000154054
0.0148559
-0.000108397
0.0157599
-6.94931e-05
0.0158823
-3.93072e-05
0.0152148
-1.37768e-05
0.0138331
2.9031e-06
0.0118697
1.15365e-05
0.00948402
1.19934e-05
0.00684709
9.21548e-06
0.00409337
3.86873e-06
0.0013428
7.62901e-05
7.63679e-05
0.000265541
-4.70951e-08
0.000264972
7.78897e-08
0.00106711
1.38969e-07
-1.43789e-06
0.00171991
-5.96918e-05
-0.000195673
0.00556407
-0.00016055
0.00167107
-0.000125982
0.00103992
-3.58897e-06
-2.52312e-07
-0.000265105
0.000264376
-7.66502e-08
2.48368e-08
-7.64196e-05
7.63853e-05
-0.000239568
0.00841068
-0.000179037
0.0110213
-0.000139261
0.0132226
-0.000103705
0.0148512
-7.40891e-05
0.0157645
-4.67595e-05
0.0158898
-2.06073e-05
0.0152216
-3.58487e-06
0.0138396
1.0878e-05
0.0118703
1.54109e-05
0.00948061
1.95224e-05
0.00683679
1.07554e-05
0.00408648
4.59863e-06
0.0013382
7.63382e-05
7.64161e-05
0.000264616
-1.01265e-07
0.000263206
-2.70996e-08
0.000992886
-2.17086e-06
-1.04866e-05
0.00164381
-0.000168407
-0.000106846
0.00547402
-4.26752e-05
0.00161037
-0.000127113
0.000918226
-3.70296e-05
-1.42915e-05
-0.000263023
0.000259955
-5.21396e-07
-6.94783e-08
-7.6441e-05
7.63643e-05
-0.000121164
0.0083528
-0.000106567
0.0109886
-8.96138e-05
0.0132085
-6.94654e-05
0.0148465
-4.85287e-05
0.0157662
-2.48167e-05
0.015894
-6.71416e-06
0.0152247
8.36651e-06
0.0138421
1.81579e-05
0.0118676
2.16348e-05
0.00947849
1.75245e-05
0.00683002
1.51978e-05
0.00407588
6.31538e-06
0.00133188
7.6263e-05
7.62359e-05
0.00025839
-6.05266e-07
0.000249634
-1.73122e-06
0.000872794
-5.94645e-05
-6.35106e-05
0.00155831
-5.47841e-05
-3.17066e-05
0.00538986
-5.29667e-06
0.00153571
-2.00748e-05
0.000809205
-1.86327e-05
-4.48908e-05
-0.000239157
0.000212084
-9.95643e-06
-3.81465e-06
-7.61665e-05
7.56451e-05
-5.66e-05
0.00830283
-5.9e-05
0.010958
-5.31303e-05
0.0131922
-4.1073e-05
0.0148391
-2.32549e-05
0.0157647
-7.11045e-06
0.0158944
6.77288e-06
0.0152263
2.06612e-05
0.0138396
2.58057e-05
0.0118634
2.83004e-05
0.00946772
2.55755e-05
0.00681964
1.53555e-05
0.00406684
5.77556e-06
0.00132611
7.50398e-05
7.33086e-05
0.00017467
-2.20501e-05
0.000148647
-3.74874e-05
0.000762016
-6.35373e-06
-1.24207e-06
0.00151247
-8.47063e-06
-1.10281e-05
0.00534252
1.76921e-06
0.00150977
-2.59553e-06
0.000742721
9.8201e-08
-8.77601e-07
-0.000103756
8.51231e-05
-6.94939e-05
5.95375e-05
-2.72919e-05
0.00827113
-3.28649e-05
0.0109377
-2.83961e-05
0.0131795
-1.93461e-05
0.0148352
-8.94239e-06
0.0157665
4.40511e-06
0.0158968
1.70692e-05
0.0152299
2.74025e-05
0.013838
3.15914e-05
0.0118601
3.28153e-05
0.00946048
2.79895e-05
0.006807
1.91246e-05
0.00405349
6.59585e-06
0.00131951
3.74874e-05
7.87694e-05
7.75273e-05
0.0007343
-1.94641e-07
1.45202e-07
0.00150011
-1.36262e-06
-4.99956e-06
0.00531708
3.14417e-06
0.00150177
1.03509e-07
0.000731643
1.45781e-07
-8.4124e-08
-7.66497e-05
7.67479e-05
-1.13095e-05
0.00824957
-1.38524e-05
0.0109232
-1.21837e-05
0.0131724
-4.03768e-06
0.0148303
6.74318e-06
0.0157642
1.83293e-05
0.0158955
2.92831e-05
0.0152281
3.54272e-05
0.0138342
3.98267e-05
0.0118531
4.1246e-05
0.00944722
3.18527e-05
0.00679428
2.15176e-05
0.00403857
8.51413e-06
0.001311
7.65533e-05
7.66985e-05
0.000730173
-1.85222e-08
1.25385e-07
0.0014969
-1.31996e-07
-2.80714e-06
0.00530569
2.89396e-06
0.00149962
4.26833e-07
0.000730211
9.552e-08
-3.03518e-08
-7.66144e-05
7.67601e-05
-3.36175e-06
0.00823908
-3.23694e-06
0.0109142
1.01913e-06
0.0131673
8.69428e-06
0.0148283
1.92426e-05
0.0157633
2.84665e-05
0.0158963
3.85228e-05
0.015225
4.40864e-05
0.0138299
4.8507e-05
0.0118458
4.35794e-05
0.0094355
3.72747e-05
0.00677852
2.15892e-05
0.0040255
8.0719e-06
0.00130293
7.67416e-05
7.6867e-05
0.00073002
-3.04805e-08
9.01e-08
0.0014967
1.12044e-07
-1.19281e-06
0.0053008
2.72146e-06
0.00149907
5.25481e-07
0.000730403
6.37332e-08
-1.96665e-08
-7.68367e-05
7.69322e-05
1.85515e-06
0.00823399
3.82241e-06
0.0109114
9.45816e-06
0.0131665
1.68017e-05
0.0148308
2.68029e-05
0.0157649
3.84611e-05
0.0158964
4.56751e-05
0.0152234
5.40489e-05
0.0138244
5.55771e-05
0.0118338
4.96715e-05
0.0094231
4.0817e-05
0.00675929
2.43893e-05
0.00400918
8.97513e-06
0.00129395
7.69017e-05
7.69918e-05
0.000730436
-4.30996e-09
8.25589e-08
0.00149755
3.28157e-07
-2.63913e-07
0.00529985
3.06587e-06
0.00149969
5.83915e-07
0.000730937
5.27592e-08
-2.77249e-08
-7.69721e-05
7.70359e-05
4.29854e-06
0.00823351
9.09092e-06
0.0109118
1.69187e-05
0.0131664
2.62732e-05
0.0148313
3.61878e-05
0.0157672
4.69638e-05
0.0158951
5.62817e-05
0.0152211
6.08433e-05
0.0138191
5.76905e-05
0.0118258
5.50913e-05
0.00940882
4.25171e-05
0.00674116
2.99095e-05
0.00398825
9.38341e-06
0.00128457
7.70315e-05
7.71141e-05
0.000731187
2.82142e-08
4.94371e-08
0.001499
4.24836e-07
-1.02049e-07
0.00530129
2.95865e-06
0.00150147
5.9731e-07
0.000731661
3.31156e-08
7.75159e-08
-7.70864e-05
7.71391e-05
7.49619e-06
0.00823511
1.43761e-05
0.0109143
2.25258e-05
0.0131702
3.38785e-05
0.0148336
4.61014e-05
0.0157681
5.55169e-05
0.0158959
6.36354e-05
0.0152183
6.92769e-05
0.0138075
7.20684e-05
0.0118088
6.28275e-05
0.00938851
5.28634e-05
0.00671821
3.05542e-05
0.00396707
9.96681e-06
0.0012746
7.71674e-05
7.72168e-05
0.000731999
3.12352e-08
5.50137e-08
0.00150093
4.37213e-07
8.16458e-07
0.00530547
2.50422e-06
0.00150326
6.24297e-07
0.000732577
2.0479e-08
-9.5718e-10
-7.72943e-05
7.73274e-05
8.98707e-06
0.0082405
1.70566e-05
0.0109198
2.74503e-05
0.0131766
4.08334e-05
0.0148389
5.21907e-05
0.0157714
6.49063e-05
0.0158946
7.52668e-05
0.0152124
7.91913e-05
0.0138004
8.15543e-05
0.0117901
7.24388e-05
0.00936894
5.44538e-05
0.00669431
3.43384e-05
0.0039427
1.34522e-05
0.00126115
7.73587e-05
7.74137e-05
0.000732964
7.2458e-09
4.28977e-08
0.00150346
6.15227e-07
1.09583e-06
0.00531078
2.57465e-06
0.0015053
6.72014e-07
0.000733535
2.44458e-08
2.92539e-08
-7.74127e-05
7.74332e-05
1.0416e-05
0.00824714
2.10087e-05
0.0109263
3.35066e-05
0.0131839
4.67038e-05
0.0148444
6.09689e-05
0.0157753
7.44573e-05
0.0158954
8.24833e-05
0.0152091
8.755e-05
0.0137944
8.47232e-05
0.0117778
8.01609e-05
0.00934323
6.13974e-05
0.00666725
3.77927e-05
0.00391836
2.77033e-05
0.00123345
7.74405e-05
7.74834e-05
0.000734059
3.32868e-08
5.76595e-08
0.00150573
6.60956e-07
1.25811e-06
0.00531762
2.32174e-06
0.00150737
9.38556e-07
0.000734698
2.7947e-08
5.08483e-09
-7.75126e-05
7.75371e-05
1.15293e-05
0.00825662
2.49092e-05
0.0109349
4.13145e-05
0.0131893
5.54989e-05
0.0148498
7.18018e-05
0.015778
8.23649e-05
0.0158955
9.35073e-05
0.0152031
9.78462e-05
0.0137813
9.6254e-05
0.0117617
8.60326e-05
0.0093186
6.80551e-05
0.00663699
5.83082e-05
0.00388776
5.46289e-05
7.75703e-05
7.7628e-05
0.000735265
3.47096e-08
5.89861e-08
0.00150787
7.538e-07
1.13503e-06
0.0053264
1.60913e-06
0.00150964
5.49671e-07
0.000736092
1.05608e-07
5.96713e-09
-7.76331e-05
7.7661e-05
1.30388e-05
0.00826849
2.79663e-05
0.0109482
4.50379e-05
0.0131998
6.32686e-05
0.0148584
7.91391e-05
0.0157812
9.3974e-05
0.015895
0.000103024
0.0151979
0.000106592
0.0137709
0.000103988
0.0117438
9.14599e-05
0.00929519
8.78049e-05
0.00660749
9.95998e-05
7.76958e-05
7.77547e-05
0.000736743
7.1731e-08
3.15132e-08
0.00151048
3.01142e-07
7.60747e-07
0.00533754
1.1387e-06
0.00151229
-2.04676e-07
0.000737235
3.10782e-08
2.65734e-08
-7.77607e-05
7.78663e-05
1.71581e-05
0.00827929
3.38395e-05
0.0109594
5.11742e-05
0.0132119
6.95111e-05
0.014868
8.68821e-05
0.0157883
0.000102861
0.0158952
0.00011251
0.015192
0.00011982
0.0137551
0.00011684
0.0117184
0.000114112
0.00926888
0.000129601
7.79381e-05
7.79696e-05
0.000737471
1.57797e-08
4.89945e-08
0.00151439
-1.33974e-06
1.47583e-06
0.00534811
5.12083e-06
0.00151747
-1.93645e-06
0.000737318
-9.40191e-10
-4.99992e-08
-7.79961e-05
7.80272e-05
2.07821e-05
0.00829235
3.69358e-05
0.0109736
5.79508e-05
0.0132234
7.84927e-05
0.0148764
9.82506e-05
0.0157929
0.000110969
0.0158967
0.00012308
0.0151887
0.000128375
0.0137436
0.000133959
0.0116986
0.000151194
7.8043e-05
7.8092e-05
0.000735933
2.29939e-08
2.20767e-08
0.00151548
5.19919e-06
-1.73305e-06
5.30954e-06
0.00535837
5.21254e-06
0.00151977
-4.04488e-07
1.22705e-06
0.000435305
-2.20324e-07
0.000298916
-4.53685e-09
-7.8042e-05
7.80411e-05
2.23379e-05
0.00830695
4.23323e-05
0.0109893
6.31424e-05
0.0132388
8.67773e-05
0.0148879
0.00010463
0.0157992
0.000121433
0.0158984
0.000130333
0.0151868
0.000143214
0.0137343
0.000159881
7.80641e-05
7.80861e-05
0.000456209
-1.57051e-05
0.000461279
-6.80304e-06
0.00152203
1.23639e-06
1.81726e-06
4.60135e-06
0.00537163
4.47432e-06
0.0015245
1.23607e-06
1.50322e-06
0.00046394
-3.06514e-06
0.000466091
-9.24371e-07
-7.80816e-05
7.78613e-05
0.000280374
2.83737e-06
2.42318e-05
0.00832505
4.66294e-05
0.0110058
7.13358e-05
0.0132542
9.45809e-05
0.0148979
0.000113695
0.015807
0.000130078
0.0158987
0.000146284
0.0151837
0.00016461
0.000274457
-8.86856e-07
0.000467025
3.02413e-07
0.000468318
5.24225e-07
0.00152681
1.01681e-06
1.28188e-06
4.83236e-06
0.0053865
4.52345e-06
0.00152944
7.64824e-07
1.07442e-06
0.000468913
6.41066e-07
0.000469605
8.11628e-07
0.000272438
-1.04548e-06
0.000272028
-5.14616e-07
8.06986e-05
2.76407e-05
0.00834404
5.1384e-05
0.0110257
7.85744e-05
0.0132702
0.000100832
0.0149108
0.000120615
0.0158164
0.000138891
0.015906
0.000158026
7.98118e-05
0.000272331
-5.42102e-10
0.000272751
1.04467e-07
0.000470026
5.95324e-07
0.00047089
4.17972e-07
0.0015325
7.77283e-07
9.9872e-07
5.19645e-06
0.00540399
4.95374e-06
0.00153515
1.05462e-06
8.19275e-07
0.000471244
4.11251e-07
0.000471752
5.66095e-07
0.000273231
1.60698e-07
0.000273897
1.45995e-07
7.87663e-05
7.82517e-05
3.04721e-05
0.00836495
5.78982e-05
0.0110464
8.48651e-05
0.0132862
0.00010611
0.0149253
0.000127258
0.0158281
0.000141313
7.82511e-05
7.83556e-05
0.000274308
1.84467e-07
0.000274591
1.34075e-07
0.000472114
4.15348e-07
0.000472652
4.61141e-07
0.0015385
1.04205e-06
8.03631e-07
5.88658e-06
0.00542321
5.3676e-06
0.00154154
1.11788e-06
7.92307e-07
0.000473331
3.75605e-07
0.000473779
3.71338e-07
0.000274905
9.75533e-08
0.000275372
9.89267e-08
7.85163e-05
7.86623e-05
3.50039e-05
0.00838785
6.45972e-05
0.0110667
9.0181e-05
0.0133021
0.000110817
0.0149417
0.000117607
7.88468e-05
7.89808e-05
0.000275694
9.37212e-08
0.000276029
1.26471e-07
0.000474242
5.79141e-07
0.000474664
3.81518e-07
0.0015453
1.22925e-06
8.97885e-07
6.63077e-06
0.00544539
6.19237e-06
0.00154857
1.21687e-06
8.8302e-07
0.000475449
3.3274e-07
0.000475839
4.02036e-07
0.000276348
5.62643e-08
0.000276627
9.21212e-08
7.90784e-05
7.91773e-05
4.05618e-05
0.00841188
7.1437e-05
0.0110854
9.10529e-05
0.0133219
9.15302e-05
7.9271e-05
7.93975e-05
0.000277082
1.24707e-07
0.00027737
9.26432e-08
0.000476448
6.20731e-07
0.000476932
4.14e-07
0.00155255
1.36337e-06
1.28361e-06
8.02856e-06
0.00547083
7.09668e-06
0.00155633
1.12596e-06
1.2855e-06
0.000477778
3.70778e-07
0.000478048
6.12729e-07
0.000277607
9.65342e-08
0.000277908
1.00564e-07
7.94538e-05
7.95459e-05
4.92871e-05
0.00843403
7.25436e-05
0.0111039
6.48784e-05
7.96706e-05
7.97632e-05
0.000278433
9.55748e-08
0.00027864
2.07071e-07
0.000478896
5.15136e-07
0.000479706
4.73848e-07
0.00156159
1.30654e-06
1.46797e-06
1.04789e-05
0.00549941
1.02307e-05
0.00156577
1.42116e-06
1.49197e-06
0.000480343
4.88727e-07
0.000480948
6.81128e-07
0.000278929
8.2166e-08
0.00027943
1.1146e-07
7.98598e-05
7.99603e-05
5.3998e-05
0.00845258
4.22008e-05
8.00559e-05
8.0263e-05
0.000279802
1.43584e-07
0.000280159
1.16101e-07
0.000481669
5.85181e-07
0.000482576
5.60467e-07
0.00157256
1.72974e-06
1.95665e-06
1.45566e-05
0.00552306
1.57918e-05
0.00157826
2.16572e-06
2.36407e-06
0.000483481
5.16191e-07
0.000484133
8.40167e-07
0.000280531
1.17333e-07
0.000281133
7.87409e-08
8.03452e-05
8.04566e-05
2.81299e-05
8.06002e-05
8.07163e-05
0.000281566
1.52335e-07
0.000281992
1.3454e-07
0.000485143
7.19987e-07
0.000486356
7.43973e-07
0.00158668
2.77039e-06
3.36747e-06
3.1106e-05
1.23412e-05
0.00159369
3.8195e-06
4.96644e-06
0.000487565
9.56554e-07
0.000488612
1.31729e-06
0.00028237
1.3795e-07
0.000283067
1.43395e-07
8.08336e-05
8.09124e-05
8.10647e-05
8.11992e-05
0.000283601
1.86411e-07
0.000284169
1.75283e-07
0.000489974
1.40752e-06
0.000491739
1.6034e-06
0.00160596
8.05296e-06
1.07783e-05
1.60966e-05
7.83627e-06
0.000493752
1.80617e-06
0.000495893
2.82517e-06
0.000284909
2.17244e-07
0.000285935
2.91356e-07
8.13372e-05
8.14806e-05
8.1667e-05
8.18423e-05
0.000286991
3.50817e-07
0.00028821
3.84373e-07
0.000499027
4.91888e-06
0.000502314
7.49202e-06
0.000506704
1.17058e-05
1.12502e-05
0.000289533
4.83023e-07
0.00029163
7.28825e-07
8.20595e-05
8.23509e-05
8.27017e-05
8.30861e-05
0.000295071
1.47782e-06
0.000299181
3.3815e-06
0.000303441
7.4457e-06
1.53052e-05
8.35691e-05
8.42979e-05
8.57758e-05
8.91573e-05
9.6603e-05
-4.89407e-06
4.89404e-06
2.95051e-06
-7.84475e-06
-2.10639e-05
6.82598e-06
1.91319e-05
6.51641e-06
-2.46297e-05
1.43519e-06
-9.27998e-06
1.47925e-05
8.79348e-05
-8.93849e-05
5.46551e-06
1.36661e-05
4.28779e-06
-2.74824e-05
6.5359e-07
-9.93361e-06
-1.0978e-05
0.00021618
1.86194e-05
-0.000209031
-2.42118e-06
1.24067e-05
8.34145e-05
-1.92655e-06
-9.41487e-05
1.1245e-05
-2.87554e-05
2.91287e-07
-1.02249e-05
-6.06795e-06
0.000214484
2.01716e-05
-0.000172498
1.50445e-05
0.000176082
-7.76861e-06
2.10194e-05
-0.000217894
-4.38565e-06
-9.41685e-07
7.85858e-05
-2.97977e-07
-1.47867e-06
-9.97814e-05
-6.57539e-07
1.03032e-05
-2.99428e-05
1.54014e-07
-1.03791e-05
-3.99507e-06
0.0001982
2.26741e-05
-2.40069e-06
-0.000171371
1.90411e-05
-0.00100708
1.33748e-05
0.00100874
2.19358e-05
0.000175164
2.15505e-05
-0.000232565
-2.85015e-06
-4.03158e-06
-0.000103032
-4.00588e-07
-7.34479e-07
7.49437e-05
-2.20206e-07
-1.33033e-07
1.00052e-05
-3.04465e-05
1.85188e-07
-1.05644e-05
0.000176804
2.56383e-05
-2.4074e-06
-1.83357e-06
-0.000177535
2.88436e-05
7.27412e-05
-1.22633e-07
-7.67795e-08
-0.00100551
1.74761e-05
-0.00229372
1.08888e-05
0.00229621
2.05909e-05
0.00101009
2.94307e-05
0.000167288
2.12392e-05
-0.000248155
-2.60185e-06
-3.04693e-06
0.000106327
-0.000108459
-3.00166e-07
-4.18262e-07
-2.93808e-07
-4.4332e-07
3.09958e-05
-1.32872e-07
-3.12638e-05
9.78488e-06
9.65185e-06
-1.06974e-05
3.12595e-05
-1.06422e-06
-7.5053e-07
8.83764e-05
5.89799e-05
-0.000188231
3.63276e-05
7.05488e-05
-1.06475e-07
-1.09253e-07
6.88667e-05
-8.52742e-08
-6.70173e-08
-0.00100584
2.91755e-05
9.52916e-06
9.45224e-06
-0.00229111
1.48636e-05
-0.00402813
4.82136e-06
0.0040342
1.69196e-05
0.00229988
3.09783e-05
0.00100854
3.37021e-05
0.000154821
2.0866e-05
-0.000263634
-2.62602e-06
-2.76469e-06
0.00011091
-0.000112828
-3.15757e-07
-3.67969e-07
-2.75969e-07
-3.2092e-07
3.22145e-05
-3.24096e-05
-1.05334e-07
3.19111e-05
-1.1504e-07
3.16729e-05
-5.5696e-08
-3.4416e-08
-1.07319e-05
-0.000196161
3.91911e-05
6.7891e-05
-4.42835e-08
-4.44807e-08
6.72379e-05
-6.04452e-08
-3.71412e-08
4.97374e-06
-3.01272e-06
8.64155e-05
1.38975e-05
5.00566e-05
-0.00100918
3.96716e-05
9.34563e-06
9.23634e-06
9.15096e-06
9.08381e-06
-0.0022881
2.61697e-05
-0.00402216
8.89062e-06
-0.00618263
-7.28528e-06
0.00619474
8.82831e-06
0.00404229
2.69121e-05
0.00230395
3.89206e-05
0.00100333
3.52963e-05
0.000140393
2.03932e-05
-0.000278734
-2.69115e-06
-2.60351e-06
0.000115036
-0.000116966
-3.32892e-07
-3.63765e-07
-2.72052e-07
-2.85383e-07
3.32009e-05
-3.34132e-05
-1.03726e-07
3.29406e-05
-1.07838e-07
3.27134e-05
-4.89741e-08
-1.72433e-08
1.09027e-05
-1.10081e-05
1.07876e-05
-1.2344e-05
-0.000208024
3.81e-05
-0.00101567
4.56697e-05
9.03942e-06
8.99496e-06
6.7101e-09
1.91839e-08
2.85574e-05
3.56415e-05
8.93447e-06
8.89728e-06
5.12736e-06
-5.9772e-07
-9.89913e-07
8.28754e-05
4.28394e-05
-0.00228603
3.75961e-05
-0.0040149
1.89146e-05
-0.00617137
-2.36568e-06
-0.00869197
-2.74635e-05
0.00871215
-5.76354e-06
0.00620933
1.68852e-05
0.00405232
3.56927e-05
0.00230717
4.24569e-05
0.000996161
3.45442e-05
0.000126236
1.94488e-05
-0.000292969
-2.76543e-06
-2.45433e-06
0.000119019
-0.000121013
-3.44278e-07
-3.54292e-07
-2.8165e-07
-2.69451e-07
3.41592e-05
-3.43864e-05
-1.0589e-07
3.39037e-05
-1.08418e-07
3.36785e-05
-4.70788e-08
-2.01117e-08
1.11823e-05
-1.12862e-05
1.10744e-05
1.10254e-05
-1.12831e-05
-0.000221069
3.55784e-05
-1.12548e-05
-0.00102373
4.61616e-05
-0.0022855
4.51432e-05
8.90393e-06
8.92305e-06
1.40596e-06
1.9292e-07
2.69582e-05
3.64497e-05
-6.41882e-07
3.61015e-05
5.88849e-06
-1.06243e-06
7.91184e-05
-1.07013e-06
3.74442e-05
-0.0040076
3.02914e-05
-0.00615771
5.25012e-06
-0.00867179
-2.25453e-05
-0.0114435
-5.9299e-05
0.0114753
-2.92198e-05
0.00873561
-4.07904e-07
0.00622662
2.44868e-05
0.00406352
4.00355e-05
0.0023096
4.15109e-05
0.000989197
3.12917e-05
0.000114393
1.73554e-05
-0.000305064
-3.06142e-06
-2.20388e-06
0.000122936
-0.000125016
-3.56259e-07
-3.31237e-07
-2.85722e-07
-2.45003e-07
3.51119e-05
-3.53511e-05
-1.05406e-07
3.48651e-05
-1.07613e-07
3.46348e-05
-5.15579e-08
-2.11778e-08
1.14619e-05
-1.1568e-05
1.13535e-05
1.13063e-05
-0.000229331
2.79326e-05
-1.00632e-05
-9.60982e-06
-0.00102963
4.14753e-05
-6.13728e-06
3.23257e-05
-0.00228623
4.68814e-05
-0.00400016
3.76969e-05
9.1159e-06
2.34301e-08
2.62928e-05
3.5567e-05
-5.2805e-07
-1.06919e-06
7.50306e-05
-9.80963e-07
3.49921e-05
-4.9543e-07
-0.00614364
1.62235e-05
-0.00865151
-1.50382e-05
-0.0114126
-5.34273e-05
-0.0142774
-0.000100963
0.014319
-6.10877e-05
0.0115072
-2.63608e-05
0.00876156
4.99714e-06
0.00624611
2.78867e-05
0.00407567
3.87625e-05
0.00231234
3.55277e-05
0.000984954
2.39873e-05
0.000107755
1.25205e-05
-0.00031035
-4.96395e-06
-2.27665e-06
0.000126747
-0.000129154
-3.54108e-07
-3.02127e-07
-2.7911e-07
-1.94254e-07
3.60405e-05
-3.62906e-05
-1.06527e-07
3.58131e-05
-1.03981e-07
3.55768e-05
-4.95965e-08
-1.94162e-08
1.17484e-05
-1.1854e-05
1.16408e-05
1.15891e-05
-0.000229366
1.58792e-05
-8.36201e-06
-7.48482e-06
-0.00103244
3.07406e-05
2.83892e-05
-6.12735e-06
2.48869e-05
-6.10786e-06
-0.00228631
4.1557e-05
-0.00399338
4.0102e-05
-0.00612951
2.35638e-05
9.1393e-06
2.58467e-05
-8.20465e-08
-3.44724e-05
3.38369e-05
-4.33931e-07
7.11999e-05
-1.07933e-06
-1.21762e-06
-4.61325e-07
2.54316e-05
-8.04776e-08
-0.00862944
-5.84028e-06
-0.0113826
-4.50602e-05
-0.0142363
-9.44711e-05
-0.0169987
-0.000156085
0.0170538
-0.000105447
0.0143634
-6.22398e-05
0.0115431
-2.44877e-05
0.00879105
5.83386e-06
0.00626817
2.54558e-05
0.00408898
3.07363e-05
0.00231713
2.36674e-05
0.000985278
1.03636e-05
0.000109916
1.96067e-06
-0.000294235
-1.22653e-05
-5.80965e-06
0.000130918
-0.000134648
-8.77093e-07
-3.59245e-07
-3.69993e-07
-1.43043e-07
3.69123e-05
-3.716e-05
-1.06832e-07
3.67049e-05
-9.48944e-08
3.64721e-05
-4.65092e-08
-1.27962e-08
1.20271e-05
-1.21338e-05
1.19231e-05
1.18734e-05
-0.000223213
4.68092e-06
-5.77371e-06
-5.05937e-06
-0.00103257
1.60084e-05
2.27924e-05
-6.26752e-06
2.2006e-05
-6.69866e-06
-0.00228566
3.00913e-05
6.7318e-05
-1.22523e-06
-1.00087e-06
-0.00398747
3.56474e-05
-0.00611562
2.62141e-05
-0.00860681
9.28754e-07
9.0572e-06
3.32424e-05
-4.85088e-07
-2.50755e-05
2.4734e-05
-9.27589e-08
3.25466e-05
-5.21873e-07
-1.0535e-07
8.97667e-06
-0.0113516
-3.68296e-05
-0.0141948
-8.66215e-05
-0.0169443
-0.000148903
-0.0194191
-0.000222807
0.0194858
-0.000162496
0.0171109
-0.000109889
0.014411
-6.34985e-05
0.0115821
-2.4479e-05
0.00882136
2.80931e-06
0.00629081
1.64102e-05
0.0041033
1.58534e-05
0.00232494
4.69896e-06
0.000990935
-1.15144e-05
0.000123383
-1.81524e-05
-0.000261393
-4.45096e-06
-1.02427e-05
0.000136882
-0.000136965
-7.76001e-06
-4.42444e-06
-2.67755e-06
-8.98504e-07
3.78363e-05
-3.84824e-05
-2.31366e-07
3.76138e-05
-1.36894e-07
3.72991e-05
-5.55202e-08
-4.05058e-09
1.22881e-05
-1.23951e-05
1.21932e-05
1.21466e-05
-0.000219626
7.31412e-06
-5.18679e-06
-5.71598e-06
-0.00103308
5.18282e-06
2.36012e-05
-7.36878e-06
2.59396e-05
-7.3976e-06
-0.00228633
1.66754e-05
6.3791e-05
-1.13153e-06
-1.60909e-06
6.08492e-05
-2.33689e-06
-1.41999e-06
-0.0039832
2.58216e-05
-3.20242e-05
3.13001e-05
-5.0107e-07
-4.78486e-07
-0.00610314
2.31656e-05
-0.00858619
5.59242e-06
-0.0113218
-2.88387e-05
2.43692e-05
-1.20286e-07
-8.87132e-06
8.77847e-06
2.3949e-05
-1.01753e-07
-0.0141535
-7.81133e-05
-0.0168917
-0.000139201
-0.0193527
-0.00021528
-0.0213881
-0.000301354
0.0214667
-0.000232165
0.0195555
-0.000168731
0.0171697
-0.000113665
0.0144612
-6.67056e-05
0.0116243
-2.96945e-05
0.00885386
-6.15499e-06
0.00631338
1.34951e-06
0.00411781
-4.44186e-06
0.00233409
-2.05849e-05
0.00100001
-3.83369e-05
0.000143569
-4.57246e-05
-0.000232246
1.15321e-05
5.04431e-06
0.000130911
-0.000127952
-1.91952e-06
-5.49214e-06
-7.57442e-06
-8.72227e-06
4.23594e-05
-4.4127e-05
-5.99286e-06
4.07288e-05
-2.79412e-06
3.90577e-05
-1.00665e-06
-3.23279e-07
1.25917e-05
-1.28232e-05
1.24547e-05
1.23991e-05
-0.000225156
1.78173e-05
-5.97734e-06
-6.31386e-06
-0.00103366
7.89945e-06
2.76937e-05
-6.94067e-06
2.7121e-05
-5.14398e-06
-0.00228856
7.41097e-06
6.05171e-05
-2.65481e-06
-4.38182e-06
6.34718e-05
-5.32088e-06
-5.03128e-06
-0.00398142
1.48969e-05
3.07345e-05
-5.66021e-07
2.98353e-05
-7.09817e-07
-2.92367e-05
2.8059e-05
-1.15912e-06
-8.21495e-07
-0.00609372
1.63949e-05
-2.35927e-05
2.31871e-05
-9.55838e-08
-1.22216e-07
-0.00856694
3.92315e-06
-0.0112916
-2.46639e-05
-0.0141119
-7.03816e-05
8.65814e-06
8.55636e-06
-0.0168386
-0.000131206
-0.0192861
-0.000205838
-0.0213115
-0.000291892
-0.0228333
-0.000387332
0.0229192
-0.000310682
0.0215452
-0.000238444
0.0196252
-0.000174118
0.0172302
-0.000118264
0.0145128
-7.1968e-05
0.0116666
-3.9319e-05
0.00888702
-2.21566e-05
0.00633688
-1.88269e-05
0.00413219
-2.91113e-05
0.00234261
-4.78876e-05
0.00100955
-6.66696e-05
0.000164514
-7.33322e-05
-0.000198614
2.1343e-05
1.83628e-05
0.000124323
-0.000118238
3.21767e-06
2.22874e-06
1.60711e-06
-1.91761e-07
4.76886e-05
-4.80455e-05
-1.56297e-06
4.60181e-05
-3.822e-06
4.54092e-05
-6.9658e-06
-7.44014e-06
1.69474e-05
-2.29405e-05
1.41532e-05
1.31465e-05
-0.000237347
2.48273e-05
-6.225e-06
-6.41448e-06
-0.00103607
2.02245e-05
2.53095e-05
-4.16649e-06
2.24272e-05
-3.43222e-06
-0.00229054
9.88116e-06
6.40778e-05
-4.67716e-06
-2.86943e-06
6.16038e-05
-8.36276e-07
-1.83411e-06
-0.00398258
8.56999e-06
2.71954e-05
-1.79128e-06
2.57589e-05
-2.94532e-06
-2.5367e-05
2.46039e-05
-4.55776e-06
-4.63935e-06
-0.00608835
9.52419e-06
2.276e-05
-1.38908e-07
2.21896e-05
-1.39504e-07
-2.15729e-05
2.06873e-05
-2.7364e-07
-2.04795e-07
-0.00855154
9.85196e-07
-8.43414e-06
8.33853e-06
-0.0112645
-2.31915e-05
-0.0140718
-6.48367e-05
-0.0167858
-0.000123219
-0.0192209
-0.000196342
-0.021234
-0.000283358
-0.0227468
-0.000378357
-0.02375
-0.000476076
0.0238387
-0.000397205
0.0230058
-0.000319664
0.0216264
-0.000246495
0.0196976
-0.000181176
0.0172931
-0.000125156
0.014566
-8.17419e-05
0.011709
-5.25258e-05
0.00891739
-3.96979e-05
0.00635775
-4.05254e-05
0.0041436
-5.33516e-05
0.00234807
-7.50403e-05
0.00101793
-9.4911e-05
0.000186096
-8.1803e-05
2.12915e-05
2.29107e-05
0.000108669
-9.7957e-05
5.5115e-06
5.11995e-06
4.68272e-06
4.11111e-06
4.6167e-05
-4.45226e-05
1.57316e-06
4.72652e-05
1.1305e-06
4.81536e-05
7.18505e-07
-8.37562e-08
3.08112e-05
-3.19435e-05
-4.31195e-07
2.8357e-05
-1.36805e-06
2.4694e-05
-3.30299e-06
-5.68665e-06
-0.000251944
2.73307e-05
-6.31615e-06
-6.41923e-06
-0.00104216
3.09092e-05
1.94795e-05
-3.27787e-06
1.60699e-05
-3.00526e-06
-0.00229093
2.06114e-05
5.86893e-05
-7.87727e-07
-4.64745e-07
5.59659e-05
-2.86066e-07
-4.231e-07
-0.00398292
1.02135e-05
2.37033e-05
-3.77642e-06
2.26596e-05
-1.82573e-06
-2.15642e-05
2.10092e-05
-2.81407e-07
-7.38757e-07
-0.0060849
5.12438e-06
1.94241e-05
-5.28025e-07
1.75523e-05
-1.07359e-06
-1.51468e-05
1.43352e-05
-3.74612e-06
-2.23385e-06
-0.008539
-3.01392e-06
8.1996e-06
8.06008e-06
-7.85528e-06
7.58162e-06
-0.0112405
-2.30207e-05
-0.0140349
-6.00531e-05
-0.0167354
-0.000115229
-0.0191573
-0.000186838
-0.0211576
-0.000272715
-0.022662
-0.000368161
-0.0236602
-0.000468123
-0.0241826
-0.00055958
0.0242661
-0.000486017
0.0239276
-0.000406653
0.0230927
-0.000328464
0.0217084
-0.000254453
0.0197708
-0.000189064
0.017357
-0.000134351
0.0146186
-9.37875e-05
0.0117503
-6.95178e-05
0.00894721
-5.82543e-05
0.00637548
-6.16964e-05
0.00415195
-7.71496e-05
0.00235018
-0.000101844
0.00102486
-0.00010662
8.72802e-05
5.53886e-06
6.21767e-06
6.23482e-06
5.99905e-06
3.77476e-05
-3.507e-05
2.83401e-06
4.02681e-05
2.59942e-06
4.25477e-05
2.40304e-06
2.13614e-06
3.0769e-05
-2.9635e-05
4.38809e-07
3.15664e-05
3.3307e-07
3.20785e-05
2.06224e-07
5.10806e-08
1.03578e-05
-1.07892e-05
8.98968e-06
5.68665e-06
-0.000265184
2.60096e-05
-6.4084e-06
-6.3616e-06
-0.0010503
3.54719e-05
1.28446e-05
-3.09115e-06
9.34375e-06
-2.9187e-06
-0.00229225
3.22243e-05
5.34988e-05
-4.32496e-07
-3.78581e-07
5.11062e-05
-2.82272e-07
-3.30628e-07
-0.00398155
1.92443e-05
2.04189e-05
-1.9754e-07
2.00836e-05
-1.29596e-07
-1.9761e-05
1.95269e-05
-5.21179e-08
-1.00552e-07
-0.00608229
7.60113e-06
1.05588e-05
8.73303e-06
-7.99427e-06
7.71282e-06
-0.00852966
-4.21884e-06
7.05358e-06
5.97997e-06
-3.74613e-06
-0.0112193
-2.41443e-05
-0.0139997
-5.82716e-05
-0.0166856
-0.000109815
-0.0190933
-0.000179208
-0.0210794
-0.000265096
-0.0225747
-0.000360027
-0.0235695
-0.000458895
-0.0240987
-0.000552073
-0.024157
-0.000630141
0.0242275
-0.000569066
0.0243492
-0.0004944
0.0240153
-0.000416929
0.0231812
-0.0003371
0.021791
-0.00026417
0.0198459
-0.000199445
0.0174221
-0.000145919
0.0146707
-0.000108582
0.0117893
-8.49225e-05
0.00897388
-7.57789e-05
0.00638956
-8.07391e-05
0.00415554
-9.97782e-05
0.00234812
-0.000115048
2.68134e-05
3.34361e-06
2.94723e-05
3.55876e-06
3.22717e-05
3.43542e-06
3.20066e-06
2.44663e-05
-2.24234e-05
7.90968e-07
2.63498e-05
7.15889e-07
2.81042e-05
6.4852e-07
6.05266e-07
1.0199e-05
-9.76031e-06
1.0532e-05
1.07381e-05
-0.000272591
1.96395e-05
-6.37055e-06
-5.86368e-06
-0.00105715
3.28564e-05
6.06077e-06
-3.12564e-06
2.73408e-06
-3.03517e-06
-0.00229376
3.6988e-05
4.88027e-05
-3.95851e-07
-3.91922e-07
4.64864e-05
-2.93608e-07
-3.08938e-07
-0.00397819
2.88616e-05
1.91911e-05
-9.67471e-08
1.89033e-05
-9.09103e-08
-1.86516e-05
1.84102e-05
-4.09102e-08
-7.89429e-08
-0.0060766
1.35537e-05
7.51525e-06
7.38562e-06
-7.28507e-06
7.23289e-06
-0.00851953
-2.527e-06
-0.0112006
-2.29738e-05
-0.0139687
-5.50931e-05
-0.0166395
-0.000104416
-0.0190306
-0.000172543
-0.0210042
-0.000254363
-0.022489
-0.000350745
-0.02348
-0.000449539
-0.0240121
-0.00054549
-0.0240843
-0.000624706
-0.0236851
-0.000675983
0.023731
-0.000637526
0.024296
-0.000578064
0.0244328
-0.000505781
0.0241042
-0.000425909
0.02327
-0.000347516
0.0218744
-0.000275041
0.0199215
-0.000210179
0.0174863
-0.000159499
0.0147216
-0.000122039
0.0118264
-9.91457e-05
0.00899725
-9.12734e-05
0.0064001
-9.74656e-05
0.00415323
-0.000112516
1.543e-05
1.27895e-06
1.7759e-05
1.2298e-06
2.01492e-05
1.04507e-06
9.26476e-07
7.79077e-06
-6.99985e-06
8.5066e-06
9.15505e-06
-0.000270655
6.60332e-06
-5.10288e-06
-3.43774e-06
-0.00106036
2.28517e-05
-2.80065e-07
-3.35663e-06
-2.74884e-06
-3.3952e-06
-0.00229486
3.39546e-05
4.41625e-05
-3.81592e-07
-4.20365e-07
4.17476e-05
-3.24868e-07
-2.95507e-07
-0.00397503
3.38241e-05
1.81083e-05
-9.40423e-08
1.78113e-05
-9.48996e-08
-1.7575e-05
1.73291e-05
-4.78406e-08
-7.26593e-08
-0.00606987
2.21283e-05
7.13612e-06
7.04519e-06
-6.96625e-06
6.92531e-06
-0.00850963
3.65268e-06
-0.0111837
-1.93969e-05
-0.0139389
-5.27643e-05
-0.0165946
-9.99707e-05
-0.0189701
-0.000164952
-0.020929
-0.000247747
-0.022402
-0.000341433
-0.0233873
-0.000443441
-0.0239228
-0.000538774
-0.0240108
-0.000619071
-0.0236368
-0.000673001
-0.0227335
-0.000689017
0.0227465
-0.000680867
0.0237743
-0.00064442
0.0243624
-0.000587842
0.0245149
-0.000515787
0.024194
-0.000436696
0.0233592
-0.000356621
0.0219559
-0.000282895
0.0199943
-0.000219889
0.0175467
-0.000170101
0.0147697
-0.000132221
0.0118595
-0.000109599
0.00901557
-0.000101314
0.00640394
-0.000106857
3.79857e-06
5.02835e-06
6.07337e-06
-0.00026422
-4.24007e-06
-1.36537e-06
-8.31101e-07
-0.00106129
7.53746e-06
-4.06498e-06
-3.78703e-06
-3.57006e-06
-3.93303e-06
-0.00229589
2.38829e-05
3.92447e-05
-3.86173e-07
-4.67807e-07
3.65851e-05
-4.18781e-07
-3.16994e-07
-0.00397227
3.11947e-05
1.70419e-05
-9.44192e-08
1.67154e-05
-9.38788e-08
-1.64928e-05
1.62127e-05
-4.48465e-08
-7.29411e-08
-0.00606214
2.60927e-05
6.83126e-06
6.73635e-06
-6.66369e-06
6.61582e-06
-0.00849753
1.00268e-05
-0.0111666
-1.34623e-05
-0.0139115
-4.68055e-05
-0.0165526
-9.47259e-05
-0.0189117
-0.00015836
-0.0208549
-0.000239092
-0.0223154
-0.000334265
-0.0232948
-0.000433961
-0.0238332
-0.000533096
-0.0239329
-0.000616622
-0.023585
-0.000670911
-0.0227169
-0.000689624
-0.0212591
-0.000663286
0.0212333
-0.00069124
0.0227569
-0.000688444
0.0238183
-0.000655344
0.0244299
-0.000598394
0.0245975
-0.000528025
0.0242854
-0.000446019
0.0234486
-0.000368806
0.0220419
-0.000293684
0.0200681
-0.000231245
0.0176079
-0.000179362
0.0148168
-0.000141885
0.0118918
-0.000117165
0.00903142
-0.000107795
-0.000262653
4.98653e-06
-2.47804e-06
-4.07686e-06
-0.00106366
-1.86988e-06
-8.85422e-07
-4.05036e-06
1.57486e-06
-3.29181e-06
-0.0022995
1.11446e-05
3.39713e-05
-4.62032e-07
-7.11437e-07
3.19548e-05
-1.25917e-06
-6.57541e-07
-0.00397184
2.34547e-05
1.59247e-05
-9.82205e-08
1.55644e-05
-1.07541e-07
-1.53284e-05
1.49738e-05
-6.4324e-08
-8.0953e-08
-0.00605644
2.54965e-05
6.52139e-06
6.4275e-06
-6.35456e-06
6.30969e-06
-0.00848596
1.45172e-05
-0.0111484
-8.12877e-06
-0.0138833
-4.16655e-05
-0.0165116
-8.78643e-05
-0.0188555
-0.000150891
-0.0207827
-0.000230482
-0.0222307
-0.000323874
-0.0232023
-0.000426693
-0.0237398
-0.000527373
-0.0238541
-0.000611881
-0.0235297
-0.000671953
-0.0226956
-0.000692158
-0.0212807
-0.000668013
-0.0192667
-0.000602009
0.0192054
-0.000664956
0.0212071
-0.00069806
0.0227665
-0.000697803
0.0238608
-0.000665906
0.0244974
-0.000608533
0.024678
-0.000535652
0.024375
-0.000455884
0.0235357
-0.000376478
0.0221246
-0.000303526
0.0201403
-0.000237136
0.0176656
-0.000185524
0.0148605
-0.000145482
0.0119201
-0.00011964
-0.00027041
1.77242e-05
-4.62543e-06
-5.34381e-06
-0.00106549
6.81091e-06
2.49152e-06
-3.39507e-06
1.04077e-06
-2.6265e-06
-0.00230519
3.81934e-06
3.30537e-05
-1.81197e-06
-3.33753e-06
3.51666e-05
-2.54927e-06
-2.85574e-06
-0.0039745
1.38064e-05
1.46387e-05
-1.27035e-07
1.40899e-05
-1.62708e-07
-1.36439e-05
1.2752e-05
-3.67339e-07
-2.11572e-07
-0.00605336
2.03744e-05
6.21146e-06
6.1039e-06
-6.02295e-06
5.95859e-06
-0.00847651
1.60516e-05
-0.0111311
-2.79809e-06
-0.0138572
-3.42924e-05
-0.0164722
-8.10432e-05
-0.0187999
-0.000143494
-0.0207107
-0.000222972
-0.0221444
-0.000316777
-0.0231079
-0.00041833
-0.0236459
-0.000520507
-0.0237711
-0.00061044
-0.0234686
-0.000672963
-0.0226709
-0.000696722
-0.0212973
-0.000675557
-0.0193258
-0.000608949
-0.0168265
-0.000510576
0.0167351
-0.000600066
0.0191405
-0.000669038
0.021178
-0.000705541
0.0227743
-0.000707826
0.0239027
-0.000677113
0.024566
-0.000620345
0.0247627
-0.000547481
0.0244666
-0.000466178
0.0236254
-0.000384037
0.0222052
-0.000308956
0.0202122
-0.00024387
0.017724
-0.000187262
0.0149022
-0.000144357
-0.000282984
2.40833e-05
-5.51566e-06
-5.99526e-06
-0.00106917
2.13997e-05
-1.12323e-06
-2.46174e-06
-4.24913e-06
-2.21831e-06
-0.002309
1.06228e-05
3.36177e-05
-1.32896e-06
-5.17557e-07
3.12927e-05
-8.89066e-08
-2.12791e-07
-0.00398049
9.81094e-06
1.1757e-05
-8.17052e-07
1.00422e-05
-1.62274e-06
-9.83643e-06
7.28707e-06
-2.65003e-06
-0.00605507
1.55192e-05
5.83153e-06
5.6688e-06
-5.45723e-06
5.08985e-06
-0.00847016
1.40234e-05
-0.0111157
6.77867e-07
-0.0138307
-2.92145e-05
-0.0164331
-7.3425e-05
-0.0187457
-0.0001352
-0.0206407
-0.000213453
-0.0220598
-0.000307566
-0.0230135
-0.000411119
-0.0235506
-0.000513652
-0.0236859
-0.000605647
-0.0234062
-0.000672879
-0.0226425
-0.000701323
-0.0213089
-0.000685126
-0.0193794
-0.000621911
-0.0169141
-0.000521353
-0.0140817
-0.00040222
0.0139734
-0.00050774
0.0166428
-0.000605199
0.0190767
-0.000678267
0.0211508
-0.000717596
0.022784
-0.000718451
0.0239441
-0.000687759
0.0246334
-0.000629346
0.0248446
-0.00055534
0.0245558
-0.000475099
0.0237164
-0.000392127
0.0222883
-0.000314841
0.0202831
-0.000244995
0.0177817
-0.000186188
-0.000296364
2.49805e-05
-5.98988e-06
-5.6129e-06
-0.00107615
3.10687e-05
-7.24109e-06
-2.52402e-06
-1.04873e-05
-2.74944e-06
-0.00231107
2.34596e-05
2.91022e-05
-1.4289e-07
-1.28671e-07
2.70328e-05
-6.51706e-08
-8.40258e-08
-0.00398518
1.53091e-05
5.95807e-06
5.44047e-06
-5.22768e-06
5.13872e-06
-0.00605837
1.31083e-05
4.27279e-06
2.65003e-06
-0.00846699
1.23517e-05
-0.0111033
1.5566e-06
-0.0138067
-2.34039e-05
-0.0163956
-6.67015e-05
-0.0186922
-0.000126976
-0.0205708
-0.000205057
-0.0219748
-0.000298429
-0.0229194
-0.000401724
-0.0234549
-0.000506821
-0.0235976
-0.000601979
-0.023339
-0.000672811
-0.0226084
-0.000707018
-0.0213153
-0.00069488
-0.0194276
-0.000636905
-0.0169985
-0.000537555
-0.0141874
-0.00041572
-0.0112224
-0.000289911
0.0111101
-0.000398294
0.0138639
-0.000513089
0.0165507
-0.000614852
0.0190133
-0.00068893
0.0211221
-0.000728194
0.0227938
-0.000731972
0.0239883
-0.000696707
0.0247007
-0.000638688
0.0249279
-0.000562364
0.024643
-0.000478892
0.0238032
-0.000395505
0.022369
-0.000313406
0.0203515
-0.000243368
-0.000305372
1.96738e-05
-5.82436e-06
-4.84269e-06
-0.00108337
3.21946e-05
-1.25575e-05
-3.91987e-06
-1.53694e-05
-1.45742e-06
-1.34398e-06
-0.00231352
3.3523e-05
2.47951e-05
-1.39043e-07
-1.47542e-07
2.2214e-05
-7.49999e-08
-9.36092e-08
-0.0039866
2.48751e-05
4.9958e-06
4.86709e-06
-4.78307e-06
4.71784e-06
-0.00606085
1.77877e-05
-0.00846641
1.25214e-05
-0.0110928
1.88776e-06
-0.0137851
-1.99507e-05
-0.0163598
-5.91821e-05
-0.0186411
-0.000117834
-0.0205021
-0.000195695
-0.0218916
-0.000288267
-0.0228254
-0.000392393
-0.0233577
-0.000498917
-0.0235072
-0.000597222
-0.0232693
-0.000671688
-0.0225694
-0.000711784
-0.0213165
-0.000705792
-0.0194711
-0.000651443
-0.0170782
-0.000557235
-0.0142892
-0.000435754
-0.0113319
-0.000306253
-0.00844642
-0.000186956
0.00834346
-0.000285718
0.0109975
-0.000404486
0.0137553
-0.000524251
0.0164601
-0.000627274
0.0189516
-0.000701807
0.0210957
-0.000740212
0.022802
-0.000740073
0.0240316
-0.000705968
0.024768
-0.000646054
0.0250116
-0.000569398
0.0247335
-0.000483338
0.023891
-0.000395871
0.0224515
-0.000314789
-0.000304583
5.87739e-06
-4.51078e-06
-2.15811e-06
-0.00108748
2.37801e-05
-1.8326e-05
-1.42456e-06
-1.44344e-06
-2.11024e-05
-1.07845e-06
-9.88191e-07
-0.00231618
3.48518e-05
8.28656e-06
-3.38421e-08
1.00291e-05
1.21766e-08
7.38282e-06
-5.53774e-07
6.45042e-06
-4.11664e-07
-0.00398652
3.34489e-05
4.57876e-06
4.43118e-06
-4.33757e-06
4.26252e-06
-0.00606126
2.52854e-05
-0.0084656
1.69816e-05
-0.0110856
5.30309e-06
-0.0137674
-1.58467e-05
-0.0163263
-5.34832e-05
-0.0185905
-0.000109761
-0.0204346
-0.00018537
-0.0218091
-0.000278201
-0.0227305
-0.00038315
-0.0232591
-0.000491069
-0.0234159
-0.000590248
-0.0231959
-0.000670599
-0.0225265
-0.000714547
-0.0213133
-0.000715006
-0.0195096
-0.000667258
-0.017152
-0.0005776
-0.0143873
-0.000459057
-0.0114386
-0.000328997
-0.00854795
-0.000204724
-0.00592479
-0.00010184
0.00583967
-0.000182653
0.0082404
-0.000294648
0.0108877
-0.000419197
0.0136503
-0.000539004
0.0163718
-0.000641583
0.0188914
-0.000714167
0.0210697
-0.000749681
0.0228116
-0.000747743
0.0240734
-0.000714713
0.0248367
-0.000651265
0.0250935
-0.000572183
0.0248224
-0.000485959
0.0239811
-0.000396798
-0.000296825
-1.24168e-05
9.04463e-07
3.75211e-06
-0.00108846
6.85641e-06
-2.32347e-05
-1.17257e-06
-1.20616e-06
-2.3521e-05
-9.90775e-07
-8.8129e-07
-0.00231845
2.60546e-05
5.72126e-06
-6.95553e-07
5.02221e-06
-7.44431e-07
4.44412e-06
-5.00435e-07
3.8121e-06
-3.56246e-07
-0.00398632
3.46476e-05
4.22865e-06
9.50297e-06
-2.76793e-08
4.24081e-06
9.04556e-06
4.56278e-08
-0.00605945
3.16336e-05
-0.00846376
2.34396e-05
-0.0110788
1.01435e-05
-0.0137509
-1.11672e-05
-0.0162951
-4.70349e-05
-0.0185412
-0.00010275
-0.0203671
-0.000177238
-0.0217251
-0.000269342
-0.0226359
-0.000372865
-0.02316
-0.000482158
-0.0233225
-0.00058445
-0.0231199
-0.000666252
-0.0224808
-0.000716333
-0.0213064
-0.000721483
-0.0195446
-0.000679979
-0.0172236
-0.00059566
-0.0144834
-0.000481502
-0.0115433
-0.000354353
-0.00864633
-0.000230616
-0.00600709
-0.000122424
-0.00377735
-4.04413e-05
0.00371595
-9.73236e-05
0.00575434
-0.000193963
0.00813971
-0.000312539
0.010781
-0.000437162
0.0135484
-0.000555242
0.0162855
-0.000654599
0.0188318
-0.000724189
0.0210442
-0.000758458
0.0228223
-0.000754569
0.0241133
-0.000717383
0.0249028
-0.000655799
0.0251771
-0.000575622
0.024912
-0.000485385
-0.000290802
-6.85687e-06
1.86277e-06
-1.03111e-06
-0.00109144
-9.43204e-06
-2.09858e-05
-9.00416e-07
-7.3059e-07
-1.69312e-05
-2.41013e-07
-6.19243e-08
-0.0023223
1.07003e-05
3.25511e-06
-6.15685e-07
2.72871e-06
-6.79791e-07
2.26527e-06
-5.27391e-07
1.88413e-06
-5.00223e-07
-0.0039884
2.81381e-05
8.48875e-06
-1.38843e-07
7.91547e-06
-1.71251e-07
7.5514e-06
-1.36404e-07
7.24081e-06
-4.57433e-08
-0.00605887
3.40744e-05
4.2131e-06
4.25869e-06
-0.00846101
2.88891e-05
-0.0110715
1.61469e-05
-0.0137357
-5.08709e-06
-0.0162655
-4.07528e-05
-0.0184953
-9.29371e-05
-0.0203038
-0.000166055
-0.0216451
-0.000257262
-0.0225425
-0.000362681
-0.0230607
-0.000472188
-0.0232282
-0.00057645
-0.0230424
-0.000661932
-0.022432
-0.000714997
-0.0212966
-0.000726125
-0.0195757
-0.000690385
-0.0172916
-0.000612006
-0.0145774
-0.000501732
-0.0116473
-0.000377565
-0.00874506
-0.000255618
-0.00608925
-0.000148457
-0.00383607
-6.37042e-05
-0.00207649
-4.80505e-06
0.00204086
-3.52434e-05
0.00365387
-0.000112594
0.00567297
-0.000216285
0.00804346
-0.000333109
0.010677
-0.000455038
0.0134482
-0.000569627
0.0162005
-0.000665548
0.0187732
-0.000731858
0.0210176
-0.00076359
0.0228314
-0.000758308
0.0241542
-0.000720365
0.0249674
-0.000655704
0.0252572
-0.000574163
-0.000295495
1.03866e-05
-2.47046e-06
-3.22533e-06
-0.00109348
-4.82223e-06
-1.36779e-05
-6.80789e-07
-7.10092e-07
-1.37951e-05
-5.16876e-07
-3.97527e-07
-0.00233039
-1.34599e-06
1.80798e-06
-8.24378e-07
2.05932e-06
-9.81997e-07
2.78071e-06
-9.62464e-07
3.45268e-06
-7.34032e-07
-0.00399387
1.61679e-05
6.78762e-06
-1.62579e-07
6.27629e-06
-1.68529e-07
5.9066e-06
-1.57743e-07
5.52814e-06
-1.21844e-07
-0.00606009
2.93551e-05
4.11981e-06
3.94854e-06
3.81211e-06
3.76634e-06
-0.00845761
3.06748e-05
-0.0110647
2.21142e-05
-0.0137205
8.93549e-07
-0.0162369
-3.37119e-05
-0.0184499
-8.62126e-05
-0.0202385
-0.000158202
-0.0215636
-0.00024754
-0.0224483
-0.000351483
-0.0229622
-0.000461162
-0.023133
-0.000567369
-0.0229634
-0.000655432
-0.0223803
-0.000713708
-0.0212817
-0.000729897
-0.0196026
-0.000699268
-0.0173569
-0.00062504
-0.0146697
-0.000519628
-0.0117505
-0.000398475
-0.00884484
-0.000277791
-0.00617338
-0.000171488
-0.00389709
-8.74379e-05
-0.00211136
-2.88363e-05
-0.000855411
-1.03368e-06
0.00084513
6.51044e-06
1.64136e-06
0.00200397
-5.42399e-05
0.00359552
-0.000137325
0.00559401
-0.000238636
0.00794898
-0.000352913
0.0105748
-0.000470216
0.0133488
-0.00058159
0.0161165
-0.000672936
0.0187143
-0.000737157
0.0209911
-0.000765817
0.0228389
-0.000760001
0.0241938
-0.000720829
0.0250325
-0.000655489
-0.000307252
1.84654e-05
-3.32326e-06
-3.38658e-06
-0.00109555
1.24578e-05
-1.51389e-05
-5.51569e-07
-5.75476e-07
-1.76662e-05
-3.75939e-07
-3.22509e-07
-0.00233664
1.42905e-06
3.99986e-06
-1.22811e-06
4.03578e-06
-7.46108e-07
3.81481e-06
-2.9598e-07
3.49339e-06
-7.62476e-08
-0.00400334
8.12063e-06
5.02642e-06
-3.22742e-07
4.55867e-06
-5.14329e-07
4.47071e-06
-8.74559e-07
5.18045e-06
-1.44387e-06
-0.00606628
2.23597e-05
3.60373e-06
3.43519e-06
3.27743e-06
3.15555e-06
-0.0084586
3.03427e-05
-0.0110605
2.64981e-05
-0.0137059
7.54831e-06
-0.016211
-2.49984e-05
-0.0184069
-7.66797e-05
-0.0201775
-0.000147288
-0.021485
-0.00023684
-0.0223566
-0.000339263
-0.0228623
-0.000451397
-0.023037
-0.00055722
-0.0228818
-0.000648978
-0.0223254
-0.000710318
-0.0212646
-0.000730765
-0.0196277
-0.000704764
-0.0174208
-0.00063535
-0.0147611
-0.000533687
-0.0118558
-0.000414378
-0.0089479
-0.000295414
-0.0062619
-0.000189276
-0.00396351
-0.000105065
-0.00215244
-4.63584e-05
-0.000871828
-8.83284e-06
-3.5863e-06
0.000153628
-0.000153925
-7.36377e-07
8.31742e-06
0.000834013
4.44029e-06
0.000156528
3.6105e-06
-2.08736e-05
0.0019706
-8.03916e-05
0.00353858
-0.000160291
0.00551567
-0.000258166
0.00785424
-0.000368343
0.010473
-0.000482357
0.0132496
-0.000589296
0.0160329
-0.000678367
0.0186555
-0.00073982
0.0209651
-0.000767243
0.0228461
-0.000759136
0.0242321
-0.00071798
-0.000319475
1.91186e-05
-3.59619e-06
-3.30152e-06
-0.00110075
2.36653e-05
-1.99563e-05
-4.95688e-07
-5.37865e-07
-2.26916e-05
-3.49968e-07
-3.0172e-07
-0.00233935
1.51721e-05
3.14841e-06
-2.06735e-07
2.78118e-06
-2.08344e-07
2.47835e-06
-7.31691e-08
2.13969e-06
1.60263e-08
-0.00401246
1.05534e-05
3.95229e-06
3.20616e-06
2.91015e-06
2.83386e-06
-0.00607604
1.78771e-05
2.83279e-06
2.31844e-06
1.44387e-06
-0.00846247
2.62343e-05
-0.0110569
2.6774e-05
-0.013692
1.25663e-05
-0.0161843
-1.9103e-05
-0.0183636
-6.82794e-05
-0.0201165
-0.000137616
-0.0214059
-0.000226311
-0.0222639
-0.000329484
-0.0227621
-0.000439449
-0.0229412
-0.000547154
-0.0227987
-0.000640326
-0.0222695
-0.000704812
-0.0212443
-0.000730681
-0.019649
-0.000709496
-0.0174812
-0.000644367
-0.0148514
-0.000545025
-0.011961
-0.000428437
-0.00905275
-0.000309522
-0.00635458
-0.000202733
-0.00403572
-0.000117065
-0.00220137
-5.61331e-05
-0.000898726
-1.11317e-05
-8.3285e-06
0.000154485
-0.000159155
-4.16273e-06
-3.02633e-06
3.9024e-05
-3.87564e-05
-6.02332e-07
-4.0174e-07
0.000158876
5.96966e-06
-9.22879e-07
0.000821833
-7.77015e-06
0.000160846
2.46975e-06
4.24807e-05
3.65784e-07
-2.11875e-07
-4.39296e-05
0.00193414
-0.000100333
0.00347862
-0.000177497
0.005435
-0.00027275
0.00775864
-0.000380188
0.0103708
-0.000491171
0.0131515
-0.000594926
0.0159495
-0.000680845
0.0185965
-0.000739478
0.0209374
-0.000764865
0.0228518
-0.000756057
-0.000325094
1.21464e-05
-3.83824e-06
-2.69135e-06
-0.00110613
2.44928e-05
-2.52271e-05
-5.09448e-07
-5.5148e-07
-2.78729e-05
-3.55548e-07
-3.00616e-07
-0.00234123
2.55377e-05
1.80113e-06
-1.57272e-07
1.44996e-06
-1.8678e-07
1.16075e-06
-6.08144e-08
8.28323e-07
3.0591e-08
-0.00401628
1.89866e-05
2.62709e-06
2.41873e-06
2.34554e-06
2.36153e-06
-0.00608447
1.89869e-05
-0.00846956
2.49624e-05
-0.0110573
2.6571e-05
-0.0136811
1.59068e-05
-0.0161603
-1.1505e-05
-0.0183237
-5.8991e-05
-0.0200567
-0.00012809
-0.0213287
-0.000214821
-0.0221738
-0.000316424
-0.0226652
-0.000426471
-0.0228446
-0.000536038
-0.0227153
-0.000630597
-0.0222117
-0.000698221
-0.0212225
-0.000726573
-0.019669
-0.000710656
-0.0175411
-0.00064968
-0.014941
-0.000554756
-0.0120671
-0.000438988
-0.00916057
-0.000320615
-0.00645112
-0.000212981
-0.00411318
-0.000125275
-0.00225679
-6.16497e-05
-0.000933064
-1.17936e-05
-1.00015e-05
0.000163007
-0.000169338
-4.80045e-06
-4.47653e-06
4.05412e-05
-4.3604e-05
-5.7664e-07
-5.23121e-07
-5.83177e-07
-6.58377e-07
8.32379e-07
-1.2193e-06
-2.1543e-07
7.48257e-07
-3.177e-07
4.66411e-05
1.04684e-06
7.62295e-07
0.000161965
-2.04144e-06
-9.26357e-06
0.000799826
-1.26604e-05
0.000159035
-4.84084e-06
4.94755e-05
-5.58518e-07
1.93851e-07
-1.00437e-06
1.91004e-06
-5.39975e-07
-4.68019e-07
-5.68311e-05
0.00189064
-0.000112655
0.00341378
-0.000189295
0.00535154
-0.000282972
0.00766143
-0.000388088
0.0102677
-0.000496031
0.0130526
-0.000596425
0.015865
-0.000679595
0.0185366
-0.000735837
0.0209083
-0.000760575
-0.000319176
-7.30597e-06
-1.73919e-06
3.12588e-06
-0.00110731
1.33318e-05
-3.05407e-05
-5.66787e-07
-6.0394e-07
-3.2467e-05
-4.26444e-07
-3.38944e-07
-0.00234196
2.52265e-05
4.7912e-07
-1.60371e-07
1.19703e-07
-1.92142e-07
-1.73999e-07
-6.18945e-08
-5.11531e-07
3.68169e-08
-0.00401726
2.65171e-05
2.20422e-06
2.01743e-06
1.9566e-06
1.98715e-06
-0.00608957
2.4085e-05
-0.00847613
2.55603e-05
-0.0110591
2.67482e-05
-0.0136736
1.90938e-05
-0.0161376
-6.74994e-06
-0.0182833
-5.18748e-05
-0.0199981
-0.000117653
-0.0212533
-0.000203499
-0.022084
-0.000304681
-0.0225668
-0.000414805
-0.0227484
-0.000522721
-0.0226315
-0.000619791
-0.0221517
-0.000690575
-0.0211973
-0.000723473
-0.0196847
-0.000710931
-0.0175974
-0.000654276
-0.0150299
-0.000560789
-0.012174
-0.000447846
-0.00927041
-0.000329153
-0.00655102
-0.000220714
-0.00419518
-0.000130975
-0.002317
-6.50642e-05
-0.000971867
-1.20923e-05
-1.07538e-05
0.00017451
-0.00018134
-4.96348e-06
-4.82957e-06
4.68702e-05
-5.05685e-05
-5.70564e-07
-5.31454e-07
-5.82492e-07
-6.27837e-07
2.50087e-06
-2.95616e-06
-1.21344e-07
2.10812e-06
-1.30386e-07
-1.61391e-06
-1.88594e-07
-1.64172e-07
-1.86536e-06
1.64989e-06
-2.18309e-06
3.04241e-06
-8.55423e-08
4.07538e-06
-2.70673e-07
4.93272e-05
-7.80139e-07
-1.11328e-06
0.000155753
-5.98156e-06
-1.21341e-05
0.000768848
-1.3719e-05
0.000149814
-6.72094e-06
4.69617e-05
-1.29819e-06
-1.17705e-06
-4.71112e-06
4.71281e-06
-5.60213e-07
-4.41882e-07
2.65111e-06
-3.19115e-06
-6.29464e-05
0.00184093
-0.000120019
0.0033445
-0.000196632
0.0052652
-0.000290039
0.00756338
-0.000393008
0.0101647
-0.000498018
0.0129542
-0.000595951
0.0157814
-0.000674733
0.0184755
-0.000732081
-0.00031059
-2.02586e-05
6.90597e-06
4.76434e-06
-0.00110766
-6.96112e-06
-3.30915e-05
-5.93772e-07
-5.21274e-07
-2.99214e-05
-2.85853e-07
2.41383e-07
-0.00234308
1.44529e-05
-9.03463e-07
-1.7497e-07
-1.29882e-06
-2.08658e-07
-1.64196e-06
-8.33527e-08
-1.99253e-06
1.15194e-08
-0.0040186
2.65631e-05
1.82675e-06
1.6346e-06
1.57269e-06
1.60947e-06
-0.00609226
2.92021e-05
-0.00848233
3.02859e-05
-0.0110629
2.94038e-05
-0.0136681
2.1241e-05
-0.0161172
-1.26501e-06
-0.0182452
-4.48913e-05
-0.0199404
-0.000109528
-0.0211775
-0.000193487
-0.0219944
-0.000293116
-0.0224693
-0.000402135
-0.0226525
-0.000510672
-0.0225475
-0.000606776
-0.0220907
-0.000680743
-0.0211716
-0.000716267
-0.0196997
-0.000708423
-0.0176526
-0.000655737
-0.0151179
-0.000566302
-0.0122804
-0.000454345
-0.00938173
-0.000336521
-0.00665314
-0.000227031
-0.00428027
-0.000135633
-0.00238055
-6.74186e-05
-0.00101341
-1.23043e-05
-1.12161e-05
0.000187112
-0.000194148
-5.05637e-06
-4.98101e-06
5.41712e-05
-5.80237e-05
-5.71281e-07
-5.39521e-07
-5.96172e-07
-6.306e-07
4.29668e-06
-4.75141e-06
-1.15802e-07
3.88531e-06
-1.20079e-07
-3.39641e-06
-1.42251e-07
-1.38933e-07
-1.16673e-06
1.04537e-06
-1.29712e-06
1.46129e-06
-2.29514e-06
-9.81553e-07
-1.88578e-06
-6.80024e-07
4.51074e-06
-5.78088e-07
3.99219e-06
-5.94754e-07
4.34341e-05
-1.20338e-06
-1.25065e-06
0.000144423
-6.74394e-06
-1.29537e-05
0.000732605
-1.37501e-05
0.000137643
-6.9386e-06
3.92906e-05
-1.29515e-06
-1.28234e-06
-3.41704e-06
2.72128e-06
-6.0245e-07
-6.0191e-07
1.94867e-06
-2.24391e-06
-2.64945e-07
-3.78984e-07
-6.57522e-05
0.00178666
-0.000124361
0.00327223
-0.000202093
0.00517726
-0.000294739
0.00746511
-0.00039644
0.0100631
-0.000499645
0.0128579
-0.000591369
0.015698
-0.000673582
-0.000314206
5.72673e-06
-1.29454e-07
-1.98541e-06
-0.00111103
-1.68887e-05
-2.48744e-05
6.80589e-07
1.17802e-06
-2.05335e-05
3.75261e-07
4.77516e-08
-0.00234776
-2.28457e-06
-2.38201e-06
-2.04401e-07
-2.66594e-06
-2.37411e-07
-2.80819e-06
-1.43636e-07
-2.45026e-06
-1.16608e-07
-0.00402141
1.72679e-05
1.43448e-06
1.22581e-06
1.14244e-06
1.15393e-06
-0.00609549
2.97929e-05
-0.00848648
3.33435e-05
-0.0110658
3.32198e-05
-0.0136635
2.4772e-05
-0.0160991
3.10596e-06
-0.0182084
-3.81119e-05
-0.0198848
-0.000100504
-0.0211034
-0.000183654
-0.0219061
-0.000281736
-0.022374
-0.000388461
-0.0225582
-0.000496436
-0.0224632
-0.000594968
-0.0220288
-0.000668713
-0.0211443
-0.000707966
-0.019712
-0.000703975
-0.0177055
-0.000655547
-0.0152037
-0.000569886
-0.0123867
-0.000459999
-0.0094935
-0.000342578
-0.00675788
-0.000231776
-0.00436835
-0.00013895
-0.0024469
-6.92816e-05
-0.00105676
-1.2498e-05
-1.157e-05
0.000200267
-0.000207428
-5.14251e-06
-5.09741e-06
6.17607e-05
-6.56938e-05
-5.75807e-07
-5.47247e-07
-6.07162e-07
-6.36883e-07
6.11573e-06
-6.57195e-06
-1.15002e-07
5.69673e-06
-1.20495e-07
-5.20521e-06
-1.42348e-07
-1.39067e-07
-6.4411e-07
5.28316e-07
-7.64189e-07
9.03122e-07
-9.8155e-07
-1.66157e-06
-2.63933e-06
-1.82686e-07
-3.06299e-06
-1.71107e-07
2.067e-06
-5.49099e-07
1.36792e-06
-5.51579e-07
3.49653e-05
-1.21081e-06
-1.20794e-06
0.000131465
-6.77595e-06
-1.31702e-05
0.000693619
-1.35956e-05
0.000124547
-6.83149e-06
3.05238e-05
-1.24263e-06
-1.25431e-06
-6.49324e-07
-8.20047e-08
-5.63836e-07
-5.63739e-07
3.52298e-06
-3.97437e-06
-1.51061e-07
-1.41918e-07
2.04055e-06
-2.3055e-06
-6.72798e-05
0.00172958
-0.00012764
0.00319778
-0.000206433
0.00508895
-0.000299181
0.00736785
-0.00039911
0.00996258
-0.000495652
0.0127621
-0.000594099
2.78561e-05
-1.13337e-06
-9.43191e-07
-0.000120585
-0.000219401
-0.00110804
2.73153e-06
-2.02805e-05
-1.61142e-07
-2.21627e-07
-2.20429e-05
-1.19132e-07
-1.04336e-07
-0.00235522
-9.429e-06
-1.47838e-06
-2.91379e-07
-1.40005e-07
-1.60422e-07
2.35216e-07
2.82913e-07
-0.0040288
5.09914e-06
9.495e-07
7.12082e-07
5.68437e-07
4.51811e-07
-0.00610136
2.3143e-05
-0.00849124
3.45576e-05
-0.0110688
3.62685e-05
-0.01366
2.97306e-05
-0.0160834
9.09854e-06
-0.0181737
-3.15248e-05
-0.0198301
-9.27702e-05
-0.0210298
-0.000174027
-0.021818
-0.000271716
-0.0222796
-0.000376132
-0.0224632
-0.000483498
-0.0223798
-0.000579806
-0.0219682
-0.000655589
-0.0211145
-0.000698569
-0.0197224
-0.000697559
-0.0177558
-0.000653655
-0.0152879
-0.000571437
-0.012493
-0.000463577
-0.00960666
-0.000346837
-0.00686429
-0.000236169
-0.00445818
-0.00014194
-0.00251501
-7.08397e-05
-0.00110148
-1.26876e-05
-1.18745e-05
0.000213792
-0.000221061
-5.22813e-06
-5.2064e-06
6.95266e-05
-7.35298e-05
-5.82761e-07
-5.56335e-07
-6.18528e-07
-6.46068e-07
7.95619e-06
-8.41652e-06
-1.15421e-07
7.53073e-06
-1.21761e-07
-7.03414e-06
-1.4496e-07
-1.40276e-07
-1.26424e-07
1.14414e-08
-2.4691e-07
3.85977e-07
-2.48818e-06
-2.65929e-06
-4.40584e-06
-1.17643e-07
-4.82472e-06
-1.32701e-07
-7.76941e-07
-5.15884e-07
-1.46524e-06
-5.19661e-07
2.60811e-05
-1.17462e-06
-1.15878e-06
0.000118058
-6.68162e-06
-1.32672e-05
0.000653124
-1.35187e-05
0.000111167
-6.70484e-06
2.16578e-05
-1.19491e-06
-1.21323e-06
2.18403e-06
-2.89274e-06
-5.33924e-07
-5.35513e-07
5.27008e-06
-5.69924e-06
-1.34671e-07
-1.18382e-07
2.80121e-06
-2.95228e-06
-6.89001e-05
0.00167084
-0.000131603
0.00312295
-0.000211731
0.0050015
-0.000303738
0.00727248
-0.000398956
0.00986588
-0.000503827
-0.00109891
1.87229e-05
-2.30131e-05
-7.93405e-08
-8.43641e-08
-2.38175e-05
-6.93977e-08
-6.98702e-08
-5.93949e-06
-5.6555e-06
-0.000108991
1.55059e-05
-0.000240847
-0.00235369
1.19741e-06
1.21731e-07
-9.99066e-08
-2.19065e-07
-3.23454e-07
-0.00403825
2.05797e-08
1.60422e-07
-0.00611152
1.52555e-05
-0.00849927
3.11716e-05
-0.011072
3.78261e-05
-0.0136567
3.29367e-05
-0.0160667
1.30336e-05
-0.0181395
-2.51707e-05
-0.0197764
-8.52531e-05
-0.0209569
-0.000165753
-0.0217325
-0.000259573
-0.0221861
-0.00036517
-0.0223686
-0.000470716
-0.0222974
-0.000565876
-0.0219066
-0.00064134
-0.0210851
-0.000684931
-0.0197319
-0.000689093
-0.0178051
-0.000648307
-0.0153707
-0.000570845
-0.0125984
-0.000466087
-0.00971945
-0.000350784
-0.00697124
-0.000239887
-0.0045496
-0.00014475
-0.00258469
-7.22587e-05
-0.00114728
-1.28783e-05
-1.2158e-05
0.000227621
-0.00023499
-5.31897e-06
-5.31425e-06
7.74482e-05
-8.15185e-05
-5.91357e-07
-5.66159e-07
-6.30914e-07
-6.57062e-07
9.82381e-06
-1.02899e-05
-1.16589e-07
9.39084e-06
-1.23325e-07
-8.88702e-06
-1.47987e-07
-1.42227e-07
3.9554e-07
-5.10938e-07
2.73787e-07
-1.33511e-07
-3.06992e-06
-3.20262e-06
-6.10947e-06
-1.05671e-07
-6.50655e-06
-1.22589e-07
-3.57481e-06
-4.92535e-07
-4.2378e-06
-4.95796e-07
1.72368e-05
-1.13995e-06
-1.12074e-06
0.000104514
-6.61376e-06
-1.35211e-05
0.00061149
-1.37449e-05
9.7649e-05
-6.65401e-06
1.28722e-05
-1.16008e-06
-1.18e-06
4.93873e-06
-5.62322e-06
-5.10428e-07
-5.12299e-07
6.93206e-06
-7.33941e-06
-1.26576e-07
-1.1e-07
3.321e-06
-3.45568e-06
-7.19313e-05
0.00161117
-0.000137706
0.00304892
-0.000219361
0.00491712
-0.000308753
0.00718227
-0.000412842
-8.54872e-06
1.76897e-05
-0.00234811
1.31421e-05
-4.02841e-07
-4.87227e-07
-7.3909e-08
-4.83543e-08
-9.64118e-06
-1.971e-05
-5.56673e-07
-6.26607e-07
1.54621e-06
-1.09136e-06
-3.78736e-07
-0.000109068
-0.00024785
-0.00404273
5.67866e-06
-0.00612342
1.19195e-05
-0.00851066
2.66496e-05
-0.011078
3.71752e-05
-0.0136548
3.59874e-05
-0.0160515
1.77302e-05
-0.0181074
-1.89983e-05
-0.0197236
-7.7968e-05
-0.0208855
-0.000156566
-0.0216459
-0.000252319
-0.0220913
-0.000354413
-0.0222768
-0.000456922
-0.0222161
-0.000552045
-0.0218465
-0.000625999
-0.0210553
-0.000671169
-0.0197402
-0.000676625
-0.0178523
-0.000641899
-0.0154517
-0.000567265
-0.0127023
-0.000466895
-0.00983155
-0.000353985
-0.00707916
-0.000242864
-0.00464253
-0.000146958
-0.00265586
-7.35835e-05
-0.00119404
-1.30749e-05
-1.24282e-05
0.000241728
-0.000249197
-5.40874e-06
-5.41977e-06
8.55197e-05
-8.9661e-05
-6.00888e-07
-5.76481e-07
-6.43851e-07
-6.69203e-07
1.17227e-05
-1.21959e-05
-1.18127e-07
1.12819e-05
-1.25282e-07
-1.07694e-05
-1.51375e-07
-1.44542e-07
9.24448e-07
-1.04101e-06
8.01137e-07
-6.5891e-07
-3.56135e-06
-3.68394e-06
-7.7322e-06
-9.97489e-08
-8.11175e-06
-1.1625e-07
-6.28898e-06
-4.74195e-07
-6.93255e-06
-4.77187e-07
8.47196e-06
-1.11653e-06
-1.09708e-06
9.08017e-05
-6.67381e-06
-1.42821e-05
0.000568498
-1.46572e-05
8.38597e-05
-6.80273e-06
4.12421e-06
-1.14405e-06
-1.16219e-06
7.61602e-06
-8.28297e-06
-4.93119e-07
-4.96523e-07
8.5197e-06
-8.90961e-06
-1.20504e-07
-1.04344e-07
3.79394e-06
-3.92053e-06
-7.79798e-05
0.00155144
-0.000147728
0.00297729
-0.000229818
0.00483819
-0.000327446
1.19524e-05
-0.00404171
1.21254e-05
-7.00568e-07
-7.48966e-07
-1.10038e-06
-1.62978e-07
-8.37805e-06
-2.19018e-05
3.42757e-07
-2.26234e-05
3.37174e-06
-9.5029e-07
-8.83191e-07
-0.00613185
1.41025e-05
-0.00852271
2.3962e-05
-0.0110876
3.62148e-05
-0.0136548
3.7206e-05
-0.0160378
2.22446e-05
-0.0180756
-1.40808e-05
-0.0196706
-7.20069e-05
-0.0208136
-0.000149911
-0.0215595
-0.000242969
-0.0219998
-0.000343857
-0.0221856
-0.000445648
-0.0221347
-0.000538335
-0.0217868
-0.000611799
-0.0210261
-0.000655209
-0.0197484
-0.00066297
-0.0178979
-0.000630992
-0.0155309
-0.000562748
-0.0128037
-0.000465864
-0.0099434
-0.000355044
-0.00718782
-0.000245323
-0.00473609
-0.000149303
-0.00272797
-7.48488e-05
-0.00124165
-1.32712e-05
-1.26999e-05
0.000256097
-0.000263668
-5.50333e-06
-5.52803e-06
9.37421e-05
-9.79526e-05
-6.11041e-07
-5.86899e-07
-6.57091e-07
-6.81487e-07
1.36559e-05
-1.41368e-05
-1.19857e-07
1.32068e-05
-1.27341e-07
-1.26847e-05
-1.54927e-07
-1.47127e-07
1.46218e-06
-1.58027e-06
1.33691e-06
-1.19237e-06
-4.02027e-06
-4.13652e-06
-9.28841e-06
-9.5413e-08
-9.65403e-06
-1.11569e-07
-8.93859e-06
-4.60897e-07
-9.56918e-06
-4.66498e-07
-3.32859e-07
-1.11636e-06
-1.10051e-06
7.66255e-05
-7.04773e-06
-1.61153e-05
0.000523556
-1.69222e-05
6.93686e-05
-7.40056e-06
-4.78648e-06
-1.16861e-06
-1.18033e-06
1.02444e-05
-1.09045e-05
-4.83901e-07
-4.86975e-07
1.00503e-05
-1.04272e-05
-1.16147e-07
-1.00283e-07
4.24086e-06
-4.36137e-06
-8.88178e-05
0.00149253
-0.000162681
0.00291015
-0.000251435
1.01042e-05
-0.00613656
1.68402e-05
-9.1198e-07
1.82886e-07
-8.21831e-06
-2.32852e-05
-2.88736e-07
-3.92602e-07
-0.00853456
2.59589e-05
-0.0110999
3.62146e-05
-0.0136576
3.8939e-05
-0.0160271
2.65591e-05
-0.018045
-8.34781e-06
-0.0196195
-6.51727e-05
-0.0207421
-0.000143507
-0.0214744
-0.000235027
-0.0219056
-0.000337088
-0.0220925
-0.00043692
-0.0220544
-0.000525904
-0.0217286
-0.00059651
-0.0209998
-0.000638085
-0.0197575
-0.000646129
-0.0179446
-0.000616261
-0.015609
-0.000552812
-0.0129042
-0.000462303
-0.0100541
-0.000355154
-0.00729537
-0.000247488
-0.00483026
-0.000151153
-0.00280119
-7.60784e-05
-0.00129005
-1.34696e-05
-1.29729e-05
0.00027073
-0.000278401
-5.59969e-06
-5.63751e-06
0.000102116
-0.0001064
-6.21068e-07
-5.98085e-07
-6.70726e-07
-6.94144e-07
1.56243e-05
-1.61137e-05
-1.21517e-07
1.5167e-05
-1.2963e-07
-1.46352e-05
-1.58706e-07
-1.496e-07
2.00963e-06
-2.12945e-06
1.8823e-06
-1.73518e-06
-4.45678e-06
-4.56835e-06
-1.07957e-05
-9.24171e-08
-1.11539e-05
-1.0825e-07
-1.15623e-05
-4.58595e-07
-1.2196e-05
-4.66865e-07
-9.49369e-06
-1.17314e-06
-1.16743e-06
6.13442e-05
-8.09089e-06
-1.99333e-05
0.000476189
-2.15175e-05
5.33404e-05
-8.91832e-06
-1.4324e-05
-1.28737e-06
-1.28278e-06
1.28838e-05
-1.35596e-05
-4.9273e-07
-4.92517e-07
1.15435e-05
-1.19142e-05
-1.13171e-07
-9.73841e-08
4.66863e-06
-4.78478e-06
-0.000105147
0.001435
-0.000184424
1.51955e-05
-0.0085446
2.68767e-05
-7.29129e-07
-8.47273e-06
-3.44463e-08
-5.64833e-08
-0.0111104
3.64715e-05
-0.0136617
4.03398e-05
-0.0160169
2.86751e-05
-0.0180146
-3.90226e-06
-0.0195681
-5.97129e-05
-0.0206711
-0.000136212
-0.0213882
-0.000229707
-0.0218113
-0.000329373
-0.0220012
-0.000428395
-0.0219742
-0.000517114
-0.0216698
-0.000584675
-0.0209733
-0.000623024
-0.0197675
-0.000628073
-0.0179905
-0.000600259
-0.0156851
-0.000540172
-0.0130028
-0.000454196
-0.0101631
-0.000353289
-0.00740242
-0.000248112
-0.00492493
-0.000152815
-0.00287509
-7.72546e-05
-0.00133922
-1.36671e-05
-1.32473e-05
0.000285625
-0.000293398
-5.69675e-06
-5.74856e-06
0.000110644
-0.000115003
-6.3122e-07
-6.09826e-07
-6.85015e-07
-7.07589e-07
1.76297e-05
-1.81273e-05
-1.23399e-07
1.71635e-05
-1.31899e-07
-1.66219e-05
-1.62506e-07
-1.52503e-07
2.56736e-06
-2.68886e-06
2.43774e-06
-2.28814e-06
-4.8772e-06
-4.98544e-06
-1.22809e-05
-9.1928e-08
-1.26401e-05
-1.07684e-07
-1.42522e-05
-4.80511e-07
-1.49237e-05
-4.95948e-07
-1.96811e-05
-1.35781e-06
-1.37606e-06
4.38358e-05
-1.04285e-05
-2.66237e-05
0.000426416
-2.8751e-05
3.4387e-05
-1.20687e-05
-2.54168e-05
-1.61167e-06
-1.57078e-06
1.56714e-05
-1.64137e-05
-5.45065e-07
-5.35066e-07
1.30346e-05
-1.34134e-05
-1.13923e-07
-9.80028e-08
5.08283e-06
-5.196e-06
-0.000123662
2.53144e-05
-0.0111214
3.79069e-05
-7.63617e-07
-0.0136675
4.22351e-05
-0.016008
3.14699e-05
-0.0179862
2.8672e-07
-0.0195164
-5.5642e-05
-0.0205993
-0.00013151
-0.0212998
-0.000224677
-0.0217167
-0.000324293
-0.0219069
-0.000423654
-0.0218918
-0.000510824
-0.0216129
-0.000574044
-0.020949
-0.00060902
-0.0197797
-0.00061078
-0.0180392
-0.000579384
-0.0157636
-0.000521737
-0.0130998
-0.000443162
-0.010269
-0.000348367
-0.00750805
-0.000247657
-0.00501906
-0.000153977
-0.00294957
-7.83276e-05
-0.00138908
-1.38567e-05
-1.35321e-05
0.000300783
-0.000308651
-5.79893e-06
-5.86175e-06
0.000119331
-0.000123764
-6.4208e-07
-6.21421e-07
-6.99869e-07
-7.20628e-07
1.96736e-05
-2.01794e-05
-1.25344e-07
1.9198e-05
-1.34264e-07
-1.86458e-05
-1.66454e-07
-1.5537e-07
3.13574e-06
-3.25913e-06
3.00386e-06
-2.85135e-06
-5.28793e-06
-5.39561e-06
-1.37972e-05
-9.66913e-08
-1.41797e-05
-1.13515e-07
-1.72113e-05
-5.60259e-07
-1.79955e-05
-5.91854e-07
-3.21507e-05
-1.81207e-06
-1.88255e-06
2.26138e-05
-1.48505e-05
-3.32364e-05
-3.4468e-05
1.1328e-05
-1.7465e-05
-3.96375e-05
-2.35118e-06
-2.23062e-06
1.89039e-05
-1.98191e-05
-6.96462e-07
-6.62319e-07
1.46079e-05
-1.50278e-05
-1.25115e-07
-1.06798e-07
5.49361e-06
-5.60753e-06
3.7708e-05
-0.0136743
4.46988e-05
-0.0160007
3.49099e-05
-0.0179589
4.21691e-06
-0.0194665
-4.96042e-05
-0.0205278
-0.000127117
-0.0212125
-0.000218752
-0.0216207
-0.000320696
-0.0218121
-0.000419158
-0.0218096
-0.000505911
-0.0215533
-0.000570377
-0.0209226
-0.000600432
-0.0197934
-0.000595311
-0.018091
-0.000558974
-0.015842
-0.000501052
-0.0131956
-0.000425883
-0.0103734
-0.000338748
-0.00761172
-0.000244688
-0.00511232
-0.0001544
-0.00302427
-7.92759e-05
-0.00143955
-1.40372e-05
-1.38229e-05
0.000316208
-0.000324166
-5.89822e-06
-5.97559e-06
0.000128176
-0.000132688
-6.52524e-07
-6.33504e-07
-7.14766e-07
-7.35354e-07
2.17559e-05
-2.22706e-05
-1.27356e-07
2.12711e-05
-1.36676e-07
-2.07088e-05
-1.70506e-07
-1.58271e-07
3.71522e-06
-3.84055e-06
3.58095e-06
-3.42558e-06
-5.70422e-06
-5.81773e-06
-1.54734e-05
-1.14726e-07
-1.59301e-05
-1.35125e-07
-2.08648e-05
-7.66408e-07
-2.19124e-05
-8.34905e-07
-4.87119e-05
-2.79128e-06
-2.98473e-06
-1.0305e-06
-2.0878e-05
-2.34074e-05
-5.8635e-05
-3.92808e-06
-3.61388e-06
2.31726e-05
-2.44624e-05
-1.06133e-06
-9.7042e-07
1.64565e-05
-1.69926e-05
-1.60412e-07
-1.35878e-07
5.92452e-06
-6.04964e-06
4.52502e-05
-0.015994
3.80705e-05
-0.0179329
8.9011e-06
-0.0194174
-4.49268e-05
-0.0204567
-0.000120686
-0.0211241
-0.000215529
-0.021522
-0.000317413
-0.0217154
-0.000417328
-0.021724
-0.000504756
-0.0214912
-0.000568036
-0.0208967
-0.00059627
-0.0198091
-0.000584784
-0.0181445
-0.000541797
-0.0159243
-0.000476624
-0.0132934
-0.000403331
-0.0104757
-0.000323582
-0.00771151
-0.000238956
-0.00520339
-0.000153609
-0.00309868
-7.9983e-05
-0.0014905
-1.41976e-05
-1.41241e-05
0.000331894
-0.000339931
-5.99909e-06
-6.09475e-06
0.000137184
-0.000141773
-6.62835e-07
-6.46598e-07
-7.30736e-07
-7.48767e-07
2.38789e-05
-2.44022e-05
-1.2912e-07
2.33849e-05
-1.39448e-07
-2.28104e-05
-1.74959e-07
-1.60818e-07
4.306e-06
-4.43336e-06
4.16933e-06
-4.01106e-06
-6.16436e-06
-6.29947e-06
-1.75947e-05
-1.64269e-07
-1.82358e-05
-1.93825e-07
-2.60123e-05
-1.24138e-06
-2.75924e-05
-1.40456e-06
-6.95921e-05
-4.74698e-06
-5.17385e-06
-6.14081e-06
-5.8599e-06
2.95233e-05
-3.15293e-05
-1.92199e-06
-1.68302e-06
1.8995e-05
-1.98048e-05
-2.51593e-07
-2.11126e-07
6.43535e-06
-6.59576e-06
4.19981e-05
-0.0179081
1.32888e-05
-0.019369
-3.94467e-05
-0.0203848
-0.000116838
-0.0210346
-0.000210237
-0.0214231
-0.000314456
-0.0216158
-0.000417014
-0.021635
-0.000506254
-0.0214266
-0.000569369
-0.0208681
-0.000596636
-0.0198241
-0.000581307
-0.0182013
-0.000527955
-0.0160122
-0.000453885
-0.0133941
-0.000375927
-0.0105775
-0.00030153
-0.00780768
-0.000227415
-0.00529166
-0.000150683
-0.00317205
-8.0242e-05
-0.00154172
-1.43259e-05
-1.44313e-05
0.000347843
-0.000355944
-6.09598e-06
-6.21217e-06
0.000146358
-0.000151023
-6.73959e-07
-6.59424e-07
-7.47451e-07
-7.62396e-07
2.60428e-05
-2.65744e-05
-1.31132e-07
2.55383e-05
-1.42028e-07
-2.49534e-05
-1.79553e-07
-1.63783e-07
4.90856e-06
-5.03765e-06
4.76912e-06
-4.6083e-06
-6.76002e-06
-6.95384e-06
-2.07598e-05
-2.86343e-07
-2.18194e-05
-3.44969e-07
-3.39368e-05
-2.33945e-06
-3.63434e-05
-2.76732e-06
3.88482e-05
-3.91005e-06
-3.35502e-06
2.30972e-05
-2.4518e-05
-5.01201e-07
-4.05203e-07
7.16497e-06
-7.41656e-06
1.74235e-05
-0.0193203
-3.54265e-05
-0.0203132
-0.000110997
-0.020945
-0.000206392
-0.0213227
-0.000310613
-0.0215145
-0.000415835
-0.0215428
-0.000509272
-0.0213572
-0.000575656
-0.0208335
-0.000603912
-0.0198345
-0.000586193
-0.0182568
-0.000525846
-0.0161025
-0.000437668
-0.0135003
-0.000347594
-0.0106807
-0.000272691
-0.00790073
-0.000208478
-0.00537496
-0.000144114
-0.00324308
-7.96431e-05
-0.00159283
-1.43939e-05
-1.47453e-05
0.000364042
-0.000372176
-6.19121e-06
-6.33259e-06
0.000155695
-0.000160433
-6.84167e-07
-6.73307e-07
-7.63745e-07
-7.75908e-07
2.82479e-05
-2.87886e-05
-1.33195e-07
2.77333e-05
-1.44645e-07
-2.71377e-05
-1.84053e-07
-1.66846e-07
5.52299e-06
-5.65408e-06
5.38097e-06
-5.21719e-06
-7.7029e-06
-8.04786e-06
-2.62252e-05
-6.32227e-07
-2.81474e-05
-8.45079e-07
3.02916e-05
-1.79263e-06
-1.21077e-06
8.45306e-06
-8.95425e-06
-3.05568e-05
-0.020242
-0.000106676
-0.0208543
-0.000201728
-0.0212209
-0.000308243
-0.0214101
-0.000414972
-0.0214484
-0.000510254
-0.0212841
-0.000582322
-0.0207954
-0.000613823
-0.0198408
-0.000597646
-0.0183098
-0.000533159
-0.0161938
-0.000434599
-0.0136124
-0.000325569
-0.0107897
-0.00023856
-0.00799298
-0.000180437
-0.00545215
-0.000131289
-0.00330983
-7.736e-05
-0.00164306
-1.43439e-05
-1.50631e-05
0.000380469
-0.000388585
-6.27698e-06
-6.45176e-06
0.000165194
-0.000170004
-6.93352e-07
-6.8774e-07
-7.81564e-07
-7.89591e-07
3.04955e-05
-3.10447e-05
-1.34857e-07
2.99696e-05
-1.47315e-07
-2.93636e-05
-1.88607e-07
-1.69926e-07
6.14956e-06
-6.2827e-06
6.00494e-06
-5.8381e-06
-9.58646e-06
-1.04315e-05
1.16423e-05
-0.000101485
-0.0207647
-0.000196207
-0.0211188
-0.000303831
-0.021304
-0.000414386
-0.0213494
-0.000513963
-0.021205
-0.000589387
-0.0207512
-0.000626466
-0.0198397
-0.000614901
-0.0183572
-0.000550306
-0.0162833
-0.000443645
-0.0137271
-0.000319956
-0.0109059
-0.000209438
-0.00808928
-0.000142257
-0.00552429
-0.00010829
-0.00336952
-7.15997e-05
-0.00169101
-1.40536e-05
-1.53541e-05
0.000397078
-0.000405081
-6.34053e-06
-6.56956e-06
0.000174853
-0.000179725
-7.01388e-07
-7.02667e-07
-8.00096e-07
-8.02478e-07
3.27865e-05
-3.33428e-05
-1.36809e-07
3.22489e-05
-1.49999e-07
-3.16328e-05
-1.93331e-07
-1.7343e-07
6.7885e-06
-6.9233e-06
6.64121e-06
-6.47128e-06
-0.000192232
-0.0210152
-0.000299778
-0.0211973
-0.000410533
-0.0212494
-0.00051435
-0.0211245
-0.000594495
-0.020701
-0.00063963
-0.0198333
-0.000632857
-0.018399
-0.000573044
-0.0163672
-0.000466383
-0.0138392
-0.000331519
-0.011027
-0.000198816
-0.00819421
-0.000104512
-0.00559536
-7.11837e-05
-0.0034194
-5.84057e-05
-0.00173388
-1.3202e-05
-1.55265e-05
0.000413755
-0.000421443
-6.36423e-06
-6.67933e-06
0.000184658
-0.00018957
-7.08683e-07
-7.18749e-07
-8.2104e-07
-8.15964e-07
3.51205e-05
-3.5683e-05
-1.38728e-07
3.45707e-05
-1.52766e-07
-3.39446e-05
-1.98248e-07
-1.76277e-07
7.43998e-06
-7.57672e-06
7.29002e-06
-7.1166e-06
-0.000296049
-0.0210888
-0.000408233
-0.021146
-0.000513898
-0.0210377
-0.000601084
-0.0206456
-0.000649903
-0.0198203
-0.000652605
-0.0184332
-0.000598712
-0.0164441
-0.000496116
-0.0139461
-0.000359538
-0.0111458
-0.000212709
-0.00830592
-8.71e-05
-0.00567626
-2.36176e-05
-0.00346085
-2.97354e-05
-0.00176644
-1.0687e-05
-1.51524e-05
0.00043022
-0.000437138
-6.2831e-06
-6.7496e-06
0.000194577
-0.000199488
-7.13149e-07
-7.39779e-07
-8.441e-07
-8.27494e-07
3.74995e-05
-3.80677e-05
-1.40317e-07
3.69366e-05
-1.5572e-07
-3.63004e-05
-2.03504e-07
-1.79704e-07
8.10396e-06
-8.24262e-06
7.95122e-06
-7.77494e-06
-0.000403814
-0.0210417
-0.000512563
-0.0209495
-0.000602142
-0.0205861
-0.000660571
-0.0198014
-0.00066879
-0.0184613
-0.000624474
-0.0165156
-0.000527283
-0.0140475
-0.000394688
-0.011259
-0.00024635
-0.00841444
-0.000104191
-0.00576613
2.77972e-06
-0.00350641
2.19507e-05
-0.00178214
-2.05254e-06
-1.19792e-05
0.00044564
-0.000450593
-5.73255e-06
-6.65047e-06
0.000204527
-0.000209326
-7.12947e-07
-7.70571e-07
-8.75171e-07
-8.35105e-07
3.99271e-05
-4.04979e-05
-1.42233e-07
3.93468e-05
-1.5934e-07
-3.87019e-05
-2.09775e-07
-1.82505e-07
8.78146e-06
-8.9217e-06
8.62578e-06
-8.44608e-06
-0.00050909
-0.0208586
-0.000603505
-0.0205223
-0.000665939
-0.0197786
-0.000683362
-0.0184848
-0.00064533
-0.0165827
-0.000557321
-0.0141445
-0.000430301
-0.0113678
-0.000285903
-0.00851613
-0.000144656
-0.00584929
-2.10372e-05
-0.00356603
6.23952e-05
-0.00178815
2.47096e-05
3.2443e-06
0.000457088
-0.000456517
-2.62239e-06
-5.48419e-06
0.000214212
-0.000218433
-6.869e-07
-8.23963e-07
-9.25456e-07
-8.38478e-07
4.24094e-05
-4.29779e-05
-1.44302e-07
4.18046e-05
-1.65593e-07
-4.11557e-05
-2.1715e-07
-1.86205e-07
9.47324e-06
-9.61541e-06
9.31394e-06
-9.13144e-06
-0.000600363
-0.0204565
-0.000669329
-0.0197515
-0.000693052
-0.0185031
-0.000665006
-0.0166446
-0.00058347
-0.014239
-0.00046276
-0.0114742
-0.000323919
-0.00861495
-0.000187084
-0.00592543
-6.85089e-05
-0.00361415
2.70874e-05
-0.00181013
4.29669e-05
4.1418e-05
0.000455138
-0.000444133
1.37048e-05
1.86517e-06
0.000222161
-0.000223498
-4.27584e-07
-8.569e-07
-9.93853e-07
-7.62911e-07
4.49677e-05
-4.55058e-05
-1.4858e-07
4.43195e-05
-1.75624e-07
-4.36739e-05
-2.29338e-07
-1.92843e-07
1.01843e-05
-1.03285e-05
1.00187e-05
-9.83252e-06
-0.000668334
-0.019721
-0.000699835
-0.0185188
-0.000677371
-0.016705
-0.000604606
-0.0143322
-0.000490268
-0.0115819
-0.00035504
-0.00871681
-0.000222057
-0.00600411
-0.0001084
-0.00365821
-2.44502e-05
-0.00181675
5.75701e-06
2.79502e-05
0.000436076
-0.000430164
3.70557e-05
3.33614e-05
0.000220859
-0.000210177
2.86058e-06
1.62687e-07
-8.51244e-07
7.70906e-08
4.74927e-05
-4.77886e-05
-1.31559e-07
4.68206e-05
-1.84731e-07
-4.62537e-05
-2.45869e-07
-1.9595e-07
1.09262e-05
-1.10748e-05
1.07507e-05
-1.05578e-05
-0.000700269
-0.0185314
-0.000687211
-0.016762
-0.00062035
-0.0144259
-0.000510958
-0.0116923
-0.000379802
-0.0088235
-0.000248341
-0.00609041
-0.000135759
-0.00371227
-5.43354e-05
-0.0018325
-9.33822e-06
6.38673e-07
0.000418452
-0.000416233
3.53795e-06
1.62382e-05
0.000194989
-0.00017904
8.56052e-06
1.25464e-05
5.52813e-06
1.26458e-05
4.80685e-05
-4.55809e-05
3.73107e-07
4.82419e-05
-1.06106e-08
-4.84168e-05
-2.22917e-07
-9.78067e-08
1.17013e-05
-1.18328e-05
1.15166e-05
-1.13206e-05
-0.000691219
-0.0168188
-0.000630462
-0.0145181
-0.00052813
-0.0118044
-0.000398858
-0.00893557
-0.000267729
-0.00618488
-0.000153869
-0.00377829
-6.97326e-05
-0.00186638
-1.26117e-05
-7.84221e-06
0.00041446
-0.000420653
-3.14441e-06
-1.13371e-06
0.000166526
-0.000162999
-1.79518e-07
1.90404e-07
3.15685e-06
5.6743e-07
2.66513e-05
-1.80907e-05
3.26255e-05
6.57232e-06
-4.14246e-05
1.37184e-06
3.84672e-06
1.2164e-05
-1.17909e-05
1.21535e-05
-1.20556e-05
-0.000637276
-0.0146094
-0.000539199
-0.011919
-0.000413596
-0.00905219
-0.000282241
-0.00628643
-0.000166174
-0.0038539
-7.82543e-05
-0.00191209
-1.34601e-05
-1.05644e-05
0.000424757
-0.000433199
-4.16883e-06
-3.73775e-06
0.000163723
-0.000166546
-1.95248e-07
-1.25167e-07
-1.44675e-07
-2.65057e-07
1.4176e-05
-1.43554e-05
1.43664e-05
-1.49338e-05
6.57232e-06
-1.0419e-05
-0.000545229
-0.0120346
-0.000423531
-0.00917254
-0.000293239
-0.00639355
-0.000175121
-0.00393641
-8.36659e-05
-0.0019647
-1.38289e-05
-1.18135e-05
0.000439421
-0.000448453
-4.42677e-06
-4.34276e-06
0.000169794
-0.000173613
-1.91123e-07
-1.57823e-07
-2.22326e-07
-2.67737e-07
1.48903e-05
-1.50855e-05
1.47651e-05
-1.45001e-05
-0.000430144
-0.00929441
-0.000301659
-0.00650485
-0.000181938
-0.00402389
-8.76361e-05
-0.00202162
-1.41212e-05
-1.26195e-05
0.000455663
-0.000464928
-4.56225e-06
-4.60361e-06
0.000177444
-0.000181515
-1.8865e-07
-1.66212e-07
-2.42337e-07
-2.69134e-07
1.57333e-05
-1.59243e-05
1.55755e-05
-1.53077e-05
-0.000306717
-0.00661921
-0.000187289
-0.00411483
-9.09975e-05
-0.00208148
-1.44677e-05
-1.33056e-05
0.000472751
-0.000482183
-4.68805e-06
-4.79657e-06
0.000185592
-0.000189792
-1.8934e-07
-1.72637e-07
-2.53465e-07
-2.72765e-07
1.66019e-05
-1.67904e-05
1.64357e-05
-1.61666e-05
-0.000191014
-0.00420816
-9.39538e-05
-0.00214342
-1.50038e-05
-1.40496e-05
0.000490498
-0.000500101
-4.86338e-06
-4.99013e-06
0.000194047
-0.000198363
-1.92205e-07
-1.79337e-07
-2.63385e-07
-2.77499e-07
1.74892e-05
-1.76784e-05
1.73166e-05
-1.70438e-05
-9.60344e-05
-0.00220659
-1.57507e-05
-1.50381e-05
0.000508891
-0.000518709
-5.18538e-06
-5.25979e-06
0.000202793
-0.000207269
-1.98963e-07
-1.87663e-07
-2.73859e-07
-2.85634e-07
1.83985e-05
-1.85906e-05
1.82192e-05
-1.79417e-05
-1.5588e-05
-1.59002e-05
0.000527971
-0.000537884
-5.83698e-06
-5.77475e-06
0.00021194
-0.000216701
-2.17165e-07
-2.06701e-07
-2.89793e-07
-2.99184e-07
1.93376e-05
-1.95365e-05
1.915e-05
-1.88644e-05
0.000546129
-0.000554262
-2.42727e-06
-5.02612e-06
-7.65471e-06
0.000221821
-0.000227243
-2.00979e-07
-2.1343e-07
-3.23824e-07
-3.3021e-07
2.03321e-05
-2.05492e-05
2.01254e-05
-1.98262e-05
-3.05776e-06
-2.76475e-06
0.000152587
-0.000155984
9.70643e-07
0.000142158
5.40294e-06
-9.26411e-05
-8.93302e-08
-9.07412e-09
2.14165e-05
-2.16174e-05
2.12031e-05
-2.08729e-05
0.000158039
-1.22282e-06
-7.0957e-07
8.61822e-05
-8.54482e-05
2.36903e-07
-1.05587e-06
-2.17066e-05
-2.17157e-05
8.60043e-05
-2.45676e-07
-1.53387e-07
2.27715e-05
-2.25345e-05
2.26879e-05
)
;

boundaryField
{
    inlet
    {
        type            calculated;
        value           nonuniform 0();
    }
    outlet
    {
        type            calculated;
        value           nonuniform List<scalar> 
55
(
0.00117882
0.00384279
0.00657749
0.00924729
0.0116899
0.0137296
0.0151903
0.0159228
0.0158518
0.0149678
0.0133485
0.0111266
0.00846665
0.00550774
-0.000161011
0.000210914
0.00103329
0.00234559
0.00414757
0.00640488
0.00904327
0.0119448
0.0149441
0.0178389
0.020423
0.0225335
0.0240697
0.0250008
0.0253385
0.025095
0.0242702
0.0228564
0.0208799
0.018417
0.0156185
0.0126719
0.0097749
0.00709688
0.00476218
0.00284314
0.00137424
0.000370459
0.00159437
0.000299387
0.000111908
-2.51961e-06
-1.33654e-05
-7.77447e-05
-4.1079e-05
-1.2091e-05
-8.09987e-05
0.00050329
-2.46179e-05
-3.2409e-05
-1.34349e-05
)
;
    }
    wall
    {
        type            calculated;
        value           uniform 0;
    }
    front
    {
        type            empty;
        value           nonuniform 0();
    }
    back
    {
        type            empty;
        value           nonuniform 0();
    }
    vanem
    {
        type            calculated;
        value           uniform 0;
    }
    vaneu
    {
        type            calculated;
        value           nonuniform 0();
    }
    vanel
    {
        type            calculated;
        value           uniform 0;
    }
    procBoundary1to0
    {
        type            processor;
        value           nonuniform List<scalar> 
58
(
-0.00131744
-0.00395304
-8.61714e-06
-0.00655728
-0.00902995
-0.0112596
-0.0131126
-0.0144671
-0.0152121
-0.0152767
-0.0146279
-0.0133012
-0.011377
-0.00899959
-0.00631996
4.67832e-05
-0.00216078
-0.000110607
-0.00109254
6.1887e-06
-0.00234237
-0.00403986
-0.00614165
-0.00855472
-0.0111338
-0.0136818
-0.0159908
-0.0178836
-0.0192723
-0.0201711
-0.020674
-0.0209114
-0.020981
-0.0209364
-0.0207673
-0.0203885
-0.0196891
-0.0185405
-0.0168727
-0.0147014
-0.0121497
-0.00941784
-0.00673492
-0.00430314
-0.00227113
1.61421e-05
-0.00056458
-0.00143653
-0.000448225
-0.000262538
-8.20139e-07
-0.000250667
-2.29335e-05
-7.57849e-05
-2.37759e-05
-8.80899e-06
-8.6981e-05
-0.000159874
)
;
    }
}


// ************************************************************************* //
