/*--------------------------------*- C++ -*----------------------------------*\
| =========                 |                                                 |
| \\      /  F ield         | OpenFOAM: The Open Source CFD Toolbox           |
|  \\    /   O peration     | Version:  v1912                                 |
|   \\  /    A nd           | Website:  www.openfoam.com                      |
|    \\/     M anipulation  |                                                 |
\*---------------------------------------------------------------------------*/
FoamFile
{
    version     2.0;
    format      ascii;
    class       surfaceScalarField;
    location    "130";
    object      phi;
}
// * * * * * * * * * * * * * * * * * * * * * * * * * * * * * * * * * * * * * //

dimensions      [0 3 -1 0 0 0 0];
oriented        oriented;


internalField   nonuniform List<scalar> 
7351
(
-4.21963e-06
0.00140323
-1.47566e-05
0.00426623
-3.31137e-06
0.00140658
-3.62726e-05
0.00712582
-1.48134e-05
0.00427778
-4.1037e-06
0.0014109
-6.43079e-05
0.0098709
-3.54843e-05
0.00714657
-1.50465e-05
0.00428892
-2.80098e-06
0.00141395
-9.78136e-05
0.012331
-6.25394e-05
0.00989802
-3.32779e-05
0.00716497
-1.18846e-05
0.00429825
-2.70067e-06
0.00141693
-0.000146117
0.0143179
-9.66465e-05
0.0123652
-5.71436e-05
0.00992203
-3.09988e-05
0.0071843
-1.15574e-05
0.00430732
-2.70098e-06
0.00141977
-0.000187002
0.0156222
-0.000138227
0.0143596
-9.26338e-05
0.0124008
-5.60231e-05
0.00994721
-2.60786e-05
0.007199
-1.13137e-05
0.00431608
-1.73539e-06
0.00142161
-0.000238567
0.0161049
-0.000186703
0.0156708
-0.000132945
0.0144
-8.60175e-05
0.0124309
-4.56628e-05
0.00996691
-2.26729e-05
0.00721048
-9.34472e-06
0.00432374
-1.83498e-06
0.00142342
-0.000278889
0.0156708
-0.000230623
0.0161489
-0.000176646
0.0157146
-0.000119683
0.0144337
-7.05143e-05
0.0124559
-4.11238e-05
0.00998543
-1.96643e-05
0.00722083
-7.44734e-06
0.00432932
-1.87025e-06
0.00142524
-0.000313992
0.0143687
-0.000279592
0.0157199
-0.00021762
0.0161899
-0.000148885
0.0157438
-9.78942e-05
0.0144612
-6.2892e-05
0.0124777
-3.68045e-05
0.0100026
-1.83624e-05
0.00723172
-6.80671e-06
0.00433419
-2.02618e-06
0.00142724
-0.000339923
0.012311
-0.000324194
0.0144133
-0.000257806
0.0157601
-0.000183879
0.0162249
-0.000127402
0.0157734
-8.05765e-05
0.0144789
-5.10456e-05
0.0124919
-2.74316e-05
0.0100116
-1.56654e-05
0.00724054
-7.56508e-06
0.00433971
-2.03754e-06
0.00142936
-0.000349062
0.00968221
-0.000354808
0.0123418
-0.000276835
0.0144325
-0.000203841
0.0157801
-0.000145011
0.0162426
-0.000101086
0.0157939
-6.70103e-05
0.0144948
-4.15032e-05
0.012506
-2.73184e-05
0.0100232
-1.2562e-05
0.00724555
-4.9886e-06
0.00434275
-1.5485e-06
0.00143104
0.00668606
-0.000197939
-0.000116335
-0.000377326
0.0097046
-0.000287876
0.0123527
-0.000209903
0.0144384
-0.000156015
0.0157911
-0.000108912
0.0162504
-7.55451e-05
0.0158024
-4.90352e-05
0.0145023
-3.48321e-05
0.0125135
-1.83821e-05
0.010029
-1.28502e-05
0.00725348
-6.75471e-06
0.00434809
-8.31452e-07
0.001432
0.00669366
-0.000180634
-0.000204262
-0.00220328
0.00216081
-0.000155432
-8.602e-05
-0.000261872
0.00967879
-0.00018987
0.0123329
-0.000147951
0.0144305
-0.000106089
0.0157883
-8.3148e-05
0.0162579
-6.16519e-05
0.015815
-4.34221e-05
0.0145109
-3.0301e-05
0.0125254
-2.33939e-05
0.0100397
-1.24934e-05
0.00725932
-5.47662e-06
0.0043528
-1.65533e-06
0.00143363
0.00662449
-6.05669e-05
-0.000132115
-0.00214358
0.00211959
-0.000156666
-0.000187056
-0.00141427
0.0013553
-6.38947e-05
-3.25471e-05
-2.55622e-05
-0.00014098
0.00962975
-0.000117036
0.0123018
-9.1531e-05
0.0144158
-7.48084e-05
0.0157799
-5.83236e-05
0.0162546
-4.2865e-05
0.0158144
-3.79952e-05
0.0145186
-2.55206e-05
0.0125276
-1.80653e-05
0.0100453
-1.34882e-05
0.00726738
-6.37014e-06
0.00435749
-2.58398e-06
0.00143615
0.00653987
-1.05699e-05
-4.57634e-05
-0.00207089
0.00204724
-3.68973e-05
-8.33886e-05
-0.00133788
0.0012931
-3.99364e-05
-7.19591e-05
-8.51445e-05
-8.45087e-05
-0.000428614
0.000400918
-3.61895e-05
-0.00044276
-1.83894e-05
-9.94306e-06
-6.619e-05
0.00957907
-6.19023e-05
0.0122723
-5.78239e-05
0.0143989
-4.63045e-05
0.0157679
-3.9483e-05
0.0162512
-3.51098e-05
0.0158116
-3.08022e-05
0.0145239
-2.53434e-05
0.0125349
-2.28576e-05
0.0100547
-1.47852e-05
0.00727578
-8.65973e-06
0.0043635
-1.64782e-06
0.00143773
0.00648963
-3.73102e-08
-1.58991e-05
-0.00201865
0.00201409
-6.02781e-06
-1.71849e-05
-0.00123937
0.00120854
-7.94732e-07
-5.25216e-06
-2.24502e-05
-7.19985e-06
-0.000329876
0.000310459
-2.05272e-05
-0.000353609
-4.82395e-05
0.000375232
-5.94635e-05
-6.28942e-05
-0.000245356
0.000219208
-1.00359e-05
-0.000259725
-4.01058e-06
-1.67108e-06
-3.28382e-05
0.00954983
-3.51643e-05
0.0122495
-3.28141e-05
0.0143853
-3.37139e-05
0.0157621
-2.84646e-05
0.0162446
-3.13736e-05
0.0158122
-2.57046e-05
0.0145243
-2.93697e-05
0.0125414
-2.24955e-05
0.0100623
-1.70694e-05
0.00728413
-8.60235e-06
0.0043704
-3.40081e-06
0.00144115
0.00645832
4.51959e-06
-6.04482e-06
-0.00200135
0.00200209
-7.59042e-07
-3.12669e-06
-0.00119274
0.0011866
1.09407e-06
-9.83483e-07
-1.74285e-06
3.48268e-07
-0.000285104
0.000284716
-4.01992e-07
-0.000289849
-4.95881e-07
0.00029488
-6.86259e-06
-2.16141e-06
-0.000111336
9.08063e-05
-0.000159579
0.000181014
-2.12724e-05
-4.14641e-05
-7.27717e-05
6.27374e-05
-7.67811e-05
-1.20775e-05
0.0095269
-1.98674e-05
0.0122367
-2.04899e-05
0.0143722
-1.83733e-05
0.015752
-2.61479e-05
0.0162394
-2.4174e-05
0.0158106
-3.68268e-05
0.0145317
-3.48092e-05
0.0125537
-2.89763e-05
0.0100742
-2.04079e-05
0.00729592
-1.16722e-05
0.0043787
-2.38998e-06
0.00144361
0.00644551
4.12494e-06
-3.39928e-06
-0.00199635
0.00199965
1.18535e-06
-3.17666e-07
-0.00118343
0.0011823
2.75689e-07
1.11873e-07
-4.30047e-07
4.95765e-07
-0.000282312
0.000283185
2.17826e-07
-0.000283469
1.65826e-07
0.000282994
-2.51332e-08
-1.30445e-07
-8.12907e-05
8.08901e-05
-8.17845e-05
8.39459e-05
4.14641e-05
-3.64048e-06
0.00951052
-3.14494e-06
0.0122192
-8.50914e-06
0.0143622
-1.64156e-05
0.0157423
-2.27756e-05
0.0162379
-3.58788e-05
0.0158096
-3.45104e-05
0.0145314
-3.82755e-05
0.012563
-3.29736e-05
0.0100868
-2.22535e-05
0.00730653
-1.20647e-05
0.00438846
-3.03508e-06
0.00144675
0.00643963
2.26999e-06
-2.34035e-08
-0.00199597
0.00199921
8.80321e-07
2.9701e-07
-0.00118156
0.00118252
-1.57761e-07
3.68131e-07
1.6072e-09
4.12703e-07
-0.000283251
0.000283456
7.66867e-08
-0.000283284
1.57479e-07
0.000282983
-2.16524e-07
2.02742e-07
-8.08979e-05
8.11159e-05
-8.07333e-05
8.08638e-05
2.40135e-06
0.00950516
-2.89811e-06
0.0122138
-7.07536e-06
0.014353
-1.15419e-05
0.015731
-2.56723e-05
0.0162277
-4.04766e-05
0.0158156
-5.15621e-05
0.0145446
-4.56141e-05
0.0125756
-3.8899e-05
0.0101034
-2.77825e-05
0.00732232
-1.24509e-05
0.00439794
-3.82489e-06
0.00145059
0.00643826
2.31005e-06
1.47451e-06
-0.00199894
0.00199953
1.64829e-06
2.21614e-07
-0.00118219
0.00118299
1.49583e-07
-6.90509e-08
2.99781e-07
3.37402e-07
-0.000284135
0.000283926
4.17013e-08
-0.000283747
-3.10454e-08
0.000283424
2.66922e-08
8.50045e-08
-8.12646e-05
8.13428e-05
-8.11046e-05
8.09019e-05
1.99703e-06
0.00950011
3.61927e-06
0.0122029
-2.89658e-06
0.0143442
-2.27187e-05
0.015728
-3.72754e-05
0.0162245
-4.96766e-05
0.0158137
-5.96814e-05
0.0145587
-5.98029e-05
0.0125966
-4.90535e-05
0.0101248
-2.92419e-05
0.00733916
-1.24578e-05
0.00440661
-2.7376e-06
0.00145334
0.00643679
2.18334e-06
1.30684e-06
-0.00200045
0.00200107
1.70597e-06
5.79564e-07
-0.00118236
0.00118397
2.63379e-07
-2.44161e-07
4.30619e-07
3.98076e-07
-0.000284235
0.000284418
-3.66268e-08
-0.000284477
1.79681e-07
0.000284267
-3.59286e-08
1.32111e-07
-8.14201e-05
8.14601e-05
-8.14528e-05
8.13678e-05
7.80688e-06
0.00949607
3.68967e-06
0.0121965
-7.12386e-06
0.0143287
-2.23879e-05
0.0157132
-4.83854e-05
0.0162232
-6.6978e-05
0.015821
-7.36011e-05
0.0145725
-7.00843e-05
0.0126176
-5.20327e-05
0.0101476
-3.16722e-05
0.00735841
-1.55496e-05
0.00441941
-3.54052e-06
0.00145682
0.00643906
2.72399e-06
2.80188e-06
-0.00200111
0.00200278
4.8914e-07
1.25337e-06
-0.00118454
0.00118564
1.98408e-07
4.15464e-07
-2.45029e-07
2.69558e-07
-0.000284923
0.00028513
4.6363e-08
-0.000285341
1.60686e-07
0.00028481
2.80441e-08
-1.40027e-07
-8.17386e-05
8.17013e-05
-8.15576e-05
8.14255e-05
4.25564e-06
0.00949532
-1.13354e-07
0.0121893
-1.69385e-05
0.0143231
-4.08925e-05
0.0157057
-6.88244e-05
0.016225
-9.14791e-05
0.0158389
-9.76049e-05
0.0146001
-8.13954e-05
0.012647
-5.68585e-05
0.0101728
-3.20971e-05
0.00737495
-1.34708e-05
0.0044293
-3.91942e-06
0.00146067
0.00644003
5.34774e-07
2.74531e-06
-0.002004
0.00200539
1.34634e-06
1.60302e-06
-0.00118665
0.00118661
2.6152e-07
2.60739e-07
-8.24966e-08
3.20114e-07
-0.000285365
0.000285814
-2.47159e-07
-0.000285119
1.78735e-07
0.000284951
-5.95324e-08
1.06539e-07
-8.17452e-05
8.17896e-05
-8.15869e-05
8.1727e-05
3.993e-06
0.00949136
-3.53783e-06
0.012176
-2.07983e-05
0.0143031
-5.71725e-05
0.015694
-9.0129e-05
0.0162237
-0.000111602
0.0158529
-0.000108106
0.0146268
-8.83481e-05
0.0126785
-6.17463e-05
0.0102024
-3.48313e-05
0.00739627
-1.48781e-05
0.00444017
-3.43335e-06
0.00146397
0.00643921
2.13966e-06
2.64504e-06
-0.00200764
0.0020066
1.53669e-06
4.7506e-07
-0.00118812
0.00118943
-3.05274e-07
3.51704e-07
-2.17484e-07
3.21535e-07
-0.000286022
0.000286245
3.3413e-08
-0.000285878
1.08101e-07
0.000285713
1.33036e-08
1.51152e-07
-8.20189e-05
8.17728e-05
-8.18384e-05
8.17318e-05
1.41428e-06
0.00948624
-1.14034e-05
0.0121665
-4.37762e-05
0.0142897
-8.66439e-05
0.0156905
-0.000127874
0.01624
-0.000138687
0.0158835
-0.000130511
0.0146689
-9.75e-05
0.0127142
-6.13083e-05
0.0102289
-3.39772e-05
0.00741529
-1.27905e-05
0.00444941
-2.53067e-06
0.00146637
0.00643748
6.0066e-07
2.54935e-06
-0.00200813
0.00200971
5.50238e-07
1.12408e-06
-0.00118914
0.00119061
-1.91149e-07
2.34571e-07
4.07273e-07
3.4594e-07
-0.000286471
0.000286436
-2.69406e-07
-0.000286229
1.18543e-07
0.000286016
1.90663e-08
1.14045e-07
-8.20425e-05
8.20752e-05
-8.19358e-05
8.17847e-05
-9.70954e-07
0.00947596
-2.22681e-05
0.0121451
-6.84998e-05
0.0142716
-0.000125479
0.0156881
-0.000162703
0.016264
-0.000170893
0.0159239
-0.000137161
0.0147086
-0.00010038
0.0127533
-6.30229e-05
0.0102578
-3.04903e-05
0.00743289
-1.23898e-05
0.00445913
-2.40306e-06
0.00146863
0.00643327
6.47296e-07
2.57988e-06
-0.00201082
0.00201086
5.22399e-07
1.41094e-06
-0.00119116
0.00119169
1.56605e-07
-1.46374e-07
4.1824e-07
1.59776e-07
-0.000287107
0.00028687
3.47346e-08
-0.000286956
7.24675e-08
0.000286797
3.93088e-08
1.81068e-07
-8.23306e-05
8.20617e-05
-8.22102e-05
8.20961e-05
-7.35377e-06
0.0094609
-4.40725e-05
0.0121206
-0.000108627
0.0142547
-0.000169986
0.0156954
-0.000205079
0.0162981
-0.000183392
0.01597
-0.000143966
0.0147521
-9.78909e-05
0.0127881
-5.36428e-05
0.0102809
-2.60607e-05
0.00744645
-1.01628e-05
0.00446677
-2.03171e-06
0.00147054
0.00642416
-7.77873e-07
2.55177e-06
-0.00201223
0.00201237
5.13415e-07
1.22488e-06
-0.00119237
0.00119289
2.64537e-07
-2.814e-07
4.12866e-07
2.97402e-07
-0.000287073
0.000287471
-2.46893e-07
-0.000287317
1.00162e-07
0.000287215
7.50627e-08
6.01831e-08
-8.23506e-05
8.23828e-05
-8.22801e-05
8.20991e-05
-1.68427e-05
0.0094338
-7.59933e-05
0.0120881
-0.000161226
0.0142459
-0.000228399
0.0157187
-0.000230164
0.0163449
-0.000197019
0.016023
-0.000143348
0.0147975
-8.78349e-05
0.0128222
-4.88579e-05
0.0103036
-2.25746e-05
0.00745877
-7.13627e-06
0.00447177
-9.07311e-07
0.00147134
0.00640723
-2.55284e-06
2.6125e-06
-0.0020134
0.00201239
2.05794e-07
1.50632e-06
-0.00119401
0.00119397
1.46083e-07
4.06352e-07
4.16895e-07
-3.07091e-07
-0.000287584
0.000287861
-2.45186e-08
-0.000287976
9.72935e-08
0.000287802
7.04913e-08
1.16496e-07
-8.26196e-05
8.2371e-05
-8.25187e-05
8.24585e-05
-3.80701e-05
0.00939571
-0.000130618
0.0120573
-0.000234808
0.0142522
-0.000275373
0.0157638
-0.000248461
0.0163962
-0.000188016
0.0160676
-0.000127235
0.0148368
-7.48283e-05
0.0128481
-4.07512e-05
0.0103217
-1.89173e-05
0.00747046
-4.68743e-06
0.00447545
-7.04134e-07
0.00147195
0.0063751
-8.56657e-06
2.61743e-06
-0.0020145
0.00201167
2.86587e-07
5.1396e-07
-0.00119524
0.00119541
-1.67217e-07
1.95814e-07
3.80526e-07
-1.54567e-07
-0.000288322
0.000288394
7.3898e-08
-0.000287771
-1.39067e-07
0.0002882
8.08289e-08
1.25168e-07
-8.26498e-05
8.26224e-05
-8.25553e-05
8.24388e-05
-7.72877e-05
0.00934247
-0.000209306
0.0120319
-0.000299867
0.0142767
-0.000295882
0.0158112
-0.000233897
0.0164421
-0.000168907
0.0161092
-0.00010808
0.01487
-6.4812e-05
0.012872
-3.43367e-05
0.010337
-1.15918e-05
0.00747729
-3.8128e-06
0.00447848
3.71676e-07
0.00147149
0.00631739
-1.93087e-05
-3.40016e-07
-0.0020136
0.00200666
-1.65511e-06
6.63173e-07
-0.00119541
0.00119562
-3.16566e-07
3.97926e-07
3.77016e-07
1.43856e-07
-0.000288604
0.000288421
9.12342e-09
-0.000288545
1.28954e-07
0.000288749
1.88346e-08
4.58548e-08
-8.26915e-05
8.27656e-05
-8.28295e-05
8.27043e-05
-0.00014831
0.00928128
-0.000312395
0.0120442
-0.000342381
0.0143231
-0.000283783
0.015861
-0.000208346
0.0164814
-0.000140928
0.016142
-8.78124e-05
0.0148929
-4.92999e-05
0.0128869
-2.15745e-05
0.0103469
-7.55656e-06
0.00748097
3.45008e-07
0.00447843
8.09436e-07
0.00147061
0.00622688
-4.74483e-05
-1.04025e-05
-0.00200775
0.00199259
-4.17757e-06
-1.44078e-06
-0.001196
0.00119423
-1.22123e-07
2.07979e-07
3.89099e-07
-1.22961e-07
-0.000289353
0.000288972
6.35255e-08
-0.00028882
-1.28117e-07
0.000288782
2.0752e-08
1.08301e-07
-8.2956e-05
8.29638e-05
-8.28286e-05
8.27828e-05
-0.000282096
0.00925103
-0.000372767
0.0120746
-0.00031866
0.014358
-0.000236591
0.0158892
-0.00016785
0.0165083
-0.000106909
0.016161
-6.4455e-05
0.014908
-3.52929e-05
0.0129006
-1.3021e-05
0.0103524
-2.60137e-06
0.00748386
2.05226e-06
0.00447712
1.20593e-06
0.00146933
0.00612496
-0.000125213
-5.5054e-05
-0.00198948
0.00195858
-1.6622e-05
-7.3214e-06
-0.00119269
0.00118835
-2.49471e-07
3.83728e-07
3.75634e-07
-2.75337e-07
-0.000289213
0.000289278
-1.98781e-07
-0.000289146
1.3143e-07
0.000289329
2.58352e-08
5.44256e-08
-8.29674e-05
8.3031e-05
-8.30942e-05
8.29859e-05
-0.000392512
0.00927055
-0.000339403
0.0120952
-0.000252109
0.0143734
-0.000181511
0.0159028
-0.000121921
0.0165232
-7.93914e-05
0.0161759
-4.28783e-05
0.0149155
-1.84019e-05
0.0129059
-6.3046e-06
0.010356
1.67098e-06
0.00748419
2.68307e-06
0.00447558
2.59533e-06
0.00146667
0.00612281
-0.000215196
-0.00017524
-0.00193402
0.00187412
-6.53569e-05
-3.04944e-05
-0.00118116
0.00116592
-1.61225e-06
1.84617e-07
4.4545e-07
-5.98741e-07
-0.000289548
0.00028921
7.54263e-08
-0.000289243
7.69297e-08
0.000289629
2.26918e-08
1.09021e-07
-8.32388e-05
8.30367e-05
-8.31093e-05
8.30549e-05
-0.000338867
0.00927004
-0.000239511
0.0120826
-0.000173436
0.0143653
-0.000126782
0.0159076
-8.68342e-05
0.0165306
-5.5006e-05
0.016188
-2.98381e-05
0.0149269
-1.16749e-05
0.0129113
2.53613e-06
0.0103551
5.3811e-06
0.00748144
6.49016e-06
0.00447163
3.22257e-06
0.00146339
0.00606904
-0.000100384
-0.000184839
-0.00183656
0.00180433
-0.00018304
-0.000137709
-0.00113959
0.00108745
-1.12706e-05
-1.97198e-06
-3.87583e-07
-3.77591e-06
-0.000289066
0.00028769
-2.53497e-07
-0.000289084
1.85721e-07
0.000289576
6.36145e-08
-1.15839e-07
-8.32445e-05
8.33156e-05
-8.3168e-05
8.3059e-05
-0.000184503
0.00921481
-0.000145959
0.0120549
-0.000114334
0.0143527
-8.15758e-05
0.0159022
-5.54671e-05
0.016531
-3.07653e-05
0.0161889
-1.39126e-05
0.0149291
-9.9318e-07
0.0129148
6.86846e-06
0.0103536
1.2137e-05
0.00747575
9.62468e-06
0.00446518
3.7133e-06
0.00145963
0.00596574
-1.79626e-05
-6.33129e-05
-0.00175923
0.0017182
-5.94174e-05
-0.000139762
-0.00100411
0.000955809
-6.87722e-05
-6.60261e-05
-1.49983e-05
-3.9393e-05
-0.000282586
0.000273183
-1.87509e-06
-0.000283957
-6.02039e-07
0.000287508
-2.07294e-07
-2.26004e-07
-8.34413e-05
8.31826e-05
-8.32595e-05
8.33753e-05
-8.47307e-05
0.00915361
-7.9255e-05
0.0120199
-6.642e-05
0.0143375
-4.95513e-05
0.0158963
-3.16097e-05
0.0165318
-1.41988e-05
0.0161891
-4.12057e-07
0.0149285
1.15187e-05
0.0129101
1.51589e-05
0.0103505
1.39608e-05
0.00747138
9.28546e-06
0.00445956
4.83259e-06
0.00145475
0.00589846
5.53106e-07
-1.81415e-05
-0.0016784
0.00166757
-7.22177e-06
-2.35468e-05
-0.000887209
0.000836097
-1.40001e-06
-6.95671e-06
-5.07441e-05
-2.04269e-05
-0.000190866
0.000164203
-4.21264e-05
-0.000233561
-2.33461e-05
0.000262379
-4.20618e-06
-1.05826e-05
-8.21467e-05
8.02689e-05
-8.2749e-05
8.2975e-05
-3.89298e-05
0.00911306
-4.04388e-05
0.0119937
-3.52809e-05
0.0143232
-2.63353e-05
0.015891
-1.38344e-05
0.0165314
-1.80038e-06
0.0161905
1.32602e-05
0.0149268
1.56347e-05
0.0129096
2.03353e-05
0.0103441
1.73454e-05
0.00746328
1.36745e-05
0.00445068
5.16589e-06
0.00144955
0.00586242
3.76967e-06
-6.738e-06
-0.00165292
0.00165356
-1.64292e-07
-3.51648e-06
-0.000813235
0.000805913
2.89775e-07
-2.48908e-07
-7.23909e-07
1.64503e-08
-8.60704e-05
8.46637e-05
-9.30294e-05
0.000113456
-4.21282e-05
-6.5477e-05
7.60596e-05
-1.60835e-05
0.00908874
-1.89855e-05
0.0119775
-1.5382e-05
0.0143122
-4.62938e-06
0.0158817
2.51787e-06
0.0165271
1.39463e-05
0.0161898
1.63694e-05
0.014926
2.54455e-05
0.0129044
2.49663e-05
0.0103365
2.34441e-05
0.00745348
1.60407e-05
0.00443978
6.09681e-06
0.00144341
0.00584566
4.34393e-06
-3.80406e-06
-0.00164756
0.00164987
1.36006e-06
-7.7736e-07
-0.000802279
0.000801962
1.17224e-07
-2.14039e-08
-1.14612e-08
1.13439e-07
-8.36972e-05
8.39781e-05
-8.39512e-05
8.39348e-05
-2.4832e-06
0.00907202
-5.52236e-06
0.0119675
-4.82578e-07
0.014308
6.18061e-06
0.015878
1.62416e-05
0.0165248
2.12581e-05
0.0161849
3.2642e-05
0.0149188
3.31827e-05
0.0128962
3.31083e-05
0.0103268
2.85288e-05
0.00744097
1.8111e-05
0.00442774
7.16032e-06
0.00143622
0.00584074
3.88287e-06
-1.507e-06
-0.00164569
0.00164968
2.71187e-07
3.43608e-07
-0.000800859
0.000802033
1.96637e-07
-8.10275e-08
1.40488e-07
1.57448e-07
-8.40519e-05
8.41592e-05
-8.40767e-05
8.39632e-05
1.83968e-06
0.00906472
5.10269e-06
0.011962
8.53103e-06
0.0143056
1.45264e-05
0.0158797
2.60911e-05
0.0165199
3.22294e-05
0.0161853
3.31629e-05
0.0149188
3.73515e-05
0.0128919
3.61577e-05
0.0103191
3.24829e-05
0.00742658
2.18067e-05
0.00441307
8.3034e-06
0.00142789
0.00583977
3.10715e-06
-3.94113e-07
-0.00164753
0.00165026
1.0736e-06
6.04728e-07
-0.00080217
0.000802465
3.17782e-08
-1.15708e-07
1.23288e-07
6.6658e-08
-8.43636e-05
8.4549e-05
-8.44509e-05
8.42935e-05
4.69075e-06
0.00906496
1.16571e-05
0.0119587
1.87055e-05
0.0143014
2.58558e-05
0.0158799
2.92985e-05
0.0165228
4.24646e-05
0.0161759
4.8127e-05
0.014908
5.03618e-05
0.0128777
4.48166e-05
0.0103068
3.79651e-05
0.0074104
2.46875e-05
0.00439666
9.44545e-06
0.00141843
0.00584069
3.11248e-06
6.40184e-07
-0.00164981
0.00165179
1.08483e-06
3.51583e-08
-0.0008029
0.000803962
4.51358e-08
-9.02623e-08
9.32742e-08
5.03939e-08
-8.46153e-05
8.46364e-05
-8.47349e-05
8.46683e-05
9.17866e-06
0.0090675
1.67119e-05
0.0119607
2.11871e-05
0.0143061
3.49183e-05
0.0158743
4.46439e-05
0.0165206
4.94452e-05
0.0161746
5.21812e-05
0.0149061
5.65008e-05
0.012866
5.36984e-05
0.010291
4.41573e-05
0.00739092
2.90117e-05
0.00437708
1.05237e-05
0.00140788
0.00584593
3.17458e-06
6.86639e-07
-0.00165153
0.00165382
7.66534e-07
8.82016e-07
-0.000803831
0.000804829
-6.51989e-08
1.21473e-07
9.5338e-08
6.07344e-08
-8.46777e-05
8.47138e-05
-8.47741e-05
8.47237e-05
1.03383e-05
0.00907371
1.79349e-05
0.0119638
3.06683e-05
0.0143102
3.81414e-05
0.0158807
4.69913e-05
0.016523
5.75671e-05
0.0161692
6.53168e-05
0.0148973
6.46624e-05
0.012855
6.2373e-05
0.0102728
4.88762e-05
0.00737104
3.26692e-05
0.00435492
1.2131e-05
0.00139574
0.00585103
3.33003e-06
1.8875e-06
-0.0016536
0.00165595
7.90027e-07
8.98032e-07
-0.00080553
0.000806124
4.73813e-08
9.30623e-08
9.8449e-08
6.56641e-08
-8.49868e-05
8.49156e-05
-8.48676e-05
8.48069e-05
1.22532e-05
0.00907946
2.2309e-05
0.0119723
3.17337e-05
0.0143167
4.49198e-05
0.0158828
5.86938e-05
0.0165219
6.6902e-05
0.0161676
7.58207e-05
0.0148861
7.5436e-05
0.012842
7.11928e-05
0.0102505
5.87066e-05
0.007345
3.582e-05
0.00433122
1.3379e-05
0.00138235
0.00585904
3.29884e-06
8.60105e-07
-0.00165689
0.00165923
9.38258e-07
9.23699e-07
-0.000807071
0.000807698
5.13961e-08
8.94705e-08
-9.51795e-08
4.19208e-08
-8.51649e-05
8.52064e-05
-8.50758e-05
8.50101e-05
1.32941e-05
0.00908832
2.4004e-05
0.0119799
3.79858e-05
0.0143236
5.0112e-05
0.0158914
6.59834e-05
0.0165228
7.75966e-05
0.0161658
8.39831e-05
0.0148776
9.10422e-05
0.0128221
8.21714e-05
0.010227
6.63577e-05
0.00731445
4.20157e-05
0.00430258
1.41729e-05
0.00136817
0.00586708
3.30309e-06
1.94352e-06
-0.00165914
0.00166153
8.70026e-07
9.4392e-07
-0.00080839
0.000809262
9.00676e-08
-5.65264e-08
9.8547e-08
1.18557e-07
-8.52402e-05
8.52866e-05
-8.5152e-05
8.511e-05
1.3063e-05
0.00909935
2.63991e-05
0.0119916
4.43021e-05
0.0143294
6.28791e-05
0.0158945
7.74652e-05
0.0165229
9.24575e-05
0.0161573
0.000101354
0.0148673
0.000101298
0.012803
9.43393e-05
0.010199
7.34702e-05
0.007283
4.55444e-05
0.00427121
1.33395e-05
0.00135482
0.00587662
2.80037e-06
6.49287e-07
-0.00166251
0.00166491
8.5991e-07
9.40419e-07
-0.000810036
0.000810926
4.37239e-08
-8.9932e-08
1.00658e-07
6.24977e-08
-8.54398e-05
8.55235e-05
-8.55e-05
8.53815e-05
1.38671e-05
0.00911174
3.01879e-05
0.0120056
4.92878e-05
0.014343
7.01909e-05
0.0159018
8.76145e-05
0.0165278
0.00010239
0.0161563
0.000115309
0.0148533
0.000111992
0.0127853
0.00010521
0.0101673
8.42729e-05
0.00724427
4.987e-05
0.00423467
1.72282e-05
0.00133758
0.00588873
8.01748e-07
9.80736e-07
-0.00166476
0.00166704
4.93111e-07
7.9311e-07
-0.000811698
0.000812566
-1.25287e-07
8.66863e-08
9.63591e-08
5.86208e-08
-8.55933e-05
8.56314e-05
-8.5685e-05
8.56225e-05
1.65433e-05
0.00912551
3.49146e-05
0.01202
5.93609e-05
0.0143538
7.77808e-05
0.0159116
0.000100851
0.0165293
0.000118276
0.0161533
0.000128915
0.0148363
0.000132451
0.0127581
0.000118855
0.0101327
9.22702e-05
0.00720186
5.26401e-05
0.00419924
3.76288e-05
0.00129994
0.00590161
1.8697e-06
1.76951e-06
-0.00166817
0.00167104
-2.09184e-06
-1.66258e-07
-0.000813199
0.000813454
1.06765e-07
1.14191e-07
8.83154e-08
6.69679e-08
-8.58656e-05
8.57346e-05
-8.57827e-05
8.5724e-05
2.02069e-05
0.00914008
4.21664e-05
0.0120371
6.39061e-05
0.0143676
9.17665e-05
0.0159207
0.000116061
0.0165315
0.000136292
0.0161459
0.00014692
0.0148219
0.000143395
0.0127335
0.000133187
0.0100918
0.000100263
0.00715423
8.67495e-05
0.00415012
8.19744e-05
0.00591321
4.87401e-06
3.78373e-06
-0.00167688
0.00167413
-1.85225e-06
6.48722e-06
-4.06522e-06
-0.000813379
0.000811276
-5.94468e-09
6.00078e-09
5.27153e-08
-1.54943e-07
-8.60016e-05
8.61039e-05
-8.58887e-05
8.58217e-05
2.51557e-05
0.00915718
4.49958e-05
0.0120561
7.30825e-05
0.0143864
0.000100207
0.0159365
0.000128053
0.0165398
0.000149896
0.016143
0.000163379
0.0148019
0.000165135
0.0127016
0.00014439
0.0100476
0.000132075
0.0071089
0.000151809
0.00592805
5.16078e-06
5.10892e-06
-0.00167697
0.00167843
2.17044e-06
1.24743e-06
1.75475e-06
-8.17857e-07
-0.000504103
0.000509489
-7.23922e-06
-0.000478122
-1.94879e-05
0.000329352
8.07746e-09
-2.63135e-07
-8.60019e-05
8.59929e-05
-8.59988e-05
8.61537e-05
2.53573e-05
0.00917668
5.30166e-05
0.0120761
8.26722e-05
0.0144039
0.000119256
0.0159453
0.00015037
0.0165393
0.000172505
0.0161338
0.000184462
0.0147825
0.000182099
0.0126639
0.000175575
0.0100041
0.000200541
0.00594472
4.22435e-06
4.50632e-06
-0.00168062
0.00168372
1.34393e-06
7.11728e-07
1.7489e-06
1.17158e-06
-0.000514711
0.000515723
1.14854e-06
-0.000513922
4.5699e-07
-0.000511278
-8.97216e-07
-2.60856e-06
-0.000306697
0.000300887
-1.42498e-06
3.17074e-06
8.60035e-05
8.57425e-05
2.95257e-05
0.00920026
5.88591e-05
0.0121
9.518e-05
0.014428
0.000130893
0.0159648
0.00016337
0.0165484
0.0001919
0.0161264
0.00019988
0.0147647
0.000210101
0.0126293
0.000235527
0.00596331
4.9169e-06
5.99017e-06
-0.00168632
0.00168886
1.03224e-06
6.55279e-07
1.30748e-06
6.01333e-07
-0.000517837
0.000518393
7.80572e-07
-0.000517308
1.81876e-07
-0.000516303
7.3712e-07
5.8925e-07
-0.000299363
0.000300438
7.22374e-08
-0.000298934
2.03176e-08
-0.000299412
-4.23615e-07
-1.13442e-06
-8.89132e-05
8.74899e-05
3.30871e-05
0.0092259
6.8547e-05
0.0121265
0.000108741
0.0144501
0.000151047
0.0159771
0.000186223
0.0165541
0.000206384
0.0161199
0.000232811
0.014742
0.000256051
0.00598416
5.58819e-06
6.68755e-06
-0.00169288
0.00169581
1.20109e-06
7.96716e-07
1.16419e-06
8.00787e-07
-0.000519719
0.000520199
5.46399e-07
-0.000519471
4.07794e-07
-0.000518351
1.81712e-07
6.40946e-07
-0.000301273
0.000301894
1.60791e-07
-0.000301275
1.77431e-07
-0.000300779
2.35772e-07
2.4724e-07
-8.59502e-05
8.60196e-05
-8.59314e-05
-8.63555e-05
4.01237e-05
0.0092544
7.66912e-05
0.0121587
0.000123586
0.0144776
0.000167135
0.0159962
0.000199574
0.0165609
0.000237437
0.0161153
0.00026318
0.00601131
6.47236e-06
6.47247e-06
-0.00170026
0.00170367
1.27805e-06
9.17591e-07
1.30121e-06
9.3167e-07
-0.00052168
0.000522642
2.34079e-07
-0.000521375
4.94263e-07
-0.00052067
4.55714e-07
3.28996e-07
-0.000302906
0.000303335
1.21194e-07
-0.000302618
1.14689e-07
-0.000302382
-5.6811e-08
1.52075e-07
-8.66775e-05
8.68365e-05
-8.65016e-05
-8.62668e-05
4.38196e-05
0.00928714
9.11284e-05
0.012191
0.000141383
0.0145033
0.000183518
0.0160123
0.000226166
0.0165722
0.000253244
0.00603935
7.28566e-06
8.51262e-06
-0.00170746
0.00171163
1.44475e-06
8.61373e-07
1.63263e-06
1.04959e-06
-0.000524324
0.00052494
6.58143e-07
-0.000523519
1.14195e-07
-0.000522751
5.27969e-07
8.2184e-07
-0.000304396
0.000304484
1.49814e-07
-0.000303864
-4.19236e-08
-0.000303541
1.31282e-07
1.22533e-07
-8.70453e-05
8.71658e-05
-8.69314e-05
-8.69886e-05
5.29458e-05
0.0093254
0.000104206
0.0122283
0.000154296
0.0145326
0.000200654
0.0160379
0.000228768
0.00607329
8.76916e-06
1.01957e-05
-0.00171706
0.00172156
1.68835e-06
1.0989e-06
1.82458e-06
1.2621e-06
-0.00052691
0.000527607
7.44662e-07
-0.000526613
5.6706e-07
-0.000525153
1.71423e-07
8.36077e-07
-0.000305457
0.000306171
-5.17153e-08
-0.000305479
1.31912e-07
-0.000305111
1.57551e-07
1.95198e-07
-8.73773e-05
8.75264e-05
-8.74196e-05
-8.72883e-05
6.35887e-05
0.00936593
0.000122736
0.0122599
0.00016959
0.0145637
0.00018954
0.00611398
1.13127e-05
1.16042e-05
-0.00172814
0.00173359
1.93517e-06
1.38029e-06
2.09665e-06
1.5158e-06
-0.000529904
0.000530999
5.88315e-07
-0.000529495
6.90777e-07
-0.000528341
6.68005e-07
5.27113e-07
-0.000307243
0.000308006
-1.35428e-08
-0.000306889
2.09818e-07
-0.000306857
1.38984e-07
1.51419e-07
-8.80106e-05
8.79585e-05
-8.78791e-05
-8.77216e-05
8.07389e-05
0.00940798
0.000131478
0.012298
0.000145256
0.00616204
1.68106e-05
1.58388e-05
-0.00174097
0.00174838
1.65996e-06
2.23606e-06
1.8192e-06
2.40024e-06
-0.000533822
0.000534672
1.0791e-06
-0.000532847
4.04064e-07
-0.000531566
8.11921e-07
9.47675e-07
-0.000309347
0.000309735
2.03117e-07
-0.000308851
1.91491e-07
-0.000308365
1.80663e-07
1.68295e-07
-8.84591e-05
8.84455e-05
-8.82493e-05
-8.81099e-05
9.66371e-05
0.00944277
9.86409e-05
0.00620855
2.77121e-05
2.23596e-05
-0.00175846
0.00176802
3.90806e-06
3.33121e-06
2.84888e-06
2.90598e-06
-0.000538608
0.000539073
1.18702e-06
-0.000537317
9.41193e-07
-0.000536007
5.05072e-07
1.06363e-06
-0.000311397
0.000312258
2.18129e-07
-0.000311202
2.035e-07
-0.000310436
4.28568e-08
2.4631e-07
-8.89859e-05
8.9188e-05
-8.87947e-05
-8.86138e-05
6.47995e-05
2.30063e-05
4.94376e-05
-0.00178082
0.00179409
8.57322e-06
5.83701e-06
4.80629e-06
4.74086e-06
-0.000544703
0.000546431
2.17428e-06
-0.000542798
1.42161e-06
-0.00054073
7.76035e-07
1.24605e-06
-0.000314244
0.000315192
2.33425e-07
-0.000313359
5.21172e-08
-0.000313089
2.31735e-07
2.32284e-07
-8.96796e-05
8.98957e-05
-8.9477e-05
-8.94344e-05
-0.00181485
1.17659e-05
2.44486e-05
1.69593e-05
1.16988e-05
-0.000554327
0.000558597
4.29036e-06
-0.000551387
2.89142e-06
-0.000549174
2.58773e-06
1.99609e-06
-0.000317738
0.000319472
4.36345e-07
-0.000316666
3.44797e-07
-0.000316174
2.79656e-07
2.61403e-07
-9.04103e-05
9.06405e-05
-9.03591e-05
-9.0128e-05
-0.000574943
1.58817e-05
-0.000567763
1.72573e-05
-0.000562464
1.16519e-05
7.82925e-06
-0.000325071
0.000328225
1.12961e-06
-0.000322883
6.99422e-07
-0.00032098
6.80484e-07
4.87043e-07
-9.15231e-05
9.19573e-05
-9.118e-05
-9.09019e-05
-0.000346425
2.27086e-05
-0.000340179
1.10068e-05
-0.000333761
5.22885e-06
2.29122e-06
-9.38219e-05
9.49486e-05
-9.31238e-05
-9.24443e-05
-0.000113472
-0.000102467
-9.72398e-05
-1.38199e-05
1.38562e-05
6.99748e-06
-2.0746e-05
-5.9458e-05
5.33698e-05
2.00287e-05
1.89703e-05
-7.13214e-05
3.41627e-06
-2.4089e-05
1.64518e-05
3.69757e-05
-0.000119026
0.000112736
2.64268e-05
2.8725e-05
-0.000128661
1.13183e-05
-7.91061e-05
1.46299e-06
-2.5472e-05
2.29074e-05
0.000106352
6.92913e-06
3.01021e-05
-0.000414951
6.05933e-05
0.000404069
-1.72541e-05
6.14955e-05
-0.000429989
-0.000134554
6.3986e-06
-8.39147e-05
6.70684e-07
-2.60738e-05
1.46673e-05
9.86997e-05
2.38796e-06
2.77685e-05
-3.98701e-05
-0.00146657
0.001435
0.000133172
-6.67216e-06
0.000385687
-3.44423e-05
0.000125398
-0.00149473
-1.29289e-05
-0.000445445
-5.75699e-06
-0.000141047
3.28526e-06
-8.64285e-05
3.7219e-08
-2.60615e-05
9.44387e-05
1.02676e-06
2.67912e-05
-2.31601e-05
0.000100023
-0.00210328
0.00206526
0.000172062
-4.13864e-06
-1.72805e-06
0.000158099
-0.00213514
-1.97536e-05
7.63756e-05
-0.0015431
-6.86483e-06
-0.000459805
-4.03934e-06
-1.08421e-06
-0.000143498
1.17541e-06
-8.75021e-05
1.27292e-07
-2.61394e-05
9.13476e-05
4.82165e-07
2.63559e-05
0.00016432
-0.0025171
0.00246909
0.000220825
9.0122e-05
0.000200261
-0.00255851
0.000120961
-0.0021788
4.4862e-05
-3.45439e-06
-0.00158022
-3.41432e-06
-0.000464946
-1.46009e-06
-6.67483e-08
-0.000146335
-4.85124e-07
-0.000146851
-8.78363e-05
1.21103e-07
-2.62014e-05
1.88475e-07
0.00022745
-0.00268302
0.00262892
0.000275594
0.000249611
-0.0027316
0.000165708
-0.0026025
8.64224e-05
-0.00221991
-0.000468456
2.96021e-07
-6.8308e-08
3.47536e-05
-3.01341e-06
-0.00160656
-5.67276e-06
-0.000470274
-1.70435e-06
1.64325e-07
-0.000147735
-4.93444e-07
-0.000147589
-1.64491e-07
-8.81885e-05
7.38616e-08
-2.62369e-05
0.000289924
-0.00256034
0.00250713
0.000329496
0.000299803
-0.00260981
0.00021337
-0.00277846
0.000128793
-0.00264441
6.54395e-05
-0.00225056
-0.000147626
3.7869e-07
-0.00014729
-3.69441e-07
-0.000471428
-1.9468e-06
3.67191e-05
-5.861e-07
-0.00163097
-1.21501e-05
-0.000474751
-2.61134e-06
-0.000146429
-2.48838e-06
-0.0001378
-8.44665e-06
-8.827e-05
-1.77909e-07
-2.60337e-05
0.000347643
-0.00209829
0.00205587
0.00037263
0.000339576
-0.00213728
0.00025909
-0.00265475
0.000170792
-0.00281992
9.66659e-05
-0.00267557
5.45212e-05
-0.00226842
-8.80626e-05
-8.81893e-05
-1.89971e-07
-0.000239199
9.90903e-05
2.22787e-07
5.12732e-08
-0.000475058
-4.39089e-07
5.72944e-05
-1.32702e-05
-0.00163565
-3.89508e-05
-0.00048329
-4.21462e-06
-0.000241731
-2.06694e-07
3.15431e-08
-9.01069e-05
-5.18873e-07
5.54124e-07
-2.62109e-05
0.000392929
-0.00124545
0.00122653
0.000392331
0.000354495
-0.00125951
0.000293413
-0.00217073
0.000209193
-0.00269257
0.000127598
-0.00285062
7.09497e-05
-0.00269198
5.39173e-05
-0.0022646
-2.5945e-05
2.61701e-05
-2.59026e-05
-0.000242577
3.0153e-07
-6.8253e-08
-0.000488006
-8.53157e-06
7.01286e-05
-4.35043e-05
-0.00161117
-4.9644e-05
-0.000501036
-2.59717e-05
-0.000246751
-2.96563e-07
1.91886e-07
2.5871e-05
-2.61024e-05
-2.67243e-05
0.000416077
4.52854e-05
-2.90752e-05
0.00037696
0.00033131
6.94719e-05
0.000302327
-0.00126748
0.000235409
-0.00219626
0.000154123
-0.00271881
8.67534e-05
-0.00286628
5.22811e-05
-0.00269004
5.11655e-05
-0.00224492
-2.5809e-05
-2.58888e-05
-0.00025496
3.24624e-07
-7.26887e-07
-0.00050041
-4.37581e-05
5.17604e-05
-2.84727e-05
-0.0016142
-1.89647e-05
-0.000504945
-4.4666e-05
-0.000272643
-6.56573e-06
-1.58733e-06
2.56969e-05
-2.60189e-05
0.000408435
0.00181338
-0.00175822
0.000322601
0.000263701
0.00188174
0.00026998
0.000102845
0.000235652
-0.00126695
0.000168008
-0.00220971
9.71677e-05
-0.00272906
5.14478e-05
-0.00286517
3.83083e-05
-0.00267682
4.3296e-05
-0.00223633
-2.5693e-05
-2.64201e-05
-0.000282467
-1.5031e-05
-1.8719e-05
-0.000512382
-2.04144e-05
3.18069e-05
-5.93986e-06
-0.00163185
-8.57435e-06
-0.000520305
-1.08039e-05
-0.000297683
-9.80681e-06
-1.92379e-05
2.80075e-05
-3.45673e-05
0.000368054
0.00413833
-0.00404117
0.000226144
0.000146462
0.00425627
0.000188246
0.00196428
0.00019296
0.000146392
0.000155783
-0.00125425
9.4479e-05
-0.00220676
4.40038e-05
-0.00272147
2.50096e-05
-0.00285166
3.29663e-05
-0.00266643
4.16856e-05
-0.00224668
-4.95812e-05
-5.55901e-05
-1.26595e-05
-0.000311449
-4.46158e-06
-1.7414e-06
-0.00052315
-2.97653e-06
3.81734e-05
-4.5606e-07
-0.0016592
-1.13784e-05
-0.000528721
-3.29227e-06
-0.000320086
-9.09502e-07
-9.61506e-07
6.80082e-05
-7.44315e-05
-3.1949e-06
-6.76064e-06
0.0002928
0.00708301
-0.00694049
8.42082e-05
-2.33692e-05
0.00725339
5.04621e-05
0.00439482
9.69544e-05
0.00206092
0.00010096
0.000201761
6.64004e-05
-0.00122594
2.16269e-05
-0.00218417
1.44209e-06
-0.00269783
1.54599e-05
-0.00283429
4.51075e-05
-0.00267023
6.60601e-05
-0.00227521
-1.26503e-05
-7.78404e-05
-8.60129e-07
-7.90679e-05
-3.4923e-07
-0.000322953
2.8639e-07
-3.325e-07
-0.000528579
-7.9565e-07
7.0319e-05
-4.43418e-06
-0.00170486
-2.0817e-05
-0.000536419
-3.84719e-06
-0.000326125
-7.32558e-07
4.9386e-07
7.97697e-05
-8.03611e-05
-1.44405e-07
-1.69356e-07
1.94109e-05
-2.25526e-05
0.000179439
0.0106415
-0.0104504
-0.000106425
-0.000247894
0.0108667
-0.00014699
0.00745135
-6.08861e-05
0.00455326
-9.94853e-06
0.00217222
-3.04567e-06
0.000271525
-2.63971e-05
-0.00117782
-4.24594e-05
-0.0021402
-2.1851e-05
-0.00266071
3.0768e-05
-0.0028204
8.60512e-05
-0.00269064
0.000120734
-0.00232594
-2.33757e-05
-2.36945e-05
-8.0185e-05
2.0047e-07
-8.04221e-05
-7.98256e-08
-0.000327299
7.73749e-07
-5.8609e-07
-0.000538073
-2.89514e-06
0.000127494
-1.52654e-05
-0.00177847
-3.84585e-05
-0.000551402
-7.72434e-06
-0.000330547
-1.21934e-06
4.92436e-07
8.00008e-05
-8.06489e-05
-1.50915e-07
6.22268e-08
2.38638e-05
-2.39541e-05
2.29019e-05
0.0146882
-0.0144461
-0.000347925
-0.00052678
0.0149674
-0.000405958
0.0111262
-0.000286037
0.0076769
-0.000188168
0.00473187
-0.000130164
0.00229952
-0.000113618
0.000358906
-0.000114277
-0.00110606
-8.81682e-05
-0.00207403
-1.63699e-05
-0.00261399
7.93318e-05
-0.00281424
0.0001613
-0.00273139
0.000205499
-0.00240379
-2.37443e-05
-2.38277e-05
-8.01666e-05
2.38101e-07
-8.07263e-05
-9.70193e-08
-0.000333084
5.91372e-07
-1.0523e-06
-0.000558332
-8.39433e-06
0.000210659
-3.90586e-05
-0.00187466
-7.45313e-05
-0.000581099
-1.5742e-05
-0.000339393
-1.64832e-06
1.39518e-07
8.03185e-05
-8.13946e-05
-2.09292e-07
4.5208e-08
2.37655e-05
-2.39311e-05
-0.00018155
0.0189367
-0.0186496
-0.000634676
-0.000851349
0.0192617
-0.00072253
0.0152844
-0.00057912
0.0114197
-0.000440795
0.00792975
-0.000329168
0.0049311
-0.00025991
0.00244585
-0.000224044
0.000468693
-0.000187724
-0.00100677
-0.000105863
-0.00198495
2.54171e-05
-0.00256061
0.000166493
-0.00281982
0.000269593
-0.00279518
0.000312655
-0.0025051
-2.37078e-05
-2.3819e-05
-8.09741e-05
1.6378e-07
-8.18701e-05
-1.85794e-07
-0.000346118
4.59431e-08
-1.79954e-06
-0.00059771
-2.23115e-05
0.000299545
-8.77846e-05
-0.00197307
-0.000111958
-0.000631484
-4.05794e-05
-0.000358942
-2.57449e-06
-3.55409e-07
8.16974e-05
-8.31114e-05
-2.88514e-07
-5.48635e-08
2.37738e-05
-2.39986e-05
-0.000431724
0.0229812
-0.0226619
-0.000953704
-0.00120096
0.0233311
-0.00108229
0.0196219
-0.000932403
0.0156379
-0.00076642
0.0117457
-0.000608013
0.00820868
-0.000481737
0.00515302
-0.0003933
0.00261503
-0.000325856
0.000606686
-0.000237197
-0.000875883
-8.74039e-05
-0.00187263
0.000108685
-0.00250317
0.000289334
-0.00283961
0.000400701
-0.0028826
0.000421543
-0.00262655
-2.38392e-05
-2.4033e-05
-8.31156e-05
2.65566e-08
-8.45712e-05
-3.78399e-07
-0.000376167
-9.91531e-07
-4.02864e-06
-0.000652344
-6.67298e-05
0.000341785
-0.000107128
-0.0021149
-9.20725e-05
-0.000681613
-8.24949e-05
-0.000403272
-9.83313e-06
-3.52025e-06
8.48169e-05
-8.69699e-05
-4.47749e-07
-1.28078e-07
2.40878e-05
-2.43895e-05
-0.000717348
0.0264071
-0.0260787
-0.00128193
-0.00155338
0.0267598
-0.00146367
0.0237126
-0.00132799
0.0200178
-0.00115572
0.0160273
-0.000968064
0.0121059
-0.00078937
0.0085163
-0.000640364
0.00540011
-0.000523376
0.00281239
-0.000410316
0.000779542
-0.000254144
-0.000709669
-2.72581e-05
-0.00173713
0.00023105
-0.00244499
0.000437531
-0.00287616
0.000534647
-0.00299469
0.000503959
-0.00278744
-2.43705e-05
-2.47559e-05
-8.77027e-05
-2.42565e-07
-9.09732e-05
-7.34164e-07
-0.000428477
-1.48868e-05
-2.6511e-05
-0.000714012
-7.46753e-05
0.000349166
-8.57287e-05
-0.00230398
-7.25116e-05
-0.000751911
-5.41246e-05
-0.000447554
-3.22015e-05
-3.12095e-05
9.34119e-05
-0.000100444
-2.74065e-06
-1.06429e-06
2.4884e-05
-2.53361e-05
-0.00102102
0.0289139
-0.0285973
-0.00159823
-0.00188237
0.029243
-0.00183783
0.0271343
-0.00173815
0.0241229
-0.00158604
0.0204483
-0.00139322
0.0164525
-0.00118104
0.0124976
-0.000976858
0.00885272
-0.000799174
0.00567585
-0.000642353
0.0030442
-0.000469283
0.000994397
-0.000232617
-0.000504709
7.40626e-05
-0.0015803
0.000382614
-0.00238981
0.000592121
-0.00293333
0.000648761
-0.00313891
0.000551484
-0.00298821
-2.55742e-05
-2.63015e-05
-0.000107933
-7.35376e-06
-0.000117695
-1.67041e-05
-0.000480728
-2.56476e-05
-1.58593e-05
-0.000794163
-4.34469e-05
0.00035447
-8.09144e-05
-0.00249668
-7.4369e-05
-0.000829134
-3.71746e-05
-0.000514852
-7.43319e-06
-1.27002e-05
0.000127043
-0.00013686
-2.23215e-05
-2.18583e-05
2.73658e-05
-3.00871e-05
-0.00132335
0.0303946
-0.030114
-0.00187877
-0.00216588
0.0306783
-0.00217726
0.0295825
-0.00213207
0.0275284
-0.00202503
0.024562
-0.00185632
0.0209116
-0.00164005
0.0169115
-0.00140202
0.0129228
-0.00116741
0.00922085
-0.000952009
0.00598542
-0.000742961
0.00331766
-0.000496816
0.00125844
-0.000171723
-0.000259028
0.000208383
-0.00140595
0.000544999
-0.00234214
0.000729462
-0.00301331
0.000726502
-0.00331346
0.00056875
-0.00320423
-3.74252e-05
-5.41275e-05
-0.000148723
-1.38544e-05
-0.000156456
-8.11601e-06
-0.000545194
-7.76644e-06
-5.35582e-06
-0.000869642
-4.00055e-05
0.000343814
-9.13813e-05
-0.0026841
-6.49574e-05
-0.000900156
-4.30632e-05
-0.000571532
-4.55935e-06
-6.21885e-06
0.000164002
-0.000168074
-3.32611e-06
-5.18763e-06
6.19652e-05
-7.66203e-05
-7.70507e-06
-1.40215e-05
-0.00160096
0.0308785
-0.0306565
-0.00210076
-0.00237937
0.031092
-0.00246224
0.0309634
-0.00248059
0.029931
-0.00243569
0.0279392
-0.00231968
0.0250254
-0.00213428
0.0214059
-0.00189503
0.0174044
-0.00162585
0.0133813
-0.00135516
0.00962387
-0.00109287
0.00633524
-0.000820123
0.00364088
-0.000490955
0.00157777
-7.85634e-05
2.8173e-05
0.000357407
-0.00121805
0.000691002
-0.00230327
0.00082649
-0.00311205
0.000759706
-0.00349898
0.000554023
-0.00340727
-8.65997e-05
-3.88314e-06
-9.29467e-05
-1.81369e-06
-0.000173144
-2.82446e-06
-0.000176271
-2.23668e-06
-0.000598547
-6.94935e-06
-5.83334e-06
-0.000933923
-5.65594e-05
0.00031057
-0.000141225
-0.00284926
-0.000916545
-8.13071e-05
-0.000624415
-8.19941e-06
-8.6584e-06
0.000180291
-0.000182844
-1.90424e-06
-2.23624e-06
9.72737e-05
-0.000100162
-5.59563e-07
-8.94046e-07
1.40215e-05
-2.17313e-05
-0.00183008
0.0304184
-0.0302815
-0.00223777
-0.00249766
0.0305367
-0.00266355
0.0312932
-0.0027616
0.0312445
-0.00279181
0.0302872
-0.00274653
0.0283662
-0.00262244
0.0255135
-0.00242011
0.021931
-0.00215406
0.0179326
-0.00185038
0.0138765
-0.00153579
0.0100667
-0.00121736
0.00673249
-0.000871353
0.00402138
-0.000455796
0.00195533
3.09799e-05
0.00035504
0.000493893
-0.00102091
0.000792971
-0.00227069
0.000863061
-0.00321881
0.000731993
-0.00367986
0.000489178
-0.00358483
-2.56245e-05
-2.74519e-05
-0.000102441
-5.87402e-07
-0.000104333
-4.11446e-07
-0.000187132
-2.71998e-06
-0.000189939
-2.89206e-06
-0.000661609
-1.22567e-05
-6.47871e-06
0.000730791
-1.50515e-05
-0.0017629
-8.84854e-06
0.000242838
-0.000114599
-0.00297547
-1.17104e-05
0.000194502
-0.000197816
-4.61715e-06
-4.05388e-06
0.00010621
-0.000107801
-4.18497e-07
-3.9799e-07
2.83459e-05
-2.89353e-05
-0.00198385
0.0290458
-0.0290193
-0.00226424
-0.0024971
0.029045
-0.00275914
0.0306322
-0.00294926
0.0314808
-0.00306455
0.0315173
-0.00310434
0.030645
-0.00306208
0.0288059
-0.00292877
0.0260222
-0.0027077
0.0224847
-0.00241254
0.0184947
-0.00207077
0.0144114
-0.00170728
0.0105566
-0.00132411
0.00718538
-0.000899436
0.00446531
-0.000402506
0.00238925
0.000133694
0.000715465
0.000584947
-0.000812773
0.000829264
-0.00223444
0.000832889
-0.00331632
0.000644821
-0.00383392
0.000376648
-0.00371732
-2.95423e-05
-2.99704e-05
-0.000109735
-7.27879e-07
-0.000111921
-6.63067e-07
-0.000202005
-7.9955e-06
-0.000194063
-1.42191e-05
-0.000355771
0.000342834
-8.91862e-07
-5.27322e-07
-9.98536e-06
-0.00186188
-5.39665e-06
-0.000363317
-7.97199e-07
-1.25862e-07
0.000148765
-7.57923e-05
-0.00304723
0.000138584
-1.0858e-06
-1.11262e-07
0.000114924
-0.000118134
-1.34647e-06
-1.02228e-06
3.03684e-05
-3.08014e-05
-0.00203334
0.0267784
-0.0268753
-0.00216766
-0.00236938
0.0266504
-0.00272958
0.0290152
-0.0030211
0.030704
-0.00323454
0.0316508
-0.0033689
0.0317819
-0.00341875
0.0310017
-0.0033778
0.0292551
-0.0032361
0.0265505
-0.00299535
0.0230676
-0.00267021
0.0190941
-0.00228515
0.0149893
-0.00186543
0.011098
-0.00141543
0.0077016
-0.000913265
0.00497638
-0.000351395
0.00287427
0.000198289
0.00110062
0.000602418
-0.000590192
0.000781066
-0.00218649
0.00071985
-0.00339207
0.000488714
-0.00394538
0.000219571
-0.00378736
-3.15213e-05
-3.21717e-05
-0.000124337
-1.68275e-06
1.09727e-07
-3.79386e-05
3.71505e-05
-3.84444e-05
-0.000372708
-6.16787e-07
-1.07069e-07
-1.40396e-06
-0.00193152
-5.11936e-06
-0.000377669
-4.44596e-07
1.80023e-07
-3.92228e-05
-3.93014e-05
4.13789e-05
-5.07462e-05
-0.00303763
-3.70392e-05
3.60436e-05
3.3194e-05
-3.45065e-05
-0.00196593
0.0236959
-0.0239075
-0.00195638
-0.00212761
0.0234538
-0.00256841
0.026489
-0.00295852
0.0289525
-0.00327726
0.0307467
-0.00351683
0.0317987
-0.00366987
0.0320331
-0.00373258
0.0313565
-0.00369234
0.0297114
-0.00354334
0.0270986
-0.00328314
0.0236806
-0.00292512
0.0197341
-0.00249556
0.0156195
-0.00201834
0.011701
-0.00149937
0.00828803
-0.000928512
0.00555382
-0.00032878
0.00340081
0.00019643
0.00150502
0.000533149
-0.00034517
0.000645323
-0.00211481
0.000525113
-0.00342936
0.000268605
-0.00399393
2.91316e-05
-0.00377491
-3.61534e-05
-3.99162e-05
-4.00697e-05
-0.000379693
1.58368e-08
2.72359e-07
-2.59759e-06
-0.00194641
-3.36895e-05
-0.000384906
2.83335e-07
-9.6199e-08
-4.05476e-05
-4.0294e-05
-8.78619e-05
-6.84798e-06
-0.002944
-0.00178431
0.0199929
-0.020289
-0.00166082
-0.00179995
0.0196649
-0.00229031
0.0231754
-0.00275883
0.0262892
-0.00317799
0.0288531
-0.0035263
0.0307562
-0.00379146
0.0319203
-0.00396607
0.0322667
-0.00404044
0.0317046
-0.00400493
0.0301731
-0.00384852
0.027664
-0.00356967
0.0243252
-0.00318043
0.020419
-0.00270498
0.0163063
-0.0021705
0.0123723
-0.00158902
0.00894842
-0.000967931
0.00619208
-0.000362713
0.00395745
0.000110038
0.00192424
0.000371369
-7.55934e-05
0.00041969
-0.00201223
0.000250661
-0.00341202
-3.3754e-07
-0.00396413
-0.000184221
-0.00367917
-4.02867e-05
-4.00956e-05
-0.00038836
9.09157e-07
-4.14854e-07
-4.21961e-05
-0.00187369
-3.89715e-05
-0.000411356
-1.72443e-06
-8.90692e-06
-3.98712e-05
-3.98604e-05
-0.000233778
9.95885e-05
-0.00281289
-0.00151478
0.0159554
-0.0162988
-0.00131787
-0.00143023
0.0155852
-0.00192998
0.0193041
-0.00244323
0.0228594
-0.00293809
0.0260491
-0.0033869
0.0287137
-0.00376583
0.0307306
-0.00405819
0.0320124
-0.00425429
0.0324807
-0.00434272
0.0320425
-0.00431272
0.0306374
-0.00415306
0.0282474
-0.00385714
0.025002
-0.00343881
0.0211529
-0.00292205
0.017058
-0.00233644
0.0131199
-0.00170304
0.00968303
-0.00105485
0.00688177
-0.000472466
0.00453532
-6.38365e-05
0.00235458
0.000123859
0.000216207
0.000107198
-0.00187093
-8.78567e-05
-0.00332508
-0.00029895
-0.00384984
-0.000392236
-0.00352264
-3.89609e-05
-3.94637e-05
-0.000413441
-1.79334e-05
-2.26642e-05
9.23395e-06
-0.00179856
1.2697e-05
-0.000421327
-2.24911e-05
-9.0083e-06
-4.12526e-05
-5.00326e-05
-0.000340684
0.000175085
-0.00265252
-0.00119603
0.011917
-0.0122647
-0.000970762
-0.00105691
0.0115431
-0.00152879
0.0151835
-0.00204606
0.0189066
-0.00258194
0.0225031
-0.00310455
0.0257667
-0.00358245
0.0285302
-0.00399179
0.0306643
-0.00431291
0.0320711
-0.00453284
0.032671
-0.00463854
0.0323684
-0.0046171
0.0311016
-0.00445638
0.0288468
-0.00415196
0.0257153
-0.00370945
0.0219404
-0.00315859
0.0178801
-0.00253086
0.0139476
-0.00186228
0.0104905
-0.0012082
0.00761669
-0.000664298
0.00513218
-0.000318173
0.00279236
-0.000200246
0.000520576
-0.000278799
-0.00168153
-0.00046973
-0.00315509
-0.000592108
-0.00365135
-0.000550771
-0.00331572
-6.79485e-05
-7.47182e-05
-1.61378e-05
-0.000416116
7.23213e-07
2.49978e-06
3.91662e-05
-0.00168341
1.70288e-05
-0.000408916
3.58152e-06
1.54754e-06
-8.90821e-05
-8.48148e-06
-9.4736e-05
-3.45254e-06
-0.00036691
0.000181075
-0.00247355
-0.000869471
0.00817998
-0.00849906
-0.00065237
-0.000712783
0.00783527
-0.00112665
0.0111404
-0.00161247
0.0147495
-0.00214857
0.018473
-0.00270643
0.0221048
-0.00325613
0.0254403
-0.00376475
0.0283033
-0.00420437
0.0305559
-0.00455502
0.0320934
-0.00479971
0.0328323
-0.00492696
0.0326785
-0.00492186
0.0315673
-0.00476715
0.0294622
-0.00445855
0.0264646
-0.00400371
0.0227857
-0.00342919
0.018778
-0.00277404
0.014857
-0.00208844
0.0113667
-0.00144542
0.00839467
-0.000944058
0.00575516
-0.000657593
0.00324675
-0.00060244
0.000842141
-0.000727404
-0.00142543
-0.000857867
-0.00289139
-0.000834741
-0.00337029
-0.000618954
-0.00306795
-1.61901e-05
-9.45275e-05
6.21281e-07
-9.29804e-05
7.19853e-07
-0.000381002
6.74513e-06
3.38432e-06
4.19984e-05
-0.0015563
7.60552e-06
-0.000370054
4.83612e-06
6.00424e-07
-9.02218e-05
5.21471e-07
-8.90075e-05
2.57854e-07
-2.47286e-05
-2.81515e-05
-0.000290458
0.000123519
-0.00231401
-0.000571036
0.00498775
-0.00525547
-0.000385527
-0.000419768
0.00469405
-0.000755532
0.00746361
-0.00118087
0.0107084
-0.00168099
0.0142816
-0.00223506
0.0180015
-0.00281522
0.0216639
-0.00339081
0.0250665
-0.00392884
0.0280278
-0.00440032
0.0304013
-0.00478254
0.0320765
-0.00505777
0.0329634
-0.00521014
0.032967
-0.005226
0.0320263
-0.00508827
0.030092
-0.00478836
0.0272492
-0.00433354
0.0236903
-0.00374904
0.0197539
-0.00308226
0.0158516
-0.00239586
0.0123158
-0.00177616
0.00922446
-0.0013215
0.00641683
-0.00109469
0.00373672
-0.00108793
0.00120062
-0.00120184
-0.00108354
-0.00120469
-0.00252424
-0.000983153
-0.00301003
-0.000564295
-0.00279929
-2.7529e-05
-2.68971e-05
-8.39202e-05
1.76739e-06
-8.17391e-05
9.16138e-07
-0.000338111
6.72288e-06
1.83427e-06
3.24415e-05
-0.0014606
-9.06571e-06
-0.000333927
4.19088e-06
-1.41174e-06
-7.80392e-05
7.71392e-07
-7.76399e-05
6.78479e-08
-2.64428e-05
-2.61483e-05
-0.000105165
2.28931e-06
-0.00221848
-0.000327887
0.00250601
-0.00271097
-0.000181584
-0.000193443
0.00227896
-0.000440056
0.00437794
-0.000785416
0.00706769
-0.00122196
0.0102491
-0.0017364
0.0137828
-0.00230763
0.0174938
-0.00290971
0.0211827
-0.0035102
0.0246479
-0.00407647
0.0277042
-0.00457969
0.0301987
-0.00499505
0.032014
-0.00530448
0.033058
-0.00549112
0.0332323
-0.00553657
0.0324749
-0.00542619
0.0307301
-0.00514921
0.0280647
-0.00471156
0.0246509
-0.00413807
0.0208068
-0.00347514
0.0169292
-0.00280414
0.0133422
-0.00221843
0.0101196
-0.00181464
0.00713517
-0.00163378
0.00428072
-0.0016275
0.00162414
-0.00164978
-0.000641662
-0.00146291
-0.00204904
-0.00100572
-0.00257376
-0.00037307
-0.00253669
-2.43832e-05
-2.3571e-05
-7.24164e-05
1.55342e-06
-7.16227e-05
6.64638e-07
-0.000307835
5.35946e-06
-4.80937e-07
1.37447e-05
-0.00144224
-3.38393e-05
-0.000315841
2.31593e-06
-4.03654e-06
-6.84186e-05
5.6271e-07
-6.96365e-05
-3.15371e-07
-2.28851e-05
-2.27897e-05
0.000185082
-0.000181244
-0.00222856
-0.000153573
0.000833504
-0.000969295
-2.43973e-05
-2.24166e-05
0.000687264
-2.44335e-05
-2.3493e-05
-0.000199017
0.00203733
-0.000452103
0.00404414
-0.000805633
0.00665104
-0.00125263
0.00976504
-0.00177992
0.0132549
-0.00236723
0.0169513
-0.00298815
0.0206608
-0.00361136
0.024183
-0.00420535
0.02733
-0.00474123
0.0299452
-0.00519377
0.0319036
-0.00554203
0.0331092
-0.00576939
0.0334654
-0.00585807
0.032907
-0.00578955
0.031371
-0.0055522
0.0289069
-0.00514828
0.0256627
-0.00460408
0.0219352
-0.00397052
0.0180944
-0.00332908
0.0144518
-0.00278421
0.0110879
-0.00242101
0.00792094
-0.00224936
0.00490032
-0.00217338
0.00214481
-0.00202083
-8.72514e-05
-0.00159575
-0.00146352
-0.0008833
-0.00206887
-5.51359e-05
-0.00230164
-2.12531e-05
-2.07141e-05
-6.52877e-05
1.12592e-06
-6.62552e-05
1.42098e-07
-0.0003025
2.74026e-06
-3.82933e-06
-1.43908e-05
-0.00154462
-6.77367e-05
-0.000328658
-3.9268e-07
-7.71751e-06
-6.4505e-05
1.56389e-07
-6.78112e-05
-8.47465e-07
-2.02474e-05
-2.0521e-05
0.000553128
-0.000423698
-0.0023635
-2.41703e-05
-1.96433e-05
-0.000127786
0.000109685
-3.35118e-06
-3.25693e-06
-0.000145931
-2.26399e-06
-2.19772e-06
0.000536157
-2.43445e-05
-2.4179e-05
-9.06907e-05
7.25866e-05
-3.31001e-06
-3.28966e-06
-2.27504e-06
-2.31021e-06
-0.000201481
0.00178627
-0.000458731
0.00369688
-0.000818188
0.00621638
-0.00127367
0.00925871
-0.00181165
0.0126993
-0.00241223
0.0163754
-0.00304988
0.0200994
-0.0036949
0.0236727
-0.00431768
0.0269068
-0.00488681
0.0296386
-0.00537928
0.0317412
-0.00577393
0.0331141
-0.00605166
0.0336594
-0.00619438
0.0333118
-0.00618315
0.0320005
-0.00600334
0.02976
-0.00565397
0.026712
-0.00515901
0.0231233
-0.00457046
0.0193351
-0.00397393
0.0156408
-0.00346823
0.0121339
-0.00311559
0.00878565
-0.00288938
0.00561422
-0.00266913
0.00279048
-0.00228229
0.000595495
-0.00158843
-0.000763993
-0.000624269
-0.00150555
0.000341614
-0.0020946
-1.93972e-05
-1.93753e-05
-6.53378e-05
3.85802e-07
-6.88565e-05
-6.52633e-07
-0.000335078
-9.4483e-07
-8.23102e-06
-5.27373e-05
-0.00180673
-0.000111439
-0.000386289
-4.52315e-06
-1.22673e-05
-6.91946e-05
-4.33874e-07
-7.53678e-05
-1.59875e-06
-1.93151e-05
-2.01166e-05
0.000940213
-0.000708823
-0.00259982
-0.000163564
-3.46792e-06
-3.25442e-06
-2.29859e-06
-1.7851e-05
1.54535e-05
-1.0517e-06
-2.02449e-05
-9.33949e-07
-2.21811e-05
-3.7836e-07
-2.4312e-05
-1.151e-07
0.000382826
-2.40779e-05
-2.45777e-05
-5.31159e-05
3.51459e-05
-3.25492e-06
-3.33478e-06
-2.31389e-06
-2.42144e-06
-8.90007e-06
6.55462e-06
-1.03448e-06
-1.13146e-05
-9.32183e-07
-1.32535e-05
-3.79892e-07
-1.42774e-07
-0.000201946
0.00152925
-0.000461087
0.0033396
-0.000824628
0.00576729
-0.00128628
0.00873331
-0.00183272
0.0121198
-0.00244473
0.0157705
-0.00309721
0.0195021
-0.00376145
0.0231169
-0.00440962
0.02643
-0.00501507
0.0292748
-0.00555245
0.0315201
-0.00600059
0.0330634
-0.00633893
0.0338045
-0.00654745
0.0336776
-0.00660849
0.0326075
-0.00650301
0.0306094
-0.00622771
0.0277805
-0.00580144
0.024354
-0.00527281
0.0206334
-0.00472309
0.0168949
-0.00423563
0.0132526
-0.00384522
0.00973977
-0.00349964
0.00644229
-0.00307927
0.00358474
-0.00243159
0.00143596
-0.00145544
6.28079e-05
-0.000288207
-0.000881345
0.000723094
-0.00188256
-1.97293e-05
-2.04991e-05
-7.54812e-05
-6.23383e-07
-8.2369e-05
-1.59068e-06
-0.000420139
-6.21839e-06
-1.37586e-05
-0.00010241
-0.00225037
-0.000164977
-0.00050331
-1.00377e-05
-1.81781e-05
-8.58772e-05
-1.32433e-06
-9.5596e-05
-2.57964e-06
-2.10201e-05
-2.25515e-05
0.00126042
-0.00101242
-0.00285368
-2.67487e-05
-1.08526e-06
-2.91213e-05
-9.51349e-07
-4.00221e-07
-2.01816e-06
9.4109e-07
-2.96231e-06
-3.34893e-06
-3.47377e-06
0.000228948
-2.36679e-05
-2.47732e-05
-1.53841e-05
-2.33492e-06
-3.18293e-06
-3.34133e-06
-2.31491e-06
-2.49974e-06
8.34563e-08
-2.37612e-06
-1.01751e-06
-2.35128e-06
-9.34186e-07
-4.29019e-06
-3.86124e-07
-1.70986e-07
5.31928e-07
-1.58354e-06
-4.08385e-07
-7.98316e-07
-0.00020088
0.00126902
-0.00046024
0.00297517
-0.000825702
0.00530678
-0.00129085
0.00819163
-0.00184323
0.0115186
-0.00246308
0.0151367
-0.003127
0.0188679
-0.00380994
0.0225176
-0.00448475
0.0259002
-0.00512742
0.0288502
-0.00571399
0.031234
-0.00622009
0.0329446
-0.00663327
0.0338895
-0.00692097
0.033989
-0.00706588
0.0331703
-0.00704955
0.0314314
-0.00686232
0.0288413
-0.0065161
0.0255971
-0.00605175
0.0219616
-0.00553615
0.0181946
-0.00503113
0.0144371
-0.00454933
0.0107878
-0.00403571
0.00739702
-0.0033813
0.00453271
-0.0024717
0.00244963
-0.00126915
0.00103871
2.29572e-05
-0.000187225
0.000976161
-0.00160375
-2.31482e-05
-2.48333e-05
-9.96424e-05
-1.97084e-06
-0.000110704
-2.92103e-06
-0.000573048
-1.29447e-05
-2.05633e-05
-0.000168701
-0.00284512
-0.000251331
-0.000695404
-1.69787e-05
-2.5337e-05
-0.000118426
-2.56727e-06
-0.000132642
-3.91716e-06
-2.62344e-05
-2.87482e-05
0.00140788
-0.00127511
-0.00299343
-4.57224e-06
-5.536e-06
7.58013e-05
-2.31361e-05
-2.48296e-05
2.22034e-05
-3.95503e-05
-3.0951e-06
-3.33278e-06
-2.30672e-06
-2.55763e-06
9.04821e-06
-1.12755e-05
-9.95322e-07
6.61207e-06
-9.28396e-07
4.6872e-06
-3.85956e-07
-1.94323e-07
3.08077e-06
-4.10963e-06
2.14508e-06
1.75453e-06
-0.000198566
0.00100754
-0.00045651
0.00260617
-0.000821558
0.00483777
-0.0012884
0.00763706
-0.00184337
0.0108992
-0.00246854
0.0144786
-0.00314124
0.0181998
-0.00384008
0.0218735
-0.00454202
0.0253153
-0.0052253
0.028362
-0.00586695
0.0308816
-0.00644276
0.0327558
-0.00693057
0.0339008
-0.00730797
0.0342316
-0.00754782
0.0336688
-0.00762989
0.0321992
-0.00753726
0.0298625
-0.00727274
0.0268179
-0.0068629
0.0232877
-0.00635505
0.0195176
-0.00579037
0.0156768
-0.00517338
0.0119238
-0.00446323
0.00847718
-0.00357689
0.00563601
-0.00243367
0.00361217
-0.00108093
0.00213883
0.000184348
0.000598386
0.0010031
-0.00120515
-3.06908e-05
-3.36947e-05
-0.000141652
-3.65658e-06
-0.000157812
-4.54306e-06
-0.000814212
-2.11777e-05
-2.95375e-05
-0.000307067
-0.0033758
-0.000439954
-0.000995476
-2.80731e-05
-4.15744e-05
-0.000170849
-4.11132e-06
-0.000190523
-5.55872e-06
-3.63221e-05
-4.01542e-05
0.00128386
-0.00128426
-0.00300091
-7.55886e-05
-2.24876e-05
-2.47763e-05
5.94065e-05
-7.62835e-05
-2.99434e-06
-3.30211e-06
-2.29234e-06
-2.60496e-06
1.79337e-05
-2.00837e-05
-9.68346e-07
1.55119e-05
-9.17787e-07
1.36136e-05
-3.82685e-07
-2.13899e-07
5.61849e-06
-6.62008e-06
4.69175e-06
4.30396e-06
-0.000195204
0.000746674
-0.000450303
0.00223527
-0.000813297
0.0043631
-0.00127855
0.00707278
-0.00183357
0.0102648
-0.00246018
0.0137982
-0.00313989
0.0175001
-0.00385384
0.0211859
-0.00458409
0.0246747
-0.00531042
0.0278058
-0.00601033
0.0304488
-0.00666026
0.0324851
-0.00723247
0.0338258
-0.00770316
0.0343875
-0.00804399
0.0340833
-0.00822635
0.0328886
-0.00822594
0.0308156
-0.00803148
0.0279862
-0.00765353
0.0245855
-0.00712043
0.0208466
-0.00646357
0.0169656
-0.00569018
0.0131494
-0.00477833
0.00967749
-0.00368152
0.00688255
-0.00236344
0.00489231
-0.000979482
0.00329831
0.000130509
0.0014649
0.000762478
-0.000689545
-4.37606e-05
-4.8361e-05
-0.000205687
-5.715e-06
-0.000228638
-6.71425e-06
-0.00117461
-4.84408e-05
-8.02126e-05
-0.000450151
-0.00381177
-0.000401753
-0.00135388
-0.000113643
-0.000146996
-0.000249986
-6.86232e-06
-0.000281672
-9.68731e-06
-5.25143e-05
-5.79796e-05
0.000922797
-0.0010128
-0.00291923
-0.000224405
-2.17614e-05
-2.45633e-05
9.6022e-05
-0.000112354
-2.87479e-06
-3.26093e-06
-2.27104e-06
-2.64774e-06
2.66959e-05
-2.87536e-05
-9.3561e-07
2.43036e-05
-8.99219e-07
2.24375e-05
-3.80139e-07
-2.35202e-07
8.12619e-06
-9.09487e-06
7.21478e-06
6.83398e-06
-0.000190975
0.000488059
-0.000441915
0.00186454
-0.000800456
0.00388573
-0.00126173
0.00650162
-0.00181303
0.00961834
-0.00243862
0.0130976
-0.00312242
0.0167695
-0.00385095
0.0204535
-0.00461104
0.0239763
-0.00538282
0.02718
-0.00614468
0.0299351
-0.00686882
0.0321225
-0.00753013
0.0336536
-0.00809698
0.0344411
-0.00853752
0.0343948
-0.008815
0.0334778
-0.0088938
0.0316778
-0.00874986
0.0290822
-0.00837528
0.0258395
-0.00778801
0.0221701
-0.00701393
0.0182882
-0.00608186
0.0144517
-0.00499399
0.0109884
-0.0037285
0.00824576
-0.00232926
0.00624006
-0.00102778
0.00445357
-0.000131755
0.00235405
0.000320936
-9.47032e-05
-6.364e-05
-7.04079e-05
-0.000314648
-1.51045e-05
-0.000363393
-3.16686e-05
-0.00151389
-0.000159334
-0.000132068
-0.000308698
-0.00425516
-0.000264568
-0.00171838
-0.000111581
-8.63958e-05
-0.000410773
-6.61342e-05
-0.000465085
-9.3012e-05
-7.72947e-05
-8.68686e-05
0.000461902
-0.000672917
-0.00271921
-0.000369933
-2.09598e-05
-2.42546e-05
0.00013187
-0.000147581
-2.75343e-06
-3.20688e-06
-2.23157e-06
-2.66854e-06
3.52932e-05
-3.72534e-05
-8.99802e-07
3.29389e-05
-8.78142e-07
3.11156e-05
-3.76756e-07
-2.56384e-07
1.05929e-05
-1.15211e-05
9.70474e-06
9.33007e-06
-0.000186061
0.000233211
-0.000431495
0.00149647
-0.000783706
0.00340864
-0.00123781
0.00592743
-0.00178211
0.00896287
-0.00240283
0.012379
-0.00308987
0.0160093
-0.00383466
0.0196779
-0.00462509
0.0232189
-0.00544474
0.0264804
-0.00626836
0.0293356
-0.00706881
0.0316622
-0.00781609
0.0333735
-0.00847496
0.0343791
-0.00900795
0.0345881
-0.00936744
0.0339516
-0.00950828
0.0324361
-0.00938926
0.0300957
-0.00899348
0.0270442
-0.00832991
0.0234851
-0.00744322
0.0196484
-0.006366
0.0158224
-0.00513237
0.012391
-0.00376941
0.00968437
-0.00238221
0.00759239
-0.00124313
0.00556183
-0.000541978
0.00321206
-0.000187414
0.000546842
-0.000101924
-0.000133525
-0.000518972
-0.000105306
-0.00057741
-7.44279e-05
-0.00189318
-7.34266e-05
-6.17493e-05
-0.000200751
-0.00455513
-0.000176822
-0.00205138
-5.59454e-05
-5.13122e-05
-0.000635389
-5.38501e-05
-0.000681196
-4.13143e-05
-0.000199943
-0.000239078
-5.3937e-05
-9.03457e-07
-0.000325545
-0.00240546
-0.00051159
-2.01111e-05
-2.38708e-05
0.000166771
-0.000181801
-2.61974e-06
-3.149e-06
-2.18734e-06
-2.68569e-06
4.3692e-05
-4.55425e-05
-8.62249e-07
4.13833e-05
-8.54051e-07
3.96097e-05
-3.70383e-07
-2.75062e-07
1.30053e-05
-1.38919e-05
1.21439e-05
1.17775e-05
-0.000180616
-1.63102e-05
-0.00041943
0.00113349
-0.00076293
0.00293507
-0.00120674
0.00535325
-0.00174026
0.00830141
-0.00235412
0.0116445
-0.00304343
0.0152195
-0.00380441
0.0188592
-0.00462759
0.0224037
-0.00549424
0.0257077
-0.00637846
0.0286464
-0.00725215
0.0310993
-0.0080804
0.0329797
-0.00882681
0.0341985
-0.0094402
0.0346612
-0.00986577
0.0343091
-0.0100439
0.0330905
-0.00992528
0.0310271
-0.00948983
0.0282034
-0.00874887
0.0247898
-0.00775046
0.0210318
-0.00655872
0.0172474
-0.00523522
0.0138551
-0.00384263
0.0111429
-0.00254851
0.00889586
-0.00158377
0.00660087
-0.00100455
0.00402454
-0.00066259
0.00120083
-0.000309066
-3.57585e-05
-0.000363125
-2.06507e-05
-0.000721526
-3.32069e-05
-0.000755845
-2.82772e-05
-0.0021668
-4.48965e-05
-4.14613e-05
-0.000118266
-0.00467821
-8.96727e-05
-0.00227322
-3.71852e-05
-3.47342e-05
-0.000787754
-2.43546e-05
-0.000816127
-2.35741e-05
-0.000405589
-1.23246e-05
-0.000438424
-8.84147e-06
-5.39875e-05
-0.000422833
1.4825e-05
-0.00200716
-0.00064892
-1.92312e-05
-2.34197e-05
0.000200628
-0.000214914
-2.48701e-06
-3.08436e-06
-2.12848e-06
-2.69146e-06
5.18502e-05
-5.35857e-05
-8.23752e-07
4.95954e-05
-8.28484e-07
4.78851e-05
-3.62105e-07
-2.91676e-07
1.53571e-05
-1.61977e-05
1.4524e-05
1.4167e-05
-0.0001748
-0.000259246
-0.000405948
0.000778063
-0.000738516
0.00246841
-0.00116845
0.00478303
-0.00168752
0.00763643
-0.00229272
0.0108953
-0.00298611
0.0144025
-0.00376513
0.017998
-0.00461897
0.02153
-0.00552907
0.0248598
-0.00647034
0.0278659
-0.00741272
0.0304325
-0.00831701
0.0324706
-0.00913782
0.0338966
-0.0098168
0.0346125
-0.0102892
0.0345545
-0.0104859
0.0336508
-0.0103518
0.0318886
-0.00986468
0.0293185
-0.00904764
0.0260861
-0.00796315
0.022435
-0.00669833
0.0187091
-0.00533355
0.0153445
-0.00397975
0.0125724
-0.00281086
0.0101211
-0.00197831
0.00757234
-0.00145092
0.00480958
-0.00107528
0.00184148
-8.98278e-05
-0.000110738
-0.000465246
-7.1553e-06
-0.000487949
-6.04114e-06
-0.000840539
-2.0674e-05
-0.000863807
-1.87368e-05
-0.00233899
-2.86277e-05
-2.51667e-05
-3.39674e-05
-0.00464168
7.54541e-06
-0.00239376
-2.02224e-05
-1.68888e-05
-0.000884473
-1.69313e-05
-0.000903789
-1.60389e-05
-0.000507687
-5.56066e-06
-0.000526456
-5.27219e-06
-0.000123248
-0.000132333
-0.000801749
0.000314542
-0.00155449
-0.000781576
-1.83973e-05
-2.28789e-05
0.000233296
-0.000246823
-2.34783e-06
-3.01507e-06
-2.06974e-06
-2.694e-06
5.97471e-05
-6.13547e-05
-7.83153e-07
5.75516e-05
-8.01841e-07
5.59102e-05
-3.51895e-07
-3.06144e-07
1.76333e-05
-1.84276e-05
1.68325e-05
1.64894e-05
-0.000168707
-0.000494465
-0.000391229
0.000432733
-0.000710177
0.00201217
-0.00112194
0.00421947
-0.00162391
0.0069697
-0.0022211
0.0101325
-0.00291906
0.0135587
-0.00371568
0.0170966
-0.00459829
0.0206009
-0.00554879
0.0239397
-0.00654074
0.0269951
-0.00754333
0.0296598
-0.00851509
0.0318485
-0.00939961
0.0334799
-0.0101316
0.0344552
-0.0106329
0.0347015
-0.0108297
0.0341285
-0.0106689
0.0326924
-0.0101308
0.030401
-0.00925126
0.0273732
-0.0081077
0.0238432
-0.00680692
0.020181
-0.00545611
0.0168192
-0.00417531
0.0139352
-0.00312563
0.011267
-0.00237805
0.00849805
-0.00185126
0.00557798
-0.00144528
0.00246164
-0.000139673
-0.000146028
-0.000542867
-4.90661e-06
-0.000557862
-4.24917e-06
-0.000919139
-1.38954e-05
-0.000934057
-1.084e-05
-0.00241756
-8.40344e-06
-3.34119e-06
5.69125e-05
-0.00449884
9.78273e-05
-0.0024199
2.12418e-06
5.19156e-06
-0.000947018
-8.0569e-06
-0.000957611
-7.00163e-06
-0.000571685
-3.83836e-06
-0.0005845
-3.91811e-06
-0.000151816
-0.000157325
-0.00113791
0.000534931
-0.000990707
-0.000909274
-1.75972e-05
-2.23025e-05
0.000264718
-0.000277495
-2.22808e-06
-2.93886e-06
-2.00227e-06
-2.67698e-06
6.73411e-05
-6.88257e-05
-7.43215e-07
6.52134e-05
-7.74483e-07
6.36515e-05
-3.4086e-07
-3.19443e-07
1.98313e-05
-2.05733e-05
1.90626e-05
1.87338e-05
-0.00016243
-0.000720957
-0.0003754
0.000100285
-0.000677391
0.00157015
-0.00106706
0.00366527
-0.00155105
0.00630222
-0.0021417
0.00935753
-0.00284511
0.0126903
-0.00365667
0.0161569
-0.00456371
0.0196176
-0.00554696
0.0229473
-0.00658506
0.0260379
-0.00764451
0.0287901
-0.00866994
0.0311195
-0.00960849
0.0329573
-0.0103787
0.0342013
-0.0108968
0.0347686
-0.0110844
0.0345437
-0.0108906
0.0334517
-0.0103092
0.0314581
-0.00938947
0.028654
-0.00821971
0.0252547
-0.00692135
0.0216448
-0.00561058
0.018253
-0.00442232
0.0152307
-0.00346382
0.0123522
-0.00275584
0.00939924
-0.00220919
0.00632617
-0.0017953
0.0030755
-0.000162427
-0.000166932
-0.000596025
-3.11261e-06
-0.000605376
-2.36197e-06
-0.000962874
-4.23417e-06
-0.00096606
-7.24526e-07
-0.0024112
9.89733e-06
3.60975e-05
6.59195e-05
-0.00414702
0.0001031
-0.00237368
5.59495e-05
-0.00096524
9.46874e-08
-0.000960365
-4.73894e-07
-0.00061249
-1.67586e-06
-0.000619402
-1.19446e-06
-0.000171028
-0.000175221
-0.00148921
0.000767257
-0.000347732
-0.00103189
-1.68168e-05
-2.16607e-05
0.000294827
-0.000306879
-2.11164e-06
-2.86938e-06
-1.94835e-06
-2.65974e-06
7.46269e-05
-7.59852e-05
-7.0621e-07
7.25703e-05
-7.46397e-07
7.10846e-05
-3.29505e-07
-3.3092e-07
2.19367e-05
-2.26293e-05
2.12035e-05
2.08928e-05
-0.000156065
-0.000937675
-0.000358141
-0.00021614
-0.000639274
0.00114543
-0.00100421
0.00312144
-0.00147155
0.00563478
-0.00205803
0.00857284
-0.00276545
0.0118012
-0.00358636
0.0151814
-0.00451056
0.0185828
-0.00552248
0.0218861
-0.00659835
0.0249928
-0.00770332
0.0278243
-0.00878391
0.0302956
-0.00976676
0.0323459
-0.0105645
0.0338693
-0.0110884
0.0347727
-0.0112605
0.0349134
-0.0110363
0.0341783
-0.0104212
0.0324891
-0.00947693
0.0299102
-0.00830984
0.0266419
-0.00704522
0.0230779
-0.00580322
0.0196326
-0.00469223
0.0164585
-0.00379586
0.0133881
-0.00310088
0.0102754
-0.00255062
0.0070511
-0.00214556
0.00370031
-0.000178643
-0.000181289
-0.000623555
-8.88114e-07
-0.000625586
9.86973e-08
-0.000945294
-6.43042e-06
-0.00088859
-2.18491e-05
-0.00234859
3.44302e-05
8.20706e-05
-0.00364667
0.000147004
-0.002285
3.43078e-05
0.000659224
-0.0015022
5.09398e-06
7.35087e-07
-0.00062633
2.34006e-07
-0.000626862
-1.05248e-06
-0.000183332
-0.000184846
-0.00184173
0.00104814
0.000410036
-0.00114936
-1.60434e-05
-2.0928e-05
0.000323632
-0.000334961
-2.00601e-06
-2.79557e-06
-1.88197e-06
-2.62873e-06
8.15832e-05
-8.28258e-05
-6.72576e-07
7.96022e-05
-7.20202e-07
7.81981e-05
-3.19949e-07
-3.40168e-07
2.39544e-05
-2.45958e-05
2.3255e-05
2.29602e-05
-0.000149507
-0.00114329
-0.000338517
-0.000513617
-0.000595264
0.000739961
-0.000937091
0.00259022
-0.00139158
0.00497106
-0.00197177
0.00778156
-0.00267672
0.0108937
-0.00350038
0.0141731
-0.00443487
0.0174967
-0.00546923
0.0207582
-0.00658235
0.023873
-0.00773239
0.0267737
-0.00885931
0.0293889
-0.00987809
0.03166
-0.0106969
0.033478
-0.0112186
0.0347309
-0.011373
0.0352498
-0.0111251
0.0348818
-0.0104923
0.0335037
-0.00954795
0.0311473
-0.00840768
0.0280033
-0.00719735
0.0244711
-0.00601894
0.0209589
-0.00497641
0.0176374
-0.0041169
0.0143956
-0.00342447
0.0111299
-0.00289043
0.00777157
-0.00252087
0.0043513
-0.000186149
-0.0001863
-0.000632503
-1.8481e-06
4.33099e-06
-0.00147613
-8.52784e-07
4.86089e-06
-0.00224195
3.00767e-05
0.000136084
-0.00296535
0.000221708
-0.00215239
4.57075e-05
-0.00145068
5.41958e-06
-2.04904e-06
0.000185346
-0.000181092
0.000185695
-0.000186397
-0.000187809
-0.00223682
0.0013964
0.00121977
-0.00126171
-1.52939e-05
-1.99348e-05
0.00035104
-0.000361681
-1.89303e-06
-2.7124e-06
-1.81492e-06
-2.5868e-06
8.82189e-05
-8.93413e-05
-6.39013e-07
8.63137e-05
-6.94629e-07
8.49882e-05
-3.08487e-07
-3.48073e-07
2.58756e-05
-2.64705e-05
2.52124e-05
2.49359e-05
-0.000142435
-0.0013361
-0.000316171
-0.000789432
-0.000548714
0.000354976
-0.000871682
0.00207347
-0.00131345
0.00431539
-0.00188135
0.00698849
-0.00257473
0.00997005
-0.00339195
0.0131319
-0.00433229
0.0163613
-0.00538792
0.0195651
-0.00653602
0.0226777
-0.00773174
0.0256471
-0.00890189
0.0284135
-0.0099544
0.0309181
-0.0107858
0.0330455
-0.0113023
0.0346602
-0.0114384
0.0355628
-0.0111724
0.0355613
-0.0105416
0.0344966
-0.00961516
0.0323538
-0.00851924
0.0293242
-0.00736335
0.0258148
-0.00624915
0.0222285
-0.00525607
0.0187658
-0.00442599
0.0153791
-0.00375597
0.0119756
-0.00326974
0.00850253
-0.00295141
0.00506642
-0.000190026
-0.000182571
-0.000178385
-0.00142972
-2.49092e-06
5.40355e-06
-0.00208144
5.30531e-05
0.000208461
-0.00211333
0.000313762
-0.00194163
7.51317e-05
-0.00139705
6.7057e-06
-2.24931e-06
0.000180434
-0.000176361
-0.00270726
0.00182333
0.00210999
-0.0013695
-1.44923e-05
-1.84384e-05
0.000376935
-0.000386931
-1.78722e-06
-2.58785e-06
-1.7199e-06
-2.49585e-06
9.44945e-05
-9.55061e-05
-6.08929e-07
9.26756e-05
-6.66886e-07
9.14396e-05
-2.96087e-07
-3.51714e-07
2.77083e-05
-2.82535e-05
2.70778e-05
2.68186e-05
-0.000136664
-0.0015141
-0.000296085
-0.00104142
-0.000508476
-6.3081e-06
-0.000814474
0.00157731
-0.00123599
0.00367266
-0.00178019
0.00619631
-0.00245097
0.00903116
-0.00325574
0.0120571
-0.00419956
0.0151744
-0.0052789
0.0183092
-0.00646782
0.021415
-0.00771175
0.0244581
-0.00892592
0.0273858
-0.0100051
0.030138
-0.0108426
0.032586
-0.0113494
0.0345712
-0.01147
0.0358602
-0.0111973
0.0362164
-0.0105745
0.0354554
-0.0096885
0.0335225
-0.00864903
0.0306093
-0.00755847
0.0271224
-0.00650224
0.0234687
-0.00555316
0.0198803
-0.00475192
0.0163575
-0.00413368
0.0128231
-0.00372319
0.00926728
-0.00350978
0.00587033
-0.000179616
-0.000175173
-0.00136069
-1.77784e-06
8.1376e-06
-0.00181906
8.44777e-05
0.00032297
-0.00103509
0.000436976
-0.00162578
0.000114186
-0.0012979
9.31124e-06
-1.60363e-06
0.000177422
-0.000172643
-0.00338766
0.00242333
0.00310438
-0.00147384
-1.45554e-05
-1.62015e-05
0.000400967
-0.000410489
-1.64466e-06
-2.37658e-06
-1.58644e-06
-2.32142e-06
0.000100366
-0.000101264
-5.76659e-07
9.86579e-05
-6.33277e-07
9.75119e-05
-2.78144e-07
-3.46921e-07
2.94359e-05
-2.99396e-05
2.88429e-05
2.86052e-05
-0.000139025
-0.00166817
-0.000283327
-0.00126288
-0.000477891
-0.000339244
-0.000761113
0.00110538
-0.00115163
0.00304679
-0.00165884
0.00540655
-0.00229726
0.00807476
-0.00308458
0.010944
-0.00403511
0.0139323
-0.00514644
0.0169894
-0.00638545
0.02009
-0.00768324
0.0232163
-0.00893979
0.0263212
-0.0100413
0.0293373
-0.0108778
0.0321146
-0.0113689
0.03447
-0.0114755
0.0361381
-0.0112049
0.0368462
-0.0106087
0.0363751
-0.00977288
0.0346463
-0.00879789
0.031847
-0.00777188
0.0283844
-0.00678034
0.0246828
-0.00587513
0.0209894
-0.00513648
0.0173471
-0.00460959
0.0137
-0.0043257
0.0100864
-0.0042486
0.00675637
-0.000175944
-0.000169329
-0.00122538
-7.12181e-07
9.84098e-06
-0.00143516
0.000134307
0.000494187
0.000280541
0.000628144
-0.00116747
0.000173193
-0.0011226
1.11676e-05
4.04672e-07
0.000170932
-0.000162868
-0.00439884
0.00334465
0.00419273
-0.00157
-2.58181e-05
-1.71708e-05
0.000422966
-0.000433284
-1.51007e-06
-1.95742e-06
-1.32992e-06
-1.93279e-06
0.000105656
-0.000106442
-5.31112e-07
0.00010413
-5.81258e-07
0.000103108
-2.47309e-07
-3.22027e-07
3.10571e-05
-3.15155e-05
3.05021e-05
3.02865e-05
-0.0001639
-0.00178769
-0.000277745
-0.00146239
-0.000450469
-0.000647714
-0.000702361
0.000659017
-0.00104727
0.00243806
-0.00150332
0.00461515
-0.00210033
0.0070928
-0.00287196
0.00978284
-0.0038402
0.0126278
-0.00499921
0.0156045
-0.00630189
0.0187099
-0.00765996
0.0219376
-0.00895684
0.0252374
-0.0100691
0.0285289
-0.010895
0.0316408
-0.011367
0.0343613
-0.0114627
0.0363956
-0.0112032
0.0374404
-0.0106458
0.0372471
-0.00987497
0.0357208
-0.00897235
0.0330443
-0.00802051
0.0296193
-0.00709078
0.0258884
-0.00626658
0.0221078
-0.00561946
0.0183485
-0.00522485
0.0145997
-0.00509411
0.0109486
-0.00524646
0.00762643
-0.000164163
-0.00015498
-0.00100249
2.27607e-06
1.24029e-05
-0.000873413
0.000208715
0.000824712
0.00180365
0.00101357
-0.000502338
0.000260915
-0.000844383
1.3773e-05
5.11778e-06
0.000154575
-0.00014286
-0.00574223
0.00440444
-0.00162058
-6.6559e-05
-4.55362e-05
0.000447087
-0.000465803
-4.54376e-06
-2.33296e-06
-1.58067e-06
-1.42856e-06
0.000110054
-0.000110813
-4.59296e-07
0.000108828
-4.78089e-07
0.000107974
-1.74949e-07
-2.50768e-07
3.2512e-05
-3.29196e-05
3.20154e-05
3.18375e-05
-0.000169966
-0.00189149
-0.000258742
-0.00165011
-0.000413974
-0.000932798
-0.000622294
0.000237145
-0.000902562
0.00184035
-0.00129211
0.00380966
-0.00184519
0.00606843
-0.00261211
0.00855679
-0.00361911
0.0112497
-0.00484951
0.0141539
-0.00623274
0.0172837
-0.00765544
0.0206367
-0.00898293
0.0241517
-0.0100932
0.0277273
-0.0108991
0.0311729
-0.0113424
0.0342407
-0.0114301
0.0366222
-0.0111929
0.0379878
-0.0106896
0.0380618
-0.00999263
0.0367383
-0.00917464
0.0341895
-0.00830621
0.0308223
-0.00747177
0.0270831
-0.00674998
0.023231
-0.00624021
0.0193629
-0.00598891
0.0155067
-0.00604164
0.0117612
-0.00666943
-0.000140592
-0.000128505
-0.00065393
8.48751e-06
1.55798e-05
-3.53058e-05
0.000369554
0.00130264
0.00118488
0.000461036
0.000530183
-0.000413204
1.40791e-05
1.21988e-05
0.000123387
-0.000108503
-0.00166995
-4.10466e-05
-7.8148e-05
0.000487403
-0.000495556
-3.25603e-05
-2.5539e-05
-1.62293e-05
-7.57793e-06
0.0001147
-0.000117909
-1.25574e-06
0.000113127
-6.02799e-07
0.000111962
-1.75455e-07
-1.55253e-07
3.3673e-05
-3.4022e-05
3.32768e-05
3.31703e-05
-0.000140064
-0.00200837
-0.000234822
-0.00182729
-0.000356897
-0.00119555
-0.000496274
-0.000165767
-0.000686233
0.0012379
-0.000999506
0.0029671
-0.0015167
0.00497586
-0.00230458
0.00724462
-0.00338513
0.00978688
-0.00471669
0.0126388
-0.00619552
0.0158246
-0.00767836
0.0193328
-0.00902117
0.02308
-0.0101091
0.0269372
-0.0108729
0.0307032
-0.011291
0.0341015
-0.0113787
0.0368077
-0.0111748
0.0384713
-0.0107401
0.0388058
-0.0101347
0.0376946
-0.00942107
0.0353027
-0.00866713
0.0320169
-0.00794753
0.0282781
-0.00736213
0.0243525
-0.00698642
0.0203686
-0.00688725
0.0163644
-0.00743004
-9.95641e-05
-8.36388e-05
-6.87213e-05
1.67413e-05
1.78951e-05
0.0010538
0.000716994
0.000671125
0.000317838
8.74762e-05
6.41611e-05
7.14401e-05
-5.54108e-05
-0.00175593
-1.52264e-05
-3.64505e-05
0.000516564
-0.000533668
-6.82244e-06
-1.6392e-05
-2.12081e-05
-3.56509e-05
0.000137936
-0.000144685
-2.56754e-05
0.000130619
-1.81347e-05
0.000122591
-8.10246e-06
-2.85442e-06
3.48327e-05
-3.60438e-05
3.42947e-05
3.41773e-05
-0.000116983
-0.00212196
-0.000195356
-0.00198509
-0.000252006
-0.00143665
-0.000288658
-0.000559841
-0.000367961
0.000610118
-0.000606616
0.00206052
-0.00111728
0.00379138
-0.00197166
0.00583322
-0.0031719
0.0082438
-0.00463628
0.0110807
-0.00621672
0.0143633
-0.00774248
0.018054
-0.00906998
0.0220407
-0.0101097
0.0261736
-0.0108226
0.0302344
-0.0112111
0.0339339
-0.0113035
0.0369366
-0.0111478
0.038878
-0.0107909
0.0394594
-0.0102989
0.0385674
-0.0097132
0.0363395
-0.00908697
0.033147
-0.00850562
0.0294195
-0.00804772
0.0254211
-0.00781296
0.0213043
-0.00816789
-3.73257e-05
-1.7067e-05
0.000795921
0.000132292
0.000110623
5.93345e-05
9.43708e-05
-3.75359e-05
0.000102565
2.66673e-05
1.11549e-05
-0.00183596
-1.20415e-05
-2.23103e-05
0.000559331
-0.000567578
-1.72565e-06
-4.28825e-06
-2.88748e-06
-7.60761e-06
0.000171613
-0.000174054
-4.09357e-06
0.000163212
-7.88218e-06
0.000155955
-1.37326e-05
-2.42795e-05
6.50661e-05
-7.35993e-05
-1.70234e-05
4.69777e-05
3.88982e-05
-9.58086e-05
-0.00221845
-0.00012005
-0.00211398
-6.77073e-05
-0.00165426
2.81935e-05
-0.000952107
5.71839e-05
-4.93927e-05
-0.00013764
0.00108491
-0.000702038
0.00252508
-0.00169532
0.00435872
-0.00307335
0.0066816
-0.00469068
0.00955466
-0.00634795
0.0129691
-0.00786607
0.0168505
-0.00913049
0.0210612
-0.0100891
0.0254399
-0.0107367
0.0297602
-0.0110951
0.0337251
-0.0112025
0.0369896
-0.0111074
0.0391921
-0.0108583
0.0400153
-0.0104838
0.0393356
-0.0100308
0.0372859
-0.00955369
0.0342017
-0.00911013
0.0304909
-0.00879591
0.0264125
-0.00892385
0.000199353
3.69267e-05
0.000282263
2.86393e-05
-0.000362685
-8.49417e-07
1.42776e-05
-1.11549e-05
3.87071e-05
-0.00189831
-1.2215e-05
-1.84376e-05
0.000583782
-0.000589143
-2.11529e-06
-3.30067e-06
-2.01653e-06
-3.69577e-06
0.000182762
-0.00018286
-1.24867e-06
0.000180246
-1.6112e-06
0.00017896
-1.35075e-06
-2.58306e-06
0.000103648
-0.000106702
-8.81152e-07
9.76151e-05
-1.68729e-06
8.80742e-05
-4.03915e-06
-9.72495e-06
-1.70076e-05
-5.6342e-05
-0.0022783
1.94874e-05
-0.00219764
0.000217586
-0.00184042
0.000445807
-0.00133718
0.000533171
-0.000716115
0.00028542
0.000101293
-0.000446596
0.00127878
-0.00168532
0.0029718
-0.00329139
0.00528328
-0.0050311
0.00823852
-0.00667621
0.0117791
-0.00808638
0.0158055
-0.00921093
0.0201814
-0.0100464
0.0247481
-0.0106119
0.0292763
-0.0109397
0.0334615
-0.0110735
0.036954
-0.0110527
0.0393841
-0.0109123
0.0404415
-0.0106811
0.0399827
-0.0103825
0.0381107
-0.0100387
0.0351317
-0.00972873
0.0314298
-0.00968085
7.59679e-05
0.000104842
-0.00011912
-0.00192875
-9.20558e-06
-1.38984e-05
0.000601528
-0.000606756
-2.5219e-06
-3.2751e-06
-2.36367e-06
-3.29142e-06
0.00018768
-0.000187976
-1.36889e-06
0.000186051
-1.41423e-06
0.000185249
-8.95122e-07
-1.13684e-06
0.00011082
-0.000111459
-3.29153e-07
0.000109734
-2.94421e-07
0.000108831
-2.52245e-07
-3.62413e-07
3.23807e-05
-3.31773e-05
3.07395e-05
2.67326e-05
2.20405e-05
-0.00227718
0.000240081
-0.00221641
0.000588102
-0.00197912
0.000888969
-0.00168936
0.000902953
-0.00133002
0.000412404
-0.000754564
-0.000678316
0.000273959
-0.00227053
0.0019521
-0.00408082
0.00433362
-0.00580177
0.00736446
-0.00725851
0.0109512
-0.00841908
0.0150139
-0.0093143
0.0194511
-0.00997991
0.0241183
-0.0104465
0.0287834
-0.0107456
0.033132
-0.0109135
0.0368124
-0.010979
0.0394486
-0.0109604
0.0407187
-0.010868
0.0404685
-0.0106961
0.0387744
-0.0105053
0.0359159
-0.0103565
-0.00190179
1.40277e-06
-3.59168e-06
0.000615302
-0.000618382
-2.19993e-06
-2.77539e-06
-2.20824e-06
-2.81418e-06
0.000192389
-0.000192998
-1.5324e-06
0.00019089
-1.52594e-06
0.000189908
-1.06493e-06
-1.17319e-06
0.000113523
-0.000114132
-3.7622e-07
0.000112714
-3.07588e-07
0.000112312
-2.11669e-07
-1.4717e-07
3.39786e-05
-3.41726e-05
3.37441e-05
3.35397e-05
0.000153231
-0.00218691
0.000525913
-0.00215105
0.000964474
-0.00205176
0.00119101
-0.00197471
0.000906448
-0.00182147
-7.68007e-05
-0.00135404
-0.0016974
-0.000297891
-0.0036284
0.00150058
-0.0054588
0.00399122
-0.00693111
0.00703616
-0.00802258
0.0105521
-0.00882649
0.0145242
-0.00943057
0.0189017
-0.00988974
0.0235614
-0.0102405
0.0282768
-0.0105125
0.0327287
-0.0107245
0.0365558
-0.0108887
0.0393751
-0.01099
0.0408398
-0.0110134
0.0407875
-0.0109859
0.0392584
-0.0108512
-0.00178545
2.34381e-05
1.64629e-05
0.00061939
-0.000615436
-4.07909e-07
-1.02211e-06
-8.96902e-07
-1.39832e-06
0.000196665
-0.000197145
-1.39169e-06
0.000195492
-1.39102e-06
0.000194559
-1.01292e-06
-1.09941e-06
0.000116344
-0.000117107
-4.28217e-07
0.00011546
-3.63218e-07
0.000114963
-2.71011e-07
-1.87457e-07
3.46795e-05
-3.48861e-05
3.44575e-05
3.43198e-05
0.000329823
-0.00198679
0.000812496
-0.00199515
0.00120099
-0.0020585
0.00112784
-0.00219353
0.000294836
-0.00219105
-0.0013393
-0.00171047
-0.00343245
-0.000491838
-0.00545971
0.00150325
-0.00703375
0.00409406
-0.00808986
0.00710348
-0.0087665
0.0104949
-0.00920861
0.0143057
-0.00951565
0.0185276
-0.00976031
0.0230784
-0.00999545
0.0277567
-0.0102459
0.0322478
-0.0105145
0.0361798
-0.0107631
0.0391469
-0.0109756
0.0408025
-0.011138
0.0409417
-0.0110902
-0.00155712
5.69605e-05
4.73764e-05
0.000602819
-0.000584677
3.6865e-06
2.84495e-06
2.38135e-06
1.75488e-06
0.000198181
-0.000197676
-6.11445e-07
0.000198046
-6.81639e-07
0.000197824
-4.48252e-07
-5.82174e-07
0.000119186
-0.000119865
-4.05476e-07
0.000118379
-3.50194e-07
0.000117886
-2.71776e-07
-1.89952e-07
3.5534e-05
-3.58105e-05
3.52591e-05
3.50735e-05
0.000511101
-0.00168249
0.000988072
-0.00177999
0.00112792
-0.00205685
0.000535491
-0.0024327
-0.000972542
-0.00255633
-0.00315554
-0.00198588
-0.00539873
-0.000552527
-0.00715302
0.00162018
-0.00827029
0.00427082
-0.00892232
0.00725698
-0.0092853
0.0105713
-0.00945286
0.0142429
-0.00951233
0.0182789
-0.00956908
0.0226507
-0.00970682
0.0272154
-0.00995193
0.0316829
-0.0102709
0.0356858
-0.0106173
0.0387883
-0.0109436
0.0406091
-0.0110279
-0.00122097
9.44245e-05
8.40179e-05
0.000552208
-0.00051334
1.02523e-05
9.15251e-06
8.09943e-06
7.1518e-06
0.000192872
-0.000190081
1.23677e-06
0.000194928
1.02722e-06
0.000196508
1.01956e-06
7.26371e-07
0.000120605
-0.000120665
-2.24316e-07
0.000120331
-1.92781e-07
0.000120252
-1.40638e-07
-7.66535e-08
3.64742e-05
-3.67433e-05
3.61987e-05
3.60005e-05
0.000629169
-0.00131867
0.000941397
-0.00158913
0.000653287
-0.00217191
-0.00056223
-0.00284104
-0.00266348
-0.00304653
-0.00506325
-0.00232031
-0.0070034
-0.000703665
-0.00819124
0.00153926
-0.00884962
0.00420021
-0.00924618
0.00722069
-0.00945322
0.0105709
-0.00946975
0.0141963
-0.00936856
0.0180709
-0.00929856
0.0222341
-0.00938059
0.0266392
-0.0096402
0.0310499
-0.0100225
0.0350902
-0.0104522
0.0382975
-0.0106781
-0.000823987
0.000121045
0.000113715
0.000458672
-0.000397487
1.78427e-05
1.67628e-05
1.54639e-05
1.42361e-05
0.000175683
-0.00016933
4.27312e-06
0.000181167
3.93189e-06
0.000185879
3.6392e-06
3.10137e-06
0.000117984
-0.000116595
2.27042e-07
0.000119012
2.15801e-07
0.00012005
2.19438e-07
2.35395e-07
3.70142e-05
-3.70979e-05
3.68924e-05
3.68199e-05
0.000615
-0.000990572
0.000621513
-0.00155644
-0.000181157
-0.00255208
-0.0019889
-0.00351465
-0.00441755
-0.00369194
-0.00655844
-0.002765
-0.00782554
-0.00106569
-0.00840974
0.00110511
-0.00877028
0.00372622
-0.00906977
0.00683441
-0.00924538
0.0103409
-0.00921285
0.0140349
-0.00904785
0.0178192
-0.0089315
0.0217874
-0.00901332
0.0260125
-0.00931453
0.0303411
-0.00975999
0.0343983
-0.0100971
-0.00044885
0.000122059
0.00012178
0.000326154
-0.000250167
2.34802e-05
2.28565e-05
2.19442e-05
2.07831e-05
0.000143113
-0.000132739
7.85778e-06
0.000152596
7.53506e-06
0.000161261
7.06518e-06
6.3185e-06
0.000107924
-0.000104245
9.80746e-07
0.000111149
9.32932e-07
0.00011417
8.74593e-07
8.11237e-07
3.62787e-05
-3.58985e-05
3.65704e-05
3.68625e-05
0.000448331
-0.000811187
7.77434e-05
-0.00180975
-0.00125191
-0.00328621
-0.00350414
-0.0044272
-0.00582279
-0.00442758
-0.00726639
-0.00332362
-0.00780469
-0.00167011
-0.00798538
0.000318602
-0.00819907
0.00285059
-0.00848348
0.00606519
-0.00868159
0.00980272
-0.00867166
0.0136519
-0.00854157
0.0174189
-0.00848386
0.0212472
-0.00863466
0.0253281
-0.00899777
0.0295788
-0.00936314
-0.000191718
9.29294e-05
0.000100383
0.000176148
-0.000101119
2.40111e-05
2.4297e-05
2.4309e-05
2.37119e-05
9.64953e-05
-8.32885e-05
1.06022e-05
0.000109057
1.05301e-05
0.000121173
1.00981e-05
9.36654e-06
8.78685e-05
-8.1525e-05
1.88755e-06
9.37964e-05
1.84124e-06
9.93817e-05
1.73554e-06
1.58831e-06
3.31178e-05
-3.19821e-05
3.41318e-05
3.50873e-05
0.000159242
-0.000892431
-0.000614585
-0.00244728
-0.00243661
-0.00435407
-0.00480255
-0.00544686
-0.00651615
-0.00517389
-0.00713317
-0.00398734
-0.00718326
-0.00246407
-0.00717223
-0.000707986
-0.0073041
0.00166119
-0.00757302
0.00494484
-0.00779387
0.00891708
-0.00786886
0.0129764
-0.00787667
0.0168148
-0.00798006
0.0205978
-0.00824833
0.0245812
-0.0085678
-0.000125894
4.27423e-05
5.51934e-05
4.20185e-05
1.38709e-05
1.85681e-05
1.96475e-05
2.05848e-05
2.09659e-05
4.37919e-05
-3.05294e-05
1.10389e-05
5.69237e-05
1.13773e-05
7.02292e-05
1.12125e-05
1.07822e-05
5.83303e-05
-4.99841e-05
2.59611e-06
6.64928e-05
2.60145e-06
7.43419e-05
2.50084e-06
2.31262e-06
2.66547e-05
-2.46123e-05
2.85767e-05
3.03938e-05
-0.000195168
-0.00130424
-0.00139857
-0.00348033
-0.00354741
-0.00560755
-0.00554233
-0.0064184
-0.00639913
-0.00590365
-0.00641908
-0.00474951
-0.00624584
-0.00339607
-0.00614842
-0.00187714
-0.00619296
0.00026533
-0.00638294
0.00352107
-0.00661953
0.00765993
-0.00685447
0.0119505
-0.00712404
0.0159576
-0.00745198
0.0198016
-0.00775658
-0.000301493
-1.66656e-05
-2.07131e-06
-4.39853e-05
6.7805e-05
9.22822e-06
1.06697e-05
1.20415e-05
1.32116e-05
-2.74611e-06
1.28275e-05
8.74533e-06
7.75813e-06
9.37189e-06
1.90367e-05
9.50294e-06
9.60023e-06
2.42672e-05
-1.56219e-05
2.74874e-06
3.30328e-05
2.81916e-06
4.17052e-05
2.76916e-06
2.62088e-06
1.70374e-05
-1.42923e-05
1.97185e-05
2.22996e-05
-0.000601786
-0.00210332
-0.0022125
-0.00481637
-0.0043147
-0.00683214
-0.00554916
-0.00726322
-0.00568779
-0.00663217
-0.0054115
-0.00558549
-0.00513349
-0.00441904
-0.0049717
-0.00311402
-0.00490512
-0.00123088
-0.00495513
0.00184659
-0.00521483
0.00602088
-0.00572706
0.0105608
-0.00633576
0.0148478
-0.0068307
-0.000752244
-8.22204e-05
-6.50795e-05
-6.13723e-05
4.66885e-05
-1.50772e-06
6.38956e-08
1.44073e-06
2.998e-06
-3.20806e-05
3.67683e-05
4.69929e-06
-2.65906e-05
5.3463e-06
-2.00032e-05
5.61045e-06
6.15274e-06
-6.43547e-06
1.33202e-05
2.23529e-06
7.99048e-07
2.32889e-06
8.19481e-06
2.33648e-06
2.29301e-06
5.93297e-06
-3.03376e-06
8.82786e-06
1.16714e-05
-0.00104852
-0.00325902
-0.0028907
-0.00623088
-0.00450368
-0.00787075
-0.00494309
-0.00800503
-0.00467211
-0.00737219
-0.00425654
-0.00646702
-0.00391212
-0.0054872
-0.00367583
-0.00435508
-0.00347953
-0.00272003
-0.00338156
8.63338e-06
-0.00373996
0.00404196
-0.00460542
0.00884023
-0.00557846
-0.00150848
-0.000157175
-0.000135862
6.04827e-07
-5.80925e-05
-1.32082e-05
-1.12701e-05
-9.89583e-06
-8.06326e-06
-3.81814e-05
3.64689e-05
9.55905e-08
-3.87445e-05
6.8675e-07
-3.81605e-05
9.23502e-07
1.68254e-06
-2.67323e-05
3.04317e-05
1.303e-06
-2.2583e-05
1.36609e-06
-1.8146e-05
1.38913e-06
1.44486e-06
-4.07923e-06
6.46482e-06
-1.67289e-06
7.40747e-07
-0.00150101
-0.00465105
-0.00323182
-0.00750324
-0.00410637
-0.00870684
-0.00398697
-0.0086902
-0.00351206
-0.00811896
-0.00302103
-0.0073658
-0.00263939
-0.0065397
-0.00232886
-0.00552474
-0.0020304
-0.00407928
-0.00193427
-0.00178365
-0.00248955
0.00194188
-0.00389861
-0.0025442
-0.000243403
-0.000216331
0.000151002
-0.000256994
-2.7111e-05
-2.42568e-05
-2.27491e-05
-2.03399e-05
-1.81858e-05
9.5452e-06
-4.79052e-06
-2.53659e-05
-4.12642e-06
-3.14652e-05
-3.9309e-06
-3.06517e-06
-3.30153e-05
3.29645e-05
2.76543e-07
-3.25603e-05
2.94158e-07
-3.17972e-05
2.97956e-07
4.02107e-07
-1.0817e-05
1.22435e-05
-9.37616e-06
-7.90968e-06
-0.00183599
-0.00603404
-0.00309493
-0.00850448
-0.00329287
-0.00939751
-0.00286061
-0.00934252
-0.00227421
-0.0088701
-0.00176214
-0.00824924
-0.00137436
-0.00749729
-0.00104104
-0.0065121
-0.000818451
-0.00518447
-0.0010115
-0.00324664
-0.00205741
-0.00374675
-0.000333596
-0.000299493
0.00040441
-0.000570229
-7.79734e-05
-3.50298e-05
-3.43257e-05
3.00168e-05
-4.56468e-05
-1.18688e-05
1.58833e-05
-1.01322e-05
2.49738e-06
-9.51627e-06
-8.31735e-06
-2.39874e-05
2.00401e-05
-7.32833e-07
-2.74318e-05
-7.46575e-07
-3.05791e-05
-7.68171e-07
-6.51112e-07
-1.33411e-05
1.36707e-05
-1.30005e-05
-1.26456e-05
-0.00192192
-0.00721117
-0.00253661
-0.00926554
-0.0022609
-0.0100005
-0.00164061
-0.00997963
-0.00101002
-0.009627
-0.000534502
-0.00909733
-0.00019518
-0.008354
8.07735e-06
-0.0073398
-0.000113387
-0.00607413
-0.000799135
-0.00491221
-0.000388335
-0.000364075
0.000766556
-0.000980419
-0.000118511
-0.000102996
7.73048e-05
-0.000190899
-4.44255e-06
4.30892e-05
-3.53507e-06
6.28417e-05
-2.10317e-05
-1.72486e-05
2.11995e-06
-1.14691e-05
-2.49733e-06
-5.98357e-06
-2.148e-06
-1.35186e-05
-1.99003e-06
-1.7744e-06
-1.15384e-05
1.08275e-05
-1.22709e-05
-1.30196e-05
-0.00167571
-0.00806524
-0.00168249
-0.00983949
-0.0010996
-0.0105422
-0.000369622
-0.0106237
0.000230575
-0.0103971
0.000625084
-0.00991914
0.000825544
-0.00916366
0.00072929
-0.00817245
0.00020403
-0.00584012
-0.000376546
-0.0003729
0.00120905
-0.001449
-0.000147084
-0.000135082
0.000283707
-0.000389941
-6.38118e-06
-4.99053e-06
-4.38749e-06
-5.75322e-06
8.20885e-06
-1.27753e-05
2.47202e-05
-2.89705e-06
4.59044e-06
-4.04936e-06
-4.93671e-06
2.39266e-06
-7.07795e-06
-9.05306e-06
-0.00113684
-0.00861606
-0.000660733
-0.0102841
0.000143026
-0.0110602
0.000904632
-0.0113024
0.00142443
-0.0111985
0.00167442
-0.0107657
0.00163194
-0.0100621
0.00118985
-0.00638772
-0.000284527
-0.000305511
0.00167351
-0.00189836
-0.00015138
-0.000148407
0.000511022
-0.00064257
-8.03647e-06
-6.84497e-06
-6.2287e-06
-7.6166e-06
2.78539e-05
-3.41496e-05
2.28898e-05
-1.71365e-05
1.65671e-06
-0.000376707
-0.00890072
0.000478276
-0.0106221
0.00142801
-0.0115871
0.00216151
-0.0120415
0.00253106
-0.012054
0.00256633
-0.0116974
0.00217575
-0.00649657
-0.000112981
-0.000157154
0.00207072
-0.00223296
-0.000122934
-0.00013359
0.000775511
-0.000911433
-8.41223e-06
-7.59856e-06
-7.30343e-06
-8.53966e-06
5.47277e-05
-6.28797e-05
4.79389e-05
-4.03223e-05
0.000528977
-0.008955
0.00169803
-0.0108958
0.00273663
-0.0121651
0.00333135
-0.0128424
0.00348764
-0.0129742
0.00316002
-0.00616358
0.000128683
6.33491e-05
0.002307
-0.00236408
-5.66267e-05
-8.35698e-05
0.0010306
-0.00114073
-7.09239e-06
-6.81889e-06
-7.10682e-06
-7.96247e-06
8.65045e-05
-9.53316e-05
7.88142e-05
-7.02745e-05
0.00155076
-0.00881384
0.00299865
-0.0111634
0.00396796
-0.012804
0.00433201
-0.0136866
0.00411494
-0.00539419
0.000435636
0.000344308
0.00230593
-0.00222695
4.83582e-05
4.73058e-06
0.00121433
-0.00126447
-3.53588e-06
-4.10129e-06
-5.22859e-06
-5.38316e-06
0.000117585
-0.000125169
0.000110583
-0.000102621
0.00271677
-0.0085319
0.00428268
-0.0114773
0.00500856
-0.0134799
0.00498225
-0.00418344
0.000814923
0.000689429
0.0020141
-0.00177274
0.000193205
0.000131025
0.00125861
-0.00121484
2.51511e-06
8.49722e-07
-1.27767e-06
-4.06291e-07
0.000140258
-0.000144246
0.000135968
-0.000130585
0.00398053
-0.00823131
0.00538189
-0.011851
0.00566858
-0.00258779
0.00127567
0.00111152
0.0013836
-0.000955065
0.000385901
0.00030014
0.00109623
-0.000923615
1.12958e-05
8.44266e-06
4.97786e-06
7.05905e-06
0.000145436
-0.000143288
0.000146108
-0.000145701
0.00517743
-0.00802394
0.00605485
-0.000818964
0.00179603
0.00161616
0.000365993
0.000272806
0.000637422
0.000522462
0.000655345
-0.000313476
2.38573e-05
1.98924e-05
1.42461e-05
1.75454e-05
0.000123066
-0.000111939
0.00013138
-0.000138439
0.0059095
0.00210067
0.00209513
-0.00107968
0.0019131
0.000965861
0.000809829
-0.000148162
0.000706093
4.23677e-05
3.78698e-05
2.8323e-05
3.25681e-05
6.03186e-05
-3.64695e-05
8.0179e-05
-9.77244e-05
-0.00283879
0.00136114
0.00117093
-0.00141081
0.00224149
6.91377e-05
6.90274e-05
5.10878e-05
5.41895e-05
-6.23401e-05
0.000104781
-2.44459e-05
-8.12223e-06
-0.00322172
0.000164928
0.000158398
9.64307e-05
9.59682e-05
-0.000279307
0.000349456
-0.000210169
0.00015598
-0.000701543
-0.0005425
0.000446532
)
;

boundaryField
{
    inlet
    {
        type            calculated;
        value           nonuniform 0();
    }
    outlet
    {
        type            calculated;
        value           nonuniform List<scalar> 
55
(
0.000897106
-0.00787726
-0.0122366
-0.0141662
-0.0145537
-0.0139289
-0.0126812
-0.0110471
-0.00915677
-0.00707437
-0.00450087
0.000106115
0.00716533
0.0135988
0.0188776
0.0237702
0.0287839
0.0336647
0.0377168
0.0402597
0.04088
0.0394984
0.0364123
0.0321082
0.0271724
0.0220636
0.0171064
0.0125272
0.00856118
0.00554796
0.00373066
0.00620087
0.00947658
0.0123446
0.014608
0.0160771
0.0165967
0.0161252
0.0147349
0.0126088
0.00996914
0.00706016
0.00408028
0.00121796
0.000867267
0.00426239
0.00358079
0.00156953
0.00131437
0.000423551
0.000136179
0.000339592
0.00180162
0.000118509
0.00057082
)
;
    }
    wall
    {
        type            calculated;
        value           uniform 0;
    }
    front
    {
        type            empty;
        value           nonuniform 0();
    }
    back
    {
        type            empty;
        value           nonuniform 0();
    }
    vanem
    {
        type            calculated;
        value           uniform 0;
    }
    vaneu
    {
        type            calculated;
        value           uniform 0;
    }
    vanel
    {
        type            calculated;
        value           nonuniform 0();
    }
    procBoundary3to2
    {
        type            processor;
        value           nonuniform List<scalar> 
58
(
-0.00107978
-0.00288618
-0.00549941
-0.00879793
-0.0125919
-0.0166178
-0.020559
-0.0240892
-0.026943
-0.0289698
-0.0301279
-0.0304272
-0.0298364
-0.0282947
-0.0257747
-0.022376
-0.0183991
-0.0142414
-0.0102934
-0.00682672
-0.00396542
-0.00171729
-2.08186e-05
0.001204
0.00201103
0.00244992
0.00256695
0.00240652
0.00200166
0.00137016
-0.00672083
-0.00967281
-0.0122852
-0.0143335
-0.0156305
-0.0160533
-0.0155814
-0.0142697
-0.0122975
-0.00984297
-0.0071045
-0.0042559
-0.00139933
-5.95075e-06
-1.09674e-05
0.000368566
1.24608e-06
-8.93091e-06
-0.00146579
-0.000179102
-2.03576e-06
2.62139e-05
-0.000458371
-0.00223356
-3.10874e-05
-7.84526e-05
8.91272e-05
-0.000267993
)
;
    }
}


// ************************************************************************* //
