/*--------------------------------*- C++ -*----------------------------------*\
| =========                 |                                                 |
| \\      /  F ield         | OpenFOAM: The Open Source CFD Toolbox           |
|  \\    /   O peration     | Version:  v1912                                 |
|   \\  /    A nd           | Website:  www.openfoam.com                      |
|    \\/     M anipulation  |                                                 |
\*---------------------------------------------------------------------------*/
FoamFile
{
    version     2.0;
    format      ascii;
    class       surfaceScalarField;
    location    "350";
    object      phi;
}
// * * * * * * * * * * * * * * * * * * * * * * * * * * * * * * * * * * * * * //

dimensions      [0 3 -1 0 0 0 0];
oriented        oriented;


internalField   nonuniform List<scalar> 
7354
(
-3.48582e-05
0.00993345
-0.000160092
0.0100949
0.000763415
0.00916973
-0.000365085
0.0102383
0.00121003
0.00964827
0.00285548
0.00313584
0.00317766
-0.000600737
0.0102813
0.00133995
0.0101084
0.00465803
0.00358559
0.00426012
0.00195286
0.000584809
0.000597597
0.00395814
0.000604909
0.000567465
-0.000865674
0.0102955
0.00133444
0.0102868
0.00536064
0.00460173
0.00480407
0.00558112
0.00122972
0.000732894
0.00639695
0.00177689
0.0016674
-0.000597516
0.00118233
-0.00174979
0.0023547
-0.00116557
0.0103131
0.0011989
0.0104311
0.0053326
0.0103149
0.00708837
0.00203466
0.00187565
0.00713804
0.00475439
-0.00308759
0.00431731
-0.00431772
0.00473572
0.00135889
0.00166699
-0.00149808
0.0103347
0.00093231
0.0105797
0.00479727
0.0109664
-0.00980872
0.0160616
0.00532311
0.00587696
-0.0051574
0.00525321
0.00193884
0.00145397
-0.00425799
0.00231176
0.0021451
-0.00166699
0.00302588
-0.00185662
0.010356
0.00054881
0.0107182
0.00403428
0.0113427
0.013956
0.013072
0.00599101
-0.00313396
0.00418947
-0.00172339
0.00621568
0.0056523
-0.00447985
0.0021607
-0.00265086
0.00182866
-0.0021607
0.00165494
-0.00223505
0.0103753
7.21643e-05
0.0108327
0.00319965
0.0115529
0.0114224
0.0138763
-0.00318956
0.00988531
0.0125919
0.00218544
0.00292035
-0.00037103
-0.000545282
-0.00112896
0.00123423
0.00464817
0.000525986
-0.00262923
0.0103925
-0.000472985
0.0109205
0.00233928
0.0116931
0.0089743
0.014001
0.00896475
0.0147969
-0.00161475
0.00447998
0.0110246
-0.00129789
0.000861593
-0.000110816
0.00224328
-7.37057e-05
-0.000931635
0.000668594
-0.000107988
-0.00024269
0.00389502
0.000283296
-0.00303408
0.0104055
-0.00106554
0.010985
0.00146077
0.011799
0.00676872
0.0138986
0.00746067
0.015505
0.00474835
0.0145285
0.00163029
0.009892
-9.69175e-05
-0.000400791
-0.000637667
0.00323479
0.000576828
-1.90497e-05
0.00177536
-8.14861e-05
-8.82612e-05
0.000516006
-1.28843e-05
0.000175308
-0.00344826
0.0104172
-0.00169105
0.011031
0.000566848
0.011879
0.00481656
0.0137512
0.00582224
0.0155371
0.00420278
0.0160506
0.00225947
0.0138993
0.000306382
0.0091894
0.000239304
0.000156922
-0.00299476
0.00290639
-8.55001e-06
-0.000160757
0.000156258
0.00164382
-2.28429e-05
-6.38178e-06
-0.000447966
0.000389093
-2.26124e-05
-2.02206e-05
0.000143374
-0.0038704
0.0104271
-0.00233948
0.0110656
-0.000338853
0.0119367
0.003073
0.0136225
0.00421999
0.0153534
0.00329399
0.0164459
0.00222917
0.0160809
0.000963828
0.0132419
-2.07725e-05
0.00886277
0.000113784
0.000233618
-0.00288275
0.00287049
0.000251563
0.000180565
0.00163655
4.00866e-06
-5.28881e-06
0.00036814
-1.89057e-06
0.00036279
-1.03333e-06
-0.000123153
0.000100541
-0.00429719
0.0104338
-0.00300461
0.0110923
-0.0012518
0.0119786
0.00148578
0.0135239
0.00269596
0.0151466
0.0022663
0.0163811
0.00176367
0.0169114
0.00117848
0.0158663
0.000426532
0.0127946
7.53805e-05
0.00876336
-2.73433e-05
5.13663e-05
-0.00286885
0.0028825
0.000100128
0.000235263
-0.00171812
0.00175061
0.000113374
0.000105699
2.90994e-05
6.98963e-05
-0.000357896
0.000362481
-5.76328e-07
-3.95278e-07
9.86501e-05
9.76168e-05
-0.00473085
0.0104417
-0.00368642
0.0111156
-0.00216972
0.0120102
1.0859e-05
0.0134535
0.00124542
0.0149745
0.00121698
0.0161959
0.00109294
0.0170519
0.000980629
0.0171092
0.000654479
0.0156383
0.000301037
0.0125689
9.44004e-05
-6.44479e-05
0.0087334
-0.00289253
0.00272514
0.000140045
4.13389e-05
-0.00180139
0.00185782
8.43812e-06
3.52608e-05
0.000124788
5.96967e-05
-0.000455428
0.000483206
8.55965e-05
-0.000420471
7.07434e-05
0.000380844
1.07368e-05
3.02693e-05
-9.72215e-05
9.66452e-05
-0.00516696
0.0104471
-0.00437948
0.0111347
-0.00309156
0.0120375
-0.00138628
0.0134073
-0.000148501
0.0148474
0.00017335
0.0160181
0.000348741
0.0169401
0.000542223
0.0174903
0.000574394
0.0171893
0.000456843
0.0154825
0.000248879
0.0124144
-0.00205075
0.00474791
-1.05733e-05
-2.58893e-05
-4.75891e-06
0.000134968
0.00860318
-0.00189357
-1.21782e-05
-4.95719e-06
7.59403e-06
-2.00971e-06
-0.000570604
0.000575668
3.37402e-06
-0.000550518
1.51744e-05
0.000526392
8.1603e-05
3.55706e-05
-0.000208395
0.000237472
5.65192e-05
-0.000137651
0.000107382
-0.00560762
0.0104537
-0.00508755
0.0111552
-0.00402014
0.0120633
-0.00273874
0.0133899
-0.00150581
0.0147647
-0.000861769
0.0158825
-0.00041729
0.0167841
-6.3222e-06
0.0174886
0.000268424
0.0177962
0.000408153
0.017238
0.000375456
0.0153559
0.000183438
0.0122262
0.00476173
0.000108832
1.23205e-05
-0.000877779
0.000869572
-1.4685e-06
-8.98648e-07
-0.000530353
-2.46676e-07
-1.19353e-06
-0.000371875
-3.67987e-05
0.000252933
0.00838704
-0.00057504
3.25079e-05
-0.000579836
-1.60747e-07
0.000581354
1.90888e-06
-4.92032e-07
-0.000330765
0.000334136
3.77174e-09
-0.000317962
2.37122e-06
0.00029102
2.80559e-05
8.62846e-06
5.65192e-05
-0.00605434
0.0104607
-0.00580874
0.0111748
-0.0049522
0.0120873
-0.00407647
0.013401
-0.00284284
0.014727
-0.00189267
0.0157956
-0.00118688
0.0166521
-0.000593485
0.0173713
-0.000151977
0.017909
0.000174639
0.0180297
0.000353893
0.0172595
0.000326726
0.0152126
0.000178415
0.012011
0.00466399
0.000168684
0.00018198
-0.000881928
0.000963099
2.25672e-05
5.09314e-06
1.18034e-06
-1.21604e-06
-8.92641e-05
8.77956e-05
-9.01628e-05
-9.04095e-05
-9.1603e-05
-0.000336277
-3.09012e-06
4.92421e-05
4.86653e-05
0.00828913
-0.000335716
-7.22056e-07
0.000335775
2.69751e-07
-4.33111e-07
-9.55748e-05
9.55786e-05
-9.32036e-05
8.45751e-05
-0.00650611
0.0104668
-0.00654074
0.0111927
-0.0058922
0.0121148
-0.00543569
0.0134465
-0.00417966
0.0147379
-0.00292179
0.0157561
-0.00195543
0.0165641
-0.00119173
0.0172504
-0.000619517
0.0178388
-0.000172456
0.0182561
0.000166956
0.0182167
0.000332551
0.0172537
0.000321804
0.0150692
0.000194267
0.011866
0.0046823
-1.97598e-05
5.01191e-05
-0.00101589
0.00108525
2.56118e-05
7.3711e-05
7.10728e-05
5.81183e-05
-9.2853e-05
0.00011542
-8.77599e-05
-8.65796e-05
-9.46931e-05
0.000124522
-7.30665e-05
0.00823768
-9.54152e-05
9.58483e-05
-0.00696615
0.0104761
-0.00728623
0.0112122
-0.00684431
0.0121449
-0.00684502
0.0135242
-0.00553269
0.0147995
-0.00395457
0.0157706
-0.00272274
0.0165234
-0.00179074
0.0171631
-0.00110228
0.0177331
-0.000566691
0.0182331
-0.000128729
0.0185518
0.000184167
0.0183651
0.000334524
0.017241
0.000304694
0.0149588
0.000209234
0.0117813
0.00465634
-2.92351e-05
-1.78678e-05
-0.00112706
0.00111846
-7.56285e-06
-3.60116e-06
-1.35165e-06
9.65872e-06
-0.00024804
0.000266569
7.08282e-06
-0.000198051
2.37214e-05
-0.000173538
4.65604e-05
0.000110611
-6.51666e-05
0.00819224
-0.00743351
0.0104843
-0.00803717
0.011227
-0.00781142
0.0121793
-0.00834
0.0136399
-0.00691766
0.0149091
-0.00499055
0.0158355
-0.00348596
0.0165339
-0.00238783
0.0171205
-0.00158613
0.017647
-0.000976695
0.0181431
-0.000478402
0.0185827
-7.6811e-05
0.0188128
0.000203928
0.0184956
0.000311674
0.017234
0.000278456
0.0148896
0.000178898
0.011713
0.00462669
-1.5605e-05
-1.99145e-05
-0.00110659
0.00108769
-5.94265e-06
-4.39427e-06
-3.16097e-06
-2.83304e-06
-0.000272019
0.000266543
-2.08694e-06
-0.000274024
-1.59558e-06
-0.000274618
-7.57739e-07
1.60895e-06
-7.02818e-05
7.73646e-05
-4.65604e-05
4.74456e-06
4.83173e-05
0.00813918
-0.00790812
0.0104936
-0.00878871
0.0112359
-0.00880477
0.0122204
-0.00996611
0.0138055
-0.00835976
0.015082
-0.00603783
0.0159564
-0.00424928
0.0165988
-0.00298001
0.017126
-0.00206493
0.0175993
-0.00138696
0.0180572
-0.000845088
0.0185098
-0.00039564
0.0189015
-3.50431e-05
0.0190517
0.000194172
0.0186131
0.000272074
0.0172404
0.000232787
0.0148357
9.26756e-05
0.0116251
0.00464899
3.23972e-05
-6.37293e-06
-0.00107205
0.00106395
-4.0412e-06
-3.46233e-06
-1.7851e-06
-2.48838e-06
-0.000258506
0.000254274
-1.70982e-06
-0.000261519
-1.38101e-06
-0.00026387
-8.10597e-07
-1.60596e-07
-7.66202e-05
7.45333e-05
-7.82158e-05
-7.89736e-05
-0.000103098
0.000215303
0.00802697
-0.008389
0.0105009
-0.00953151
0.0112365
-0.0098409
0.012272
-0.0117775
0.0140318
-0.00987841
0.0153241
-0.00710023
0.0161444
-0.0050131
0.0167202
-0.00356837
0.0171872
-0.00254278
0.0176039
-0.001796
0.0180083
-0.0012133
0.0184254
-0.000735278
0.0188494
-0.000336104
0.0192026
-2.88787e-05
0.0192748
0.000158638
0.0187266
0.000221616
0.0172516
0.000159001
0.0147694
1.61782e-05
0.0115058
0.00461596
0.00015458
9.37558e-05
-0.00105965
0.00108871
4.56819e-06
-1.23075e-06
7.52266e-08
-2.14334e-06
-0.000248013
0.000245302
-1.3294e-06
-0.000250388
-1.08696e-06
-0.000251692
-4.80505e-07
9.32578e-08
-7.2181e-05
7.04712e-05
-7.35621e-05
-7.43727e-05
-0.000114073
0.000203669
0.00793739
-0.00886848
0.0105035
-0.0102535
0.0112228
-0.0109522
0.0123478
-0.0138433
0.0143377
-0.011497
0.0156504
-0.00818441
0.0164083
-0.00577905
0.0169103
-0.00415342
0.0173053
-0.00301559
0.01766
-0.00219878
0.0180067
-0.00158069
0.0183757
-0.00108256
0.0187727
-0.000663608
0.019177
-0.000315019
0.0194887
-5.10751e-05
0.0194845
0.000110917
0.0188373
0.000153245
0.0172573
9.34805e-05
0.0146921
-1.50652e-05
0.0114068
0.00459811
6.03384e-05
0.000161179
-0.00112779
0.00115189
7.0008e-05
6.04701e-05
3.91992e-05
1.54763e-05
-0.000242759
0.000247093
2.34358e-07
-0.000243309
-6.81424e-07
-0.00024299
-2.42834e-07
1.68148e-07
-6.89971e-05
6.76677e-05
-7.0084e-05
-7.05645e-05
-3.25508e-05
4.61569e-05
0.0079238
-0.00934203
0.0105045
-0.0109488
0.0111989
-0.012182
0.0124526
-0.016231
0.0147355
-0.0132232
0.0160639
-0.00928693
0.0167529
-0.00654219
0.0171714
-0.00473114
0.017488
-0.00348253
0.0177722
-0.00259899
0.0180602
-0.00194457
0.0183705
-0.00142649
0.0187196
-0.000996938
0.0191061
-0.000630712
0.0194927
-0.000326315
0.019764
-9.0678e-05
0.0196861
5.2009e-05
0.0189385
9.05943e-05
0.0172602
4.47709e-05
0.0146322
3.5691e-06
0.0113707
0.00463345
-1.49823e-05
2.58029e-05
-0.00119327
0.00122597
4.27972e-06
2.33532e-05
4.09225e-05
7.88787e-05
-0.000296918
0.000313053
5.38725e-05
-0.000277756
4.13086e-05
-0.000256493
1.79362e-05
6.07653e-06
-6.69116e-05
6.7146e-05
-6.7593e-05
-6.78359e-05
2.49864e-05
-2.84321e-05
0.00792726
-0.00980356
0.0105046
-0.0116118
0.0111675
-0.0135719
0.0125889
-0.0189854
0.0152071
-0.0150137
0.0165259
-0.0103608
0.0171377
-0.0072729
0.0174836
-0.00528785
0.0177281
-0.00393798
0.0179435
-0.00299495
0.0181682
-0.00230662
0.0184223
-0.0017706
0.0187147
-0.00133236
0.019055
-0.000958158
0.0194335
-0.000633845
0.0198002
-0.0003557
0.020029
-0.000141206
0.0198793
-8.20892e-06
0.0190373
3.20304e-05
0.017273
2.10585e-05
0.0146148
2.22801e-05
0.0113734
0.00463484
-2.16248e-05
-8.18641e-06
-0.00124652
0.00124214
-7.32016e-06
-3.2865e-06
-1.01484e-06
6.2738e-06
-0.00037104
0.000373552
1.76828e-06
-0.000357086
9.40023e-06
-0.000340152
2.39886e-05
5.17804e-05
-0.000132467
0.000151071
3.52692e-05
-9.11587e-05
-7.32225e-05
2.77179e-05
-3.74329e-05
0.00793698
-0.0102509
0.0105073
-0.0122332
0.0111259
-0.0151235
0.0127191
-0.0220596
0.015663
-0.0167179
0.0169113
-0.0112827
0.0174478
-0.00788838
0.0177532
-0.00577161
0.0179674
-0.00435659
0.0181467
-0.00337602
0.0183245
-0.00266322
0.0185248
-0.00211322
0.0187649
-0.00166601
0.0190483
-0.00128606
0.0193829
-0.000954256
0.0197539
-0.000658539
0.020103
-0.000401946
0.0202898
-0.000198847
0.02007
-7.31816e-05
0.0191426
-1.8886e-05
0.0173129
2.43538e-06
0.0146346
7.26078e-06
0.0113939
0.00462788
-1.71768e-05
-1.32936e-05
-0.00123706
0.00122634
-9.01595e-06
-1.89409e-06
-1.74587e-06
-1.35078e-06
-0.000376113
0.000372522
-3.7285e-06
-0.000376795
-2.6036e-06
-0.000377263
-5.471e-07
2.56343e-06
-0.000211232
0.000213367
-3.66181e-07
-0.000203276
1.44504e-06
-0.000185227
5.93929e-06
1.76244e-05
3.52692e-05
-2.0135e-05
-2.78802e-06
0.00795991
-0.0106882
0.0105053
-0.0127977
0.0110718
-0.0167437
0.0127462
-0.0252496
0.0159091
-0.0180189
0.0169641
-0.0118041
0.0174327
-0.00821722
0.0177767
-0.00607507
0.0180567
-0.0046715
0.0182823
-0.00370379
0.0184745
-0.0029958
0.0186571
-0.00244632
0.0188579
-0.00199762
0.0190965
-0.00161604
0.0193783
-0.00128237
0.0197111
-0.000978231
0.0200736
-0.000699732
0.0204008
-0.000455098
0.020546
-0.000262467
0.0202593
-0.000136345
0.01926
-6.38285e-05
0.0173792
-3.51447e-05
0.014677
-4.83132e-05
0.0114221
0.00464198
-4.12814e-06
-1.27515e-05
-0.00122282
0.00121497
-9.32524e-06
-9.7694e-06
-0.000366936
0.000338097
1.9824e-05
-0.000369797
9.67611e-07
-0.000371001
-5.40573e-07
1.7089e-07
-0.000213226
0.000210763
-1.26471e-06
-0.000215082
-7.47323e-07
-0.000215366
-2.62669e-07
5.64506e-07
-6.0278e-05
5.99119e-05
-5.8833e-05
-5.28936e-05
-0.000113814
8.58697e-05
0.00798786
-0.0110961
0.0104499
-0.0132605
0.0109681
-0.0181781
0.0125062
-0.028158
0.0156546
-0.0183666
0.0162567
-0.0115241
0.0166841
-0.0079883
0.0172038
-0.00601515
0.0177167
-0.00476608
0.0181513
-0.00390666
0.0184852
-0.00326419
0.0187429
-0.00274992
0.0189607
-0.00231716
0.0191774
-0.00194257
0.019423
-0.0016094
0.0197053
-0.00130386
0.0200367
-0.00101909
0.020393
-0.000754607
0.0207003
-0.000519784
0.0208033
-0.000331581
0.0204545
-0.000196359
0.0193925
-0.000117236
0.0174613
-9.36204e-05
0.0147223
-0.000132081
0.0114403
0.00469509
3.16903e-05
1.07355e-06
-0.00120608
0.00120716
-5.20995e-06
-3.85369e-06
-0.000560775
0.000552765
-7.01161e-07
-6.12076e-07
-0.000232807
2.14601e-07
1.46149e-07
-0.000211037
-1.94539e-06
-0.000210237
1.69002e-07
-0.000210636
-1.41513e-07
2.98256e-07
-5.94665e-05
5.82019e-05
-6.02138e-05
-6.04764e-05
-0.000221348
0.000230867
0.00797835
-0.0113963
0.0102572
-0.0136111
0.0108005
-0.0190982
0.0118882
-0.0300141
0.0143623
-0.0169243
0.0142124
-0.00995519
0.0146878
-0.00689257
0.0155884
-0.00538341
0.0165721
-0.00448997
0.0174406
-0.00387336
0.018118
-0.00338882
0.0186098
-0.0029713
0.0189643
-0.00259534
0.0192389
-0.00225195
0.0194868
-0.00193139
0.019745
-0.00163083
0.0200323
-0.00134573
0.0203633
-0.0010722
0.0207106
-0.000816019
0.0209966
-0.00058748
0.0210592
-0.000399135
0.0206573
-0.000259498
0.0195348
-0.000179788
0.0175475
-0.000168413
0.0147587
-0.000211758
0.0114307
0.00472578
0.000134423
6.57586e-05
-0.00120681
0.00123034
8.16628e-06
1.4218e-06
-0.000549107
0.000545009
-5.53107e-07
-5.57547e-07
-1.39217e-07
-5.65258e-08
-5.63313e-05
5.56302e-05
-5.69433e-05
5.67972e-05
-5.65824e-05
-5.85277e-05
-5.83587e-05
-5.85001e-05
-0.000251009
0.000273582
0.00795579
-0.0115553
0.010019
-0.01361
0.00520843
0.00504765
-0.00877981
0.0056867
0.00534492
-0.0105495
-0.0153992
0.00629247
-0.0142766
0.00525749
-0.00849751
0.0102861
-0.00435055
-0.00678594
0.0110431
-0.00479259
0.0125878
-0.00406796
0.0142729
-0.00372527
0.0158074
-0.00349281
0.0170601
-0.00327553
0.0180047
-0.00303927
0.0186778
-0.00278264
0.0191516
-0.00251231
0.0194993
-0.0022322
0.0197876
-0.0019516
0.0200658
-0.00167351
0.0203601
-0.00140037
0.0206915
-0.00113563
0.0210302
-0.000885425
0.0212945
-0.000658606
0.0213187
-0.000465261
0.0208631
-0.00032396
0.019679
-0.00024839
0.0176275
-0.00023303
0.0147799
-0.000239214
0.011419
0.00472586
0.000118285
0.000155225
-0.00125636
0.00128949
0.000101299
3.97396e-05
-0.000546454
0.000555292
-1.30436e-07
-5.399e-07
-1.2991e-07
1.0747e-07
-5.4877e-05
5.43239e-05
-5.54345e-05
5.5491e-05
-0.000182695
0.000152069
0.00798643
-0.0115942
0.0098539
-0.0131818
0.00492864
0.00466211
-0.00849335
0.00492198
-0.00821185
0.00476613
-0.0157827
0.00607018
-0.0156431
0.00245565
0.0027496
-0.00989472
0.00426721
-0.00701115
0.00480611
-0.00782619
0.00219452
0.00258146
-0.00515621
-0.00301213
-0.00140985
0.0011259
0.00154241
-0.00143832
0.00593755
-0.000999109
-0.00123725
0.002588
-0.00089519
-0.00208767
0.00833819
-0.00227405
0.0107939
-0.00253424
0.0130819
-0.00273871
0.0150533
-0.00285313
0.0166377
-0.00287194
0.0178373
-0.00280673
0.0187019
-0.00266767
0.019307
-0.00247258
0.0197397
-0.00224211
0.0200781
-0.00199036
0.0203826
-0.00173008
0.0206898
-0.0014661
0.021022
-0.00120643
0.0213512
-0.000956362
0.0215923
-0.0007256
0.0215791
-0.000531024
0.0210701
-0.000390386
0.019821
-0.000306844
0.0177013
-0.000261684
0.0148024
-0.000206942
0.0114432
0.00479159
1.53608e-05
7.09842e-05
-0.00131143
0.00134725
8.24619e-05
0.000133286
-0.000590009
0.000642605
3.5399e-05
1.33055e-05
6.30458e-07
4.3937e-06
-5.37617e-05
5.36314e-05
-5.43015e-05
5.41941e-05
-9.56705e-05
4.78215e-05
0.00803428
-0.0116184
0.00988816
-0.0123155
0.00453463
0.00445299
-0.00797672
0.00469352
-0.00743806
0.00412343
-0.00961379
0.00233171
0.00215352
-0.00654964
0.00105326
0.00170868
-0.00758816
0.00733798
-0.00777713
0.00289481
0.0022614
-0.00258146
0.00176385
-0.00289481
0.000354003
0.000781574
-0.000229491
0.000573821
0.00108673
0.00158029
-0.000430606
-2.15479e-05
0.0038418
2.96363e-05
0.000929992
-0.000348816
-0.000393008
0.000584545
-0.000655062
0.00671921
-0.00125162
0.00951126
-0.00175695
0.0121001
-0.00215457
0.0143547
-0.00243987
0.0162056
-0.00260485
0.0176355
-0.0026537
0.0186879
-0.00259952
0.0194339
-0.00246417
0.0199617
-0.00227131
0.0203591
-0.00204351
0.0206961
-0.00179411
0.0210178
-0.00153493
0.0213505
-0.00127644
0.0216713
-0.00102513
0.0218918
-0.000791872
0.0218399
-0.000595091
0.0212748
-0.000443936
0.0199581
-0.000339207
0.0177788
-0.000254272
0.0148497
-0.000148294
0.0114958
0.0048373
-9.85361e-06
1.19671e-05
-0.00138319
0.0013929
5.65792e-06
3.50456e-05
-0.00068216
0.000737242
5.57145e-06
2.18102e-05
5.04192e-05
4.33134e-05
-7.19612e-05
0.00010736
-5.86556e-05
5.42619e-05
-3.54492e-05
-2.41348e-06
0.00807215
-0.0116699
0.00999353
-0.0114381
0.00444324
0.00456756
-0.00686756
0.00396415
-0.00619314
0.00377857
-0.00921736
0.0023123
0.00198478
-0.00809398
0.00139198
0.00160809
0.00617722
-0.00589245
0.00204694
0.00178109
0.00606845
-0.0050152
-0.00671947
0.000912407
0.000124512
0.000290734
-0.000109921
0.00043024
-5.20978e-06
1.96418e-05
0.000775616
0.000132829
1.59023e-05
0.00317084
0.000685871
0.000119385
0.000160802
-5.388e-05
-2.54986e-05
-0.00036415
0.00583175
-0.000857441
0.00861175
-0.00135326
0.0112988
-0.0018095
0.0137243
-0.00217675
0.0157775
-0.00243014
0.0174119
-0.00255594
0.0186444
-0.00256395
0.0195337
-0.00247569
0.0201661
-0.00231362
0.0206292
-0.00210156
0.0210035
-0.00186285
0.0213457
-0.00160755
0.0216816
-0.00134703
0.0219932
-0.00109106
0.022191
-0.00085336
0.0220982
-0.000646704
0.0214776
-0.000480784
0.0200997
-0.000348703
0.0178732
-0.00022454
0.014926
-9.7495e-05
0.0115579
0.00485136
-1.30287e-05
-3.4476e-06
-0.00140253
0.00139909
-6.40619e-06
2.33599e-06
-0.000767225
0.000775069
-2.20273e-06
1.79435e-08
4.99526e-06
6.79372e-08
-0.000173801
0.000178435
9.37986e-07
-0.000156867
4.87611e-06
0.000128591
2.91892e-05
1.50377e-05
-4.95055e-06
-2.29309e-05
0.00810005
-0.0116981
0.0100062
-0.0105677
0.00912317
-0.00553494
0.00378505
-0.00482007
0.00385267
-0.00673269
0.00131785
0.001285
-0.00541576
0.00121591
0.00124571
-0.00579572
0.00221557
-0.00546699
0.00165605
0.00486566
-0.00422704
0.000753362
0.00100675
-0.00627105
0.00159852
-0.00410279
1.45907e-05
9.38085e-06
2.90226e-05
0.000224967
2.42495e-05
4.44154e-05
-0.000316635
2.81489e-05
0.000958321
3.1941e-05
-4.94705e-05
0.00285617
2.77504e-06
2.49428e-05
-9.41708e-06
-2.34412e-05
-2.1022e-05
-5.89326e-06
-0.000299862
0.00527417
-0.000684266
0.00794277
-0.0011438
0.0106331
-0.00160618
0.0131538
-0.00201164
0.015359
-0.00231352
0.0171695
-0.00249259
0.018573
-0.00254903
0.019607
-0.00249708
0.0203496
-0.0023621
0.0208898
-0.00216668
0.0213074
-0.00193191
0.0216701
-0.00167789
0.0220125
-0.00141352
0.0223156
-0.00115129
0.022489
-0.000906466
0.0223579
-0.000688282
0.0216851
-0.000503347
0.0202543
-0.000339911
0.0179886
-0.000190081
0.0150186
-6.74807e-05
0.0116204
0.00485048
-1.30323e-05
-9.00836e-06
-0.00139824
0.00139282
-7.60335e-06
-2.60139e-06
-0.000777858
0.000774616
-2.04449e-06
-1.11891e-06
4.07873e-07
-8.59096e-07
-0.000182873
0.000181455
-7.84039e-07
-0.000182689
-1.6596e-07
0.000182617
8.13975e-07
-3.64955e-09
-4.9103e-05
5.00411e-05
-4.42269e-05
2.91892e-05
2.15038e-06
-2.7622e-05
0.00812554
-0.0117344
0.0100284
-0.00978562
0.00922402
0.002861
-0.00490636
0.00304531
0.00330316
-0.00396372
0.00115949
0.0011735
0.0014571
0.00129286
-0.00360598
0.000696784
-0.00298759
0.000666615
0.00237353
-0.00175504
0.000597426
0.000631645
-0.00655975
0.00250427
-0.0049037
0.00389695
-0.00314358
-0.00250427
-1.02168e-05
1.10253e-05
2.39541e-05
1.0245e-05
7.23941e-05
-3.85796e-05
-1.15719e-05
2.60213e-06
3.30473e-06
1.51941e-05
0.000909942
-1.62805e-05
9.81519e-05
2.28889e-06
3.89483e-06
-6.98348e-05
0.00262615
-3.93783e-05
3.57475e-06
9.51927e-06
5.89326e-06
-2.69153e-05
-0.000271017
0.00486094
-0.000609809
0.00740879
-0.00103655
0.0100635
-0.00149024
0.0126324
-0.00190562
0.0149511
-0.00223642
0.0169133
-0.00245206
0.018476
-0.00254448
0.0196544
-0.00252473
0.0205122
-0.0024097
0.0211328
-0.00222694
0.0216024
-0.00199911
0.0219913
-0.00174115
0.0223401
-0.00147296
0.0226373
-0.00120581
0.0227883
-0.00094937
0.022619
-0.00071687
0.0218986
-0.000508504
0.0204229
-0.000322769
0.0181213
-0.000165883
0.015117
-5.9026e-05
0.0116816
0.00484681
-1.175e-05
-1.21796e-05
-0.0013878
0.00138273
-7.95477e-06
-3.98979e-06
-0.00077251
0.00076776
-1.71638e-06
-1.13541e-06
6.64217e-08
-5.61109e-07
-0.000180146
0.000178841
-7.39121e-07
-0.000181009
-2.55421e-07
0.000181685
1.78105e-07
-1.82272e-07
-5.06855e-05
4.99016e-05
-5.08515e-05
5.08551e-05
-1.3224e-05
-1.74776e-05
0.00815625
-0.0117953
0.0100618
-0.00919144
0.00943423
-0.00347194
0.00778958
0.00344725
-0.000507799
-0.00155779
0.000897432
0.000766205
0.00417268
0.00257772
-0.0011567
0.000561147
-0.000540343
0.000557144
4.15169e-06
0.000945146
0.000756669
-0.0024468
-0.00178019
0.00114854
-0.000551116
-1.589e-05
-5.64497e-06
-5.39451e-06
-2.60202e-06
-1.5196e-06
4.12178e-06
1.78513e-06
0.000107877
5.10177e-06
3.68635e-07
4.07663e-06
0.000858872
-2.28363e-05
0.000105127
-5.13344e-06
-8.39537e-06
4.07405e-06
8.45436e-06
-4.85283e-07
-8.03827e-05
0.00243553
-1.51978e-06
-0.000273637
0.00452478
-0.000586137
0.00695838
-0.000986771
0.00956004
-0.00142018
0.0121469
-0.00183605
0.0145508
-0.00218251
0.0166438
-0.00242457
0.0183561
-0.00254763
0.0196773
-0.00255203
0.0206545
-0.00245741
0.0213632
-0.00228541
0.0218887
-0.00205832
0.0223085
-0.00180061
0.0226678
-0.00152528
0.0229568
-0.00124735
0.0230863
-0.000981809
0.022884
-0.000731273
0.0221214
-0.000504694
0.0206048
-0.000308538
0.018264
-0.000159063
0.015217
-7.31609e-05
0.0117416
0.004851
-8.04195e-06
-1.36185e-05
-0.00137545
0.0013717
-7.9934e-06
-4.89087e-06
-0.000764357
0.000759233
-1.61981e-06
-1.20681e-06
-8.81434e-08
-4.97349e-07
-0.000177359
0.000176296
-6.52925e-07
-0.000178283
-2.11667e-07
0.000178724
1.84062e-07
-1.20075e-07
-4.96421e-05
4.89031e-05
-4.98975e-05
5.00797e-05
-5.23981e-05
1.54047e-05
0.00819326
-0.0118862
0.0100989
-0.00877553
0.00964591
-0.00290941
0.00887172
-0.00338677
0.00823216
0.00318696
0.00392989
-0.00132384
0.000711185
-0.00147739
0.00237482
-0.000711185
0.000910831
0.000654937
1.00268e-05
0.000567168
1.51978e-06
1.22293e-05
1.32734e-06
1.30724e-05
-4.7384e-07
0.00010387
5.26828e-06
6.60102e-08
-2.45275e-06
0.000807005
-2.60512e-05
0.000104582
-2.35454e-05
1.07819e-05
-2.84261e-06
8.28969e-06
-5.90265e-06
-4.85266e-07
-0.000108612
0.00227052
-0.000295092
0.00423374
-0.00058841
0.00656002
-0.000960174
0.00910003
-0.00137828
0.0116892
-0.00178936
0.0141576
-0.00214385
0.0163631
-0.00240412
0.0182126
-0.00254977
0.0196751
-0.00257753
0.0207747
-0.00249857
0.0215764
-0.00233594
0.0221664
-0.00211276
0.0226206
-0.0018511
0.0229936
-0.00156995
0.0232794
-0.00128283
0.0233873
-0.00100164
0.0231543
-0.000737517
0.0223542
-0.000498134
0.0207944
-0.000301956
0.0184069
-0.000167422
0.0153113
-0.000105788
0.0117949
0.00487489
3.01683e-06
-1.15019e-05
-0.00136331
0.0013625
-7.22251e-06
-5.23374e-06
-0.000755122
0.000749995
-1.56124e-06
-1.30086e-06
-2.54935e-07
-5.2202e-07
-0.000174681
0.00017369
-6.27206e-07
-0.000175671
-2.16175e-07
0.000176049
1.60298e-07
-1.19085e-07
-4.87555e-05
4.81026e-05
-4.89671e-05
4.90872e-05
-0.000117978
8.7455e-05
0.00822378
-0.0120048
0.0101316
-0.00851151
0.00983487
-0.00276576
0.00950224
0.00734309
0.00976078
0.00185911
-0.000540398
0.00227026
-0.000402012
0.00222585
0.00356315
-0.000388953
0.000759386
0.000265984
8.42106e-07
3.68279e-07
8.94838e-06
4.61054e-06
8.49612e-06
5.18755e-07
0.000100258
1.87498e-06
-1.50717e-05
0.00074961
-3.61354e-05
9.5498e-05
-2.12867e-05
4.39456e-07
-1.05582e-05
-3.14885e-06
-1.78039e-06
-2.4743e-06
-8.37683e-06
-0.000144269
0.0021197
-0.000325227
0.00397056
-0.000595891
0.00619574
-0.000950918
0.00867267
-0.00135097
0.0112508
-0.00175334
0.0137671
-0.00211162
0.0160706
-0.00238586
0.0180487
-0.00254922
0.0196468
-0.00259501
0.0208711
-0.00253312
0.0217736
-0.00237812
0.0224317
-0.00215732
0.0229268
-0.00189179
0.0233155
-0.00160258
0.0235991
-0.00130619
0.0236919
-0.00101313
0.02343
-0.000736031
0.0225921
-0.000493016
0.0209855
-0.000303999
0.0185434
-0.000187359
0.0153928
-0.000151325
0.0118283
0.00492
3.86781e-05
3.67113e-06
-0.00135523
0.00136176
-3.51435e-06
-4.22576e-06
-0.000745713
0.00074135
-1.46681e-06
-1.39003e-06
-4.19635e-07
-5.29901e-07
-0.000171861
0.000170916
-6.1525e-07
-0.00017293
-2.3054e-07
0.000173313
1.23025e-07
-1.37435e-07
-4.79279e-05
4.73009e-05
-4.81439e-05
4.8263e-05
-0.000183416
0.000193069
0.00821414
-0.0121511
0.0101623
-0.0083683
0.00998838
-0.00281844
0.00988757
0.00596412
0.0108812
-0.00161753
0.00479353
0.00881062
0.00103755
0.0016584
-0.000180095
-0.000245594
-0.00014119
0.000498565
0.00298317
0.000124794
-2.14906e-06
-1.61663e-06
-1.19053e-06
-5.95166e-06
-2.11022e-06
-6.18889e-07
8.85796e-05
-8.14974e-06
-2.5532e-05
0.000694102
-6.32243e-05
7.97649e-05
-2.7316e-05
-1.5158e-05
-6.61669e-06
-5.46106e-06
4.58752e-06
-7.73626e-06
2.80715e-06
-0.000180588
0.00197506
-0.000345865
0.00372053
-0.000610037
0.00585486
-0.000947174
0.00826888
-0.00133196
0.0108294
-0.0017253
0.0133808
-0.00208292
0.0157676
-0.00236633
0.0178659
-0.00254507
0.0195968
-0.00260702
0.020945
-0.0025563
0.0219518
-0.0024095
0.0226839
-0.00219075
0.0232258
-0.00192368
0.0236366
-0.00162692
0.0239199
-0.00131856
0.0239973
-0.00101418
0.0237081
-0.000730018
0.0228291
-0.000487557
0.021169
-0.000309019
0.0186651
-0.000208705
0.0154502
-0.000180904
0.0118258
0.00493187
0.000118299
6.29064e-05
-0.00136225
0.00138613
1.47954e-05
3.18027e-06
-0.000738164
0.000737268
-1.13071e-06
-1.48556e-06
-5.93529e-07
-4.44539e-07
-0.000168894
0.000168032
-6.04073e-07
-0.000170037
-2.45962e-07
0.00017041
8.77347e-08
-1.56862e-07
-4.70563e-05
4.64413e-05
-4.72867e-05
4.74241e-05
-0.000179163
0.000212825
0.00818048
-0.0123183
0.0101852
-0.00831523
0.0101093
-0.00297389
0.0101438
0.00456027
0.0112914
0.00476131
0.0109134
-0.000940625
0.00283555
0.00751552
-0.000599808
0.000462784
-5.38852e-05
0.00126573
-1.62249e-05
-0.000377765
0.000197669
-0.000124794
0.00250533
-1.61662e-06
-9.84635e-06
-7.62037e-06
-2.84417e-06
-1.95498e-05
-7.16372e-07
-3.03935e-06
6.78478e-05
-1.36128e-05
-0.000118875
0.000632388
4.02329e-05
-3.56065e-05
-2.84674e-05
-9.62086e-06
-8.77643e-06
1.06068e-05
-1.4842e-05
-2.38054e-06
-2.47384e-06
-0.000196089
0.00182529
-0.000371485
0.00348199
-0.000622215
0.00552992
-0.000946044
0.00788297
-0.00131605
0.0104202
-0.00169798
0.0129959
-0.00205449
0.0154558
-0.00234139
0.0176622
-0.00253199
0.0195218
-0.00260797
0.0209967
-0.0025695
0.0221118
-0.0024319
0.0229251
-0.00221525
0.0235174
-0.00194385
0.0239535
-0.00163989
0.0242412
-0.00132141
0.0243045
-0.00100796
0.023986
-0.000720067
0.0230617
-0.000481101
0.0213411
-0.000309569
0.018766
-0.00021073
0.0154801
-0.000158456
0.0118051
0.00491103
0.000101703
0.000131967
-0.00140301
0.0014261
9.52174e-05
4.60301e-05
-0.000740825
0.000755231
1.45034e-06
-1.06047e-06
-6.63924e-07
2.86405e-07
-0.000165891
0.00016533
-5.69103e-07
-0.000167116
-2.59764e-07
0.00016739
4.95173e-08
-1.69714e-07
-4.61264e-05
4.55225e-05
-4.63723e-05
4.65292e-05
-8.66522e-05
9.51941e-05
0.00817196
-0.0125026
0.0102022
-0.00832318
0.0101931
-0.0031818
0.0103172
0.00329715
0.0114069
0.00421269
0.01184
0.0034022
0.0103468
0.00161459
0.00641739
-0.000227677
-0.000288787
-0.000242289
0.00214781
0.000143784
0.00104371
-8.6076e-06
-1.16562e-05
0.000127559
-2.84414e-06
-1.58072e-05
2.49487e-07
-1.66711e-05
-2.17464e-06
-3.15e-05
-4.37882e-06
-6.19858e-06
3.66383e-05
-1.29821e-05
-7.64647e-05
-2.58363e-05
-0.000112534
0.000548832
-3.04658e-05
1.93257e-05
-2.24246e-05
-6.52117e-06
-6.12101e-06
5.31797e-06
-7.69843e-06
-0.00022145
0.00167526
-0.00038871
0.0032485
-0.000634493
0.00521837
-0.000943381
0.00751031
-0.00129873
0.0100209
-0.00167125
0.0126126
-0.00202142
0.0151358
-0.00231273
0.0174429
-0.0025125
0.0194263
-0.00260063
0.0210278
-0.00257396
0.0222539
-0.00244248
0.0231523
-0.00222691
0.0238004
-0.00195211
0.0242657
-0.0016405
0.0245603
-0.00131417
0.0246108
-0.000995078
0.0242611
-0.000704392
0.023285
-0.00046465
0.0214962
-0.000290451
0.0188457
-0.00017361
0.0154952
-7.70604e-05
0.0117955
0.00493178
1.05237e-05
6.39282e-05
-0.00143815
0.00145784
8.20063e-05
0.000119917
-0.000785249
0.000816342
4.16449e-05
2.24816e-05
3.45656e-06
1.25578e-05
-0.000164145
0.000165797
-2.02011e-07
-0.000165023
-1.83135e-07
0.000164633
3.29557e-08
-1.03715e-07
-4.51428e-05
4.45738e-05
-4.54024e-05
4.55721e-05
3.31324e-05
-2.50242e-05
0.00816386
-0.0126955
0.010211
-0.00836368
0.0102427
-0.0034094
0.0104207
0.00221695
0.0113974
0.0034855
0.0121341
0.00335768
0.0118846
0.00242507
0.00953628
0.00115518
0.00584037
-0.000304276
-0.000273885
-0.00194339
0.00178864
-4.53695e-05
-2.75592e-05
-8.43694e-05
0.000557102
-3.59377e-06
-8.4579e-07
0.000406678
-0.000115903
0.000107296
-7.44889e-06
-9.62346e-06
-2.33816e-05
-3.42076e-06
-2.4035e-05
-5.54426e-06
-7.39999e-05
7.22969e-05
-6.02947e-06
-5.25056e-06
-2.35987e-05
-0.000129194
-3.62037e-05
-8.47045e-05
-8.4366e-06
-6.69577e-06
-0.000133453
0.000460851
2.30163e-05
-1.61898e-06
-3.59981e-06
1.57445e-05
-1.70885e-05
-5.17663e-06
-0.000235596
0.00152216
-0.000407941
0.00302196
-0.00064295
0.00491795
-0.00093994
0.00715152
-0.00128087
0.00963056
-0.00164041
0.0122316
-0.00198506
0.0148082
-0.00227822
0.0172086
-0.00248417
0.0193099
-0.00258325
0.0210371
-0.00256583
0.0223772
-0.00244038
0.0233658
-0.00222737
0.0240757
-0.00194882
0.024574
-0.00163063
0.0248768
-0.0012975
0.0249132
-0.000970255
0.0245269
-0.000675854
0.0234962
-0.000429875
0.0216356
-0.000240281
0.0189124
-9.32269e-05
0.0155114
3.77864e-05
0.0117909
0.00493229
-2.61423e-05
6.18395e-07
-0.00148339
0.00148791
6.00579e-06
3.83851e-05
-0.000832505
0.00086665
1.39422e-05
3.39193e-05
5.4194e-05
4.95588e-05
-0.000188327
0.00020433
2.5642e-05
-0.000177249
1.14045e-05
0.000168204
1.05024e-06
3.51364e-06
-4.43198e-05
4.41178e-05
-4.4503e-05
4.46067e-05
0.000135613
-0.000102112
0.00813039
-0.0128761
0.0101986
-0.00839463
0.0102419
-0.00361788
0.0104512
0.0013171
0.0113206
0.00274279
0.0121401
0.00296732
0.0125245
0.00273394
0.0115757
0.00177287
0.00891859
0.000894493
0.00537507
-0.000149278
-0.000279928
-0.00165496
0.00157117
-0.000107775
-0.000112709
-8.46049e-05
-5.56058e-05
-0.000588934
0.000564109
-2.05455e-05
-5.93919e-05
0.000103702
0.000102856
0.000348856
-1.57034e-06
-1.87582e-05
-1.75031e-06
-1.2856e-06
-1.94606e-05
1.34312e-05
-1.9591e-05
-5.12052e-06
-9.88282e-05
-3.06713e-06
-6.40869e-06
-3.23177e-05
-0.000186388
-4.39341e-05
-0.000109387
-1.2552e-05
-1.3093e-05
-2.4493e-05
-3.53485e-06
-2.8789e-05
-2.40007e-06
-0.000140512
0.00036578
-9.83135e-06
8.21246e-06
-5.17659e-06
-0.000256062
0.00137029
-0.000421164
0.00280017
-0.00064909
0.0046271
-0.000931732
0.00680239
-0.0012589
0.00924906
-0.00160754
0.0118541
-0.00194517
0.0144751
-0.00223606
0.0169605
-0.00244862
0.0191753
-0.00255525
0.0210265
-0.00254593
0.0224828
-0.0024282
0.0235666
-0.00221361
0.0243405
-0.00193223
0.0248756
-0.00160759
0.0251868
-0.00126728
0.0252102
-0.00093434
0.0247854
-0.000629996
0.0236963
-0.000371531
0.0217669
-0.000158781
0.0189779
1.71471e-05
0.015532
0.000152397
0.0117741
0.0048917
-3.75872e-05
-2.39176e-05
-0.00149268
0.00148191
-1.53699e-05
-4.15376e-06
-0.000892717
0.000901182
-3.55219e-06
1.09508e-06
1.09302e-05
1.39028e-06
-0.000250763
0.000257611
7.0945e-06
-0.000234593
1.77485e-05
0.000219428
3.90968e-05
3.43934e-05
-6.00865e-05
8.57287e-05
-4.86819e-05
4.51682e-05
0.000215222
-0.000151032
0.00806619
-0.012992
0.0101319
-0.00834669
0.0101506
-0.00375884
0.0103829
0.000591174
0.0111771
0.00205632
0.012007
0.00244282
0.0126646
0.00263317
0.0126252
0.00215908
0.0111895
0.00139861
0.00841447
0.000645692
0.00489042
-7.29688e-05
-8.80782e-05
-0.00146225
0.00135839
-1.44027e-05
-3.10104e-05
-5.68489e-05
-0.000114161
-0.000458067
0.000429377
-7.90851e-05
-0.000492662
-7.81141e-05
-0.000533706
-4.35619e-05
-2.52024e-05
0.000332051
-3.74057e-06
0.000101286
-6.92686e-06
-5.12052e-06
-3.1475e-05
-3.81622e-07
-3.47487e-05
-3.13511e-06
-0.000121561
-1.06376e-05
-9.50392e-06
-3.65481e-05
-0.00024675
-4.35881e-05
-0.000138398
-2.70924e-05
-3.8384e-05
-8.91658e-06
-4.21184e-05
-9.35849e-06
-8.65539e-06
-1.10555e-05
-0.000158906
0.000268635
-0.000269243
0.00121838
-0.000433805
0.0025849
-0.000650454
0.00434584
-0.000920994
0.00646449
-0.0012345
0.00887604
-0.00156958
0.0114785
-0.00190002
0.0141391
-0.00218951
0.0167014
-0.00240459
0.0190246
-0.0025172
0.0209978
-0.00251556
0.0225701
-0.00239973
0.0237527
-0.00218883
0.0245971
-0.00190313
0.0251712
-0.00157251
0.0254921
-0.00122435
0.0255002
-0.00088141
0.0250368
-0.000563959
0.0238887
-0.000284721
0.0218928
-4.98403e-05
0.0190449
0.000138488
0.0155459
0.000255821
0.0117335
0.00481882
-4.29725e-05
-3.51796e-05
-0.00147338
0.00145688
-2.108e-05
-1.5375e-05
-0.000901167
0.000893865
-4.90191e-06
-3.16288e-06
-7.66504e-07
-3.37233e-06
-0.000266647
0.000264943
-1.8478e-06
-0.000265348
-2.02332e-07
0.0002647
3.84182e-06
7.42747e-07
-0.000138113
0.000144148
1.05921e-06
-0.0001246
4.23496e-06
0.000101821
2.3004e-05
1.1615e-05
0.000278392
-0.000186298
0.00797411
-0.0129135
0.0099355
-0.00810237
0.00988756
-0.00376223
0.010154
4.71731e-05
0.0109269
0.00146089
0.0117726
0.00190603
0.0125438
0.00229993
0.0129979
0.00222694
0.0125574
0.00177032
0.0108178
0.00112563
0.00793452
0.000637758
0.00451353
-0.00017198
-8.89e-05
-0.00128594
0.0012237
-6.08153e-06
-4.65122e-06
-5.51166e-06
-1.01173e-05
-0.000335301
0.000323925
-3.02804e-06
-0.000357381
-8.9299e-06
-0.000387279
-2.69516e-05
-7.20631e-05
-0.000228364
0.000203631
-5.43527e-05
-0.000278426
-2.80523e-05
-0.000311319
-1.06687e-05
-4.47138e-06
9.7545e-05
-1.14371e-05
-1.45722e-05
-4.55973e-05
-7.15804e-06
-4.61019e-05
-8.99854e-06
-0.000151449
-2.34919e-05
-4.06081e-05
-0.000314537
-5.05058e-05
-0.000163384
-3.16486e-05
3.76042e-05
-0.000107808
-1.79775e-06
-1.19014e-06
-2.34888e-05
-2.58691e-05
-6.97804e-06
-0.000169098
0.000168496
-0.000284979
0.00106956
-0.000441093
0.00237555
-0.000648722
0.00407357
-0.000906948
0.00613695
-0.0012058
0.00851226
-0.00153013
0.0111086
-0.00185148
0.0138011
-0.00213743
0.0164343
-0.00235273
0.0188601
-0.00247034
0.0209526
-0.00247352
0.0226439
-0.0023619
0.0239258
-0.00215042
0.0248444
-0.0018612
0.0254599
-0.00152472
0.0257924
-0.00116504
0.0257839
-0.000809338
0.0252822
-0.000475078
0.0240791
-0.000176251
0.0220192
7.46977e-05
0.0191087
0.000255823
0.0155459
0.000344466
0.0116674
0.00472046
-4.55238e-05
-4.24102e-05
-0.0014414
0.00142216
-2.37308e-05
-1.97045e-05
-0.000884819
0.000872753
-4.99149e-06
-4.01586e-06
-2.57793e-06
-3.74802e-06
-0.00026125
0.000258815
-2.46759e-06
-0.000262872
-1.5398e-06
0.000264835
-6.57615e-07
-1.41015e-06
-0.000148199
0.000146988
-6.3582e-07
-0.000148222
-1.79093e-07
0.000147351
6.4009e-07
-1.27537e-07
-3.88539e-05
3.99132e-05
-3.4619e-05
2.3004e-05
0.000332522
-0.000219922
0.00786149
-0.0123518
0.00945126
-0.00747457
0.0093077
-0.00353064
0.00965599
-0.000289865
0.0104911
0.000980001
0.0114077
0.0014142
0.0122644
0.00187536
0.0129684
0.00204611
0.0131787
0.00190104
0.0124266
0.00147947
0.0104639
0.000985764
0.00758651
0.000590319
0.00432002
-0.000186434
-0.000210389
-0.00115183
0.00103405
-3.87893e-05
-1.54125e-05
-1.07681e-05
-6.26691e-06
-0.000307646
0.000302318
-7.54132e-07
-0.000311183
-1.11542e-06
-0.000315448
-1.24703e-06
-1.64035e-06
-9.56867e-05
9.26586e-05
-0.000104617
-0.000131568
-5.43527e-05
-8.2405e-05
-9.30737e-05
-3.01498e-05
-2.87681e-06
-1.54368e-06
-0.000118544
-3.22987e-06
-9.52331e-06
-0.000179409
-2.4581e-05
-4.62551e-05
-0.000382573
-5.48004e-05
-0.000196871
-3.3041e-05
-0.000129731
-1.07066e-05
-9.75172e-06
1.25886e-05
-1.43861e-05
1.13985e-05
-6.97802e-06
-0.000187036
7.05658e-05
-0.000295417
0.000923898
-0.000445238
0.00217207
-0.000643469
0.0038101
-0.000888317
0.00581947
-0.00117564
0.00815778
-0.00148792
0.0107451
-0.00179954
0.0134632
-0.00207961
0.0161612
-0.00229437
0.0186842
-0.00241391
0.020893
-0.0024201
0.0227021
-0.00231027
0.0240856
-0.00209711
0.0250803
-0.00180505
0.0257402
-0.00145902
0.0260864
-0.00108935
0.0260639
-0.000717221
0.0255243
-0.000365207
0.024268
-5.13973e-05
0.0221453
0.000202642
0.0191619
0.000367912
0.0155225
0.00042384
0.0115761
0.00461751
-7.00849e-05
-4.6892e-05
-0.00140176
0.00137951
-2.32736e-05
-2.20038e-05
-0.000860242
0.000846127
-5.12565e-06
-4.4882e-06
-3.24633e-06
-3.94512e-06
-0.000252939
0.000250465
-2.51559e-06
-0.000255225
-1.72743e-06
0.000257362
-1.12228e-06
-1.60935e-06
-0.000144223
0.000142472
-7.15472e-07
-0.000145411
-3.51921e-07
0.000146372
-4.09309e-08
-4.49198e-07
-4.02469e-05
3.96113e-05
-4.04259e-05
4.05534e-05
0.000379022
-0.000247968
0.00773043
-0.0107433
0.00840354
-0.00623481
0.00821149
-0.0029679
0.00874496
-0.000396411
0.00976252
0.000632209
0.0108388
0.00100039
0.0118216
0.00144676
0.012693
0.00172905
0.0132855
0.00180233
0.0132774
0.00163487
0.0122712
0.00126214
0.0101876
0.000817905
0.00735892
0.000378085
0.00403657
-2.0727e-05
-7.39115e-05
-0.000962469
0.000866231
-2.2999e-05
-6.71996e-05
-7.11789e-05
-6.76283e-05
-0.000276527
0.000247011
-9.274e-06
-0.000288383
-3.55738e-06
-0.000297164
-1.98769e-06
-1.11249e-06
-8.86557e-05
8.79016e-05
-8.97712e-05
-9.10183e-05
-9.85479e-06
-1.76159e-05
-2.7139e-05
-0.00014683
-4.54374e-06
-2.93789e-06
-0.00021112
-3.20054e-05
-5.19927e-05
-0.000449727
-6.78827e-05
-0.000224728
-4.11894e-05
-0.000168698
-6.67269e-06
-4.49833e-06
2.94537e-05
-3.57451e-05
-4.41438e-06
-7.43611e-06
-0.00019825
-2.65908e-05
-0.00030149
0.000780158
-0.000445796
0.00197441
-0.000633181
0.00355497
-0.000869105
0.00551294
-0.00114337
0.00781324
-0.00144276
0.0103883
-0.00174421
0.0131278
-0.00201766
0.0158845
-0.00222818
0.0184984
-0.00234733
0.0208202
-0.0023555
0.0227473
-0.00224678
0.0242353
-0.0020313
0.0253065
-0.00173229
0.0260135
-0.00137781
0.0263749
-0.000993792
0.0263404
-0.000605912
0.025765
-0.000238055
0.0244547
8.56248e-05
0.0222623
0.000330523
0.0191993
0.00046986
0.0154765
0.000492748
0.0114624
-0.000136745
0.00450628
-0.0013483
0.00124548
3.27255e-05
-1.56857e-05
-0.000831888
0.00081745
-4.31667e-06
-4.51725e-06
-3.68077e-06
-4.08305e-06
-0.000243699
0.000241155
-2.58204e-06
-0.000246313
-1.87296e-06
0.000248529
-1.30873e-06
-1.72843e-06
-0.000138952
0.000137149
-7.10813e-07
-0.000140311
-3.6639e-07
0.00014145
-9.87527e-08
-4.69004e-07
-3.87693e-05
3.8054e-05
-3.91212e-05
3.95704e-05
0.000417327
-0.000270404
0.0075835
-0.00711968
0.00638832
-0.00424348
0.00641221
-0.00205492
0.00729851
-0.000279182
0.00862773
0.000428592
0.00996614
0.000683223
0.011156
0.00106401
0.0122043
0.00137055
0.0130515
0.00155478
0.013533
0.00159124
0.013321
0.0014092
0.0121242
0.001046
0.00995945
0.000664476
0.00707252
0.000255179
0.00166748
-3.91424e-06
-1.38807e-05
0.00213171
-0.000800214
0.000779863
-7.28459e-08
-3.04543e-07
-1.05579e-06
-6.83932e-06
-0.000112974
8.99745e-05
-0.000180173
-0.000203734
-4.76184e-05
-2.43515e-05
-8.12439e-05
7.19699e-05
-8.48013e-05
-8.67891e-05
-3.9324e-05
-9.64577e-07
-4.14943e-05
-7.67235e-07
-0.000180048
-6.85313e-06
-1.38023e-05
-0.000242149
-3.45694e-05
-0.000134623
-0.000513343
-0.000255882
-5.41445e-05
-0.000190014
-1.67087e-05
-1.45129e-05
4.49037e-05
-4.94074e-05
-2.16839e-06
-1.08845e-06
7.43611e-06
-1.18504e-05
-0.000201868
-0.000126204
-0.000304464
0.000638835
-0.000440216
0.00178145
-0.000623392
0.00330926
-0.000847242
0.00521681
-0.00110934
0.00747982
-0.00139622
0.0100403
-0.00168603
0.0127962
-0.00194971
0.015606
-0.00215632
0.0183074
-0.00227403
0.0207387
-0.00228026
0.0227808
-0.00216993
0.0243739
-0.00195194
0.0255262
-0.00164537
0.026281
-0.00127871
0.0266598
-0.000881642
0.0266162
-0.00047829
0.0260053
-9.79638e-05
0.0246383
0.000224118
0.0223687
0.000453121
0.019216
0.000563881
0.0154053
0.000552152
0.0113275
-0.00086323
0.00198545
-8.02454e-06
-5.45708e-06
-0.000135066
0.00437094
-0.000810218
-2.02861e-05
-2.04736e-06
-6.40743e-06
-0.000233852
0.000231431
-1.89693e-06
-0.000236628
-1.73986e-06
0.00023893
-1.45427e-06
-1.78104e-06
-0.000133258
0.000131401
-7.23581e-07
-0.00013474
-3.90221e-07
0.000135975
-1.33129e-07
-4.93572e-07
-3.71205e-05
3.64102e-05
-3.74866e-05
3.79556e-05
0.00044453
-0.00028279
0.00742176
0.00289232
-0.00176676
0.00391161
-0.000978387
0.00533567
-3.73519e-05
0.00705667
0.000335446
0.00872087
0.000463205
0.0101862
0.000753448
0.0114666
0.00102849
0.0125464
0.001244
0.0133623
0.00139784
0.0137264
0.00139478
0.0133354
0.00119098
0.0119792
0.000906147
0.00971778
0.000560987
0.00676671
0.000188623
-3.264e-06
0.00149285
-1.07392e-05
-0.000766592
0.000442574
5.02712e-07
1.20077e-07
0.000319481
-4.837e-08
-5.62829e-07
9.77764e-05
0.00222255
-8.17748e-05
8.17019e-05
-8.20794e-05
-8.31352e-05
-4.76184e-05
-1.2815e-05
-1.35822e-05
-5.27725e-05
-3.48787e-06
-5.63262e-05
-1.02484e-05
-0.000205535
-1.08793e-05
-8.1678e-06
0.00024001
-1.93592e-05
-0.00057764
-3.35077e-05
-0.00012792
-0.000587284
-1.96657e-05
6.0198e-05
-6.5018e-05
-1.18882e-05
-1.06407e-05
1.46706e-05
-1.6839e-05
-0.000205076
-0.000225583
-0.000300563
0.000499189
-0.000437998
0.00159606
-0.000610178
0.00307221
-0.00082462
0.0049321
-0.00107462
0.00715822
-0.00134714
0.0097014
-0.00162513
0.0124716
-0.00187999
0.0153297
-0.00207861
0.018112
-0.00219073
0.0206492
-0.00219578
0.0228067
-0.00208109
0.0245031
-0.00185811
0.0257389
-0.00154317
0.0265455
-0.00116508
0.0269432
-0.000752471
0.0268904
-0.000336483
0.0262438
4.83055e-05
0.0248141
0.000364
0.0224579
0.000571886
0.019208
0.000648008
0.0153095
0.000599771
0.0111723
0.00187466
-1.27699e-05
-1.15022e-05
-0.000325567
0.000318365
-4.95395e-07
-3.27762e-07
-0.000330481
-2.26535e-07
-3.18081e-07
-0.000135579
0.00422372
-0.000210837
-4.89845e-07
-3.90626e-07
-0.000139047
0.000228013
1.371e-06
1.07683e-05
-0.000127439
0.000126078
-5.35304e-07
-0.000128836
-3.42611e-07
0.000130116
-1.68538e-07
-5.00985e-07
-3.53935e-05
3.46702e-05
-3.57836e-05
3.62772e-05
0.00045931
-0.000286004
0.00724844
0.00112555
-0.000165544
0.00309876
0.000143842
0.00515448
0.000277237
0.00711491
0.000311976
0.00887211
0.000514238
0.0104254
0.00073414
0.0117609
0.000932257
0.0128581
0.00112805
0.0136321
0.00124736
0.0138738
0.00120884
0.0133176
0.00105633
0.011829
0.000797623
0.00948114
-0.000167327
0.000498879
0.00653293
0.000475103
-3.57934e-05
0.000114612
0.00141812
-2.41648e-05
-1.57194e-05
0.00047096
-6.59706e-06
-8.12107e-05
8.17134e-05
-8.10907e-05
0.000283208
4.79228e-07
-8.11391e-05
0.00216984
-2.03268e-05
-3.05752e-05
-6.97368e-05
-6.16017e-06
-6.82815e-05
-9.62221e-06
-0.000154551
0.000140526
-1.02654e-06
-4.30416e-06
-3.4483e-05
-0.000642638
-2.84325e-05
-0.000164547
-1.1792e-05
-1.17179e-05
-0.000131872
-0.000660479
5.36937e-05
-4.69442e-07
-6.4349e-07
3.30007e-05
-4.01784e-05
-4.71017e-06
-8.21494e-06
-0.000201486
-0.000324652
-0.000304211
0.000365408
-0.00043092
0.00141681
-0.000597791
0.00284538
-0.000801525
0.00465901
-0.00103769
0.00684878
-0.00129804
0.00937431
-0.00156241
0.012154
-0.00180543
0.0150565
-0.00199467
0.0179159
-0.00210177
0.0205552
-0.00209954
0.0228251
-0.00198064
0.0246256
-0.00174889
0.0259447
-0.00142447
0.0268049
-0.00103313
0.0272239
-0.000608439
0.0271623
-0.000184
0.0264761
0.000201574
0.0249765
0.000502921
0.0225268
0.000682967
0.0191731
0.000722812
0.0151864
0.000634998
0.0109966
0.00176603
-1.3785e-05
-1.31689e-05
-0.000307718
0.000296447
-8.16286e-07
-6.82113e-07
-4.12226e-07
-4.4426e-07
-3.05396e-05
3.00443e-05
-3.08676e-05
-3.10943e-05
-3.14121e-05
-0.000134552
0.00407225
-3.19019e-05
-3.22925e-05
-0.000126943
-1.33563e-06
5.05189e-07
-3.36582e-05
3.31229e-05
-3.40007e-05
3.45017e-05
0.000458942
-0.000276367
0.00706585
0.000960007
0.000116444
0.00312616
0.000176952
0.00525478
0.00018758
0.00723929
0.00033082
0.00905553
0.000495825
0.0106637
0.000654406
0.0120388
0.000843957
0.0131422
0.00101842
0.013861
0.00110228
0.0139804
0.00108693
0.013287
0.000945496
0.0116811
0.000702396
0.00927762
-0.000183644
0.000541508
0.00640802
-0.00023296
0.000129791
-1.99491e-05
0.00134744
-3.91585e-05
-0.00046245
0.000448329
-1.00437e-05
-7.20986e-06
0.000277923
-1.31217e-06
8.21926e-05
0.00211598
-4.48861e-05
-1.45216e-06
-8.14065e-07
-1.73304e-05
1.6304e-05
-2.16345e-05
-0.000181025
-1.18015e-05
-6.20202e-06
-2.57279e-05
-0.000705807
-4.29705e-05
-0.000201315
-4.62653e-06
-3.51379e-06
-3.34262e-05
-3.61361e-05
-9.00742e-06
-0.000130194
-0.000731765
-1.56605e-05
1.51912e-05
8.21494e-06
-1.29251e-05
-0.000209423
-0.000419435
-0.00030042
0.000234913
-0.000426426
0.00124545
-0.000584643
0.0026285
-0.000776906
0.00439824
-0.00100148
0.00655223
-0.00124787
0.00905977
-0.00149794
0.0118465
-0.00172847
0.0147903
-0.00190762
0.0177218
-0.00200489
0.0204606
-0.00199517
0.0228396
-0.00186889
0.0247456
-0.00162782
0.026148
-0.00129153
0.0270633
-0.000888603
0.0275041
-0.000451903
0.0274302
-2.21444e-05
0.0266998
0.000357243
0.0251222
0.0006405
0.0225693
0.000787717
0.0191082
0.000787422
0.015034
0.000657853
0.0107977
0.00165847
-1.35631e-05
-1.34249e-05
-0.000284384
0.000272209
-8.63341e-07
-7.46748e-07
-5.27313e-07
-5.80039e-07
-2.85054e-05
2.76892e-05
-2.91877e-05
-2.96e-05
-0.000128185
0.00392407
-3.36281e-05
0.000442742
-0.000246029
0.00686915
0.00107645
5.34476e-05
0.00324968
7.78109e-05
0.00536455
0.000187217
0.0073829
0.000309038
0.00924231
0.000425896
0.0108922
0.000584867
0.0122979
0.000765624
0.013395
0.000914361
0.0140489
0.00100536
0.0140619
0.00098458
0.0132479
0.000833539
0.01155
0.000668321
0.00915081
0.000488768
0.00630228
-0.000173388
-0.000209649
-0.000191568
0.00207459
0.0004382
-9.82034e-06
0.00129917
-9.03046e-05
-5.29903e-05
0.000416046
-1.70044e-05
-0.00027231
0.0002643
-2.0346e-06
-1.59666e-06
8.08804e-05
-1.43772e-05
-4.36899e-05
-4.24709e-06
-4.80344e-05
-1.85694e-06
-0.000219965
-1.95458e-06
-5.1218e-06
-3.85283e-05
-0.000758745
-3.87217e-05
-0.000234423
-1.03428e-05
-1.8168e-05
-5.15289e-05
-1.13159e-06
-5.4068e-05
-9.74312e-07
-9.0074e-06
-0.00013861
-0.000802574
-0.000206951
-0.000512899
-0.000301805
0.000110298
-0.000420835
0.00108165
-0.000569914
0.00242152
-0.000752388
0.00414914
-0.000965096
0.00626946
-0.00119718
0.00875901
-0.00143328
0.0115513
-0.00164857
0.0145312
-0.00181546
0.0175324
-0.0019008
0.0203662
-0.00188202
0.0228528
-0.00174506
0.0248629
-0.00149273
0.0263492
-0.00114434
0.027319
-0.000729172
0.0277813
-0.000284154
0.0276922
0.000146659
0.0269104
0.000517048
0.0252457
0.000774378
0.0225826
0.000886323
0.0190093
0.000844063
0.0148478
0.000672998
0.0105674
0.00155682
-1.30041e-05
-1.35388e-05
-0.000259896
0.000247918
-8.45615e-07
-7.41017e-07
-5.25571e-07
-5.89678e-07
-2.58347e-05
2.49713e-05
-2.65817e-05
-2.71091e-05
-0.000106188
0.00378421
0.000423748
-0.000196345
0.00664171
0.0011299
1.038e-05
0.00331711
8.14801e-05
0.00547028
0.000166392
0.00752553
0.000249093
0.00941911
0.000370672
0.0111064
0.000529584
0.0125339
0.000693564
0.0136158
0.000842371
0.0142119
0.000918911
0.0141276
0.000874596
0.0132068
0.000762599
0.0114557
0.000602026
0.00903755
0.000361051
0.00611956
-6.1467e-05
-0.000116868
-0.00204441
0.00199959
-0.00012857
-0.000179466
0.000256072
-1.59201e-06
0.00127729
-7.88292e-05
-7.87605e-05
-0.000394621
0.000363876
-5.95594e-05
-3.15663e-05
0.000242261
-3.19386e-06
-7.92838e-05
7.72492e-05
-1.32545e-05
-1.51114e-05
-5.59741e-05
-4.79133e-08
-5.95438e-05
-1.55165e-06
-0.000242387
-1.45129e-05
-1.60498e-05
-3.32166e-05
-0.000825273
-3.88614e-05
-0.000256771
-1.45437e-05
-9.79242e-06
-6.46234e-05
-5.26258e-06
-7.00446e-05
-1.27462e-05
-1.62429e-05
-1.72172e-05
-0.000138862
-0.000870658
-0.000212127
-0.000602571
-0.000301138
-9.39124e-06
-0.000413019
0.000924758
-0.0005555
0.00222463
-0.000729162
0.00391321
-0.000928348
0.00600063
-0.00114638
0.00847212
-0.00136719
0.01127
-0.00156783
0.0142836
-0.00171893
0.0173505
-0.00179162
0.0202758
-0.00176046
0.0228682
-0.00160945
0.0249796
-0.00134376
0.0265486
-0.000982943
0.0275728
-0.000557287
0.0280545
-0.000106478
0.0279454
0.000323155
0.0271043
0.000677475
0.0253426
0.000909195
0.0225598
0.000983091
0.0188702
0.000899871
0.0146209
0.000693631
0.0102975
0.00147467
-1.05391e-05
-1.34815e-05
-0.000235496
0.000224056
-8.26527e-07
-7.3892e-07
-5.24221e-07
-5.96287e-07
-2.31145e-05
2.22687e-05
-2.38559e-05
-2.43816e-05
-4.58697e-05
0.00363374
0.000442165
-0.000180827
0.00638035
0.00114028
1.9911e-05
0.00337868
6.92754e-05
0.00556739
0.000121775
0.00765284
0.00020647
0.00958331
0.000330457
0.0113055
0.000478436
0.012749
0.000643256
0.0138149
0.000776928
0.0143539
0.00082431
0.0141779
0.000792754
0.0131767
0.00068843
0.0113693
0.000514923
0.00888367
0.00027776
0.00592961
-3.9247e-05
-4.85582e-05
-0.0019459
0.00191382
-2.93868e-05
-6.31839e-05
0.00121297
-1.88707e-05
-4.53859e-05
7.56571e-05
0.000346144
-6.10973e-05
0.000322516
-5.51324e-05
-0.000219174
0.000180828
-2.12136e-05
-8.4799e-06
7.24633e-05
-1.7265e-05
-1.88167e-05
-7.35501e-05
-1.10065e-05
-7.77451e-05
-1.18541e-05
-0.0002773
-1.26865e-05
-4.29602e-05
-0.000874492
-4.66809e-05
-0.000295859
-2.03012e-05
-8.3345e-05
-8.94329e-06
-8.15711e-05
-1.15658e-05
-2.40791e-05
-3.68252e-05
-0.000144575
-0.000938204
-0.000213976
-0.000689727
-0.000297366
-0.000125039
-0.00040629
0.000775552
-0.000543062
0.00203854
-0.000704573
0.00368944
-0.000891791
0.00574604
-0.00109529
0.00820023
-0.00130061
0.0110027
-0.0014842
0.0140489
-0.00162042
0.0171793
-0.0016769
0.0201922
-0.00162985
0.0228886
-0.00146429
0.0251001
-0.00118541
0.0267511
-0.00080979
0.0278253
-0.000373084
0.0283211
8.09297e-05
0.0281876
0.000504826
0.0272769
0.000843406
0.0254083
0.00104566
0.0224972
0.00108421
0.0186859
0.000966563
0.014348
0.000749107
0.00999058
0.00142259
1.30223e-05
-6.82766e-06
-0.000211742
0.000202744
-7.76435e-07
-7.61372e-07
-5.37655e-07
-6.33002e-07
-2.04086e-05
1.95819e-05
-2.11479e-05
-2.16724e-05
9.60198e-07
0.0034519
0.000523002
-0.000261559
0.00116019
1.57208e-05
0.00343222
4.22946e-05
0.00564686
9.42324e-05
0.00776507
0.00018042
0.00973334
0.000297098
0.0114868
0.000446236
0.012946
0.000597862
0.0139939
0.000705077
0.0144731
0.000750433
0.0142202
0.000723186
0.0131419
0.000622757
0.0112615
0.000451081
0.00871035
0.000285934
0.00574694
-6.33695e-05
-3.99012e-05
-0.00188365
0.00185916
-1.47597e-05
-1.83821e-05
-0.00116332
0.00113735
-6.06169e-07
-2.82029e-06
-1.05686e-05
-2.95635e-06
-0.000297405
0.00028502
-6.48597e-06
-2.02759e-05
0.0001625
-4.27698e-05
0.000107368
-6.39834e-05
4.27698e-05
-3.85551e-05
-9.27595e-06
-4.57048e-05
-4.70391e-06
-0.000156881
6.26366e-05
3.38009e-08
-4.56089e-08
-0.000307226
-3.1592e-05
-4.33375e-05
-0.000934963
-4.07626e-05
-0.000316499
-3.74062e-05
-0.000174655
-1.86492e-06
-6.61673e-07
-5.21855e-05
-2.46208e-06
-1.1145e-06
-0.000146931
-0.00100524
-0.000212886
-0.000774204
-0.000296589
-0.000234737
-0.00040246
0.000634956
-0.000527883
0.00186185
-0.000680718
0.00347837
-0.000855682
0.00550643
-0.00104474
0.00794436
-0.00123366
0.0107522
-0.00140108
0.0138295
-0.0015182
0.0170206
-0.00155679
0.0201192
-0.00149136
0.0229157
-0.00130976
0.0252245
-0.00101347
0.0269548
-0.00062498
0.0280772
-0.000180145
0.0285821
0.000277837
0.0284146
0.000694639
0.0274257
0.0010155
0.0254385
0.0011897
0.0223917
0.00119735
0.0184551
0.00106051
0.0140366
0.000845083
0.00135836
2.77377e-05
3.74279e-05
-0.00019684
0.000207024
2.80904e-06
2.48714e-08
-2.83097e-07
-6.40537e-07
-1.76493e-05
1.68733e-05
-1.84111e-05
-1.89489e-05
-9.17593e-05
0.00117591
5.59805e-06
0.00346891
2.91834e-05
0.0057119
7.98756e-05
0.00786561
0.000160176
0.00987026
0.000277474
0.0116556
0.000417808
0.0131261
0.000546753
0.0141523
0.000645928
0.0145776
0.000690661
0.0142527
0.000667292
0.0130974
0.000570246
0.0111423
0.000440888
0.00855539
0.000373718
0.00560506
-0.000148973
-8.28672e-05
-0.00183571
0.00179756
-2.52195e-05
-1.64552e-05
-0.0011206
0.00110729
-7.16295e-07
-7.33398e-07
-1.25221e-06
-3.71383e-07
-0.000271496
0.000271073
-1.83482e-07
-0.00027404
-2.76812e-07
0.000276483
-2.03156e-06
-5.13052e-07
-8.70921e-05
8.06061e-05
-9.27591e-06
-1.39798e-05
-1.75225e-05
1.75563e-05
-1.7568e-05
-0.000188496
-4.62235e-06
-1.3128e-05
-0.000331782
-2.80535e-05
-3.75605e-05
-0.000995891
-4.84379e-05
-0.000349363
-2.31802e-05
-0.000198815
-1.32377e-05
-1.38495e-05
1.82297e-05
-2.00946e-05
-1.64418e-05
-0.000150037
-0.00106809
-0.000216195
-0.000854596
-0.000299063
-0.000338131
-0.000393224
0.000500304
-0.000514153
0.00169529
-0.000657559
0.00328026
-0.000820325
0.00528202
-0.000995059
0.00770576
-0.00116686
0.010518
-0.00131511
0.0136265
-0.00141303
0.0168769
-0.00143151
0.0200593
-0.0013461
0.022952
-0.00114396
0.025355
-0.000830226
0.02716
-0.000428591
0.0283257
2.59368e-05
0.028834
0.000485089
0.0286241
0.000894392
0.0275468
0.00119716
0.025431
0.00134745
0.0222416
0.00133246
0.0181831
0.00118319
-2.01839e-05
-2.25299e-07
-0.000221483
0.000233348
3.6899e-06
1.21727e-05
1.37899e-05
9.17247e-06
-1.59745e-05
1.87827e-05
-1.59498e-05
-1.62328e-05
0.00118151
2.6143e-06
0.00349547
2.43802e-05
0.00576739
7.00561e-05
0.00795573
0.000149807
0.00999792
0.00026107
0.0118123
0.000383755
0.0132891
0.000504941
0.0142932
0.000599833
0.0146684
0.000645258
0.0142748
0.000622705
0.0130449
0.000544374
0.0110388
0.000473492
0.00845562
0.000420607
0.00556782
-0.000188122
-0.000195248
-0.00175827
0.00169654
-8.72518e-05
-4.3573e-05
-0.00109232
0.00106984
-2.24689e-06
-4.95668e-07
-4.05845e-07
-1.08587e-06
-0.000268925
0.000268359
-1.50405e-07
-0.000269611
-4.80007e-08
0.000269998
-1.76884e-07
1.5714e-08
-7.77847e-05
7.76012e-05
-7.80615e-05
7.85746e-05
-2.47169e-05
-3.78448e-05
-0.000216947
-6.87106e-06
-3.04891e-06
-0.000366504
-2.04171e-05
-4.82041e-05
-0.00104136
-5.63664e-05
-0.000381332
-3.3608e-05
-0.00023522
-2.17257e-06
-2.73393e-06
4.17409e-05
-4.97576e-05
-5.22073e-06
-9.95335e-06
-0.000154391
-0.00112989
-0.000222955
-0.000930697
-0.000292113
-0.000439235
-0.000386723
0.000372881
-0.000500684
0.00153842
-0.00063449
0.00309442
-0.000785906
0.00507287
-0.000946085
0.00748499
-0.00110014
0.010303
-0.00122907
0.0134425
-0.00130509
0.0167504
-0.00130122
0.0200144
-0.00119318
0.0230012
-0.000969968
0.0254947
-0.000637885
0.0273693
-0.000219629
0.0285712
0.000243829
0.0290753
0.000704604
0.0288139
0.0011078
0.0276362
0.00139434
0.0253841
0.00152396
0.0220501
0.00149007
-0.000234303
-3.88078e-06
-2.95578e-06
-2.02431e-06
8.33289e-07
-4.37869e-05
4.69149e-05
5.59216e-07
-3.47932e-05
3.17733e-06
-2.79552e-05
6.94849e-06
0.00118412
2.17579e-06
0.00351767
2.04372e-05
0.00581701
6.56728e-05
0.00803986
0.000141143
0.0101178
0.000240548
0.0119555
0.000357615
0.0134364
0.000474242
0.0144188
0.000567256
0.0147464
0.000607943
0.0142895
0.000589141
0.0130001
0.000540455
0.0109719
0.000466361
0.00840986
0.000335728
0.00545978
-7.25132e-05
-0.000155175
-0.00166147
0.00163777
-0.000164423
-0.000160172
-0.00103235
0.000966956
-1.68273e-05
-5.02626e-06
-1.06349e-06
-5.02021e-06
-0.000266623
0.000264703
-3.2791e-07
-0.000267049
-6.92434e-08
0.000268078
-1.25306e-07
-5.70876e-08
-7.7392e-05
7.72416e-05
-7.744e-05
7.74243e-05
-5.49127e-05
-1.71558e-06
-5.71664e-05
-7.94895e-07
-0.000251882
-1.02326e-06
-2.7296e-06
-0.000390336
-3.91994e-05
-4.9745e-05
-0.00109702
-4.89795e-05
-0.000401244
-4.54584e-05
-0.00026873
-1.13456e-05
-5.41334e-06
5.93515e-05
-6.10176e-05
-5.05963e-07
-5.48552e-07
9.95335e-06
-1.5174e-05
-0.000164174
-0.00118867
-0.000215776
-0.00100703
-0.000290591
-0.000535365
-0.000379911
0.00025211
-0.000486651
0.00139058
-0.000612689
0.00292121
-0.000752538
0.00487932
-0.000897515
0.00728237
-0.00103429
0.0101082
-0.00114152
0.0132789
-0.00119442
0.0166436
-0.00116587
0.0199871
-0.00103354
0.0230648
-0.000786825
0.0256437
-0.000433255
0.0275829
6.68831e-07
0.0288144
0.000474451
0.0293055
0.000938103
0.0289836
0.00133493
0.0276956
0.00160827
0.0252998
0.00171982
-4.40885e-05
-1.16946e-06
4.1376e-05
-4.60805e-05
-9.6772e-07
-4.76326e-05
-4.77513e-07
1.12548e-07
-1.01255e-05
1.06838e-05
-6.94849e-06
0.0011863
1.46525e-06
0.00353664
1.95921e-05
0.00586308
6.20686e-05
0.00811893
0.000131091
0.0102273
0.000226045
0.0120871
0.000339421
0.0135712
0.000453041
0.014533
0.000536784
0.0148176
0.000573666
0.014305
0.000563711
0.0129769
0.000506554
0.0109317
0.000409551
0.00833604
0.000196098
0.005326
-1.73191e-05
-4.49956e-05
-0.0015786
0.00154166
-3.55651e-05
-9.60122e-05
-0.000899311
0.000853049
-5.58904e-05
-6.2271e-05
-2.84678e-05
-6.40586e-05
-0.00025546
0.000241717
-3.08372e-06
-0.000259483
-1.0038e-06
0.000263941
-3.00758e-07
-5.62166e-07
-7.69899e-05
7.6662e-05
-7.70592e-05
7.71162e-05
-1.68896e-05
-1.76845e-05
-6.20646e-05
2.42828e-08
-6.41528e-05
-6.4088e-07
-0.000274243
-1.62496e-05
-1.74364e-05
-0.000416495
-3.44939e-05
-0.000112821
-0.00114837
-0.000415175
-5.02996e-05
-0.000285831
-1.40103e-05
-1.986e-05
6.76774e-05
-7.36341e-05
-5.38848e-06
-1.88842e-06
1.8233e-05
-1.87389e-05
-0.000156818
-0.00124761
-0.000217066
-0.00108054
-0.000287785
-0.000627486
-0.000371738
0.000137199
-0.000474532
0.00125242
-0.00059215
0.00276082
-0.000719958
0.00470176
-0.000850153
0.00709823
-0.000967692
0.00993443
-0.0010529
0.0131374
-0.0010815
0.0165593
-0.00102543
0.019979
-0.000865339
0.0231433
-0.000592423
0.0258028
-0.000216309
0.0277999
0.00023444
0.0290544
0.00071972
0.0295238
0.00118709
0.0291315
0.00157875
0.0277251
0.00183871
-9.3493e-06
8.17945e-06
-2.07461e-07
-1.0318e-05
-1.07964e-05
0.00118776
1.75041e-06
0.00355447
1.91302e-05
0.00590602
5.82197e-05
0.0081918
0.000124326
0.010329
0.000217795
0.0122087
0.000327682
0.0136966
0.000431784
0.014638
0.00050933
0.0148819
0.000543152
0.0143256
0.000524728
0.0129587
0.000462455
0.0108788
0.000312857
0.00821928
0.000128943
0.00522643
-1.12339e-05
-1.81419e-05
-0.00151069
0.00149932
-5.95144e-06
-1.40273e-05
-0.000781338
0.000747452
-8.8476e-08
-1.59137e-06
-1.96583e-05
-4.64304e-06
-0.000158631
0.00010274
-0.000179021
-4.18803e-05
0.000221778
-8.52911e-06
-2.13021e-05
-7.47952e-05
7.17115e-05
-7.5799e-05
7.63612e-05
-1.87145e-05
-1.93554e-05
-7.77308e-05
-1.21525e-05
-8.1669e-05
-1.34979e-05
-0.000304567
-1.01781e-05
-5.5796e-06
0.000345701
-9.41258e-06
-0.000837671
-2.66108e-05
-0.000110564
-0.00119461
-9.16596e-06
8.78469e-05
-9.32751e-05
-8.58225e-06
-1.3682e-05
2.12438e-05
-2.66322e-05
-0.000157308
-0.00130737
-0.000216186
-0.00115215
-0.000282898
-0.000716329
-0.000366573
2.92388e-05
-0.000463634
0.00112391
-0.000572403
0.00261327
-0.000688502
0.00454011
-0.000802696
0.00693324
-0.000901081
0.00978261
-0.000963553
0.0130195
-0.000964977
0.0164988
-0.000880451
0.0199941
-0.000690947
0.0232418
-0.00038957
0.0259761
1.08945e-05
0.0280235
0.000481518
0.0292926
0.000980257
0.0297307
0.00145283
0.0292574
0.00183976
0.00118951
1.92988e-06
0.00357167
1.73724e-05
0.00594686
5.58296e-05
0.00826029
0.000122254
0.0104246
0.000213553
0.0123228
0.000316919
0.0138115
0.000412685
0.0147347
0.000481716
0.0149434
0.000507317
0.014343
0.000488067
0.0129331
0.00039686
0.0107947
0.000244278
0.00810394
0.000109442
0.00513358
-5.43057e-06
-1.11573e-05
-0.00148581
0.00147953
-4.94533e-06
-4.63648e-06
-0.000733712
0.000727855
4.63407e-08
-1.40844e-07
-3.57499e-07
7.00315e-08
-7.68476e-05
7.67591e-05
-7.84389e-05
8.3082e-05
-4.18803e-05
6.31824e-05
-3.87846e-05
-4.21441e-05
-1.01382e-05
-9.80036e-05
-5.44956e-06
-9.39022e-05
-9.68113e-06
-0.000182462
0.000173443
7.83426e-08
-4.71948e-07
-3.84111e-05
-0.00087086
-3.89527e-05
-0.000202107
-1.59398e-06
-5.37104e-06
-0.00010152
-0.00125038
7.05859e-05
-1.24983e-07
-8.6123e-08
5.07e-05
-5.6761e-05
-2.52118e-06
-5.12596e-06
-0.000157075
-0.00136647
-0.000213443
-0.00122159
-0.000282601
-0.0008003
-0.000362406
-7.19891e-05
-0.000453305
0.00100481
-0.000553343
0.00247811
-0.000657787
0.00439521
-0.00075658
0.00678875
-0.000834734
0.0096538
-0.000872298
0.0129268
-0.000845192
0.0164635
-0.000730591
0.0200338
-0.000508408
0.0233607
-0.000176121
0.0261631
0.000252579
0.0282524
0.000745014
0.0295278
0.00125548
0.029928
0.00173304
0.00119144
1.66903e-06
0.00358737
1.7817e-05
0.00598487
5.70445e-05
0.0083255
0.000122356
0.0105158
0.000208439
0.0124313
0.000303365
0.0139208
0.000391695
0.0148247
0.000452399
0.0149983
0.000476781
0.0143543
0.000442583
0.0128874
0.000343865
0.0106952
0.000223507
0.00798988
0.000136907
0.00502509
-2.08561e-05
-7.56165e-06
-0.00147121
0.0014646
-2.89254e-06
4.06488e-06
-2.83677e-06
-0.000723354
0.000718737
-1.44351e-07
-1.84244e-07
-1.10086e-07
-2.51156e-08
-7.63307e-05
7.63771e-05
-7.64716e-05
7.64016e-05
-1.01382e-05
-6.12062e-05
-1.00446e-06
-3.01519e-07
-1.92241e-05
1.93025e-05
-1.9696e-05
-0.000212861
-1.33062e-05
-1.43483e-05
-2.25329e-05
-0.000934773
-1.50596e-05
-0.00022864
-1.5436e-05
-7.73474e-06
-2.129e-05
-2.66609e-05
-0.000101119
-0.00130634
-1.92163e-05
1.90913e-05
1.52641e-05
-1.77853e-05
-0.000158046
-0.00142187
-0.000215994
-0.00128821
-0.000282192
-0.000880517
-0.000358231
-0.000167063
-0.000442979
0.000894449
-0.000535297
0.00235563
-0.000627881
0.00426651
-0.000710202
0.00666422
-0.000767603
0.00954911
-0.000779752
0.0128613
-0.000723051
0.016456
-0.000573332
0.0200987
-0.000316491
0.023501
4.92826e-05
0.0263664
0.00050672
0.0284907
0.00102137
0.029762
0.00154911
0.00119311
2.09362e-06
0.00360309
1.93531e-05
0.00602256
5.90535e-05
0.0083888
0.00012163
0.0106026
0.000202192
0.0125325
0.000291279
0.0140212
0.000371742
0.0149054
0.000430544
0.0150445
0.00044529
0.0143515
0.000402818
0.0128284
0.000322604
0.0105961
0.000250683
0.0078761
0.000227119
0.00488753
-6.63394e-05
-2.32196e-05
-0.00145873
0.00144066
-2.5673e-06
-2.13432e-07
-5.18067e-07
-1.17199e-06
-0.000451136
0.000453063
-4.81953e-06
-0.000418366
-2.87057e-05
0.00029733
6.03062e-08
1.44715e-07
-7.60576e-05
7.59133e-05
-7.62419e-05
7.6267e-05
-1.87898e-05
-3.99669e-05
-4.39661e-05
-1.03487e-05
-0.000246017
-3.65679e-06
-1.49258e-06
-1.34223e-05
-0.000996852
-2.56124e-05
-0.000258121
-1.68883e-06
-1.26243e-06
-5.3869e-05
-5.53255e-06
-5.90965e-05
-2.50602e-06
-0.000114753
-0.00134962
-0.000160964
-0.0014769
-0.00021697
-0.00135342
-0.000281797
-0.000956949
-0.000353378
-0.00025666
-0.000434269
0.000793426
-0.000518455
0.00224621
-0.000598845
0.00415516
-0.000664486
0.0065611
-0.000700149
0.00946951
-0.00068476
0.0128231
-0.000595615
0.0164783
-0.000410326
0.0201926
-0.000116338
0.0236667
0.000284979
0.0265881
0.00077437
0.0287377
0.00131458
0.0011952
2.9212e-06
0.00361952
2.12675e-05
0.00606035
5.98909e-05
0.00845054
0.00011957
0.0106852
0.000195925
0.0126278
0.000278954
0.014114
0.000355885
0.01498
0.000407208
0.0150826
0.000413327
0.014341
0.000380818
0.0127702
0.000332531
0.0105142
0.000316696
0.00778653
0.000366555
0.00482279
-0.000193917
-0.000107897
-0.00142321
0.00137555
-1.39286e-05
-4.75352e-06
-4.9732e-06
-8.0222e-07
-0.00045181
0.00044959
-3.47619e-07
-0.000451978
-4.52094e-08
-0.000452405
-9.07554e-08
-5.1415e-07
-0.000267466
0.000264154
-1.50757e-06
1.1589e-06
7.59736e-05
7.61183e-05
-1.03487e-05
-6.2258e-05
-4.93339e-07
-6.34947e-05
-2.53865e-07
-0.00026978
-3.74395e-07
-1.38863e-06
-4.01814e-05
-0.00102556
-4.58616e-05
-0.00028642
-2.66943e-06
-6.30003e-06
-6.47897e-05
-3.9163e-07
-6.56694e-05
-3.8162e-07
-1.58811e-05
-1.83869e-05
-0.000112423
-0.00139818
-0.000159942
-0.00153394
-0.000218762
-0.00141647
-0.00027983
-0.0010305
-0.000350955
-0.000339969
-0.00042666
0.000701636
-0.000502298
0.00214967
-0.000570176
0.00406085
-0.000618885
0.00647984
-0.000631405
0.00941615
-0.000588079
0.0128155
-0.000464207
0.0165322
-0.00024106
0.0203173
9.43048e-05
0.0238573
0.000535063
0.0268275
0.00105767
0.00119812
3.75485e-06
0.00363703
2.2485e-05
0.00609775
5.95896e-05
0.00851052
0.000116534
0.0107646
0.000190197
0.0127166
0.000269521
0.0142003
0.000341571
0.0150457
0.000387053
0.0151089
0.000396711
0.0143251
0.000380255
0.0127225
0.000372244
0.0104587
0.000396821
0.00775626
0.000351674
0.00477178
-0.000118757
-0.000181909
-0.00132215
0.00126978
-8.76567e-05
-5.3889e-05
-3.77761e-05
-1.67173e-05
-0.000443397
0.000433866
-4.39771e-06
-0.000445633
-2.51734e-06
-0.000449142
-1.46423e-06
-3.54486e-07
-0.000263443
0.000263204
-1.08786e-07
-0.000263554
6.63491e-08
-0.000263829
1.83555e-07
-1.89228e-07
-7.72772e-05
7.57696e-05
-1.888e-05
-1.91336e-05
-6.61968e-05
1.52702e-07
-6.7392e-05
-1.93115e-07
-0.000297979
-1.00092e-05
-1.86128e-05
-3.8214e-05
-0.00107409
-2.56917e-05
-0.000304357
-1.9671e-05
-1.98127e-05
-6.93031e-05
-7.56857e-07
-7.3554e-05
-2.04829e-06
-1.95251e-05
-1.99067e-05
-0.000103019
-0.0014551
-0.000164348
-0.00158835
-0.000218165
-0.00147812
-0.000281192
-0.00110025
-0.00034946
-0.000417162
-0.000419738
0.000619082
-0.000486754
0.00206625
-0.000542196
0.00398417
-0.000572745
0.00642119
-0.000561636
0.00938972
-0.000487022
0.0128383
-0.000327036
0.0166182
-6.25438e-05
0.0204741
0.000315201
0.0240772
0.00079802
0.00120188
4.21821e-06
0.0036553
2.27753e-05
0.00613456
5.96539e-05
0.0085674
0.000114833
0.0108399
0.000185772
0.0128004
0.000262283
0.0142796
0.000326137
0.0151066
0.00036886
0.0151367
0.000387766
0.0143176
0.000394049
0.0127007
0.000405735
0.0104498
0.000367388
0.00774055
0.00019584
0.00464743
-1.39282e-05
-5.75604e-05
-0.00123789
0.00118148
-1.91379e-05
-4.32031e-05
-7.20667e-05
-7.79549e-05
-0.000383925
0.000353832
-5.75632e-05
-0.000404786
-3.30281e-05
-0.00042528
-1.72825e-05
-8.13078e-06
-0.000259248
0.0002555
-6.49362e-07
-0.000261437
-3.28655e-07
-0.000262774
-1.26829e-07
7.50288e-08
-7.58303e-05
7.57215e-05
-7.5764e-05
-7.55804e-05
-1.9754e-05
-1.9947e-05
-7.83752e-05
-5.18839e-06
-8.40526e-05
-1.29353e-05
-0.000320595
-1.39943e-05
-7.98408e-06
-1.75942e-05
-0.00113868
-2.08331e-05
-0.000335025
-6.78465e-06
-4.47788e-06
-8.87743e-05
-1.49484e-05
-9.41877e-05
-1.4399e-05
-2.07037e-05
-2.2752e-05
-0.000115091
-0.00150436
-0.0001662
-0.00164032
-0.00022114
-0.00153818
-0.000283109
-0.0011666
-0.000348478
-0.000488415
-0.000413383
0.000545718
-0.000472111
0.00199617
-0.000514453
0.00392588
-0.000526356
0.00638591
-0.000489932
0.00939263
-0.000383151
0.0128945
-0.000185084
0.0167407
0.000123904
0.0206654
0.000547799
0.0012061
4.41832e-06
0.00367366
2.32373e-05
0.00617098
5.91743e-05
0.00862306
0.000114373
0.0109113
0.00018211
0.0128805
0.000252479
0.0143533
0.000313617
0.0151618
0.000358595
0.0151659
0.000384627
0.0143271
0.000403134
0.0127033
0.000376668
0.0104405
0.000274821
0.00766157
9.47164e-05
0.00456526
-6.56603e-07
-1.18903e-05
-0.00113632
0.00112353
5.95668e-07
-1.73451e-06
-2.34652e-06
-1.00564e-05
-0.000289999
0.000277478
-6.61679e-06
-0.000313423
-1.97785e-05
-0.000334745
-5.07451e-05
-5.88677e-05
-0.000210661
0.000173527
-2.0429e-05
-0.000234604
-9.08582e-06
-0.000248691
-3.19518e-06
-1.32182e-06
-7.53411e-05
7.46917e-05
-7.56697e-05
-7.57965e-05
-2.79404e-05
-4.08756e-05
-0.000100447
-7.73496e-06
-0.000104117
-4.31493e-06
-0.000347019
-3.7288e-06
-1.87003e-06
-2.4565e-05
-0.001188
-4.1208e-05
-0.00036025
-7.60329e-06
-0.000107875
-3.02808e-06
-0.000109929
-2.42388e-06
-4.50983e-05
-1.07251e-05
-5.40178e-05
-5.47923e-06
-0.000124125
-0.00154643
-0.000167654
-0.00169379
-0.000224116
-0.00159716
-0.000285661
-0.00122941
-0.000348034
-0.000553757
-0.000408311
0.000481925
-0.000458234
0.00193996
-0.000486814
0.00388635
-0.000478777
0.00637476
-0.000415462
0.00942495
-0.000274985
0.0129844
-3.46267e-05
0.0168992
0.000320561
0.00121052
4.73414e-06
0.00369216
2.33813e-05
0.00620677
6.00861e-05
0.00867734
0.000113096
0.0109803
0.000175204
0.0129578
0.000242647
0.0144243
0.000302178
0.0152182
0.000348494
0.015202
0.000381206
0.014349
0.000374842
0.0127051
0.000318079
0.0103972
0.0001817
0.00757458
5.35903e-05
0.00451696
-1.02252e-06
-4.2698e-06
-0.00111186
0.0011108
4.32162e-07
-2.84455e-08
6.03641e-07
-8.23422e-07
-0.000265835
0.000266263
1.67518e-07
-0.000267425
-1.43926e-07
-0.000269254
-5.17304e-07
-1.83273e-06
-8.47961e-05
7.81793e-05
-0.000104575
-0.00015532
-4.06599e-05
-6.10889e-05
4.06599e-05
-7.01747e-05
-7.33699e-05
-5.96492e-05
-2.10379e-06
-6.29925e-05
-9.72123e-07
-0.000111374
-2.28357e-06
-0.000105301
-7.94258e-06
-0.000373074
-1.17436e-05
-4.67857e-05
-0.00121515
-5.01838e-05
-0.000388301
-2.59816e-05
7.75427e-05
-0.000190227
-1.98628e-07
-2.19843e-08
-6.54375e-05
-5.84007e-07
-6.73289e-05
-5.32925e-07
-1.07251e-05
-1.62043e-05
-0.000117515
-0.00159657
-0.000168078
-0.00174983
-0.000228569
-0.00165425
-0.000288562
-0.00128887
-0.0003492
-0.000612862
-0.000404202
0.0004279
-0.00044511
0.00189826
-0.000458851
0.00386642
-0.000429852
0.00638916
-0.000337997
0.00948796
-0.000161249
0.013111
0.000122645
0.00121525
4.96773e-06
0.00371057
2.45443e-05
0.00624231
6.02375e-05
0.0087302
0.000110172
0.0110454
0.00017061
0.0130298
0.000233551
0.0144929
0.000294848
0.0152719
0.000339307
0.0152439
0.000357805
0.014366
0.00033659
0.0126866
0.000249071
0.0103298
0.000125028
0.00750314
3.88133e-05
0.00448137
-1.15558e-06
-2.06699e-06
-0.00110669
0.00110575
3.06861e-08
-1.05608e-07
3.25605e-07
-4.88412e-07
-0.000265844
0.00026619
8.63267e-08
-0.000265846
-2.66637e-08
-0.000265276
3.37464e-08
1.63469e-07
-7.56854e-05
7.58529e-05
-7.58293e-05
-7.63466e-05
-1.83082e-05
-1.92804e-05
-6.93543e-05
-2.57847e-07
2.46048e-07
-0.000201354
-4.17074e-08
-5.76416e-07
-0.000394991
-4.00935e-05
-3.80374e-05
-0.00126719
-2.74345e-05
-0.000404896
-4.02769e-05
-0.000220051
-5.63774e-06
-1.64754e-06
2.04311e-05
-2.06298e-05
2.04092e-05
-1.98645e-05
-2.03974e-05
-0.000110512
-0.00165413
-0.000174834
-0.00180356
-0.000233627
-0.00170918
-0.00029331
-0.00134476
-0.000351366
-0.000665689
-0.000401449
0.000384247
-0.000431936
0.00187136
-0.000430111
0.00386669
-0.000378989
0.00643015
-0.00025713
0.00958385
-4.1463e-05
0.00122022
5.40698e-06
0.00372971
2.47143e-05
0.00627783
5.91155e-05
0.00878126
0.000106278
0.0111097
0.000166886
0.0130965
0.00022586
0.0145619
0.000281305
0.0153299
0.000319217
0.0152825
0.000328428
0.0143742
0.000286522
0.0126491
0.000194745
0.0102601
0.000100287
0.00744167
4.05664e-05
0.00444403
-2.58727e-06
-6.38214e-07
-0.00110386
0.00110274
-1.95081e-08
-1.68292e-08
4.82572e-09
-1.83519e-07
-0.000265941
0.000265863
1.08451e-07
-0.000265986
-6.05045e-08
-0.000265627
-3.34072e-08
7.49255e-08
-7.60235e-05
7.61098e-05
-7.60501e-05
-7.60164e-05
-2.06552e-05
-2.06716e-05
-2.12481e-05
-0.000230515
-1.38769e-05
-1.57507e-05
-0.000419982
-2.2951e-05
-2.24482e-05
-0.00133144
-2.38106e-05
-0.000432932
-1.44847e-05
-0.000246198
-8.19957e-06
-1.63927e-05
2.28957e-05
-2.85334e-05
-0.000121934
-0.00170702
-0.000183523
-0.00185366
-0.000240066
-0.00176242
-0.000298748
-0.00139737
-0.000355515
-0.000711616
-0.000398733
0.000351049
-0.000418387
0.00185963
-0.000400305
0.00388802
-0.000325729
0.00649876
-0.000171526
0.00122562
5.40744e-06
0.00374901
2.48409e-05
0.00631211
5.7386e-05
0.00883015
0.00010351
0.0111731
0.000158135
0.0131642
0.000216463
0.0146267
0.000267761
0.0153813
0.000304546
0.0153064
0.000297968
0.0143627
0.000244717
0.0125992
0.00016904
0.0101914
0.00010411
0.00737813
5.78098e-05
0.00439148
-5.27836e-06
1.83397e-08
-0.00110202
0.00109956
-2.85257e-07
1.62611e-07
3.47854e-08
4.51062e-08
-0.000265843
0.000265734
8.93749e-08
-0.000265678
-1.81714e-07
-0.000265609
-6.41372e-08
7.0587e-08
-7.60908e-05
7.61993e-05
-7.61513e-05
-7.61847e-05
-4.24101e-05
-4.71257e-05
-1.10345e-05
-0.000263092
-4.44541e-06
-1.61215e-06
-0.000445627
-9.75054e-06
-2.65607e-05
-0.00138591
-4.08979e-05
-0.000458421
-1.10142e-05
-0.000274944
-9.00924e-07
-1.73072e-06
5.77403e-05
-6.33289e-05
-2.61038e-06
-5.77768e-06
-0.000139748
-0.00175079
-0.00018893
-0.00190479
-0.000245047
-0.00181611
-0.000306862
-0.00144601
-0.000359401
-0.000750937
-0.000395566
0.000328241
-0.00040444
0.00186378
-0.000368962
0.00393125
-0.00026876
0.00123103
5.23785e-06
0.00376861
2.35804e-05
0.00634591
5.55218e-05
0.00887813
9.94478e-05
0.0112318
0.000152344
0.0132283
0.000210004
0.0146845
0.000258813
0.0154271
0.000277583
0.0153268
0.000267344
0.0143401
0.000222244
0.012546
0.000171273
0.0101242
0.000131445
0.00730449
0.000107634
0.00430178
-1.60385e-05
-1.88929e-06
-0.00109948
0.00109434
-4.84314e-07
3.45618e-07
-2.05475e-08
1.148e-07
-0.000265948
0.000265669
-6.75205e-09
-0.000265715
-7.01619e-08
-0.000265648
-3.22238e-08
1.30608e-07
-7.6024e-05
7.61134e-05
-7.62057e-05
-7.62698e-05
-1.10345e-05
-6.69729e-05
-8.01181e-07
-6.82039e-05
-3.81285e-07
-0.000283752
-5.10389e-07
-4.31132e-07
-0.000471153
-1.3828e-05
-5.15369e-05
-0.00141727
-5.68523e-05
-0.000486365
-2.56856e-05
-0.000292976
-1.05309e-06
-7.35596e-07
6.96216e-05
-7.03079e-05
-2.14494e-07
-3.13132e-07
1.68121e-05
-1.94224e-05
-0.000141571
-0.00179815
-0.000189845
-0.00195998
-0.00025503
-0.00186793
-0.000314296
-0.00149111
-0.000362547
-0.000783952
-0.000392873
0.000316685
-0.000389952
0.00188478
-0.000335699
0.00123627
5.32452e-06
0.00378687
2.29326e-05
0.0063785
5.34541e-05
0.00892413
9.58752e-05
0.0112882
0.000147185
0.0132912
0.000200252
0.014743
0.000240202
0.0154645
0.00026071
0.0153334
0.000247207
0.0143151
0.000222983
0.0124942
0.000198965
0.0100567
0.000192747
0.00721938
0.000222713
0.0041628
-6.51576e-05
-1.85708e-05
-0.00109244
0.00107774
-1.51278e-06
1.71103e-07
-2.55436e-07
2.67782e-07
-0.000266042
0.000265568
-1.08191e-08
-0.000265675
-2.11655e-08
-0.000265675
-2.07223e-08
1.08664e-07
-7.61415e-05
7.61347e-05
-7.62117e-05
-7.6244e-05
-2.02236e-05
-2.06049e-05
-7.08657e-05
4.77865e-08
-7.11619e-05
-1.34344e-07
-0.000304554
-4.78144e-07
-1.7715e-06
-0.000495241
-4.26585e-05
-5.45153e-05
-0.00146036
-4.39635e-05
-0.000503051
-4.90416e-05
-0.000320936
-6.68328e-06
-2.61964e-06
7.17519e-05
-7.25981e-05
-2.06256e-07
-1.45181e-07
2.0918e-05
-2.11325e-05
-0.000131401
-0.00185659
-0.000200028
-0.00201499
-0.000264696
-0.00191753
-0.000320473
-0.00153318
-0.000366985
-0.000809834
-0.000390318
0.000317055
-0.000374466
0.00124159
5.08761e-06
0.00380471
2.20144e-05
0.00640994
5.18119e-05
0.00896819
9.31392e-05
0.0113423
0.000142946
0.0133485
0.000192148
0.0147911
0.000229623
0.0154955
0.000245845
0.0153348
0.000247512
0.0142906
0.000242682
0.0124505
0.000250242
0.0099992
0.000296971
0.00714512
0.000358239
0.00410466
-0.000180337
-0.000119768
-0.00106136
0.00100725
-8.95864e-06
-2.08568e-06
-2.39599e-06
2.07451e-07
-0.000265719
0.000264267
-6.04599e-08
-0.000265394
-1.54152e-07
-0.000265633
-1.58985e-08
2.02682e-07
-7.62014e-05
7.61906e-05
-7.62227e-05
-7.62434e-05
-2.10846e-05
-2.12189e-05
-7.30561e-05
-1.98411e-08
-7.44938e-05
-3.33656e-07
-0.000332847
-1.09372e-05
-1.98092e-05
-0.000516005
-4.15601e-05
-4.02042e-05
-0.00152202
-2.95288e-05
-0.000529612
-3.03562e-05
-0.000338118
-2.20069e-05
-2.17624e-05
7.63778e-05
-8.09689e-05
-2.092e-06
-7.35648e-07
2.13641e-05
-2.15702e-05
-0.000141255
-0.00191536
-0.000211716
-0.00206796
-0.000271257
-0.00196674
-0.000328562
-0.00157159
-0.000371965
-0.000828171
-0.000387525
0.00124668
5.47308e-06
0.00382126
2.18386e-05
0.00643991
5.06411e-05
0.00901069
9.37546e-05
0.0113915
0.000138923
0.0134017
0.000182067
0.0148386
0.00022028
0.0155211
0.000242253
0.01534
0.000259861
0.0142734
0.000279063
0.0124217
0.00032322
0.00997295
0.000359734
0.00714363
0.000298042
0.00400489
-5.32447e-05
-0.000145022
-0.00093599
0.000878454
-6.47702e-05
-5.80307e-05
-3.50636e-05
-1.34493e-05
-0.000260693
0.000253049
-1.31427e-06
-0.000262375
-4.03279e-07
-0.000264421
-3.5021e-07
5.31297e-08
-7.62232e-05
7.61627e-05
-7.63774e-05
-7.63933e-05
-2.159e-05
-2.19237e-05
-8.62237e-05
-5.68198e-06
-9.22212e-05
-1.38114e-05
-0.000354476
-1.61612e-05
-9.04046e-06
-0.000543456
-2.63594e-05
-7.70516e-05
-0.00158623
-0.000532462
-4.05219e-05
-0.000372529
-4.48136e-06
-7.82065e-06
9.75666e-05
-0.000103992
-1.55816e-05
-1.64167e-05
2.26593e-05
-2.47512e-05
-0.000157756
-0.00196932
-0.000219041
-0.00212017
-0.000280102
-0.00201519
-0.000337183
-0.00160636
-0.000377258
0.00125215
4.9123e-06
0.00383818
2.16009e-05
0.00646895
5.07959e-05
0.00905365
8.92285e-05
0.0114412
0.00013406
0.0134497
0.000177931
0.014881
0.000213874
0.0155495
0.000248231
0.0153517
0.000281028
0.0142715
0.000320796
0.0124241
0.000349678
0.00998301
0.000325641
0.00711603
0.000132254
0.0038943
-1.68227e-06
-1.99819e-05
-0.000805005
0.000759093
-1.20897e-06
-6.1234e-06
-1.91577e-05
-5.24149e-05
-0.000179719
0.000155883
-4.09345e-05
-0.00021687
-2.08797e-05
-0.000242758
-9.17573e-06
-3.15812e-06
-7.54623e-05
7.41481e-05
-7.58656e-05
-7.62159e-05
-3.04331e-05
-4.42444e-05
-0.000110998
-9.15444e-06
-0.000114866
-5.17226e-06
-0.000391412
-4.25497e-06
-3.22099e-06
0.000428874
-2.4216e-06
-0.00102923
-6.73286e-06
-0.000103556
-0.00164042
-4.67382e-07
-2.59262e-06
0.000119391
-0.000121767
-2.10497e-06
-3.29593e-06
4.91201e-05
-5.88218e-05
-5.8796e-06
-1.15408e-05
-0.00016904
-0.0020193
-0.00022517
-0.00217508
-0.000288324
-0.00206403
-0.000346774
0.00125707
5.07334e-06
0.00385471
2.16944e-05
0.00649805
4.92637e-05
0.00909361
8.71442e-05
0.0114881
0.000129833
0.0134978
0.000174276
0.0149206
0.000219482
0.0155782
0.000259892
0.0153728
0.000298992
0.0142933
0.000331106
0.0124427
0.000326746
0.0099819
0.000214493
0.00703379
5.65389e-05
0.00384092
7.50013e-07
-3.90656e-06
-0.000739455
0.000737491
2.75168e-07
6.32802e-09
1.65042e-07
-5.0914e-07
-7.81873e-05
7.69784e-05
-8.43108e-05
-0.000103468
-4.09345e-05
-6.18142e-05
-7.099e-05
-6.53835e-05
-2.59264e-06
-6.93758e-05
-1.17976e-06
-0.000124462
-1.55967e-06
-0.000126027
-1.65594e-06
-0.00020803
0.000119152
8.63904e-05
1.24408e-07
-5.81138e-08
-1.16006e-05
-0.00108969
-3.14906e-05
-0.000214425
-1.10235e-07
-2.26076e-07
-0.000128589
-0.00168086
0.000126337
-7.65304e-06
-2.28155e-06
7.2098e-05
-7.37832e-05
-4.19611e-07
-5.73634e-07
1.15408e-05
-1.74204e-05
-0.000167344
-0.00207712
-0.000228587
-0.00223481
-0.000299294
0.00126214
5.60019e-06
0.0038708
2.10698e-05
0.00652625
4.87162e-05
0.00913204
8.44275e-05
0.0115335
0.00012719
0.0135449
0.000172744
0.0149673
0.000219272
0.0156189
0.000266959
0.0154048
0.000305381
0.014319
0.000314616
0.0124548
0.000254658
0.00994174
0.000126312
0.00696402
3.01828e-05
0.00381236
3.50632e-07
-1.98015e-06
-0.000733493
0.00073413
1.18302e-07
-4.29278e-09
1.12976e-07
-2.20131e-08
-7.66406e-05
7.69158e-05
-7.66343e-05
-7.64693e-05
-2.0013e-05
-2.11927e-05
-7.50703e-05
-2.72313e-07
-7.63438e-05
-3.82181e-07
7.82746e-05
4.62942e-07
-2.26036e-05
2.2728e-05
-2.26616e-05
-0.000225153
-1.50028e-07
-7.19746e-07
-4.99299e-05
-0.00111976
-4.85787e-05
-0.000248524
-1.88791e-06
-6.23005e-06
-2.27718e-05
-2.29978e-05
-0.000108737
-0.00173945
-3.50626e-07
2.17664e-05
-2.21859e-05
-0.000160239
-0.00214545
-0.000237625
0.00126774
5.17352e-06
0.0038867
2.03764e-05
0.00655459
4.75258e-05
0.00916894
8.11784e-05
0.0115795
0.000125172
0.0135925
0.000174501
0.0150121
0.000221905
0.0156639
0.000265259
0.015445
0.000289952
0.0143437
0.000268307
0.0124412
0.000180712
0.00988734
7.74264e-05
0.00691678
2.74429e-05
0.00378667
-4.82353e-07
-1.2689e-06
-0.000732174
0.000732557
3.37853e-08
-6.59791e-08
2.45277e-08
-4.93527e-08
-7.70024e-05
7.71207e-05
-7.70067e-05
-7.68938e-05
-2.24582e-05
-2.28403e-05
2.31909e-05
-2.31476e-05
-2.38671e-05
-0.000264653
-1.55906e-05
-1.82094e-05
-2.959e-05
-0.0011842
-1.4697e-05
-0.000284499
-1.90196e-05
-9.70938e-06
-2.57549e-05
-3.19849e-05
-8.70441e-05
-0.00181263
-0.000165416
0.00127291
3.91085e-06
0.00390316
2.11282e-05
0.00658099
4.358e-05
0.00920654
8.23578e-05
0.0116223
0.000123086
0.0136439
0.000171315
0.0150627
0.000220102
0.0157091
0.000254927
0.01548
0.000256518
0.0143555
0.000207276
0.0124146
0.000124548
0.00984021
5.6503e-05
0.00688771
2.68961e-05
0.00163224
6.94231e-07
-1.19753e-06
0.00212803
-0.000731309
0.000730872
1.46893e-09
-4.81495e-08
8.56483e-09
-3.07604e-08
-7.70298e-05
7.70636e-05
-7.70958e-05
-7.70713e-05
-4.75754e-05
-5.34321e-05
-1.23524e-05
-0.000306362
-5.55885e-06
-2.1636e-06
-1.11785e-05
-0.00125173
-8.3225e-06
-0.000317847
-2.16297e-06
-1.046e-06
-6.58238e-05
-6.62714e-06
-7.24076e-05
-3.1247e-06
-8.75707e-05
0.00127682
5.03256e-06
0.00391926
2.01088e-05
0.00660446
4.57127e-05
0.00924319
7.91134e-05
0.0116663
0.000125742
0.0136894
0.000171935
0.0151108
0.000209402
0.0157546
0.000234643
0.0155019
0.000215446
0.0143473
0.000160609
0.0123786
9.21463e-05
0.00980457
4.58668e-05
0.00686874
9.97411e-05
9.77559e-06
0.00152026
2.45865e-06
-0.000729623
0.000429868
1.40542e-07
-1.37231e-07
0.000300445
5.51145e-08
-4.54554e-09
-2.02277e-05
0.002248
-7.69931e-05
7.69945e-05
-7.70413e-05
-7.70328e-05
-1.23523e-05
-7.69501e-05
-1.01537e-06
-7.8655e-05
-4.57421e-07
-0.000327447
-9.03683e-07
-6.7317e-07
-8.03521e-06
-1.04784e-05
-0.000333995
-9.26063e-07
-8.44347e-07
-8.03964e-05
-4.19932e-07
-8.11264e-05
-3.14906e-07
-1.89793e-05
-2.21039e-05
0.00128186
4.68117e-06
0.00393469
1.95381e-05
0.00663063
4.53709e-05
0.00927693
7.65772e-05
0.0117155
0.000116444
0.0137449
0.000159746
0.0151605
0.000197924
0.0157913
0.000200396
0.0155169
0.000175979
0.0143319
0.000123957
0.0123468
7.17481e-05
0.00977868
-1.58125e-05
2.02551e-05
0.00684407
0.000461355
-2.17117e-05
3.42353e-05
0.00149807
-6.39755e-06
-5.64341e-06
0.000467113
-3.29969e-06
-7.69076e-05
7.7048e-05
-7.70449e-05
0.000276053
2.68013e-06
-7.69899e-05
0.00226642
-2.31191e-05
-2.35762e-05
-8.19599e-05
-6.963e-08
-8.25361e-05
-9.62267e-08
-0.000340814
-5.03562e-07
-7.08704e-07
-0.000349306
-8.51205e-07
-1.13077e-06
-8.32168e-05
-2.44374e-07
-8.3805e-05
-2.55036e-07
-2.39959e-05
-2.43107e-05
0.00128654
4.55038e-06
0.00394967
1.88675e-05
0.00665713
4.23974e-05
0.00931111
8.0867e-05
0.011751
0.000117621
0.0137871
0.000153841
0.0152046
0.000170375
0.0158213
0.000173871
0.015519
0.000143381
0.0143125
9.90917e-05
0.0123194
5.33479e-05
0.00974559
-5.7539e-06
2.06282e-05
0.00682724
1.95932e-06
8.58212e-06
-3.67534e-06
0.00149579
-2.6283e-06
-0.000464305
0.000461442
-3.53515e-06
-2.83602e-06
0.000273332
-5.7964e-07
7.97281e-05
0.00226925
-2.43802e-05
-2.44763e-05
-8.43033e-05
-4.20679e-09
-8.48875e-05
-1.23315e-07
-6.02971e-07
-8.55153e-05
-2.22145e-07
-8.63628e-05
-2.82176e-07
-2.47205e-05
-2.49754e-05
0.00129109
4.41336e-06
0.00396413
1.82091e-05
0.00668132
4.17639e-05
0.00935021
7.33349e-05
0.0117953
0.000110907
0.01383
0.000142658
0.0152323
0.000161989
0.0158332
0.000147294
0.0155151
0.000122796
0.0142888
8.53899e-05
0.0122874
5.51881e-05
0.00971103
2.82985e-05
0.00679155
-1.69728e-07
7.55996e-06
1.64274e-06
0.00226957
0.000459932
-2.1645e-06
0.00149696
4.94524e-07
-2.01244e-08
0.000458637
-1.33417e-06
-0.000271427
0.000268901
-1.01018e-06
-9.3044e-07
7.91484e-05
-2.49794e-05
-2.51025e-05
-6.18339e-08
-2.53244e-05
-2.56064e-05
0.0012955
4.27879e-06
0.00397806
1.80794e-05
0.00670501
4.12125e-05
0.00938233
6.81004e-05
0.0118381
0.000103415
0.0138692
0.000124791
0.0152695
0.000133304
0.0158472
0.000132071
0.0155058
0.000107379
0.0142668
8.75709e-05
0.012255
7.09445e-05
0.00966839
5.81047e-05
0.00674155
-1.12839e-05
3.18069e-06
-0.0022726
0.00226871
3.71798e-06
4.53204e-06
0.000267294
-5.56884e-07
0.00149846
1.82052e-06
1.20546e-06
-0.000458664
0.000458857
3.02091e-07
-4.70063e-08
0.000266436
-4.76576e-07
-7.82179e-05
7.72077e-05
0.00129978
4.32846e-06
0.00399181
1.79994e-05
0.00672822
4.08953e-05
0.00940954
7.137e-05
0.0118702
9.53798e-05
0.0138987
0.000114577
0.0152882
0.000123345
0.0158559
0.00011981
0.0154934
0.000113169
0.0142412
0.000111602
0.0122143
0.000104126
0.00962236
0.000112321
0.00666917
-3.4159e-05
-5.78932e-06
-0.00226979
0.0022607
-2.19915e-06
2.1025e-06
0.00149992
8.06273e-07
1.45189e-06
7.66508e-05
0.000460095
5.83159e-07
0.000460549
7.51271e-07
-0.0002665
0.000266683
1.18626e-07
-1.10274e-07
7.61743e-05
0.00130411
4.40609e-06
0.0040054
1.56686e-05
0.00675345
3.68732e-05
0.00944404
6.05876e-05
0.011905
8.47289e-05
0.0139285
0.000103608
0.015308
0.000120097
0.0158556
0.000124596
0.015482
0.000132212
0.0142206
0.000140886
0.0121776
0.00017041
0.00956427
0.000208345
-8.86905e-05
-3.34524e-05
-0.00225862
0.00223736
-1.29056e-05
-3.70717e-06
-0.00150015
0.00149714
-3.67166e-07
1.17544e-06
1.34488e-06
5.35413e-07
-0.000461228
0.000461648
3.86782e-07
7.73236e-07
0.000267058
2.08973e-07
0.000267639
1.70274e-07
-7.6064e-05
7.61827e-05
0.00130851
4.25806e-06
0.00401681
1.75513e-05
0.00677277
3.5668e-05
0.00946895
5.64191e-05
0.0119333
7.74482e-05
0.0139547
0.00010367
0.0153244
0.000115775
0.0158645
0.000132917
0.0154813
0.000159326
0.0142021
0.000200693
0.0121473
0.000254417
-0.00222562
-4.58337e-05
-2.17046e-05
-0.00149313
0.00148155
-2.11888e-06
7.98012e-07
1.20518e-06
-9.07289e-07
-0.000463064
0.00046265
4.60404e-08
-0.000462359
4.70502e-07
0.000462546
4.46574e-07
7.22471e-07
-0.000268286
0.000268547
1.26781e-07
1.26196e-07
7.63917e-05
7.65621e-05
0.00131277
4.28256e-06
0.00403008
1.47932e-05
0.00679364
3.39861e-05
0.00949139
5.5219e-05
0.0119555
7.64006e-05
0.0139819
9.8233e-05
0.0153419
0.00012242
0.015875
0.000159451
0.0154811
0.000207291
0.0141955
0.000260653
-0.00146398
-1.00071e-05
-1.78622e-06
1.95711e-07
-4.33517e-06
-0.000463171
0.000461514
-4.63495e-07
-0.000462573
1.99492e-07
0.000463694
1.6091e-07
2.13471e-07
-0.000269756
0.000269754
4.71004e-08
-0.00026934
5.42908e-08
0.000268746
2.4763e-07
1.28739e-07
-7.66883e-05
7.68151e-05
0.00131705
2.91971e-06
0.00404195
1.38e-05
0.00681382
3.22835e-05
0.00951432
5.23218e-05
0.0119796
7.74603e-05
0.0140027
0.000101514
0.0153628
0.000143246
0.0158912
0.000186904
0.0155015
0.000244055
-0.000457704
0.00045073
-3.03331e-06
-0.000458385
-1.10623e-06
0.000462004
-2.94848e-07
-7.1602e-07
-0.000270066
0.000269641
-3.87207e-08
-0.000269878
1.09253e-08
0.000269746
1.68956e-07
8.09186e-08
-7.72458e-05
7.72928e-05
-7.71915e-05
7.70628e-05
0.00131997
3.72585e-06
0.00405203
1.32376e-05
0.00683288
2.57798e-05
0.00954087
4.78146e-05
0.0120092
7.58118e-05
0.0140284
0.000113978
0.0153921
0.000159606
0.0159185
0.000217054
-4.77257e-06
-0.00026772
0.000265035
-3.48314e-07
-0.000268669
-1.57918e-07
0.00026932
2.52024e-08
-6.51979e-08
-7.75535e-05
7.75145e-05
-7.75426e-05
7.74617e-05
0.0013237
2.471e-06
0.00406279
1.41303e-05
0.00684452
2.87227e-05
0.00955995
5.12229e-05
0.0120338
8.43793e-05
0.014058
0.000128212
0.0154235
0.000179248
-6.91363e-07
-7.73165e-05
7.69681e-05
-7.74745e-05
7.75397e-05
0.00132617
3.28678e-06
0.00407364
1.13568e-05
0.0068619
2.7274e-05
0.00958391
5.48648e-05
0.0120633
8.91837e-05
0.014097
0.000131328
0.00132946
2.53947e-06
0.00408246
1.28345e-05
0.00687633
2.93347e-05
0.00960943
5.52133e-05
0.0120973
9.46571e-05
0.001332
3.0055e-06
0.00409229
1.22925e-05
0.00689338
3.26038e-05
0.00963205
5.91155e-05
0.001335
3.232e-06
0.00410135
1.20486e-05
0.00691392
3.02905e-05
0.00133824
2.65304e-06
0.00411074
1.43898e-05
0.00134089
2.53623e-06
)
;

boundaryField
{
    inlet
    {
        type            calculated;
        value           nonuniform List<scalar> 
50
(
-0.00989863
-0.00996967
-0.0100333
-0.0100457
-0.0100306
-0.0100132
-0.0100022
-0.0099975
-0.0099969
-0.0099983
-0.0100006
-0.010003
-0.010005
-0.010007
-0.010008
-0.010011
-0.010013
-0.010014
-0.010015
-0.010016
-0.010017
-0.010019
-0.01002
-0.010024
-0.010031
-0.010043
-0.01006
-0.010068
-0.010042
-0.009957
-0.00986
-0.009815
-0.009864
-0.009942
-0.009978
-0.009992
-0.010001
-0.010008
-0.010013
-0.010016
-0.010018
-0.010018
-0.010018
-0.010018
-0.010016
-0.010014
-0.010013
-0.010012
-0.010012
-0.010012
)
;
    }
    outlet
    {
        type            calculated;
        value           nonuniform 0();
    }
    wall
    {
        type            calculated;
        value           uniform 0;
    }
    front
    {
        type            empty;
        value           nonuniform 0();
    }
    back
    {
        type            empty;
        value           nonuniform 0();
    }
    vanem
    {
        type            calculated;
        value           uniform 0;
    }
    vaneu
    {
        type            calculated;
        value           uniform 0;
    }
    vanel
    {
        type            calculated;
        value           nonuniform 0();
    }
    procBoundary2to0
    {
        type            processor;
        value           nonuniform List<scalar> 5(5.04827e-08 3.29022e-07 7.97351e-07 5.9161e-07 8.30941e-08);
    }
    procBoundary2to3
    {
        type            processor;
        value           nonuniform List<scalar> 
58
(
0.00128699
0.00328208
0.00611886
0.00966849
0.0136984
0.0178762
0.0218203
0.0251809
0.027724
0.0293641
0.0301119
0.0299965
0.0289946
0.0270871
0.0243274
0.0208927
0.0170972
0.0132751
0.00971392
0.006596
0.0039982
0.00192356
0.000330127
-0.000838427
-0.00163684
-0.0021115
-0.00229646
-0.00221764
-0.00189045
-0.00132077
0.00658297
0.0095182
0.012141
0.0142121
0.0155285
0.0159563
0.0154714
0.0141337
0.0121328
0.00966086
0.00692982
0.00412259
0.00134342
7.97216e-06
1.21177e-05
-0.000359321
-1.49135e-06
8.76836e-06
0.00142994
0.000220946
2.32981e-06
-2.56681e-05
0.000446735
0.00218276
3.92539e-05
7.62768e-05
-8.6903e-05
0.000260954
)
;
    }
}


// ************************************************************************* //
