/*--------------------------------*- C++ -*----------------------------------*\
| =========                 |                                                 |
| \\      /  F ield         | OpenFOAM: The Open Source CFD Toolbox           |
|  \\    /   O peration     | Version:  v1912                                 |
|   \\  /    A nd           | Website:  www.openfoam.com                      |
|    \\/     M anipulation  |                                                 |
\*---------------------------------------------------------------------------*/
FoamFile
{
    version     2.0;
    format      ascii;
    class       volScalarField;
    location    "110";
    object      p;
}
// * * * * * * * * * * * * * * * * * * * * * * * * * * * * * * * * * * * * * //

dimensions      [0 2 -2 0 0 0 0];


internalField   nonuniform List<scalar> 
3673
(
0.00410126
0.00436566
0.00388463
0.00462461
0.00413937
0.00367568
0.00485214
0.00439108
0.00392505
0.0034788
0.00505608
0.00461571
0.00416902
0.0037221
0.00329535
0.00522559
0.00482002
0.0043878
0.0039652
0.00353451
0.00311685
0.00534928
0.00498973
0.00459049
0.00418255
0.00377009
0.00335076
0.00294962
0.00541231
0.00511416
0.0047627
0.00437825
0.00397867
0.00357967
0.00317879
0.00279142
0.00540726
0.00518238
0.00489221
0.0045476
0.00417329
0.00378712
0.00340513
0.00301752
0.00263836
0.00533668
0.00518886
0.00497285
0.00468319
0.0043419
0.00397826
0.00360825
0.00323774
0.00285801
0.00249743
0.00521032
0.00512594
0.00499832
0.00477314
0.0044727
0.00414163
0.00379297
0.0034359
0.00307688
0.00271333
0.00236111
0.00504739
0.00499355
0.004965
0.00481595
0.00456355
0.00427061
0.00395189
0.0036183
0.00327277
0.002926
0.00257293
0.00223295
0.00489906
0.00478304
0.00487975
0.00481694
0.00461122
0.00435469
0.00407348
0.0037699
0.00344747
0.00311349
0.00278275
0.0024398
0.00210566
0.00484041
0.00450293
0.004739
0.00478227
0.00461479
0.00439026
0.00415131
0.00388555
0.00359736
0.00328778
0.00297101
0.00264505
0.00231137
0.00199028
0.00424907
0.0045997
0.00489075
0.00450176
0.0047304
0.00457923
0.00437957
0.00418006
0.00395833
0.00371244
0.00343403
0.00313796
0.00282487
0.00251165
0.00219173
0.00188056
0.00418575
0.00394614
0.00444448
0.00462342
0.00477807
0.00493407
0.00465694
0.00450958
0.00432016
0.004158
0.00398209
0.00377992
0.00353982
0.00327499
0.00298817
0.0026903
0.00238789
0.0020766
0.00177883
0.00450789
0.00433195
0.00392189
0.00388388
0.00449823
0.00444846
0.00461395
0.00474053
0.00487085
0.00459397
0.00441782
0.00421693
0.00408977
0.00395664
0.00379831
0.00360297
0.00337814
0.00312473
0.00285084
0.0025623
0.00227057
0.00197194
0.00168321
0.00426789
0.0042449
0.00433475
0.0043043
0.00347541
0.0037004
0.00439848
0.0045411
0.0043362
0.00442606
0.00451553
0.00473262
0.00466428
0.00487346
0.00455797
0.00408348
0.00398253
0.00388767
0.00376807
0.00361861
0.00343755
0.00322477
0.00298167
0.00271664
0.00244204
0.00216072
0.00187228
0.00159445
0.003933
0.00399835
0.00404339
0.00408763
0.00429464
0.00432857
0.00426878
0.00284277
0.00396762
0.00511237
0.00461406
0.00442934
0.00442959
0.00436853
0.00445877
0.00469944
0.00460323
0.00480775
0.00452984
0.00384167
0.00378043
0.00369485
0.00358639
0.00344843
0.00327992
0.00307552
0.00284446
0.00259252
0.00232227
0.00205783
0.00177998
0.00151388
0.0036909
0.00375693
0.00381441
0.003869
0.00394579
0.00397182
0.00397231
0.00413445
0.0041158
0.00425972
0.00458297
0.00152767
0.00541017
0.004846
0.00427159
0.00431792
0.00432997
0.00467312
0.00475819
0.00364323
0.00358613
0.00350985
0.00341171
0.0032881
0.00312707
0.00293337
0.00271082
0.00246668
0.00221987
0.00196145
0.00169577
0.00143863
0.00349075
0.00353448
0.00360556
0.00365459
0.00374503
0.00378153
0.00380403
0.0038815
0.00386448
0.00391137
0.00395222
0.00408403
0.00402006
-0.000981322
0.00345063
0.00339733
0.00333542
0.0032511
0.00313315
0.00298131
0.0027958
0.00258329
0.00235936
0.00211701
0.0018721
0.00161667
0.00137246
0.00329687
0.00333217
0.00340546
0.00344016
0.00353133
0.00356594
0.00360525
0.00369962
0.00366352
0.00373097
0.0037823
0.00384725
0.00382144
0.00326451
0.00322765
0.00317386
0.0030951
0.00298461
0.00283952
0.00266358
0.00246754
0.00225121
0.00202595
0.00179293
0.0015483
0.00130869
0.00311415
0.00313822
0.00321157
0.0032408
0.0033293
0.00335103
0.0033957
0.00349138
0.00344709
0.00351764
0.0035808
0.00366465
0.00362698
0.00309603
0.00306327
0.00301578
0.00294535
0.00283969
0.00270146
0.00253821
0.00235403
0.00215538
0.00194
0.00171845
0.00148273
0.00125815
0.00294597
0.00295427
0.00303187
0.00304956
0.00313269
0.00315016
0.00319353
0.00328535
0.00324013
0.00330355
0.0033672
0.00345401
0.00341107
0.00292819
0.00290735
0.00286724
0.00279678
0.00269757
0.00256861
0.00241637
0.0022481
0.00206066
0.0018611
0.00165032
0.00142478
0.00121029
0.00278011
0.0027868
0.00285971
0.00287038
0.00294992
0.00295986
0.0030024
0.00308891
0.00304533
0.00310275
0.00316035
0.00324477
0.00320627
0.00277441
0.00275871
0.00271968
0.00265747
0.00256052
0.00243929
0.00230207
0.00214945
0.00198132
0.00179206
0.00158907
0.00137738
0.00117285
0.00262641
0.00262371
0.00269451
0.00270169
0.00277656
0.00278104
0.00282584
0.00290544
0.00286148
0.00291316
0.0029687
0.0030476
0.00301171
0.0026244
0.00261254
0.00258076
0.00251462
0.00242228
0.0023154
0.00219742
0.00206284
0.00190552
0.00172812
0.00153762
0.00133489
0.00113183
0.00247679
0.0024701
0.00254028
0.00254047
0.00261306
0.00261452
0.0026549
0.00273097
0.00268879
0.00273212
0.00279387
0.00286281
0.0028285
0.00248175
0.00247265
0.00243649
0.00237187
0.002288
0.00219781
0.00210075
0.0019832
0.00183898
0.00166952
0.00148932
0.00128853
0.00110395
0.00233397
0.002322
0.0023927
0.00238841
0.00245814
0.00245607
0.00249207
0.00256448
0.00253208
0.00256672
0.00262293
0.00269091
0.0026542
0.00234264
0.00233451
0.00229804
0.00222901
0.00215752
0.0020903
0.00201528
0.00191251
0.00177433
0.00161762
0.00144358
0.0012605
0.0010811
0.00219698
0.00217932
0.00225234
0.00224269
0.00231078
0.00230636
0.00234006
0.0024088
0.00237751
0.00241378
0.00245537
0.00252663
0.00249698
0.00221046
0.00219962
0.00214736
0.00208442
0.00203524
0.00199804
0.00194025
0.00184445
0.00171953
0.00156725
0.00141202
0.00123249
0.00106556
0.00206677
0.00203882
0.00212049
0.00210366
0.00216997
0.00216266
0.00219542
0.00225976
0.00223205
0.00226496
0.00230383
0.0023698
0.00234268
0.00207713
0.0020513
0.00199251
0.00194376
0.00193099
0.00192148
0.00187146
0.00178151
0.00166363
0.00152993
0.00137582
0.00121598
0.00105785
0.00193453
0.00190444
0.00199056
0.00196696
0.00203464
0.00202588
0.00205889
0.00212006
0.00209055
0.00212139
0.00215978
0.00222071
0.00219776
0.00194178
0.00189825
0.00183083
0.0018202
0.00185271
0.00185309
0.00180382
0.00172049
0.00161393
0.00148876
0.00135594
0.00120206
0.00105455
0.0018101
0.0017735
0.00186249
0.0018334
0.00190614
0.00189186
0.00192101
0.00198354
0.00195958
0.00198554
0.00202434
0.00208231
0.00205551
0.00180109
0.00171677
0.00167615
0.00173757
0.00179112
0.00178591
0.00173597
0.0016601
0.00156764
0.00145894
0.00133719
0.00119708
0.00106446
0.00168143
0.00163985
0.00173654
0.00170384
0.00177834
0.00176148
0.00179205
0.0018525
0.00183042
0.00185148
0.00188113
0.00194365
0.00193491
0.00162697
0.00152513
0.00157796
0.0016886
0.00173388
0.00171079
0.0016623
0.00160369
0.00152768
0.00143705
0.00132937
0.00120191
0.00108379
0.00154391
0.00150189
0.00161208
0.0015764
0.0016502
0.00163165
0.00166782
0.00172836
0.00169952
0.00172273
0.00175329
0.00181273
0.00180559
0.00141592
0.00137337
0.00155055
0.00165822
0.00165512
0.00162406
0.00159212
0.00154925
0.00149543
0.0014195
0.00132938
0.00121613
0.00111423
0.00138207
0.00135585
0.00149244
0.00143922
0.00152188
0.00150318
0.00154115
0.00160083
0.00157351
0.00159345
0.00163179
0.00169091
0.0016732
0.00114406
0.00136654
0.00157105
0.00158095
0.00155336
0.00153735
0.00152291
0.00150416
0.00146804
0.00141348
0.00133426
0.00124369
0.0011564
0.00101382
0.0012032
0.00136886
0.00130495
0.00139579
0.00136759
0.00141303
0.0014752
0.00144339
0.00146764
0.00150505
0.00156289
0.00155012
0.00108845
0.00148617
0.00149813
0.0014584
0.00144811
0.00145247
0.00146087
0.00146064
0.00144683
0.00140725
0.00136308
0.00128031
0.00121153
0.000732742
0.000819895
0.00119937
0.00118738
0.00126436
0.00122318
0.00128082
0.00134956
0.0013058
0.0013362
0.00137938
0.00143686
0.00142091
0.00140694
0.00142002
0.00135042
0.00133542
0.00134702
0.00137131
0.00140023
0.00142379
0.00143223
0.00142671
0.00138683
0.00133203
0.00128085
0.00129543
0.000864394
0.000451847
0.00109863
0.00122721
0.00106089
0.0011517
0.00121092
0.00115352
0.0011941
0.00124437
0.00130569
0.00128915
0.00134608
0.00122765
0.00120682
0.0012182
0.00124769
0.00129323
0.00134583
0.00139559
0.00143245
0.0014406
0.00143827
0.0013919
0.00135813
0.001226
0.00113559
0.00118487
0.00076822
-0.000160663
0.00128756
0.00122361
0.00112737
0.00103463
0.00102736
0.00109547
0.00116975
0.00113264
0.00109833
0.00106807
0.00107909
0.00110605
0.00115308
0.00121698
0.00129433
0.00137263
0.00143526
0.00148061
0.00148386
0.00146871
0.00146246
0.000971968
0.00097779
0.000979643
0.00100158
0.00120402
0.00117945
0.00181628
0.00165601
-0.00101736
0.00115446
0.0010291
0.00102833
0.000978588
0.000927964
0.000942147
0.000960066
0.000995464
0.00105524
0.00114392
0.00124869
0.00135748
0.00145281
0.00151873
0.00156015
0.00156417
0.0015803
0.000805921
0.000839301
0.000860533
0.000869867
0.000893609
0.00088797
0.00086513
0.00105561
0.000999749
0.00136889
-0.00324248
0.000807475
0.000818235
0.000836041
0.000881327
0.000961518
0.00107419
0.00121
0.00135185
0.0014814
0.00157665
0.00164676
0.00167457
0.0017139
0.000683115
0.000706621
0.000739459
0.000762181
0.000813037
0.00082223
0.000823374
0.000846001
0.000849791
0.000685734
0.000689145
0.000713014
0.000770756
0.000868068
0.0010064
0.00117539
0.00135381
0.00151438
0.00165311
0.00174641
0.00180379
0.00187319
0.000559883
0.000578912
0.000618419
0.000634655
0.000692717
0.000717323
0.00072994
0.000790032
0.000770407
0.000557592
0.00056034
0.000587975
0.000655178
0.000773123
0.000942219
0.00114777
0.00136345
0.00156923
0.00173775
0.00186973
0.00195883
0.00205146
0.000437565
0.000451557
0.000499594
0.000509334
0.000569138
0.000580497
0.000605604
0.000675558
0.000645265
0.000425597
0.000428081
0.000459678
0.000537496
0.000679737
0.000883102
0.00112657
0.00138688
0.00163899
0.00184344
0.00201697
0.00212658
0.00224837
0.000307804
0.000326648
0.000378963
0.000387675
0.000444955
0.000456291
0.000480071
0.000546956
0.000518163
0.000295572
0.000294444
0.000326003
0.000419544
0.000588792
0.000826521
0.00111621
0.00142738
0.00171501
0.00197272
0.00216731
0.00232965
0.00247047
0.000180106
0.00019977
0.000253071
0.000264528
0.000325994
0.000330152
0.000362142
0.000422237
0.000393418
0.000159599
0.000149452
0.000185428
0.000299207
0.000496939
0.000777163
0.00111359
0.00146753
0.00180935
0.00210718
0.00236428
0.00255812
0.00275719
4.78379e-05
6.95935e-05
0.000128777
0.00013921
0.000202305
0.000211088
0.000238745
0.000300565
0.000272265
1.28565e-05
-4.45453e-06
4.0453e-05
0.000176017
0.000409688
0.000731787
0.00111726
0.0015262
0.00192585
0.0022774
0.00258751
0.00283957
0.00307454
-9.21271e-05
-5.76189e-05
1.44529e-06
1.2907e-05
7.69899e-05
8.66389e-05
0.000116474
0.000184439
0.000151299
-0.000145118
-0.000165295
-0.00010383
5.66527e-05
0.000324993
0.000692536
0.00113325
0.00160621
0.00205376
0.00248
0.00282344
0.0033385
0.00127195
-0.000246047
-0.000191159
-0.000126511
-0.00011119
-4.90731e-05
-3.71413e-05
-9.0496e-06
5.50093e-05
2.55434e-05
-0.000319961
-0.000334209
-0.000248222
-6.30802e-05
0.000240247
0.000658593
0.0011595
0.00168788
0.0022218
0.0026535
0.00338802
0.00148591
-0.000423928
-0.000333821
-0.000262472
-0.000239255
-0.000176048
-0.000160262
-0.000132968
-6.93466e-05
-9.9065e-05
-0.000511135
-0.000489687
-0.000395615
-0.000189582
0.0001565
0.000632452
0.00119245
0.00180363
0.00233296
0.00317008
0.00154453
-0.000612144
-0.000590152
-0.000421397
-0.000356678
-0.000299543
-0.000293539
-0.000259438
-0.000197017
-0.000228134
-0.000673338
-0.000647391
-0.000550957
-0.000316303
7.89093e-05
0.000610331
0.00125011
0.00185505
0.00276567
0.0013975
-0.000795746
-0.000659088
-0.00092559
-0.000385265
-0.000380758
-0.000428541
-0.000391567
-0.000325196
-0.000359744
-0.000822061
-0.000821062
-0.000715221
-0.000442704
1.69314e-06
0.000608122
0.00125134
0.00219569
0.00112528
-0.000937628
-0.000873687
-0.000762542
-0.000923605
-0.00106924
-0.0016268
-0.00322293
0.00192024
-0.000606744
-0.000553088
-0.000462922
-0.000505015
-0.00100155
-0.00101329
-0.000884291
-0.000569827
-6.12758e-05
0.000562271
0.00148568
0.000771482
-0.00111086
-0.00102659
-0.000944578
-0.000915106
-0.000905649
-0.000879296
-0.000892491
-0.000894477
-0.000868358
-0.000456044
-0.000167541
-0.00120776
-0.00121386
-0.00105302
-0.000690147
-0.000147956
0.000683159
0.000366777
-0.00131554
-0.00120776
-0.00110957
-0.00106084
-0.00102691
-0.0009817
-0.000949821
-0.000939861
-0.000923047
-0.000912944
-0.000900382
-0.000949385
-0.000946715
-0.000772019
-0.00142866
-0.0014192
-0.00122458
-0.000811178
-0.000141975
-4.98611e-05
-0.00154275
-0.00141035
-0.00130042
-0.00124923
-0.00119823
-0.00114987
-0.00110821
-0.00107603
-0.00103546
-0.000998919
-0.00096581
-0.000953328
-0.000936986
-0.000938338
-0.000935723
-0.00165936
-0.00163237
-0.00137466
-0.000916978
-0.00044632
-0.00178598
-0.0016351
-0.00151113
-0.00145083
-0.00139363
-0.00134507
-0.00128888
-0.00125833
-0.00121362
-0.00116258
-0.001121
-0.00108428
-0.00104002
-0.00101002
-0.000972978
-0.00190835
-0.00181241
-0.00158185
-0.000792479
-0.00206212
-0.00187809
-0.00174186
-0.00166812
-0.00161062
-0.00155459
-0.00149339
-0.00145646
-0.00140551
-0.00135608
-0.00130074
-0.00126478
-0.00121908
-0.00117168
-0.00112749
-0.00213049
-0.00210627
-0.00106909
-0.00234098
-0.00216128
-0.00200217
-0.00190708
-0.0018472
-0.0017844
-0.00171844
-0.00167121
-0.00161747
-0.00155945
-0.0015064
-0.00146007
-0.00141093
-0.0013599
-0.0013087
-0.00250358
-0.00127424
-0.00283804
-0.00243847
-0.00228203
-0.00218142
-0.00211234
-0.00203813
-0.0019687
-0.00190801
-0.00184617
-0.00178697
-0.0017286
-0.00167234
-0.00162364
-0.00155945
-0.00150993
-0.00141773
-0.00164486
-0.00296515
-0.00263959
-0.00246856
-0.00239182
-0.00232431
-0.00224706
-0.00217336
-0.00210583
-0.00203717
-0.00197164
-0.00190153
-0.00184691
-0.00178575
-0.00172889
-0.00157389
-0.00316018
-0.00292596
-0.00279877
-0.00265817
-0.00255255
-0.00246189
-0.00238532
-0.00231534
-0.00224414
-0.00216429
-0.00209908
-0.00203112
-0.00196553
-0.00135235
-0.00328589
-0.00332479
-0.00305685
-0.00288787
-0.0027713
-0.00265371
-0.00255156
-0.00244021
-0.00236984
-0.00229983
-0.00223199
-0.00131781
-0.00360989
-0.00333252
-0.00301694
-0.00286112
-0.00273603
-0.00262461
-0.00252444
-0.00162094
-0.00391014
-0.00330231
-0.00299152
-0.0727488
-0.0730086
-0.0720172
-0.0736199
-0.0730539
-0.0722195
-0.0714092
-0.0742868
-0.0737545
-0.0729107
-0.0723546
-0.0715815
-0.0707586
-0.0744556
-0.074966
-0.0743034
-0.0725985
-0.0715579
-0.0717088
-0.0709039
-0.0700662
-0.0751403
-0.0756736
-0.0753869
-0.0757259
-0.0730256
-0.069922
-0.0702259
-0.0710327
-0.0702105
-0.0694196
-0.0758579
-0.0764593
-0.0782411
-0.0758188
-0.0771413
-0.0734294
-0.0703485
-0.0672364
-0.0688728
-0.0703576
-0.0696922
-0.0695509
-0.0687646
-0.0765914
-0.0771956
-0.0811345
-0.0786954
-0.0785977
-0.0762191
-0.0773296
-0.0737871
-0.0707336
-0.0676821
-0.0675455
-0.0646323
-0.0662361
-0.0690315
-0.0683554
-0.068912
-0.0680956
-0.0778665
-0.0841067
-0.0816087
-0.0815172
-0.0800369
-0.0790952
-0.0787416
-0.0780256
-0.0765762
-0.0740888
-0.0710749
-0.0680713
-0.0650648
-0.067682
-0.0670254
-0.0649454
-0.0620838
-0.063641
-0.0663806
-0.0656949
-0.0682363
-0.0673998
-0.0785631
-0.0871756
-0.0845952
-0.0844993
-0.0829934
-0.082023
-0.0816677
-0.080939
-0.0802293
-0.0794809
-0.0794462
-0.076883
-0.074333
-0.0713664
-0.0684109
-0.0654522
-0.0625123
-0.0675431
-0.0668897
-0.0650008
-0.0642328
-0.0623789
-0.0595996
-0.0611156
-0.0632986
-0.0662539
-0.0655737
-0.0667578
-0.0793499
-0.0903026
-0.0876619
-0.0875567
-0.0860206
-0.0850211
-0.0846584
-0.0839151
-0.0831915
-0.0824274
-0.0823842
-0.0814861
-0.0807778
-0.0800959
-0.0797516
-0.0771334
-0.0745064
-0.0715972
-0.0686974
-0.0657884
-0.0628906
-0.0600148
-0.06488
-0.0642286
-0.0621134
-0.0598841
-0.0571603
-0.0586388
-0.0608753
-0.0628832
-0.0635615
-0.066108
-0.0654428
-0.0933757
-0.0907546
-0.0906924
-0.0891083
-0.0880853
-0.0877228
-0.0869657
-0.0862234
-0.0854417
-0.0853892
-0.084475
-0.0837527
-0.0830573
-0.0822942
-0.0826953
-0.0800077
-0.077316
-0.0745953
-0.0717582
-0.0689231
-0.0660727
-0.0632178
-0.0603805
-0.0575563
-0.0647743
-0.0642058
-0.06224
-0.0616137
-0.0596336
-0.0574299
-0.0547486
-0.0562094
-0.0583998
-0.0603824
-0.0610106
-0.0966714
-0.0938739
-0.0937892
-0.0921959
-0.0911781
-0.0908578
-0.0900737
-0.0893043
-0.0885175
-0.0884518
-0.0875417
-0.0868039
-0.086091
-0.0853089
-0.0857073
-0.0829531
-0.0801988
-0.0774184
-0.0745924
-0.0718371
-0.0690749
-0.0662973
-0.0634969
-0.0607006
-0.0579188
-0.0551444
-0.0597405
-0.0591261
-0.0571711
-0.0550052
-0.0524406
-0.0538256
-0.0559729
-0.0579139
-0.0585331
-0.099812
-0.0972004
-0.0971246
-0.0954691
-0.0943295
-0.0938958
-0.0931616
-0.0924195
-0.0916561
-0.0915547
-0.0906478
-0.0898964
-0.0891764
-0.0883889
-0.088769
-0.0859689
-0.0831476
-0.0803102
-0.0774272
-0.0744868
-0.0718217
-0.0691447
-0.0664501
-0.0637187
-0.0609756
-0.0582408
-0.0555122
-0.0528258
-0.0572786
-0.056661
-0.0548084
-0.0526848
-0.0501323
-0.0515224
-0.0536182
-0.0554304
-0.0560582
-0.100544
-0.100518
-0.0987515
-0.101873
-0.10276
-0.0976358
-0.0972779
-0.0964751
-0.0957104
-0.0948222
-0.0947259
-0.092103
-0.0914597
-0.0918823
-0.0890351
-0.0861667
-0.0832668
-0.0803288
-0.0773347
-0.0742859
-0.0717047
-0.0691188
-0.0665193
-0.0638736
-0.0611958
-0.0585154
-0.0558378
-0.0531832
-0.0505348
-0.0548099
-0.0543917
-0.0524442
-0.0503756
-0.0478674
-0.0492404
-0.0512782
-0.0531138
-0.0536887
-0.103955
-0.101025
-0.102326
-0.100702
-0.0998566
-0.0990302
-0.0981466
-0.104246
-0.104117
-0.0980136
-0.0950695
-0.0921593
-0.089241
-0.0862897
-0.0832946
-0.0802457
-0.0771422
-0.0739979
-0.0714926
-0.0689934
-0.0664905
-0.0639402
-0.061347
-0.058731
-0.0561102
-0.0535006
-0.0508919
-0.0482711
-0.0542467
-0.05254
-0.0519644
-0.0501398
-0.0481179
-0.0456602
-0.0470031
-0.0490116
-0.0508277
-0.0514028
-0.0529632
-0.0534828
-0.104498
-0.101395
-0.1032
-0.103533
-0.102497
-0.101593
-0.106145
-0.10426
-0.105897
-0.0983594
-0.0953636
-0.092383
-0.0893727
-0.0863248
-0.0832219
-0.080065
-0.0768645
-0.0736442
-0.0711964
-0.068773
-0.0663594
-0.0639103
-0.0614121
-0.0588785
-0.0563238
-0.0537671
-0.051204
-0.0486272
-0.0460569
-0.0524019
-0.0518367
-0.0502485
-0.0496803
-0.0478921
-0.0459074
-0.0435015
-0.0448105
-0.0467828
-0.0485614
-0.0491293
-0.0506989
-0.051271
-0.10487
-0.101746
-0.104193
-0.103347
-0.105233
-0.106136
-0.0986654
-0.095605
-0.0925351
-0.0894209
-0.0862629
-0.0830529
-0.0797974
-0.0765183
-0.0732346
-0.0708343
-0.0684684
-0.0661297
-0.0637767
-0.0613803
-0.0589405
-0.0564683
-0.0539756
-0.0514674
-0.0489371
-0.0464069
-0.043889
-0.0501154
-0.049553
-0.0479914
-0.0474334
-0.0456838
-0.0437394
-0.0413869
-0.0426588
-0.0445928
-0.046336
-0.0468929
-0.0484303
-0.0489936
-0.105222
-0.102054
-0.105084
-0.104039
-0.105977
-0.0989152
-0.0957791
-0.0926028
-0.0893745
-0.0861062
-0.0827979
-0.0794619
-0.0761185
-0.0727848
-0.0704191
-0.0680976
-0.0658149
-0.063543
-0.0612434
-0.0589031
-0.0565232
-0.0541104
-0.0516699
-0.049198
-0.0467118
-0.0442314
-0.04176
-0.0478568
-0.047305
-0.045778
-0.0452302
-0.0435139
-0.0416103
-0.0392975
-0.0405457
-0.0424407
-0.0441526
-0.0446994
-0.0462049
-0.0467573
-0.105533
-0.10231
-0.104921
-0.105798
-0.0990997
-0.0958674
-0.0925752
-0.0892328
-0.0858645
-0.082474
-0.079071
-0.075674
-0.0723055
-0.0699632
-0.0676744
-0.0654336
-0.0632206
-0.0610038
-0.058761
-0.0564807
-0.0541594
-0.0517996
-0.0493988
-0.0469682
-0.0445287
-0.0420936
-0.0396582
-0.0456435
-0.0451022
-0.0436055
-0.043068
-0.0413801
-0.0395118
-0.0372521
-0.0384669
-0.0403251
-0.0420102
-0.0425463
-0.0440226
-0.044565
-0.105792
-0.102503
-0.0992029
-0.0958587
-0.0924523
-0.089007
-0.085555
-0.0820942
-0.0786351
-0.0752004
-0.0718117
-0.0694806
-0.0672111
-0.0650003
-0.0628304
-0.0606765
-0.0585178
-0.0563339
-0.0541116
-0.0518446
-0.0495277
-0.0471679
-0.0447811
-0.042387
-0.0399921
-0.0376087
-0.0434728
-0.042942
-0.0414733
-0.0409447
-0.0392892
-0.0374505
-0.0352668
-0.036443
-0.0382738
-0.0399015
-0.0404307
-0.0418819
-0.0424135
-0.105987
-0.102615
-0.0992097
-0.0957528
-0.0922432
-0.0887138
-0.0851894
-0.0816688
-0.0781677
-0.074707
-0.0713273
-0.0689847
-0.0667238
-0.0645283
-0.0623881
-0.0602807
-0.0581859
-0.0560861
-0.053959
-0.0517896
-0.0495698
-0.0472939
-0.0449764
-0.0426343
-0.0402879
-0.0379443
-0.035621
-0.0413428
-0.0408195
-0.0393688
-0.0388421
-0.0372646
-0.0354554
-0.033293
-0.0344585
-0.0362431
-0.0378391
-0.0383363
-0.0397723
-0.0402991
-0.106109
-0.102635
-0.0991206
-0.0955594
-0.0919645
-0.0883639
-0.0847773
-0.0812106
-0.0776787
-0.0742221
-0.0708935
-0.0685042
-0.0662259
-0.0640337
-0.0619079
-0.0598322
-0.0577852
-0.0557494
-0.0537052
-0.0516315
-0.0495129
-0.0473339
-0.045101
-0.0428285
-0.0405365
-0.038241
-0.0359504
-0.0336555
-0.0392312
-0.0386955
-0.037366
-0.0368103
-0.0352362
-0.0334731
-0.031368
-0.0324884
-0.034237
-0.0358188
-0.0363225
-0.0376429
-0.0381569
-0.106144
-0.102562
-0.0989449
-0.0952957
-0.0916279
-0.0879661
-0.084331
-0.0807287
-0.0771953
-0.0737834
-0.0705513
-0.0680771
-0.0657463
-0.0635306
-0.0614065
-0.0593458
-0.0573318
-0.0553441
-0.0533646
-0.0513749
-0.049352
-0.0472757
-0.0451397
-0.0429535
-0.0407297
-0.0384889
-0.0362415
-0.0339849
-0.031725
-0.0373638
-0.0366538
-0.0353174
-0.0348203
-0.0332553
-0.0315149
-0.0294819
-0.030519
-0.0322766
-0.033841
-0.0343362
-0.0356918
-0.0361787
-0.106089
-0.102405
-0.098699
-0.0949737
-0.0912428
-0.0875325
-0.083859
-0.0802494
-0.0767556
-0.0734347
-0.0703433
-0.0677433
-0.0653236
-0.0630486
-0.0608984
-0.0588388
-0.0568407
-0.054887
-0.0529562
-0.0510316
-0.0490916
-0.0471144
-0.0450826
-0.0429934
-0.0408509
-0.0386769
-0.0364839
-0.0342733
-0.0320486
-0.029856
-0.0372695
-0.0364903
-0.0352017
-0.0347098
-0.0333455
-0.032854
-0.0313058
-0.0295038
-0.027627
-0.0282838
-0.0303372
-0.0318834
-0.032375
-0.0337313
-0.0342243
-0.0355702
-0.0360396
-0.105953
-0.10218
-0.0983946
-0.0946024
-0.0908209
-0.0870716
-0.0833869
-0.0798118
-0.0764039
-0.0732175
-0.0702887
-0.0675437
-0.0649989
-0.0626261
-0.0604129
-0.0583271
-0.0563303
-0.0543928
-0.0524959
-0.05062
-0.0487454
-0.0468542
-0.0449209
-0.0429347
-0.0408885
-0.0387963
-0.0366681
-0.0345142
-0.0323352
-0.0301584
-0.0280016
-0.0350786
-0.0345938
-0.0332382
-0.0327477
-0.0313916
-0.0309067
-0.0294018
-0.0270439
-0.0258151
-0.0285049
-0.0299524
-0.0304315
-0.0317732
-0.0322636
-0.0336115
-0.0340996
-0.105749
-0.101897
-0.0980403
-0.0941928
-0.0903691
-0.0866088
-0.0829533
-0.0794604
-0.0761858
-0.0731586
-0.0703843
-0.0674984
-0.0648073
-0.0623021
-0.0599891
-0.0578409
-0.0558168
-0.0538802
-0.0519992
-0.0501576
-0.0483331
-0.0465079
-0.0446608
-0.0427724
-0.0408288
-0.0388278
-0.0367802
-0.0346937
-0.0325718
-0.0304361
-0.0283007
-0.0261727
-0.0331131
-0.0326289
-0.0312832
-0.0307967
-0.0294741
-0.0290144
-0.027404
-0.0253769
-0.0264635
-0.0240317
-0.0283135
-0.0298351
-0.0303169
-0.0316511
-0.0321365
-0.105487
-0.101562
-0.0976462
-0.0937516
-0.0899121
-0.0861819
-0.0826045
-0.079243
-0.0761289
-0.073256
-0.0705998
-0.067602
-0.0647675
-0.0621132
-0.0596662
-0.0574184
-0.0553309
-0.0533656
-0.0514851
-0.0496598
-0.0478697
-0.0460944
-0.0443148
-0.0425129
-0.0406672
-0.0387649
-0.0368093
-0.0348018
-0.0327483
-0.0306662
-0.0285708
-0.0264735
-0.0243782
-0.0311569
-0.0306773
-0.0293469
-0.0288063
-0.0274864
-0.0270222
-0.0255809
-0.0236316
-0.0246817
-0.0265663
-0.0260961
-0.0222592
-0.0284305
-0.0279551
-0.0297244
-0.0301935
-0.105174
-0.101187
-0.097218
-0.0933023
-0.0894879
-0.0858361
-0.0823886
-0.0791896
-0.0762345
-0.073482
-0.0708876
-0.0678244
-0.0648736
-0.0620753
-0.0594792
-0.0570983
-0.0549104
-0.05288
-0.0509714
-0.0491459
-0.0473721
-0.045632
-0.0439037
-0.0421687
-0.0404084
-0.0386027
-0.036744
-0.0348262
-0.0328545
-0.0308392
-0.0287938
-0.0267397
-0.0246782
-0.0226021
-0.0292664
-0.0288475
-0.0256339
-0.0251934
-0.0237911
-0.0218963
-0.0228988
-0.0247644
-0.0243029
-0.0205193
-0.104818
-0.100775
-0.0967782
-0.0928812
-0.0891418
-0.0856201
-0.0823372
-0.0793023
-0.0764771
-0.0737933
-0.071189
-0.0681209
-0.0650951
-0.0621786
-0.0594409
-0.0569121
-0.0545928
-0.0524624
-0.0504898
-0.048634
-0.0468597
-0.0451353
-0.0434424
-0.0417588
-0.0400659
-0.038345
-0.0365793
-0.0347577
-0.0328763
-0.030938
-0.0289598
-0.026958
-0.024939
-0.0229079
-0.020862
-0.0238401
-0.0234083
-0.0220061
-0.0201729
-0.0211585
-0.0229845
-0.0225239
-0.0188248
-0.104424
-0.100349
-0.0963625
-0.0925349
-0.0889253
-0.0855676
-0.0824548
-0.0795559
-0.0768125
-0.0741493
-0.0714872
-0.0684481
-0.0653862
-0.0623914
-0.0595403
-0.0568744
-0.0544121
-0.0521508
-0.0500777
-0.0481552
-0.046351
-0.044626
-0.0429492
-0.0413006
-0.0396586
-0.0380047
-0.0363227
-0.0345936
-0.0328063
-0.0309573
-0.0290539
-0.0271147
-0.0251495
-0.0231689
-0.0211708
-0.0191644
-0.0220439
-0.0215856
-0.0203302
-0.0184538
-0.0194162
-0.021139
-0.0206989
-0.0171295
-0.104012
-0.0999418
-0.0960162
-0.0923141
-0.0888727
-0.085684
-0.0827122
-0.0799012
-0.0771893
-0.0745205
-0.068778
-0.0709965
-0.07238
-0.0657017
-0.0626704
-0.0597484
-0.0569759
-0.0543797
-0.0519749
-0.0497721
-0.0477483
-0.0458774
-0.0441213
-0.0424429
-0.0408102
-0.0392036
-0.037601
-0.0359854
-0.0343383
-0.0326423
-0.030886
-0.0290705
-0.0272053
-0.0253011
-0.0233781
-0.021432
-0.0194688
-0.0174752
-0.0204609
-0.019843
-0.0185672
-0.0167437
-0.0177161
-0.0194508
-0.019036
-0.0154536
-0.103614
-0.0995985
-0.0957932
-0.0922552
-0.0889883
-0.0859413
-0.0830585
-0.0802754
-0.0775462
-0.0739682
-0.0755078
-0.0659955
-0.0682593
-0.0696603
-0.071164
-0.0724301
-0.0629692
-0.0600239
-0.0571842
-0.0544825
-0.0519455
-0.0496028
-0.0474489
-0.0454777
-0.0436556
-0.0419443
-0.0403091
-0.0387181
-0.0371508
-0.0355863
-0.0340049
-0.0323904
-0.0307234
-0.0289977
-0.0272145
-0.0253875
-0.0235272
-0.0216384
-0.0197263
-0.0177804
-0.0158013
-0.0204009
-0.0196849
-0.0186208
-0.0181986
-0.0168725
-0.0150729
-0.0160349
-0.0177842
-0.0173551
-0.0193301
-0.0189285
-0.0138071
-0.103275
-0.0993714
-0.0957329
-0.0923697
-0.0892465
-0.0862892
-0.0834325
-0.0806198
-0.0769785
-0.0785412
-0.0741604
-0.0756218
-0.0632507
-0.065488
-0.0668518
-0.0683487
-0.0697833
-0.0709591
-0.0717175
-0.073121
-0.0720624
-0.0603215
-0.0574582
-0.0546902
-0.0520514
-0.0495782
-0.0472854
-0.0451871
-0.0432634
-0.0414838
-0.0398168
-0.0382229
-0.0366708
-0.0351412
-0.033611
-0.0320614
-0.0304751
-0.0288376
-0.0271415
-0.0253939
-0.0236057
-0.02178
-0.0199266
-0.0180362
-0.0161065
-0.0141526
-0.0184964
-0.0180803
-0.0169275
-0.01651
-0.0152031
-0.0134298
-0.014374
-0.0160992
-0.0156744
-0.0176773
-0.0172468
-0.0121837
-0.103048
-0.0993042
-0.0958448
-0.092632
-0.0895988
-0.0866682
-0.0837831
-0.0800555
-0.0816495
-0.0771135
-0.0786511
-0.0738835
-0.074612
-0.0760644
-0.075297
-0.0606024
-0.0627829
-0.0641137
-0.0655899
-0.0669552
-0.0680963
-0.0687846
-0.0701999
-0.069497
-0.0709155
-0.0716461
-0.0715784
-0.0577524
-0.0549608
-0.052259
-0.0496848
-0.0472667
-0.0450314
-0.0429803
-0.0411011
-0.0393659
-0.0377378
-0.0361822
-0.0346682
-0.033173
-0.0316741
-0.0301537
-0.0285944
-0.0269834
-0.0253187
-0.0236045
-0.0218484
-0.0200601
-0.0182319
-0.0163602
-0.0144526
-0.0125266
-0.0168013
-0.0163887
-0.0152511
-0.0148389
-0.0135526
-0.011807
-0.0127336
-0.0144322
-0.0140133
-0.0159879
-0.0155618
-0.0105824
-0.102976
-0.0994116
-0.0961072
-0.092992
-0.0899865
-0.08703
-0.0832128
-0.0848399
-0.0802006
-0.0817738
-0.076833
-0.0776041
-0.0791116
-0.0783383
-0.0580303
-0.0601504
-0.0614522
-0.0628933
-0.0642289
-0.0653406
-0.0660223
-0.0673811
-0.0666963
-0.068144
-0.0688304
-0.0702226
-0.0695299
-0.0552503
-0.0525264
-0.0498909
-0.0473766
-0.0450162
-0.0428314
-0.0408268
-0.038991
-0.0372951
-0.0357053
-0.0341879
-0.0327074
-0.0312439
-0.0297742
-0.0282789
-0.026746
-0.025162
-0.0235254
-0.0218427
-0.0201211
-0.0183604
-0.0165515
-0.0147001
-0.0128211
-0.0109224
-0.015123
-0.0147157
-0.0135956
-0.013189
-0.0119219
-0.0102043
-0.0111134
-0.0127868
-0.0123736
-0.0143196
-0.0138996
-0.00900207
-0.103078
-0.0996746
-0.0964728
-0.0933905
-0.0903608
-0.0864484
-0.0881128
-0.0833626
-0.0849717
-0.0799102
-0.0806968
-0.0822418
-0.0814513
-0.0555228
-0.0575856
-0.058858
-0.0602601
-0.0615653
-0.0626445
-0.0633132
-0.0646438
-0.0639695
-0.0653884
-0.0660657
-0.0674296
-0.066746
-0.0528107
-0.0501542
-0.0475815
-0.0451267
-0.0428213
-0.0406848
-0.0387252
-0.0369304
-0.0352725
-0.0337205
-0.0322355
-0.0307871
-0.0293532
-0.0279094
-0.0264394
-0.0249287
-0.0233693
-0.0217621
-0.0201115
-0.018415
-0.0166702
-0.0148812
-0.0130576
-0.0112074
-0.00933432
-0.0134676
-0.0130655
-0.0119608
-0.0115598
-0.0103103
-0.00862207
-0.00951144
-0.011162
-0.0107543
-0.0126739
-0.0122592
-0.00744057
-0.103338
-0.100045
-0.0968815
-0.0937779
-0.0897667
-0.0914713
-0.0866023
-0.0882508
-0.0830635
-0.0838685
-0.085451
-0.0846416
-0.0530779
-0.0550859
-0.0563284
-0.0576926
-0.0589662
-0.0600146
-0.0606679
-0.0619669
-0.0613072
-0.0626892
-0.0633521
-0.0646878
-0.0640168
-0.0504331
-0.0478412
-0.0453303
-0.0429334
-0.040679
-0.0385911
-0.036674
-0.0349182
-0.0332974
-0.0317781
-0.0303252
-0.0289069
-0.0274987
-0.0260795
-0.0246313
-0.0231429
-0.0216081
-0.0200248
-0.0183944
-0.0167173
-0.0149912
-0.0132254
-0.0114275
-0.00960479
-0.00775842
-0.0118327
-0.0114364
-0.0103457
-0.00994936
-0.00871561
-0.00706882
-0.00792526
-0.00955539
-0.00915273
-0.0110484
-0.0106389
-0.0058863
-0.103711
-0.100462
-0.0972831
-0.0931711
-0.0949176
-0.0899251
-0.0916152
-0.0862958
-0.0871208
-0.0887431
-0.0879134
-0.0506938
-0.0526494
-0.0538622
-0.0551899
-0.0564322
-0.0574518
-0.058089
-0.0593556
-0.0587118
-0.060057
-0.060704
-0.0620072
-0.0613518
-0.048114
-0.0455856
-0.0431345
-0.040792
-0.0385896
-0.0365457
-0.0346722
-0.0329537
-0.0313666
-0.0298791
-0.028456
-0.0270639
-0.0256815
-0.0242841
-0.0228559
-0.0213878
-0.0198706
-0.018305
-0.0166911
-0.015029
-0.0133234
-0.0115801
-0.00980637
-0.00800971
-0.00618342
-0.0102178
-0.00982541
-0.00874708
-0.00835496
-0.00713594
-0.00554396
-0.0063565
-0.00796406
-0.00756612
-0.009441
-0.00903587
-0.00435268
-0.10414
-0.100881
-0.0966636
-0.098452
-0.0933345
-0.0950676
-0.0896115
-0.0904577
-0.0921216
-0.0912706
-0.0483688
-0.050274
-0.0514576
-0.0527503
-0.0539619
-0.0549543
-0.0555757
-0.0568106
-0.0561827
-0.0574924
-0.0581232
-0.0593936
-0.0587544
-0.0458526
-0.0433849
-0.0409914
-0.0387033
-0.0365494
-0.0345541
-0.0327173
-0.0310341
-0.0294796
-0.0280211
-0.0266258
-0.02526
-0.0238992
-0.022521
-0.0211106
-0.0196571
-0.0181555
-0.0166022
-0.0149994
-0.0133482
-0.0116581
-0.00993476
-0.00818538
-0.00641046
-0.00461534
-0.00861873
-0.00822971
-0.00716228
-0.00677383
-0.00557754
-0.00404552
-0.00484839
-0.00638557
-0.00599117
-0.00784814
-0.00744724
-0.00282605
-0.104585
-0.100245
-0.102079
-0.096832
-0.0986066
-0.0930143
-0.0938825
-0.0955892
-0.0947163
-0.0461008
-0.0479577
-0.0491127
-0.0503719
-0.0515536
-0.0525198
-0.0531256
-0.0543298
-0.0537175
-0.0549933
-0.0556085
-0.0568469
-0.0562236
-0.0436459
-0.0412378
-0.0389003
-0.0366654
-0.0345614
-0.0326052
-0.0308077
-0.0291586
-0.0276337
-0.0262037
-0.0248356
-0.0234922
-0.0221515
-0.0207905
-0.0193934
-0.0179521
-0.0164582
-0.014912
-0.0133129
-0.0116705
-0.00999213
-0.00828547
-0.00655659
-0.00480156
-0.00302162
-0.00703394
-0.00664643
-0.00558144
-0.00519573
-0.00408943
-0.0025668
-0.0033694
-0.00482274
-0.00447621
-0.00626632
-0.00586506
-0.00123765
-0.103921
-0.105695
-0.100412
-0.10221
-0.0965068
-0.0973969
-0.0991448
-0.0982517
-0.0438884
-0.0456986
-0.0468257
-0.0480525
-0.0492052
-0.0501465
-0.0507373
-0.0519116
-0.0513145
-0.0525574
-0.0531572
-0.0543647
-0.0537569
-0.0414936
-0.0391426
-0.0368606
-0.0346767
-0.0326177
-0.0307047
-0.0289432
-0.0273249
-0.0258281
-0.0244278
-0.0230826
-0.0217614
-0.0204375
-0.0190895
-0.0177023
-0.0162662
-0.0147747
-0.013227
-0.0116297
-0.0099921
-0.00832027
-0.0066251
-0.00490182
-0.00314799
-0.0013024
-0.00544293
-0.00504172
-0.00411587
-0.00371722
-0.0026175
-0.00111233
-0.0019602
-0.00334648
-0.00299395
-0.00465003
-0.00427114
-0.000194025
-0.103978
-0.10768
-0.1044
-0.106147
-0.100086
-0.100993
-0.102775
-0.101862
-0.0417295
-0.0434947
-0.0445949
-0.0457906
-0.0469151
-0.047832
-0.0484082
-0.0495536
-0.0489712
-0.0501826
-0.0507677
-0.0519452
-0.0513525
-0.039392
-0.0370978
-0.0348689
-0.0327348
-0.0307218
-0.0288473
-0.0271188
-0.0255304
-0.0240663
-0.0226901
-0.0213686
-0.0200651
-0.0187555
-0.0174171
-0.0160342
-0.0145982
-0.0131023
-0.0115481
-0.00994479
-0.00829956
-0.0066311
-0.00492685
-0.00320041
-0.00131614
-0.000215103
-0.00409166
-0.00354746
-0.00260916
-0.00227713
-0.00126744
-0.000146171
-0.000705492
-0.00193949
-0.0016252
-0.00320057
-0.00284943
-0.103716
-0.106402
-0.104747
-0.107271
-0.108291
-0.106521
-0.0396227
-0.0413445
-0.0424184
-0.0435839
-0.0446811
-0.0455749
-0.046137
-0.0472543
-0.0466862
-0.0478668
-0.0484374
-0.049586
-0.0490078
-0.0373423
-0.035102
-0.0329255
-0.0308401
-0.0288684
-0.0270307
-0.0253357
-0.0237806
-0.0223427
-0.0209919
-0.0196902
-0.0184025
-0.0171036
-0.0157702
-0.0143873
-0.0129429
-0.0114336
-0.00986687
-0.00824705
-0.00659351
-0.00489697
-0.00319084
-0.00128109
-0.000226096
-0.00403726
-0.00339262
-0.00248402
-0.00214427
-0.00128298
-0.00100527
-0.00020335
5.51239e-05
-0.000729303
-0.000490765
-0.00181833
-0.00149416
-0.00305621
-0.00271173
-0.105908
-0.107437
-0.108403
-0.106494
-0.0375665
-0.0392462
-0.0402946
-0.0414311
-0.0425019
-0.0433729
-0.0439213
-0.0450115
-0.0444571
-0.0456083
-0.0461651
-0.0472855
-0.0467214
-0.0353404
-0.0331539
-0.0310279
-0.0289876
-0.0270576
-0.0252551
-0.0235936
-0.0220692
-0.0206589
-0.0193307
-0.0180468
-0.0167716
-0.0154802
-0.0141482
-0.0127573
-0.0113006
-0.00977222
-0.00817994
-0.00654022
-0.00484398
-0.00314567
-0.00121029
-0.000230625
-0.00235059
-0.00201131
-0.00117151
-0.000888741
-0.000262226
-7.70585e-05
6.94028e-05
0.000100754
-0.000633739
-0.000401833
-0.00167863
-0.00135341
-0.107499
-0.10846
-0.0355595
-0.0371983
-0.0382219
-0.0393302
-0.0403753
-0.0412247
-0.0417599
-0.0428237
-0.0422827
-0.0434051
-0.0439484
-0.0450416
-0.0444912
-0.0333871
-0.0312524
-0.0291745
-0.0271784
-0.0252852
-0.0235196
-0.0218918
-0.0203973
-0.019013
-0.0177053
-0.016437
-0.0151721
-0.0138841
-0.0125472
-0.0111449
-0.00966748
-0.00811129
-0.00648781
-0.00479204
-0.00309525
-0.00113072
-0.000235659
-0.00103503
-0.000756461
-0.00019703
-3.15665e-05
8.6704e-05
0.000100891
-0.000504171
-0.000282659
-0.0335999
-0.0351992
-0.036199
-0.0372798
-0.0383
-0.039128
-0.0396503
-0.0406888
-0.0401607
-0.0412557
-0.0417859
-0.0428527
-0.0423155
-0.0314792
-0.029394
-0.027363
-0.0254076
-0.0235527
-0.0218219
-0.0202294
-0.0187655
-0.0174053
-0.0161154
-0.0148597
-0.0136021
-0.0123134
-0.0109674
-0.00954607
-0.00803674
-0.00644636
-0.00476193
-0.00306264
-0.00106916
-0.00025291
-9.30328e-05
4.61251e-05
0.00013075
0.000109498
-0.0316866
-0.0332476
-0.0342242
-0.0352784
-0.0362744
-0.0370819
-0.0375919
-0.0386055
-0.0380901
-0.0391579
-0.0396755
-0.0407168
-0.0401924
-0.0296161
-0.0275796
-0.0255919
-0.0236749
-0.0218573
-0.0201664
-0.0186084
-0.0171715
-0.0158313
-0.0145568
-0.0133135
-0.0120613
-0.0107688
-0.00940856
-0.00796017
-0.0064165
-0.00476056
-0.00307431
-0.00106302
-0.000295184
-0.0298173
-0.0313418
-0.0322961
-0.0333246
-0.0342972
-0.0350847
-0.0355824
-0.036572
-0.0360689
-0.0371107
-0.0376161
-0.0386325
-0.0381207
-0.0277954
-0.0258048
-0.0238576
-0.0219793
-0.0202022
-0.0185501
-0.0170235
-0.0156108
-0.0142895
-0.0130326
-0.0117986
-0.0105509
-0.00924961
-0.00786707
-0.00638744
-0.00478155
-0.00312343
-0.0011291
-0.000368504
-0.027991
-0.0294803
-0.0304131
-0.0314167
-0.0323668
-0.0331351
-0.033621
-0.0345873
-0.0340961
-0.0351125
-0.0356059
-0.0365981
-0.0360985
-0.0260169
-0.0240694
-0.0221589
-0.0203197
-0.0185868
-0.0169727
-0.0154744
-0.0140829
-0.0127812
-0.0115404
-0.0103194
-0.00906984
-0.007755
-0.00634791
-0.0048112
-0.00320526
-0.00126149
-0.000465621
-0.0262054
-0.0276614
-0.0285737
-0.0295532
-0.0304814
-0.0312311
-0.0317058
-0.0326496
-0.0321698
-0.0331618
-0.0336436
-0.0346125
-0.0341246
-0.0242764
-0.0223672
-0.020494
-0.018701
-0.0170116
-0.0154291
-0.0139546
-0.012585
-0.0113065
-0.0100852
-0.00887269
-0.0076194
-0.00628907
-0.00483375
-0.00330012
-0.00143859
-0.000581145
-0.0244597
-0.0258829
-0.026776
-0.0277323
-0.0286397
-0.0293714
-0.0298352
-0.0307572
-0.0302885
-0.031257
-0.0317276
-0.0326739
-0.0321974
-0.0225751
-0.0206978
-0.0188679
-0.017124
-0.0154706
-0.013915
-0.0124638
-0.0111224
-0.0098698
-0.00866581
-0.00746215
-0.00620483
-0.00483463
-0.00338539
-0.0016241
-0.000705333
-0.0227546
-0.0241427
-0.0250183
-0.0259521
-0.0268396
-0.0275544
-0.0280076
-0.0289087
-0.0284507
-0.0293963
-0.0298563
-0.0307807
-0.0303152
-0.0209043
-0.0190585
-0.0172842
-0.0155813
-0.0139578
-0.0124264
-0.0110062
-0.00969606
-0.00847253
-0.00729026
-0.00609348
-0.00480704
-0.00345053
-0.00179271
-0.000837333
-0.021091
-0.0224385
-0.0232985
-0.0242098
-0.0250791
-0.0257781
-0.0262213
-0.0271025
-0.0266546
-0.0275785
-0.028028
-0.0289314
-0.0284765
-0.019254
-0.0174646
-0.0157384
-0.0140667
-0.0124675
-0.0109685
-0.00958356
-0.00831156
-0.00712115
-0.00596221
-0.00474725
-0.00348803
-0.00192557
-0.000984939
-0.0194443
-0.0207698
-0.0216145
-0.0225016
-0.0233548
-0.0240403
-0.0244741
-0.0253363
-0.0248982
-0.0258014
-0.026241
-0.0271243
-0.0266795
-0.017645
-0.0159153
-0.0142182
-0.012572
-0.0110059
-0.0095437
-0.00820338
-0.00697358
-0.00582345
-0.00466346
-0.00349506
-0.00201579
-0.00115573
-0.0178237
-0.019125
-0.0199587
-0.0208246
-0.0216621
-0.0223389
-0.022764
-0.0236083
-0.0231794
-0.0240632
-0.0244934
-0.0253576
-0.0249225
-0.0160939
-0.0143899
-0.0127178
-0.0111045
-0.00957519
-0.0081596
-0.00686899
-0.00569504
-0.004564
-0.00347226
-0.00206781
-0.00135103
-0.0162627
-0.0175117
-0.0183186
-0.0192092
-0.0200083
-0.0206642
-0.0210843
-0.0219154
-0.021494
-0.0223624
-0.0227836
-0.0236294
-0.0232034
-0.0145611
-0.0128839
-0.0112447
-0.00966686
-0.00818222
-0.00682103
-0.00559649
-0.00446432
-0.00342289
-0.00208968
-0.00155621
-0.0147145
-0.0159605
-0.0167393
-0.0175758
-0.0184004
-0.0190379
-0.01942
-0.0202429
-0.0198218
-0.0206866
-0.0211046
-0.0219373
-0.0215192
-0.0130505
-0.0114068
-0.00980094
-0.00826274
-0.00683158
-0.00554029
-0.0043789
-0.00335611
-0.00209524
-0.00173712
-0.0131983
-0.0144288
-0.0151897
-0.0160033
-0.0167842
-0.0174006
-0.0177991
-0.0186687
-0.0181759
-0.0189682
-0.019379
-0.0202567
-0.019821
-0.0115695
-0.00995776
-0.00838597
-0.00689591
-0.00553291
-0.00432053
-0.00328391
-0.00209511
-0.00185267
-0.0117173
-0.0129259
-0.0136723
-0.0144773
-0.0152378
-0.0158536
-0.0162417
-0.0170123
-0.0166199
-0.017406
-0.0177783
-0.0188192
-0.0181339
-0.0101183
-0.00853568
-0.00700417
-0.0055745
-0.0042972
-0.00321713
-0.0020938
-0.00187138
-0.0102655
-0.0114513
-0.012185
-0.0129772
-0.0137247
-0.0143285
-0.0147103
-0.0154684
-0.0150837
-0.0158757
-0.0162609
-0.0170268
-0.0166408
-0.0174283
-0.0177901
-0.0188873
-0.0181235
-0.0086931
-0.00714248
-0.00566055
-0.00431302
-0.00316565
-0.00208815
-0.00178712
-0.00884016
-0.0100046
-0.0107254
-0.0115028
-0.0122375
-0.0128281
-0.0132032
-0.0139485
-0.0135704
-0.0143497
-0.0147303
-0.0154917
-0.0151077
-0.0158968
-0.0162789
-0.017046
-0.0166645
-0.00729447
-0.0057822
-0.00436934
-0.00314074
-0.00207574
-0.00162311
-0.00744132
-0.00858578
-0.00929357
-0.0100558
-0.010777
-0.0113549
-0.0117227
-0.0124545
-0.0120832
-0.0128477
-0.0132217
-0.0139707
-0.013593
-0.0143685
-0.0147462
-0.0155089
-0.0151287
-0.0059257
-0.00446546
-0.00315526
-0.0020626
-0.00142226
-0.00606981
-0.00719524
-0.0078903
-0.00863766
-0.00934458
-0.00991037
-0.0102709
-0.0109885
-0.0106247
-0.0113734
-0.0117402
-0.0124755
-0.0121047
-0.0128655
-0.0132366
-0.0139865
-0.0136125
-0.00459158
-0.00321496
-0.0020627
-0.00122998
-0.00472785
-0.00583309
-0.00651668
-0.00724956
-0.00794176
-0.00849595
-0.00884865
-0.00955168
-0.00919545
-0.00992872
-0.010288
-0.0110086
-0.010645
-0.0113904
-0.0117545
-0.0124906
-0.0121234
-0.0033129
-0.00208925
-0.00107903
-0.00342646
-0.00449747
-0.00517264
-0.00589231
-0.00656982
-0.00711351
-0.00745814
-0.00814551
-0.0077971
-0.00851439
-0.00886593
-0.00957119
-0.00921527
-0.00994449
-0.0103013
-0.0110228
-0.0106629
-0.00214328
-0.000981721
-0.00220331
-0.00318216
-0.00385488
-0.004564
-0.00522859
-0.0057645
-0.00610133
-0.00677223
-0.00643168
-0.00713333
-0.00747633
-0.00816549
-0.00781765
-0.0085302
-0.00887888
-0.00958501
-0.00923263
-0.000933212
-0.000927948
-0.00189499
-0.0025586
-0.00325516
-0.00391364
-0.0044474
-0.00477822
-0.00543332
-0.00509974
-0.00578801
-0.00612208
-0.0067936
-0.00645443
-0.0071501
-0.00749019
-0.00817905
-0.00783496
-0.0005715
-0.00130143
-0.00194674
-0.00260861
-0.00315047
-0.00348109
-0.00412611
-0.00379612
-0.00447837
-0.00480426
-0.00545812
-0.00512758
-0.00580781
-0.00613833
-0.00680844
-0.00647349
-0.000610476
-0.00132194
-0.00183116
-0.00217868
-0.00283444
-0.00249825
-0.00319417
-0.00351638
-0.00415753
-0.00383343
-0.00450496
-0.00482603
-0.00547653
-0.00515123
-0.000396794
-0.000833564
-0.00150243
-0.00114624
-0.00189181
-0.00222768
-0.00287669
-0.00255047
-0.00323391
-0.00354915
-0.00418363
-0.0038666
-0.00043186
-0.000863077
-0.00155199
-0.00119534
-0.00195358
-0.00227981
-0.00291744
-0.00260093
-0.000441322
-0.000895661
-0.00161466
-0.00125812
)
;

boundaryField
{
    inlet
    {
        type            zeroGradient;
    }
    outlet
    {
        type            fixedValue;
        value           uniform 0;
    }
    wall
    {
        type            zeroGradient;
    }
    front
    {
        type            empty;
    }
    back
    {
        type            empty;
    }
    vanem
    {
        type            zeroGradient;
    }
    vaneu
    {
        type            zeroGradient;
    }
    vanel
    {
        type            zeroGradient;
    }
    procBoundary3to2
    {
        type            processor;
        value           nonuniform List<scalar> 
57
(
-0.108353
-0.108353
-0.107914
-0.107477
-0.1071
-0.106842
-0.106745
-0.106821
-0.107051
-0.107386
-0.107772
-0.10817
-0.108545
-0.108881
-0.109173
-0.109413
-0.109596
-0.109711
-0.109748
-0.109699
-0.109563
-0.109356
-0.109091
-0.108775
-0.108413
-0.108008
-0.107553
-0.107553
-0.108006
0.00504486
0.00519752
0.00519752
0.00528895
0.00539046
0.00550543
0.00560974
0.00566942
0.00567061
0.005609
0.00548864
0.00531632
0.00510682
0.00487381
0.00461211
0.00434164
-0.109612
-0.10932
-0.109237
-0.107709
-0.107025
-0.106872
0.00483701
0.00517186
-0.109405
-0.106712
0.00490493
0.00486553
)
;
    }
}


// ************************************************************************* //
