/*--------------------------------*- C++ -*----------------------------------*\
| =========                 |                                                 |
| \\      /  F ield         | OpenFOAM: The Open Source CFD Toolbox           |
|  \\    /   O peration     | Version:  v1912                                 |
|   \\  /    A nd           | Website:  www.openfoam.com                      |
|    \\/     M anipulation  |                                                 |
\*---------------------------------------------------------------------------*/
FoamFile
{
    version     2.0;
    format      ascii;
    class       volScalarField;
    location    "180";
    object      p;
}
// * * * * * * * * * * * * * * * * * * * * * * * * * * * * * * * * * * * * * //

dimensions      [0 2 -2 0 0 0 0];


internalField   nonuniform List<scalar> 
3754
(
-0.00728389
-0.00726508
-0.00701571
-0.00722543
-0.00699785
-0.00674621
-0.00719085
-0.00695706
-0.00672954
-0.00649195
-0.00716904
-0.00692158
-0.00669222
-0.00647641
-0.00624293
-0.00716596
-0.00689667
-0.00665983
-0.0064385
-0.00622785
-0.0060021
-0.00719037
-0.00688909
-0.00663376
-0.00640302
-0.00619209
-0.00598676
-0.00577255
-0.00725231
-0.00690525
-0.0066204
-0.00637655
-0.00616144
-0.00595173
-0.00575749
-0.00554844
-0.00735339
-0.00695287
-0.0066285
-0.00636421
-0.00613849
-0.00592189
-0.00572232
-0.00553392
-0.00533148
-0.0074957
-0.00703754
-0.00666369
-0.00637244
-0.00612733
-0.00589916
-0.00569153
-0.00549997
-0.00531754
-0.0051225
-0.00767319
-0.0071608
-0.00672796
-0.0064048
-0.00613609
-0.00589111
-0.00566941
-0.00547166
-0.00528388
-0.00510756
-0.0049199
-0.00786961
-0.00732374
-0.00681664
-0.00646271
-0.00617087
-0.00590396
-0.00566224
-0.00545187
-0.00525384
-0.00507497
-0.00490621
-0.0047185
-0.00803896
-0.00753425
-0.00692731
-0.00654657
-0.00623614
-0.00594132
-0.00567645
-0.00544457
-0.00523384
-0.00504931
-0.00487344
-0.00470538
-0.00452491
-0.0081364
-0.00777294
-0.00813877
-0.00705859
-0.00665464
-0.00633142
-0.00600767
-0.00571663
-0.00545802
-0.00522904
-0.00502958
-0.00484363
-0.00467401
-0.00451247
-0.00433387
-0.00818606
-0.00807908
-0.00721902
-0.00770223
-0.00812324
-0.00678283
-0.00645098
-0.00610259
-0.00578485
-0.00549685
-0.00524365
-0.00502193
-0.00482435
-0.00464881
-0.00448145
-0.0043225
-0.00414953
-0.00824667
-0.00830704
-0.00744199
-0.00693961
-0.00728211
-0.00780338
-0.0081228
-0.00812481
-0.00658713
-0.00622378
-0.00588092
-0.00556451
-0.00528414
-0.00503595
-0.00482049
-0.00463118
-0.00445497
-0.00429333
-0.0041373
-0.00397282
-0.00827936
-0.00803245
-0.00865329
-0.00750492
-0.00718384
-0.00673505
-0.00702343
-0.00738841
-0.00775427
-0.00785475
-0.00806606
-0.00817681
-0.00636388
-0.00599897
-0.00566012
-0.00535293
-0.00507595
-0.00483514
-0.00462657
-0.00443722
-0.00426969
-0.00410878
-0.00396214
-0.00379399
-0.00832746
-0.00761644
-0.00919504
-0.00764625
-0.00755467
-0.00726751
-0.0069315
-0.00650954
-0.00678785
-0.00712149
-0.00743755
-0.0075218
-0.00772628
-0.00734714
-0.00818316
-0.00824632
-0.00613515
-0.00578028
-0.00544759
-0.00514275
-0.00487476
-0.00464121
-0.00443269
-0.00425363
-0.00408613
-0.00393297
-0.00378341
-0.0036239
-0.00770347
-0.00992569
-0.00767819
-0.00762526
-0.00737097
-0.00729024
-0.00700557
-0.00668882
-0.0062821
-0.00655339
-0.00687267
-0.00714537
-0.0072307
-0.00749479
-0.00755837
-0.0059148
-0.00556109
-0.00523596
-0.00494132
-0.00467909
-0.00444798
-0.00425053
-0.00407162
-0.00390964
-0.00375731
-0.00361345
-0.00345314
-0.00740344
-0.00733283
-0.00710103
-0.00702192
-0.00675784
-0.00645658
-0.00605851
-0.00632922
-0.00663593
-0.00689787
-0.00697068
-0.00719114
-0.00725799
-0.00569195
-0.00535338
-0.00503326
-0.00474244
-0.00448759
-0.0042664
-0.00407018
-0.0038966
-0.00373719
-0.00358578
-0.00344387
-0.0032847
-0.00713404
-0.007058
-0.00684236
-0.00678202
-0.00652337
-0.0062275
-0.0058345
-0.00610682
-0.0064096
-0.00666406
-0.00673123
-0.00693413
-0.00700674
-0.00548492
-0.00514404
-0.00483174
-0.00455305
-0.00430335
-0.00408603
-0.00389646
-0.0037243
-0.00356432
-0.00341867
-0.00327717
-0.00312581
-0.00687597
-0.00681751
-0.00660869
-0.00654796
-0.00629658
-0.0060041
-0.00562328
-0.00588512
-0.00618124
-0.00643777
-0.00649991
-0.00669826
-0.00676936
-0.00526997
-0.00494331
-0.00464113
-0.00436504
-0.00412452
-0.00391356
-0.00372556
-0.0035534
-0.00339951
-0.00325312
-0.00311614
-0.00296524
-0.00664592
-0.00658217
-0.00637849
-0.00632661
-0.00607662
-0.00578345
-0.00540625
-0.00567391
-0.00595911
-0.00620746
-0.00627284
-0.0064741
-0.00653488
-0.00506991
-0.00474879
-0.00445183
-0.00418528
-0.00395198
-0.00374549
-0.00355737
-0.00338962
-0.00323467
-0.00309059
-0.00295782
-0.00280846
-0.00641365
-0.00636391
-0.00616022
-0.00609922
-0.00585268
-0.00556782
-0.00520521
-0.0054585
-0.00574474
-0.00599084
-0.00604582
-0.00624458
-0.00630672
-0.00487163
-0.00455895
-0.00426763
-0.00401225
-0.00378493
-0.00358012
-0.00339522
-0.00322643
-0.00307246
-0.00293377
-0.00280043
-0.00265616
-0.0061942
-0.00613275
-0.00593461
-0.00587826
-0.00563914
-0.00535967
-0.00500209
-0.00525517
-0.00553118
-0.00577005
-0.00583108
-0.00602743
-0.00608147
-0.00467914
-0.00437093
-0.00409412
-0.00384601
-0.00362482
-0.00342091
-0.00323242
-0.00306299
-0.00291495
-0.00277675
-0.00264918
-0.002506
-0.00596721
-0.00591295
-0.00572099
-0.00566508
-0.00542576
-0.00515463
-0.00480897
-0.00505426
-0.00532471
-0.00556342
-0.0056095
-0.00580481
-0.00586653
-0.00449065
-0.00419402
-0.00392637
-0.00368867
-0.00346816
-0.00325912
-0.00307002
-0.00290552
-0.00275838
-0.00262647
-0.00249925
-0.00235818
-0.00575219
-0.00570467
-0.00550382
-0.00545245
-0.00522047
-0.00495534
-0.00461821
-0.00486117
-0.00512385
-0.0053529
-0.00540488
-0.00559701
-0.00563868
-0.00430874
-0.0040227
-0.00376888
-0.0035358
-0.00331158
-0.00309804
-0.00290983
-0.00274899
-0.00261011
-0.0024771
-0.00235159
-0.00221242
-0.00553765
-0.00548842
-0.00529979
-0.00524629
-0.00501938
-0.0047639
-0.00443449
-0.00466944
-0.0049282
-0.00515261
-0.00519902
-0.00538494
-0.00543586
-0.00413342
-0.00386169
-0.00362016
-0.00338795
-0.00315059
-0.00293467
-0.00275278
-0.0026016
-0.00246194
-0.00233079
-0.00220687
-0.00207119
-0.005337
-0.00527897
-0.0050983
-0.00504434
-0.0048302
-0.00457452
-0.00425528
-0.00448703
-0.00473367
-0.00495298
-0.00500302
-0.00518656
-0.00522575
-0.00396559
-0.0037142
-0.0034825
-0.00323056
-0.00298346
-0.00277384
-0.00260484
-0.002455
-0.00231682
-0.00218674
-0.00206616
-0.00192943
-0.00513529
-0.00507536
-0.00490546
-0.00485552
-0.0046388
-0.00439366
-0.00408405
-0.00430959
-0.00455011
-0.00475963
-0.00481065
-0.00498599
-0.00503003
-0.0038125
-0.00358164
-0.00333566
-0.00305916
-0.00281496
-0.00262406
-0.00246153
-0.00231163
-0.00217327
-0.00204718
-0.00192442
-0.00179115
-0.00494163
-0.004884
-0.00471006
-0.00466596
-0.00445637
-0.00421518
-0.00391991
-0.00414279
-0.00437186
-0.00457762
-0.00461983
-0.00479439
-0.00484098
-0.00367266
-0.00346096
-0.00316244
-0.00287693
-0.00266054
-0.00248338
-0.00232019
-0.00217128
-0.00203638
-0.00190609
-0.00178712
-0.00165025
-0.00474117
-0.00469563
-0.0045278
-0.00448027
-0.00427893
-0.00404579
-0.00376278
-0.00398207
-0.0042005
-0.00439761
-0.0044427
-0.00461136
-0.00464745
-0.00357881
-0.00329686
-0.00295629
-0.0027133
-0.00252312
-0.00234693
-0.00218358
-0.00203546
-0.00189773
-0.00176979
-0.00164824
-0.00151147
-0.00455862
-0.00450792
-0.00434761
-0.0043063
-0.00411191
-0.00388168
-0.00365057
-0.00383012
-0.00403617
-0.00422816
-0.00426347
-0.00442919
-0.00447248
-0.00346722
-0.00305115
-0.00277961
-0.00257984
-0.00239226
-0.00221379
-0.00204988
-0.00190085
-0.0017613
-0.00163315
-0.00150926
-0.00137385
-0.00437789
-0.00433482
-0.0041784
-0.00413806
-0.00395171
-0.00373271
-0.00364855
-0.00369007
-0.00388032
-0.00406331
-0.00409899
-0.00426121
-0.00428892
-0.00316867
-0.0028536
-0.00265171
-0.00245582
-0.00226262
-0.00208315
-0.00191886
-0.00176583
-0.00162779
-0.00149512
-0.00137349
-0.00123461
-0.00420748
-0.00416379
-0.00401712
-0.00398508
-0.00379624
-0.00367412
-0.00330118
-0.00378165
-0.00369697
-0.00391209
-0.00393863
-0.00409327
-0.00412558
-0.00293419
-0.00273758
-0.00253614
-0.00232941
-0.00213492
-0.00195478
-0.00178776
-0.00163564
-0.00149298
-0.00136174
-0.00123634
-0.00109465
-0.00404646
-0.00401138
-0.00386498
-0.0038403
-0.00362719
-0.00347422
-0.00304376
-0.00326661
-0.00400118
-0.00375947
-0.00377597
-0.00393763
-0.00396852
-0.00283149
-0.00263003
-0.00241154
-0.0022047
-0.002011
-0.00182942
-0.0016606
-0.00150566
-0.00136212
-0.00122596
-0.00109639
-0.000953885
-0.00389789
-0.00386578
-0.00365328
-0.00358973
-0.00352126
-0.00322439
-0.00293594
-0.00313269
-0.00330877
-0.0043527
-0.00344445
-0.00379468
-0.00382609
-0.0027317
-0.00250499
-0.00228852
-0.00208422
-0.00188981
-0.00170653
-0.00153712
-0.00137645
-0.00122844
-0.0010875
-0.000958299
-0.000811345
-0.00373324
-0.00363501
-0.00325534
-0.00343139
-0.00328689
-0.00308424
-0.0028326
-0.00299548
-0.00320933
-0.00337604
-0.00342274
-0.00500863
-0.00348809
-0.00260722
-0.0023823
-0.00217066
-0.00196545
-0.0017712
-0.00158745
-0.00141094
-0.00124898
-0.00109433
-0.000952328
-0.000816803
-0.000663825
-0.0033704
-0.00331967
-0.00313673
-0.00294925
-0.00270911
-0.00286882
-0.00305734
-0.00322676
-0.00328394
-0.00248028
-0.00226481
-0.00205325
-0.0018512
-0.0016563
-0.00146783
-0.00129061
-0.00112024
-0.000962815
-0.000813162
-0.000671908
-0.000514497
-0.00319284
-0.00314975
-0.00299437
-0.00281902
-0.00258221
-0.00274533
-0.002926
-0.00307534
-0.00311671
-0.00236295
-0.00214818
-0.0019415
-0.0017405
-0.00154364
-0.00135397
-0.00116815
-0.000992477
-0.00082732
-0.000670883
-0.000524881
-0.000360284
-0.00304367
-0.00300999
-0.00286367
-0.00269143
-0.00246277
-0.00262186
-0.00280064
-0.00294857
-0.00298436
-0.00224609
-0.00203601
-0.00183213
-0.00163269
-0.00143568
-0.00123855
-0.0010474
-0.000863741
-0.000689931
-0.000526912
-0.000373195
-0.000202464
-0.00291529
-0.00288152
-0.00273734
-0.00257006
-0.00234399
-0.00250258
-0.00267534
-0.00281987
-0.00285428
-0.00213232
-0.00192739
-0.00172927
-0.0015291
-0.00132904
-0.0011273
-0.000927366
-0.000733668
-0.000550782
-0.000378626
-0.000217536
-3.71127e-05
-0.00278881
-0.00275685
-0.00261714
-0.00244741
-0.00222907
-0.00238485
-0.0025551
-0.00269565
-0.00273053
-0.0020233
-0.00182623
-0.00162768
-0.00143053
-0.00122602
-0.00101561
-0.000806284
-0.000602149
-0.000408472
-0.000225453
-5.57767e-05
0.000133258
-0.00266593
-0.00263615
-0.00249397
-0.00233137
-0.00211816
-0.00227037
-0.00243432
-0.00258115
-0.00260687
-0.00192049
-0.00172605
-0.00153561
-0.00133509
-0.00112394
-0.000905664
-0.000684291
-0.000467559
-0.000260611
-6.82099e-05
0.000112639
0.000310194
-0.00254433
-0.00251384
-0.00237819
-0.0022173
-0.0020129
-0.00215967
-0.00231938
-0.00245421
-0.0024861
-0.00182004
-0.00163589
-0.00144547
-0.00124223
-0.00102411
-0.000795918
-0.000560769
-0.000330298
-0.000109682
9.68717e-05
0.0002873
0.000493872
-0.00242785
-0.00239628
-0.00226244
-0.00210898
-0.00190979
-0.00205254
-0.00220882
-0.00233957
-0.00236932
-0.00172947
-0.0015511
-0.00135963
-0.00115071
-0.000926392
-0.000685799
-0.000437428
-0.000188319
4.82075e-05
0.00026852
0.000471625
0.000681541
-0.00231073
-0.00228109
-0.00215223
-0.00200292
-0.00181564
-0.0019491
-0.00209989
-0.00222967
-0.00225922
-0.0016459
-0.00147067
-0.00127504
-0.00106314
-0.000831014
-0.000576713
-0.000308746
-4.07287e-05
0.00021426
0.000448848
0.000666385
0.000886668
-0.00219939
-0.00217056
-0.00204629
-0.00190281
-0.00173124
-0.00184996
-0.00199536
-0.00211833
-0.00214823
-0.00157076
-0.00139074
-0.0011929
-0.00098071
-0.000736912
-0.000465704
-0.000175506
0.00011267
0.000386565
0.000644951
0.000878443
0.00107833
-0.00209183
-0.00206513
-0.00194372
-0.00180654
-0.00165445
-0.00176185
-0.00189335
-0.00201608
-0.00204033
-0.00149525
-0.00130779
-0.00112008
-0.000900674
-0.000644129
-0.000352259
-3.98224e-05
0.000274138
0.000579951
0.000845223
0.0011727
0.000447901
-0.00198831
-0.0019637
-0.00184171
-0.0017441
-0.00157958
-0.00180351
-0.00177885
-0.00191764
-0.00194102
-0.00140902
-0.00123968
-0.00105107
-0.000824992
-0.000551895
-0.000235784
0.000104114
0.000454814
0.000759605
0.00118999
0.000538748
-0.00189056
-0.00186708
-0.00170871
-0.00164967
-0.00149635
-0.00160583
-0.00249771
-0.00200541
-0.00181606
-0.0018424
-0.0013387
-0.00117691
-0.000988736
-0.000751209
-0.000457577
-0.000116084
0.000263599
0.000612709
0.0011036
0.000568669
-0.00179021
-0.00176831
-0.00100826
-0.00179955
-0.0017175
-0.0015721
-0.00142199
-0.0015301
-0.00167914
-0.0016373
-0.00172451
-0.00127755
-0.00112357
-0.000930403
-0.000679895
-0.000363681
1.77037e-05
0.000400096
0.000931191
0.000511062
-0.00158625
-0.00178303
-0.00174055
-0.00161611
-0.00158529
-0.00149322
-0.00135818
-0.00145806
-0.0015706
-0.00154287
-0.00170261
-0.00166659
-0.00178797
-0.00122714
-0.00107496
-0.000877665
-0.000609217
-0.000259376
0.000130459
0.00067615
0.000394082
-0.0018086
-0.00176759
-0.00163473
-0.00160513
-0.00152701
-0.00150769
-0.00142474
-0.00130609
-0.00139547
-0.00149183
-0.00147284
-0.00158663
-0.00156241
-0.00172515
-0.00169088
-0.00118305
-0.00103625
-0.000826926
-0.00053449
-0.000170727
0.000351991
0.000236246
-0.00165094
-0.00162342
-0.00154214
-0.00152687
-0.00145828
-0.00144005
-0.00136609
-0.00126225
-0.00134159
-0.00142715
-0.00141191
-0.00150735
-0.00149009
-0.00160118
-0.00157979
-0.00115089
-0.000999925
-0.000777468
-0.000467172
-1.07097e-05
5.59333e-05
-0.00155817
-0.00154303
-0.00147413
-0.00145647
-0.00139566
-0.00138078
-0.00131703
-0.00122974
-0.00129733
-0.00137133
-0.00135528
-0.00144364
-0.00142846
-0.001523
-0.00150641
-0.00112422
-0.000970646
-0.000727121
-0.000370549
-0.000126896
-0.00148919
-0.00147209
-0.00141129
-0.00139655
-0.00134266
-0.0013324
-0.00127697
-0.00120546
-0.00126411
-0.00132271
-0.00131034
-0.00138493
-0.00137147
-0.00145945
-0.00144224
-0.00110946
-0.000931984
-0.000687302
-0.000293029
-0.00142935
-0.00141134
-0.00135566
-0.00134741
-0.00130167
-0.00129046
-0.00124676
-0.00119836
-0.00123992
-0.00128565
-0.0012767
-0.0013341
-0.00132532
-0.00139743
-0.00138573
-0.00108532
-0.000937329
-0.000428168
-0.00136995
-0.00135929
-0.00131384
-0.00130385
-0.00126764
-0.00125977
-0.00123049
-0.00119262
-0.00123264
-0.00125853
-0.00124929
-0.00129602
-0.00128955
-0.00134656
-0.00133921
-0.00112422
-0.00052918
-0.0013254
-0.0013162
-0.00127947
-0.00127247
-0.00124331
-0.00124398
-0.00122449
-0.00128093
-0.00122509
-0.00124112
-0.00124114
-0.00126672
-0.00125958
-0.00130756
-0.00129976
-0.000601021
-0.00129241
-0.00128372
-0.00125398
-0.00125155
-0.00123613
-0.00123945
-0.00125263
-0.0007128
-0.00131768
-0.00123527
-0.00123493
-0.00124932
-0.00124612
-0.00127498
-0.00126953
-0.00126342
-0.00125842
-0.00124366
-0.0012445
-0.00124344
-0.00125687
-0.00135127
-0.000663166
-0.00128599
-0.00130572
-0.00124218
-0.00124187
-0.0012578
-0.001253
-0.00125029
-0.00124834
-0.00125058
-0.00126048
-0.00133829
-0.00140754
-0.00136691
-0.000564056
-0.0012838
-0.00130356
-0.00124607
-0.00124513
-0.00125056
-0.00125946
-0.00132602
-0.00142319
-0.00152286
-0.000581635
-0.0012798
-0.00130248
-0.00132733
-0.00141696
-0.00166047
-0.000731035
-0.0868866
-0.0867745
-0.0859162
-0.0859806
-0.0866496
-0.086547
-0.0858059
-0.0858295
-0.086194
-0.0867788
-0.0867371
-0.0868802
-0.085561
-0.085913
-0.0856065
-0.0861659
-0.0871585
-0.087216
-0.086983
-0.0871545
-0.085319
-0.0856645
-0.0853642
-0.0860658
-0.0856391
-0.0882168
-0.0873309
-0.0877785
-0.0872276
-0.0874924
-0.0850399
-0.085423
-0.0850897
-0.0862363
-0.0850194
-0.0851026
-0.0884436
-0.0883159
-0.0875039
-0.0875526
-0.0878158
-0.0877686
-0.0848216
-0.0851424
-0.0848637
-0.0863868
-0.0851882
-0.0841064
-0.0846663
-0.0849206
-0.0886587
-0.0880953
-0.0876718
-0.0880241
-0.0846004
-0.0846476
-0.0865227
-0.0853217
-0.0842379
-0.0832874
-0.0838618
-0.0841839
-0.0844831
-0.0846935
-0.0888605
-0.0878337
-0.0843796
-0.0844258
-0.086649
-0.0854253
-0.0843358
-0.0833805
-0.0825497
-0.0830217
-0.0833814
-0.0838904
-0.0839127
-0.0840497
-0.0842263
-0.0890539
-0.0879933
-0.0841407
-0.0841835
-0.0867743
-0.0855127
-0.0843983
-0.0834368
-0.0826119
-0.0819011
-0.0823275
-0.082646
-0.0829414
-0.0832589
-0.083297
-0.0838004
-0.0839921
-0.0892432
-0.088151
-0.0839563
-0.0869038
-0.0855992
-0.084441
-0.0834539
-0.0826293
-0.0819331
-0.0813764
-0.0817049
-0.0819914
-0.0822736
-0.082593
-0.0828213
-0.0829753
-0.0833117
-0.0831457
-0.0834647
-0.0837714
-0.0894251
-0.088299
-0.0870314
-0.0856963
-0.0844843
-0.0834487
-0.0826022
-0.0819154
-0.0813634
-0.0808624
-0.0811979
-0.0815056
-0.0816457
-0.0819448
-0.0821759
-0.0823122
-0.0826226
-0.0824787
-0.0895902
-0.088411
-0.0871291
-0.0857999
-0.0845458
-0.0834469
-0.0825511
-0.0818512
-0.0813072
-0.0808561
-0.0804664
-0.0807468
-0.0809619
-0.0811575
-0.0815596
-0.081528
-0.0816822
-0.0819962
-0.0818602
-0.0897144
-0.0884325
-0.0871394
-0.0858796
-0.0846227
-0.0834724
-0.0825062
-0.0817615
-0.0812118
-0.0807929
-0.0804455
-0.0801358
-0.0803949
-0.0805872
-0.0807537
-0.0809296
-0.0810481
-0.0811063
-0.0813598
-0.0816088
-0.0897464
-0.0882755
-0.086968
-0.0858755
-0.0846812
-0.0835219
-0.0824977
-0.0816807
-0.0810937
-0.0806849
-0.0803799
-0.0801103
-0.0798286
-0.080082
-0.0802657
-0.0804217
-0.0805935
-0.080721
-0.0808202
-0.0809866
-0.0808848
-0.0810844
-0.0810578
-0.0817992
-0.0896038
-0.0878056
-0.0864717
-0.0856887
-0.0846597
-0.0835583
-0.0825204
-0.0816439
-0.0809877
-0.0805555
-0.0802748
-0.0800559
-0.0798189
-0.0795017
-0.0797731
-0.0799647
-0.0801193
-0.0802796
-0.0803978
-0.080484
-0.0806509
-0.0805551
-0.0807275
-0.0808212
-0.0809913
-0.0808997
-0.089161
-0.0868385
-0.0854532
-0.0851649
-0.0844521
-0.0835167
-0.0825349
-0.0816426
-0.0809313
-0.0804405
-0.0801522
-0.0799736
-0.0797983
-0.0795305
-0.0791241
-0.0794234
-0.0796463
-0.079814
-0.0799794
-0.0801001
-0.0801856
-0.0803372
-0.0802484
-0.0804083
-0.0804846
-0.0806498
-0.0805641
-0.0882433
-0.0851549
-0.0836794
-0.0840923
-0.0838938
-0.0832839
-0.0824734
-0.0816355
-0.0809099
-0.0803742
-0.080046
-0.0798798
-0.0797633
-0.0795727
-0.0792132
-0.0787016
-0.0789708
-0.0792588
-0.0794611
-0.0796586
-0.079791
-0.0798894
-0.0800448
-0.0799496
-0.0801143
-0.0801892
-0.0803387
-0.0802622
-0.0866435
-0.0825492
-0.0809336
-0.0822226
-0.0827587
-0.0826842
-0.0822139
-0.0815521
-0.0808826
-0.0803387
-0.0799819
-0.0798023
-0.079723
-0.0796154
-0.0793433
-0.0788516
-0.0781073
-0.0784955
-0.0787887
-0.078979
-0.0792549
-0.0794317
-0.0795466
-0.0797312
-0.0796237
-0.079808
-0.0798932
-0.0800507
-0.0799652
-0.0841673
-0.0789071
-0.0770999
-0.0793266
-0.0807823
-0.0814749
-0.0815641
-0.08126
-0.0807753
-0.0802933
-0.0799402
-0.0797542
-0.0796955
-0.0796569
-0.0794935
-0.0790791
-0.0783665
-0.0773113
-0.0777669
-0.0782299
-0.0785489
-0.0787668
-0.0789225
-0.0790853
-0.0793453
-0.0792108
-0.0794471
-0.0795497
-0.0797354
-0.0796397
-0.0807058
-0.0742742
-0.0722306
-0.0752875
-0.0777236
-0.0793735
-0.080263
-0.0805501
-0.0804432
-0.0801589
-0.0798789
-0.0797147
-0.0796776
-0.0797006
-0.0796433
-0.079355
-0.078722
-0.0776984
-0.0762553
-0.0768669
-0.0774348
-0.0777172
-0.0781255
-0.0783005
-0.0787603
-0.0788096
-0.0786339
-0.0789245
-0.0790904
-0.0793491
-0.0792256
-0.0762974
-0.0688665
-0.0665619
-0.0701699
-0.0734659
-0.0761292
-0.0780127
-0.0791412
-0.0796581
-0.0797749
-0.0797118
-0.0796392
-0.0796482
-0.0797261
-0.0797757
-0.079632
-0.0791414
-0.0782053
-0.0767786
-0.0749714
-0.0756495
-0.0763713
-0.0767892
-0.0773184
-0.0775836
-0.0778362
-0.0781885
-0.077952
-0.0781061
-0.0789908
-0.0787435
-0.0783715
-0.0711445
-0.0630094
-0.0604411
-0.064232
-0.0680882
-0.0716306
-0.0745551
-0.0767154
-0.0781144
-0.0788924
-0.0792603
-0.0794312
-0.0795592
-0.0797127
-0.0798553
-0.079863
-0.0795574
-0.0787819
-0.0774548
-0.075571
-0.0731063
-0.0743809
-0.075056
-0.0755054
-0.0762084
-0.0765957
-0.0769194
-0.077423
-0.0771366
-0.077598
-0.0778098
-0.078104
-0.0779633
-0.0781103
-0.0793476
-0.0655502
-0.0570653
-0.0542587
-0.0578469
-0.0618742
-0.0659765
-0.069788
-0.0730098
-0.0754775
-0.0771806
-0.0782518
-0.0788912
-0.079298
-0.0796078
-0.0798626
-0.080005
-0.0798886
-0.0793402
-0.0781985
-0.0764081
-0.0739936
-0.0722459
-0.0709971
-0.0731421
-0.0747577
-0.0752781
-0.0756648
-0.0763329
-0.0759687
-0.0765843
-0.0768792
-0.0773924
-0.0771348
-0.077582
-0.077787
-0.0781203
-0.0779707
-0.0598533
-0.0513984
-0.0484031
-0.0514346
-0.055226
-0.0594791
-0.0638353
-0.0679397
-0.0714855
-0.0742906
-0.0763304
-0.0777196
-0.0786422
-0.0792767
-0.0797349
-0.0800354
-0.0800997
-0.0797729
-0.0788953
-0.0773161
-0.0750098
-0.0720497
-0.0701639
-0.0715437
-0.0726322
-0.0685699
-0.0734101
-0.075037
-0.0748996
-0.0752221
-0.0756091
-0.0762889
-0.0759485
-0.0765448
-0.0768273
-0.0773517
-0.0771084
-0.0543911
-0.046351
-0.0432367
-0.0454087
-0.0485959
-0.0525729
-0.0570442
-0.0616636
-0.0660784
-0.0699683
-0.073137
-0.0755382
-0.0772646
-0.0784728
-0.0793122
-0.0798733
-0.0801525
-0.0800561
-0.0794315
-0.078141
-0.0760736
-0.0732363
-0.069758
-0.067635
-0.0692152
-0.0704256
-0.071145
-0.0717213
-0.0722685
-0.072801
-0.065889
-0.0732704
-0.073743
-0.0735961
-0.074751
-0.0751686
-0.0755497
-0.0762313
-0.0759067
-0.0494859
-0.042219
-0.0390593
-0.0401497
-0.0424214
-0.0457401
-0.0498836
-0.0545679
-0.0594545
-0.0641868
-0.0684345
-0.0719856
-0.0747685
-0.0768399
-0.0783185
-0.0793308
-0.0799398
-0.0801233
-0.0797828
-0.0787776
-0.0770098
-0.0744309
-0.0710727
-0.0671412
-0.064886
-0.0665337
-0.0678864
-0.0687123
-0.0693818
-0.0699704
-0.0705351
-0.0630145
-0.0740417
-0.0747126
-0.045426
-0.0391803
-0.0360327
-0.0359568
-0.0370994
-0.0394442
-0.0428669
-0.0471575
-0.0520449
-0.0571926
-0.0622407
-0.0668535
-0.0707982
-0.0739673
-0.076373
-0.0781025
-0.0792438
-0.0798373
-0.0798518
-0.0791914
-0.0777443
-0.0754615
-0.0723612
-0.0685238
-0.0642156
-0.0621405
-0.0636051
-0.0650058
-0.0659824
-0.0666952
-0.0673663
-0.0679892
-0.0596565
-0.0423993
-0.0372361
-0.0341322
-0.0329727
-0.032924
-0.0340936
-0.0364805
-0.0399777
-0.0443939
-0.0494658
-0.0548586
-0.0602148
-0.0651885
-0.0695224
-0.0730655
-0.0757881
-0.0777314
-0.07895
-0.0794642
-0.0792386
-0.0782
-0.0762797
-0.0734765
-0.0698649
-0.0656045
-0.0609386
-0.0585135
-0.0605525
-0.0624716
-0.0628539
-0.0636599
-0.0644452
-0.0651476
-0.0560636
-0.040433
-0.036217
-0.0331637
-0.0311413
-0.0300112
-0.0299698
-0.0311379
-0.0335337
-0.0370764
-0.04159
-0.0468187
-0.0524339
-0.0580792
-0.0633971
-0.0680972
-0.0719901
-0.0749936
-0.0771066
-0.0783496
-0.0787246
-0.0782053
-0.0767544
-0.0743534
-0.0710473
-0.0669676
-0.0623397
-0.0573952
-0.0548522
-0.0569063
-0.0586528
-0.0596218
-0.0604739
-0.0621459
-0.0620021
-0.0523085
-0.0393843
-0.0358582
-0.0328456
-0.0302398
-0.0282693
-0.0271563
-0.0271001
-0.028237
-0.0306122
-0.0341673
-0.0387427
-0.0440937
-0.0499001
-0.0558036
-0.0614299
-0.0664621
-0.0706621
-0.0739024
-0.0761317
-0.0773407
-0.07753
-0.076687
-0.074817
-0.0719528
-0.0681906
-0.0637203
-0.0588036
-0.0536595
-0.0510717
-0.0532073
-0.0550401
-0.0561257
-0.0570303
-0.0578821
-0.0587393
-0.0594485
-0.0601633
-0.0624686
-0.0484364
-0.0390019
-0.035889
-0.0329025
-0.0299704
-0.0274461
-0.0255212
-0.024411
-0.0243196
-0.0254013
-0.0277245
-0.0312548
-0.0358513
-0.0412843
-0.0472398
-0.0533568
-0.0592457
-0.0645566
-0.0690135
-0.0724359
-0.0747295
-0.0758598
-0.075827
-0.074652
-0.0723801
-0.0690974
-0.0649551
-0.0601985
-0.0550695
-0.0498004
-0.0471733
-0.0493572
-0.0512534
-0.0523638
-0.0533078
-0.0542404
-0.0551468
-0.0558966
-0.056824
-0.0576569
-0.0584948
-0.0444891
-0.0390199
-0.0360946
-0.0331208
-0.0300537
-0.0272284
-0.0247834
-0.0228984
-0.0217802
-0.0216386
-0.0226415
-0.0248804
-0.0283458
-0.0329192
-0.0383868
-0.0444411
-0.0507165
-0.0568084
-0.0623385
-0.0669853
-0.0705266
-0.0728361
-0.0738546
-0.0735929
-0.0721
-0.0694681
-0.0658379
-0.0614181
-0.0564646
-0.0512166
-0.0458751
-0.0431908
-0.0453965
-0.0473389
-0.0484727
-0.0494441
-0.0504073
-0.0513452
-0.0521054
-0.0530766
-0.0539762
-0.0548792
-0.0404975
-0.0392195
-0.0363377
-0.0333682
-0.0302808
-0.0273369
-0.0246197
-0.0222538
-0.0204043
-0.0192721
-0.0190658
-0.0199672
-0.0220898
-0.0254502
-0.0299541
-0.0354038
-0.0414985
-0.0478696
-0.0540977
-0.0597781
-0.0645521
-0.0681567
-0.0704333
-0.0713221
-0.0708389
-0.0690647
-0.0661372
-0.0622527
-0.0576525
-0.0525955
-0.0473058
-0.0419232
-0.0391514
-0.0413574
-0.0433418
-0.0444836
-0.0454765
-0.0464626
-0.0474194
-0.0481977
-0.0492007
-0.0501247
-0.0510655
-0.0364845
-0.0394559
-0.0372807
-0.0357631
-0.034271
-0.0305269
-0.0328162
-0.0275704
-0.0247529
-0.0221449
-0.0198575
-0.0180424
-0.0168895
-0.0166075
-0.0173883
-0.019366
-0.0225817
-0.026968
-0.0323445
-0.0384181
-0.0448169
-0.0511073
-0.0568627
-0.0616986
-0.0653169
-0.0675365
-0.0682911
-0.0676121
-0.0656108
-0.062471
-0.0584289
-0.0537409
-0.0486617
-0.0433745
-0.037971
-0.035069
-0.0372613
-0.039279
-0.0404252
-0.0414334
-0.0424369
-0.0434148
-0.044204
-0.0452143
-0.0461728
-0.0471242
-0.0324559
-0.0404185
-0.0388419
-0.0377166
-0.0369611
-0.0362464
-0.0354787
-0.0346861
-0.0339621
-0.0313877
-0.0278128
-0.0299974
-0.0332762
-0.032541
-0.0249911
-0.022301
-0.0198034
-0.0175952
-0.0158133
-0.0146376
-0.0142722
-0.014916
-0.0167207
-0.0197564
-0.023979
-0.0292271
-0.0352168
-0.0415771
-0.0478629
-0.0536259
-0.0584591
-0.0620484
-0.0641916
-0.0648235
-0.0639881
-0.06183
-0.0585665
-0.054454
-0.0497609
-0.044709
-0.0394418
-0.0340221
-0.0309434
-0.0331163
-0.0351694
-0.0363067
-0.0373414
-0.0383466
-0.0393486
-0.040129
-0.041165
-0.0421316
-0.0431058
-0.0284063
-0.0400882
-0.0393453
-0.038547
-0.0377145
-0.0369816
-0.0363103
-0.0355602
-0.0346833
-0.0339807
-0.0317829
-0.0310908
-0.0286318
-0.0252278
-0.027307
-0.0304343
-0.0297322
-0.0333362
-0.0326171
-0.0225421
-0.0199807
-0.0175944
-0.0154658
-0.0137189
-0.0125186
-0.0120635
-0.0125577
-0.0141701
-0.0169936
-0.0210097
-0.0260768
-0.0319229
-0.0381762
-0.0443906
-0.0501029
-0.0548876
-0.0584155
-0.0604755
-0.0610051
-0.0600639
-0.057822
-0.0545151
-0.050414
-0.0457665
-0.0407654
-0.035523
-0.0300504
-0.0267921
-0.0289047
-0.0310052
-0.0321431
-0.033193
-0.034207
-0.0352311
-0.0360034
-0.0370577
-0.0380327
-0.0390307
-0.0243308
-0.0401117
-0.039415
-0.0386354
-0.0317805
-0.0311079
-0.0290076
-0.0283474
-0.0260045
-0.0227717
-0.0247456
-0.0277204
-0.0270519
-0.0304906
-0.029803
-0.0202227
-0.0177903
-0.015515
-0.0134683
-0.0117564
-0.0105325
-0.00998618
-0.0103239
-0.0117285
-0.0143147
-0.0180899
-0.0229316
-0.0285814
-0.0346725
-0.0407566
-0.0463652
-0.0510608
-0.0545039
-0.0564817
-0.0569371
-0.0559456
-0.0536872
-0.0504094
-0.0463723
-0.0417987
-0.0368564
-0.0316083
-0.0260453
-0.0226834
-0.0245818
-0.0267489
-0.0279097
-0.0289842
-0.0300103
-0.0310586
-0.0318322
-0.0328884
-0.0338848
-0.0348903
-0.020239
-0.0290054
-0.0283628
-0.0263607
-0.0257324
-0.0235058
-0.0204438
-0.0223126
-0.0251352
-0.0245003
-0.0277728
-0.027117
-0.0180312
-0.0157268
-0.0135636
-0.0115984
-0.00992469
-0.00867878
-0.00804308
-0.0082226
-0.00941139
-0.0117438
-0.0152496
-0.0198274
-0.0252377
-0.0311224
-0.0370321
-0.0424944
-0.0470675
-0.0504107
-0.0523138
-0.0527284
-0.0517332
-0.0495175
-0.0463186
-0.0423749
-0.0378901
-0.0329754
-0.0276891
-0.0220418
-0.0184817
-0.0204505
-0.022423
-0.0235378
-0.0246615
-0.0257279
-0.026808
-0.0275768
-0.0286633
-0.0296697
-0.0306947
-0.0161378
-0.0263585
-0.0257458
-0.0238426
-0.0232461
-0.0211353
-0.0182428
-0.0200073
-0.022678
-0.0220768
-0.0251834
-0.0245597
-0.0159648
-0.0137876
-0.011735
-0.00985308
-0.00821879
-0.00695605
-0.00623499
-0.0062601
-0.00723336
-0.00930312
-0.0125239
-0.0168145
-0.0219553
-0.0275974
-0.0332955
-0.0385768
-0.0430026
-0.0462366
-0.0480764
-0.048475
-0.0475199
-0.0453849
-0.0422913
-0.0384569
-0.0340343
-0.0291278
-0.0237846
-0.0180501
-0.014257
-0.0160636
-0.0182434
-0.0194918
-0.0202296
-0.0212498
-0.0223563
-0.0231734
-0.0243207
-0.0253683
-0.0264291
-0.0120068
-0.0238405
-0.0232575
-0.0214526
-0.0208877
-0.0188916
-0.0161662
-0.0178279
-0.0203485
-0.0197808
-0.0227218
-0.0221302
-0.0140205
-0.0119683
-0.0100257
-0.00822643
-0.00663475
-0.00535927
-0.00456163
-0.00444268
-0.00520643
-0.0070178
-0.00994756
-0.0139419
-0.0187949
-0.0241687
-0.0296261
-0.0346997
-0.0389592
-0.0420786
-0.0438618
-0.0442689
-0.0433739
-0.0413394
-0.0383647
-0.0346198
-0.0302455
-0.0253178
-0.0198955
-0.0140476
-0.01006
-0.0118447
-0.0139782
-0.0149684
-0.0160539
-0.017024
-0.0181835
-0.0195795
-0.0194406
-0.0206979
-0.0219147
-0.00790329
-0.0214503
-0.0208971
-0.0191894
-0.0186558
-0.0167725
-0.0142108
-0.0157717
-0.0181453
-0.0176104
-0.0203879
-0.0198282
-0.0121945
-0.0102651
-0.00843009
-0.00671328
-0.00516592
-0.00388528
-0.00302253
-0.00277228
-0.00334336
-0.00490875
-0.00755873
-0.0112572
-0.0158134
-0.0209037
-0.0260995
-0.0309453
-0.0350242
-0.0380216
-0.0397522
-0.0401704
-0.0393462
-0.037418
-0.0345429
-0.0308753
-0.0265143
-0.0215344
-0.0160191
-0.0100541
-0.00591597
-0.00763948
-0.00977772
-0.0107534
-0.0118542
-0.0128579
-0.0139415
-0.0146047
-0.0156467
-0.0165578
-0.0174641
-0.0198064
-0.00391734
-0.0191869
-0.0186631
-0.0170512
-0.0165482
-0.0147752
-0.0123729
-0.0138358
-0.0160657
-0.0155631
-0.0181804
-0.0176521
-0.0104832
-0.00867289
-0.00694262
-0.0053071
-0.00380688
-0.00252851
-0.00161531
-0.00125574
-0.00165628
-0.00299887
-0.00538834
-0.00880125
-0.0130634
-0.0178619
-0.0227832
-0.0273869
-0.0312712
-0.0341361
-0.0358043
-0.0362314
-0.0354693
-0.0336265
-0.0308368
-0.0272059
-0.0228273
-0.0177845
-0.0121578
-0.0061598
-0.00189212
-0.0034977
-0.00559167
-0.00652205
-0.00761911
-0.00862997
-0.00971312
-0.0103696
-0.0114543
-0.0124691
-0.0135207
-0.0141883
-0.01523
-0.0162073
-0.017034
-0.000156093
-0.0170484
-0.0165534
-0.0150351
-0.0145621
-0.0128966
-0.010649
-0.0120167
-0.014107
-0.0136358
-0.0160967
-0.0155992
-0.0088822
-0.00718646
-0.00555747
-0.00400174
-0.00255106
-0.00128461
-0.000337142
0.000108117
-0.000152735
-0.00130613
-0.00346163
-0.00660881
-0.010587
-0.0150942
-0.0197358
-0.0240844
-0.0277583
-0.0304728
-0.0320624
-0.0324773
-0.0317532
-0.0299723
-0.027226
-0.0236082
-0.0191928
-0.0140632
-0.00838645
-0.0024583
0.001863
0.000467075
-0.00151229
-0.00238003
-0.00344349
-0.00443141
-0.00549184
-0.00611092
-0.00718769
-0.00820607
-0.00926498
-0.0098999
-0.0109799
-0.01204
-0.0130799
0.00322943
-0.0150318
-0.0145652
-0.0131382
-0.0126944
-0.011133
-0.0090347
-0.0103107
-0.0122659
-0.0118252
-0.014134
-0.0136665
-0.00738658
-0.00580038
-0.00426894
-0.00279136
-0.00139421
-0.000150603
0.000811072
0.00131414
0.0011573
0.000158708
-0.00179807
-0.00470804
-0.00841794
-0.0126433
-0.0170006
-0.0210818
-0.0245254
-0.0270652
-0.0285471
-0.0289188
-0.0281997
-0.0264422
-0.0237145
-0.0200745
-0.0156041
-0.010428
-0.00479105
0.000914741
0.00520831
0.00408857
0.00230148
0.00158347
0.000566074
-0.000368609
-0.00138333
-0.00195386
-0.00299696
-0.0039863
-0.0050206
-0.0056127
-0.00668066
-0.00773698
-0.00877933
0.0061371
-0.0131344
-0.0126953
-0.0113568
-0.0109413
-0.00948035
-0.00752511
-0.00871335
-0.0105387
-0.0101274
-0.012289
-0.0118507
-0.00599086
-0.00450978
-0.00307189
-0.00167056
-0.00033038
0.000877435
0.0018306
0.00236024
0.00227185
0.00138489
-0.000410992
-0.00311482
-0.00658301
-0.0105362
-0.0146065
-0.0184059
-0.0215949
-0.0239285
-0.0252659
-0.0255553
-0.0248018
-0.0230338
-0.0202854
-0.0166141
-0.0121092
-0.00695796
-0.00147541
0.00384721
0.00803124
0.00723434
0.00573888
0.00500824
0.0035037
0.00253843
0.0019932
0.00101263
7.89658e-05
-0.000908479
-0.00144511
-0.00247676
-0.003498
-0.00451199
0.00845494
-0.0113525
-0.0109402
-0.00968714
-0.00929895
-0.00793392
-0.0061155
-0.00722001
-0.00892104
-0.00853795
-0.0105581
-0.010148
-0.00469075
-0.0033109
-0.00196231
-0.000636562
0.000639292
0.00179754
0.00272067
0.00324547
0.00318528
0.00236947
0.000691417
-0.00184376
-0.00509372
-0.00878406
-0.0125656
-0.0160658
-0.0189725
-0.0210643
-0.022217
-0.0223831
-0.0215553
-0.0197399
-0.0169579
-0.0132618
-0.00877466
-0.00374484
0.00143105
0.00621743
0.0102282
0.00982127
0.00863432
0.00801813
0.00655278
0.00598005
0.0039794
0.00511312
0.00296939
0.00247475
0.00152173
0.000566011
-0.000396226
0.0100227
-0.0096823
-0.00929577
-0.00812433
-0.00776235
-0.00648925
-0.00480208
-0.00582636
-0.00740817
-0.00705223
-0.00893695
-0.00855387
-0.00348309
-0.00220004
-0.000935763
0.000311607
0.00151545
0.00260917
0.00347875
0.00396704
0.00389605
0.00310662
0.0015068
-0.000892721
-0.00394588
-0.00738675
-0.0108727
-0.0140559
-0.0166505
-0.0184628
-0.0193906
-0.019393
-0.0184565
-0.0165759
-0.0137632
-0.0100775
-0.00568888
-0.000901791
0.00380858
0.00787814
0.01163
0.0117108
0.0109039
0.0105536
0.00938048
0.00905516
0.00833497
0.00683572
0.00761254
0.00422786
0.00340005
0.0105968
-0.00811904
-0.00775728
-0.00666399
-0.00632712
-0.00514223
-0.00358195
-0.00452892
-0.00599565
-0.00566579
-0.00742082
-0.00706365
-0.00236523
-0.00117378
7.75149e-06
0.00117221
0.00229406
0.00330837
0.0041014
0.00452067
0.00440163
0.00360232
0.00204221
-0.000250893
-0.00312943
-0.00632455
-0.00950939
-0.0123564
-0.0146097
-0.0161078
-0.0167741
-0.0165821
-0.0155182
-0.0135708
-0.0107498
-0.00713391
-0.00294359
0.00144151
0.0055196
0.00856566
0.0120229
0.0127257
0.0123877
0.0123544
0.0115695
0.0114891
0.01095
0.00976886
0.0103862
0.0102153
-0.00665818
-0.00632007
-0.00530181
-0.00498929
-0.00389038
-0.00245391
-0.00332517
-0.00467993
-0.00437565
-0.00600509
-0.00567286
-0.00133813
-0.000232142
0.000864898
0.00193986
0.00297133
0.00389006
0.00458228
0.00490413
0.00470529
0.00386104
0.00231321
0.00010218
-0.00261442
-0.00556927
-0.0084449
-0.0109367
-0.0128236
-0.0139789
-0.0143584
-0.0139552
-0.0127605
-0.0107614
-0.00797241
-0.00451661
-0.000661793
0.00317355
0.00629771
0.00843231
0.0113556
0.0126619
0.012883
0.0132364
0.0129346
0.0131262
0.0128145
0.0120174
0.0124382
0.00756119
-0.00529554
-0.00498041
-0.00403543
-0.00374669
-0.00273145
-0.00142217
-0.00221307
-0.0034589
-0.00317973
-0.00468635
-0.00437847
-0.00039781
0.000627106
0.00163026
0.00261077
0.00354073
0.0043469
0.00491722
0.00511689
0.00481192
0.0038997
0.00234167
0.000196702
-0.00236716
-0.00507957
-0.00763657
-0.00975903
-0.0112602
-0.0120554
-0.0121372
-0.0115211
-0.0102055
-0.00818623
-0.00551018
-0.00232059
0.00106362
0.0040407
0.00640124
0.00575898
0.00892979
0.0114256
0.0122671
0.0130131
0.0132827
0.0137905
0.0137496
0.01343
0.0136056
0.00680815
-0.00402856
-0.0037359
-0.00286301
-0.00259768
-0.0016642
-0.000501541
-0.00119059
-0.00233116
-0.00207712
-0.0034624
-0.00317853
0.000463589
0.00139005
0.00229861
0.00317952
0.0039961
0.00467394
0.00510399
0.0051622
0.00473289
0.00373621
0.00215653
7.04592e-05
-0.0023411
-0.00480904
-0.0070392
-0.00877959
-0.00988503
-0.0103181
-0.0101075
-0.00929139
-0.00788764
-0.00591673
-0.00343283
-0.000639127
0.00202538
0.00434683
0.00395524
0.00636954
0.00661131
0.0086435
0.0103983
0.0115296
0.0124568
0.0133215
0.0135695
0.0138146
0.0137092
-0.00285582
-0.00258537
-0.00178423
-0.0015417
-0.000704309
0.000373962
-0.000318996
-0.00129373
-0.00106264
-0.0023324
-0.00207283
0.00123399
0.00205768
0.00286576
0.00363995
0.0043323
0.00486823
0.0051436
0.00504762
0.00448433
0.00339727
0.001792
-0.000233608
-0.00248924
-0.00470403
-0.00659742
-0.00795197
-0.00866665
-0.00874701
-0.00826005
-0.00727487
-0.0058432
-0.00398656
-0.00182107
0.00042358
0.00247668
0.00237085
0.00551709
0.00402243
0.00710466
0.00917783
0.0105259
0.0114227
0.0121017
0.0130379
0.0126128
-0.00177785
-0.00152927
-0.000793361
-0.000578762
0.00017291
0.0011601
0.000576657
-0.000382202
-0.000246997
-0.00129435
-0.00105486
0.0018987
0.00261981
0.00332565
0.00398743
0.0045476
0.00493054
0.00504212
0.00478567
0.00408667
0.00291091
0.00128801
-0.000668554
-0.00275721
-0.00470834
-0.00626118
-0.00723533
-0.00757222
-0.00732295
-0.00659392
-0.00550315
-0.00410228
-0.00248235
-0.000676892
0.000941614
0.0011936
0.00426283
0.00335084
0.00662459
0.00730477
0.0102497
0.0106709
0.00950043
-0.000778852
-0.00053471
8.28164e-05
0.000292678
0.000995221
0.00182607
0.00132502
0.000499451
0.000685857
-0.000306752
-0.000343283
0.00245835
0.00307541
0.0036753
0.00421906
0.00464179
0.00486525
0.00480873
0.00439335
0.00356564
0.00231267
0.00068504
-0.00118678
-0.00309199
-0.00476856
-0.00598083
-0.00658497
-0.00656607
-0.0060255
-0.00512267
-0.00398058
-0.00273321
-0.0012958
-0.000170888
0.000509561
0.00260993
0.0017778
0.0048522
0.00659349
0.00578451
0.00711736
0.0111181
0.000164226
0.000323755
0.000904443
0.00107951
0.00168408
0.00238217
0.00196457
0.00125829
0.00141722
0.000505509
0.000695214
-0.000434453
0.00290799
0.003421
0.00391234
0.00433499
0.00461683
0.00468036
0.00445795
0.00389244
0.00294866
0.00163711
2.70006e-05
-0.00173767
-0.00344207
-0.00483655
-0.00571108
-0.005962
-0.00562681
-0.00486095
-0.0038416
-0.00277427
-0.0015686
-0.000855096
0.000282259
0.000650147
0.00158708
0.00460646
0.00637829
0.00563564
0.000167518
0.000316205
0.000900052
0.00108469
0.00160792
0.00175645
0.00226839
0.0028289
0.00249548
0.00191146
0.00204568
0.00125601
0.00142541
0.00050726
0.000697239
0.00325009
0.00365796
0.00403765
0.0043367
0.00447816
0.00438654
0.00400725
0.00330579
0.00226839
0.000923787
-0.000643409
-0.00227651
-0.00376188
-0.0048647
-0.00540592
-0.00533586
-0.00474631
-0.00381744
-0.00280283
-0.00168864
-0.0012013
0.000337121
-0.00136231
0.000902073
0.00108602
0.00160357
0.00176185
0.00220825
0.00233004
0.00274146
0.00316797
0.00291698
0.00245793
0.00256437
0.00190975
0.00205388
0.00126066
0.00143019
0.0034858
0.00378954
0.0040568
0.00423052
0.00423439
0.00399786
0.00347675
0.00266096
0.00155609
0.000208015
-0.00128607
-0.0027605
-0.00400241
-0.0048042
-0.00503723
-0.00469963
-0.00391531
-0.00293328
-0.00183441
-0.00136867
0.00043032
-0.00305839
0.00160693
0.00176507
0.00220372
0.00233521
0.00269607
0.00279067
0.00310487
0.00340057
0.00322868
0.00289148
0.00297196
0.00245688
0.0025729
0.00191471
0.00205876
0.0036182
0.00382011
0.00397688
0.00402707
0.00389856
0.0035308
0.00289095
0.00198556
0.00084633
-0.000474422
-0.00186343
-0.00315009
-0.00413772
-0.00465091
-0.00460462
-0.00404465
-0.00315755
-0.00208165
-0.00150943
0.000355164
-0.00410349
0.00220645
0.00233786
0.00269208
0.00279529
0.00307289
0.00314129
0.00335856
0.00353239
0.00343442
0.00321408
0.00326871
0.00289041
0.0029791
0.00246077
0.00257713
0.00365675
0.00376151
0.00381034
0.00374131
0.00348963
0.00300721
0.00227728
0.00131257
0.000166523
-0.00109406
-0.00234058
-0.00341126
-0.00413211
-0.00437182
-0.0040902
-0.0033843
-0.00239652
-0.00170111
4.98322e-05
-0.00437991
0.00269424
0.00279783
0.00306879
0.00314462
0.00333831
0.00338219
0.00350884
0.00356943
0.00354031
0.00342872
0.00346026
0.00321326
0.00327439
0.00289373
0.00298293
0.00360621
0.00362031
0.00356884
0.00339032
0.00303101
0.00245683
0.00166168
0.000667999
-0.000459561
-0.00161777
-0.00269279
-0.0035351
-0.00399852
-0.00398617
-0.00351197
-0.00268512
-0.00193041
-0.000401483
-0.00404515
0.00307051
0.00314692
0.00333469
0.0033839
0.00350029
0.00352086
0.00356175
0.00352277
0.00355257
0.00354198
0.00355154
0.00342773
0.00346387
0.00321591
0.00327773
0.00348416
0.00341499
0.00326989
0.00299505
0.0025489
0.00190681
0.00106688
7.24341e-05
-0.000997286
-0.00202269
-0.00290551
-0.00350813
-0.00371355
-0.00347856
-0.00285687
-0.00213056
-0.000861135
-0.00340465
0.0033359
0.00338573
0.00349712
0.00352155
0.00356336
0.00356311
0.00352665
0.0034026
0.00348442
0.00356081
0.00355112
0.0035411
0.0035534
0.00342926
0.00346596
0.00329494
0.00315278
0.00292939
0.00257824
0.00206634
0.00137769
0.000523913
-0.000440325
-0.00142097
-0.00230191
-0.00296995
-0.00332719
-0.00329656
-0.00287738
-0.00224038
-0.00121926
-0.00271944
0.00349736
0.00352245
0.00356085
0.00356233
0.00353697
0.0035184
0.00341655
0.00322318
0.00334489
0.00349517
0.00346957
0.00356004
0.0035509
0.00354188
0.00355452
0.00306205
0.00285764
0.00256926
0.00215867
0.0015996
0.000888049
4.64078e-05
-0.000862133
-0.00172789
-0.00244001
-0.0028842
-0.0030006
-0.00275214
-0.00223226
-0.00142552
-0.00211858
0.0035604
0.00356231
0.00353558
0.00351645
0.00343283
0.00339981
0.00324279
0.00299661
0.00315217
0.00335872
0.00331978
0.00349445
0.00346643
0.00355947
0.00355062
0.00278822
0.00253694
0.0022028
0.00174989
0.00116543
0.000460642
-0.000335183
-0.00116342
-0.0019068
-0.00243487
-0.0026574
-0.00254369
-0.00213354
-0.00148881
-0.00163327
0.00353413
0.00351557
0.00343156
0.00339547
0.0032638
0.00321908
0.0030224
0.00273821
0.00291482
0.00316421
0.00311668
0.00335752
0.00331421
0.0034931
0.00346523
0.00249996
0.00221324
0.00184283
0.00136596
0.000781805
0.000103778
-0.000635723
-0.00136365
-0.00196057
-0.00229574
-0.0023025
-0.0019894
-0.00145529
-0.00125875
0.00342925
0.00339335
0.00326349
0.0032136
0.00304636
0.00299432
0.0027662
0.00245736
0.00265296
0.00292827
0.00287403
0.00316252
0.00310809
0.00335458
0.00331144
0.00219398
0.00188716
0.00150216
0.00102317
0.000455738
-0.000178442
-0.00083605
-0.00144364
-0.00188912
-0.0020427
-0.00185244
-0.00139382
-0.000986004
0.00326033
0.00321074
0.00304584
0.00298663
0.00279251
0.00273572
0.00249038
0.00216665
0.00236814
0.00266269
0.00260616
0.00292654
0.00286381
0.00315933
0.00310442
0.00190209
0.00158772
0.00119608
0.000726707
0.000190742
-0.000386613
-0.000953582
-0.0014301
-0.00171913
-0.0017152
-0.00136349
-0.000809585
0.00304183
0.00298217
0.00279355
0.00272729
0.00251769
0.00245888
0.0021948
0.00187753
0.00206557
0.00237848
0.00231753
0.00266059
0.00259289
0.0029213
0.00285809
0.00161797
0.0013049
0.000925756
0.000480893
-1.36843e-05
-0.000518435
-0.000976128
-0.00132783
-0.00150147
-0.0013657
-0.000729864
0.00278794
0.00272147
0.00251789
0.00244756
0.00222005
0.00215532
0.00185926
0.00162173
0.00176116
0.00206169
0.00198384
0.00237565
0.00230182
0.00265451
0.002586
0.00137339
0.0010659
0.000698977
0.000283995
-0.000154563
-0.000575381
-0.00093969
-0.00121482
-0.001291
-0.00074491
0.00251108
0.00244002
0.00222017
0.00214141
0.00183943
0.0016446
0.00163025
0.00138733
0.00154962
0.00169238
0.00205857
0.00197157
0.00236767
0.00229331
0.00113957
0.000847724
0.000511138
0.000141022
-0.000230984
-0.000577426
-0.000896537
-0.00112484
-0.000735057
0.00221195
0.0021318
0.00188904
0.00192948
0.00160621
0.00141867
0.00117697
0.00133544
0.00152027
0.00166785
0.00169255
0.00204716
0.00195526
0.00094907
0.000676935
0.000369566
5.12949e-05
-0.000262728
-0.000586723
-0.00090294
-0.000680127
0.001855
0.00179287
0.00161226
0.00158736
0.0014172
0.00121325
0.00098763
0.00114238
0.00132127
0.00149848
0.00152626
0.000772587
0.000529861
0.000269927
-2.90323e-06
-0.000305919
-0.000652507
-0.000589546
0.0014264
0.00139728
0.00122141
0.0010294
0.000827274
0.00096582
0.00113446
0.00130296
0.00132903
0.000642251
0.000430881
0.000197624
-7.183e-05
-0.000400911
-0.000464617
0.00123229
0.00120709
0.00104486
0.000867282
0.000691041
0.000820235
0.000967198
0.0011227
0.00114287
0.00052514
0.000335757
0.00010764
-0.000174029
-0.000310243
0.00105759
0.00103825
0.000889935
0.000733753
0.0005818
0.000694622
0.00082698
0.000964174
0.000978854
0.000433621
0.000239692
1.1755e-05
-0.000144323
0.000905515
0.000892303
0.000762733
0.000622048
0.00048082
0.000595855
0.000709737
0.000831432
0.000840615
0.000322212
0.00014959
7.41848e-06
0.00078061
0.000773158
0.000656134
0.000529156
0.000376754
0.000502025
0.000614052
0.000722676
0.000726593
0.000245807
0.000121942
0.000677344
0.000673614
0.000566796
0.00043561
0.000296452
0.000404491
0.000526389
0.00063253
0.000632705
0.000189877
0.000591044
0.000588818
0.000479154
0.000335966
0.000217296
0.000297353
0.000436247
0.00054993
0.000549139
0.000508802
0.000505801
0.000384634
0.000254119
0.000174301
0.000329009
0.000466451
0.000466864
0.000428516
0.000424007
0.000285207
0.000192216
0.000372807
0.000381916
0.0003378
0.000303157
0.000152389
0.000257126
)
;

boundaryField
{
    inlet
    {
        type            zeroGradient;
    }
    outlet
    {
        type            fixedValue;
        value           uniform 0;
    }
    wall
    {
        type            zeroGradient;
    }
    front
    {
        type            empty;
    }
    back
    {
        type            empty;
    }
    vanem
    {
        type            zeroGradient;
    }
    vaneu
    {
        type            zeroGradient;
    }
    vanel
    {
        type            zeroGradient;
    }
    procBoundary1to0
    {
        type            processor;
        value           nonuniform List<scalar> 
57
(
-0.00756232
-0.0075435
-0.00750379
-0.00747145
-0.00744971
-0.00745005
-0.00747932
-0.00754257
-0.00764358
-0.00777584
-0.00792679
-0.00807351
-0.00820642
-0.0893955
-0.0896354
-0.0898687
-0.0900905
-0.090306
-0.0905162
-0.0907154
-0.0908922
-0.0910247
-0.0910649
-0.0909352
-0.0905184
-0.0896488
-0.0881291
-0.0857751
-0.0824845
-0.078294
-0.0733931
-0.0680637
-0.0626209
-0.0573768
-0.0526321
-0.0486642
-0.0456679
-0.0436905
-0.0426161
-0.0422141
-0.0422259
-0.0424382
-0.0427027
-0.0082813
-0.00827985
-0.00827985
-0.0882835
-0.0420358
-0.0408693
-0.0889435
-0.0883597
-0.0408691
-0.0083454
-0.00834671
-0.0883597
-0.00839922
-0.0408693
)
;
    }
}


// ************************************************************************* //
