/*--------------------------------*- C++ -*----------------------------------*\
| =========                 |                                                 |
| \\      /  F ield         | OpenFOAM: The Open Source CFD Toolbox           |
|  \\    /   O peration     | Version:  v1912                                 |
|   \\  /    A nd           | Website:  www.openfoam.com                      |
|    \\/     M anipulation  |                                                 |
\*---------------------------------------------------------------------------*/
FoamFile
{
    version     2.0;
    format      ascii;
    class       surfaceScalarField;
    location    "180";
    object      phi;
}
// * * * * * * * * * * * * * * * * * * * * * * * * * * * * * * * * * * * * * //

dimensions      [0 3 -1 0 0 0 0];
oriented        oriented;


internalField   nonuniform List<scalar> 
7354
(
-3.43191e-06
0.00134024
-1.28654e-05
0.00411833
-2.70195e-06
0.0013429
-3.32335e-05
0.00693765
-1.31758e-05
0.00412876
-3.7819e-06
0.00134661
-6.06376e-05
0.00968566
-3.29685e-05
0.0069574
-1.3941e-05
0.00413885
-2.76836e-06
0.00134931
-9.42373e-05
0.0121803
-5.96918e-05
0.00971236
-3.15279e-05
0.00697494
-1.13556e-05
0.00414737
-2.82643e-06
0.00135206
-0.000143144
0.0142147
-9.4143e-05
0.0122147
-5.53066e-05
0.00973609
-2.9967e-05
0.00699349
-1.13473e-05
0.00415583
-2.79898e-06
0.00135483
-0.000185018
0.0155599
-0.000136642
0.0142572
-9.13132e-05
0.0122507
-5.50082e-05
0.00976108
-2.55767e-05
0.00700767
-1.11931e-05
0.00416419
-1.78555e-06
0.00135659
-0.000237315
0.0160611
-0.000186286
0.0156096
-0.000132699
0.0142986
-8.56783e-05
0.0122813
-4.53166e-05
0.00978079
-2.24239e-05
0.00701888
-9.18709e-06
0.00417158
-1.69348e-06
0.00135829
-0.00027759
0.0156166
-0.000231098
0.0161059
-0.000177669
0.0156545
-0.000120522
0.0143334
-7.09278e-05
0.0123069
-4.10838e-05
0.00979943
-1.94125e-05
0.0070291
-7.08608e-06
0.00417699
-1.56109e-06
0.00135987
-0.000315229
0.014282
-0.000280235
0.0156657
-0.000219611
0.0161478
-0.000151069
0.015685
-9.95163e-05
0.014362
-6.36488e-05
0.0123295
-3.67739e-05
0.0098168
-1.78613e-05
0.00703988
-6.16337e-06
0.00418161
-1.59689e-06
0.00136147
-0.000340013
0.0121795
-0.000322138
0.014324
-0.000259904
0.015706
-0.000187007
0.0161837
-0.00013034
0.0157158
-8.26004e-05
0.0143809
-5.1877e-05
0.0123446
-2.72603e-05
0.00982621
-1.48503e-05
0.00704858
-6.6322e-06
0.00418664
-1.62651e-06
0.00136308
-0.000343331
0.0095252
-0.000352627
0.0122099
-0.000278213
0.0143422
-0.000207212
0.0157262
-0.000148948
0.0162023
-0.000104456
0.0157377
-6.9087e-05
0.0143981
-4.21372e-05
0.0123594
-2.67457e-05
0.00983811
-1.14607e-05
0.00705341
-4.0396e-06
0.00418903
-1.26061e-06
0.0013643
-0.000114067
0.00653695
-0.000193247
-0.00037252
0.00954512
-0.000287439
0.0122191
-0.000212512
0.0143475
-0.000160189
0.0157374
-0.000113298
0.0162111
-7.89889e-05
0.0157476
-5.09335e-05
0.0144069
-3.51131e-05
0.0123678
-1.75455e-05
0.00984419
-1.15197e-05
0.00706087
-5.78383e-06
0.00419352
-6.67787e-07
0.00136492
0.00214681
-8.39059e-05
-0.000200468
0.00654163
-0.000176741
0.0021051
-0.000151546
-0.000259804
0.00951743
-0.000191447
0.012198
-0.00015173
0.014339
-0.000110892
0.015735
-8.76533e-05
0.0162198
-6.49069e-05
0.0157616
-4.49413e-05
0.0144168
-3.01882e-05
0.0123805
-2.21598e-05
0.00985482
-1.10621e-05
0.00706612
-4.59156e-06
0.00419742
-1.39005e-06
0.00136631
0.00137455
-2.48625e-05
0.00208727
-0.000182628
-0.000129915
0.00647129
-5.95586e-05
0.00206344
-0.000152918
0.00131657
-6.1962e-05
-3.16144e-05
-0.000141352
0.00946737
-0.000119761
0.0121661
-9.59317e-05
0.0143241
-7.97621e-05
0.0157271
-6.26979e-05
0.0162176
-4.57816e-05
0.0157624
-3.90907e-05
0.0144257
-2.50601e-05
0.0123833
-1.66701e-05
0.00986041
-1.19546e-05
0.00707347
-5.37405e-06
0.0042014
-2.14196e-06
0.00136847
0.000429748
-9.65967e-06
0.00129925
-8.30768e-05
-8.22224e-05
0.00201511
-8.15955e-05
-4.57478e-05
0.00638649
-1.08064e-05
0.00199177
-3.62279e-05
0.00125478
-3.87603e-05
-6.96901e-05
-0.000415965
0.000389084
-3.50835e-05
-1.78361e-05
-6.81505e-05
0.00941572
-6.56704e-05
0.0121358
-6.26868e-05
0.014307
-5.13105e-05
0.0157157
-4.35852e-05
0.0162154
-3.76127e-05
0.0157609
-3.14899e-05
0.0144321
-2.45318e-05
0.0123912
-2.11709e-05
0.00986962
-1.30704e-05
0.00708116
-7.41228e-06
0.00420668
-1.10761e-06
0.00136958
0.000251656
-1.55066e-06
0.000363693
-5.76873e-05
0.000342478
-6.10053e-05
0.00120203
-2.18606e-05
-6.99809e-06
0.00196321
-1.71782e-05
-1.65979e-05
0.00633545
-5.11087e-07
0.0019586
-6.19475e-06
0.00117179
-7.92045e-07
-5.19174e-06
-0.000319533
0.000300653
-1.98791e-05
-4.67428e-05
-0.000237762
0.000212388
-9.71425e-06
-3.94564e-06
-3.53703e-05
0.00938546
-3.91366e-05
0.0121123
-3.76635e-05
0.0142934
-3.8455e-05
0.0157106
-3.21779e-05
0.01621
-3.34062e-05
0.0157629
-2.5981e-05
0.0144335
-2.81918e-05
0.0123982
-2.05695e-05
0.00987712
-1.50894e-05
0.00708885
-7.16355e-06
0.00421274
-2.78479e-06
0.00137234
7.43441e-05
0.000175276
-2.05754e-05
0.000154379
-4.01078e-05
0.000285444
-6.65462e-06
0.000280545
-2.10343e-06
0.00115608
-1.7947e-06
3.2983e-07
0.00194548
-3.49412e-06
-6.99176e-06
0.00630311
3.96474e-06
0.00194604
-1.06429e-06
0.00114989
1.04646e-06
-1.05341e-06
-0.000275851
0.000275458
-4.01444e-07
-4.99835e-07
-0.000107637
8.77577e-05
-7.03985e-05
6.06831e-05
-1.50071e-05
0.0093613
-2.41088e-05
0.0120987
-2.53489e-05
0.0142803
-2.28767e-05
0.0157013
-2.94053e-05
0.016206
-2.57521e-05
0.0157626
-3.66292e-05
0.014442
-3.3249e-05
0.0124109
-2.67059e-05
0.00988875
-1.81684e-05
0.00709985
-1.00819e-05
0.00422002
-1.88784e-06
0.00137419
4.01078e-05
8.11023e-05
7.89982e-05
0.000273706
-4.26076e-08
0.000274171
-1.33178e-07
0.00114642
-5.09642e-07
4.7998e-07
0.00193981
-7.57669e-07
-4.34129e-06
0.00628884
3.60773e-06
0.00194293
8.46515e-07
0.00114508
2.60565e-07
1.3789e-08
-0.000272975
0.00027382
2.02907e-07
1.43973e-07
-7.84984e-05
7.80962e-05
-6.58109e-06
0.00934381
-7.28237e-06
0.0120807
-1.30472e-05
0.0142705
-2.04482e-05
0.0156924
-2.55459e-05
0.0162058
-3.69435e-05
0.015763
-3.39326e-05
0.0144427
-3.64078e-05
0.0124206
-3.04662e-05
0.00990104
-1.98964e-05
0.00710965
-1.05331e-05
0.00422862
-2.61749e-06
0.00137675
7.80539e-05
7.79212e-05
0.000273534
-2.26006e-07
0.000273823
1.87177e-07
0.00114403
-1.00177e-07
3.99104e-07
0.00193871
-1.28551e-07
-1.04904e-06
0.00628147
1.8413e-06
0.00194176
5.62047e-07
0.00114478
-1.59855e-07
2.58128e-07
-0.000273701
0.000273894
6.52451e-08
1.34251e-07
-7.80652e-05
7.82682e-05
-5.6512e-07
0.00933705
-6.93984e-06
0.0120745
-1.13673e-05
0.0142614
-1.5182e-05
0.015682
-2.79561e-05
0.0161968
-4.11184e-05
0.0157701
-5.06064e-05
0.0144569
-4.35021e-05
0.0124336
-3.62466e-05
0.00991737
-2.53731e-05
0.00712445
-1.1037e-05
0.004237
-3.38594e-06
0.00138011
7.80415e-05
7.82281e-05
0.000273786
8.85855e-09
0.000274111
7.66489e-08
0.00114411
1.9903e-07
3.30427e-07
0.00194092
-1.94315e-07
4.81661e-07
0.0062785
1.93087e-06
0.00194144
1.32649e-06
0.0011447
1.40369e-07
-1.59322e-07
-0.000274416
0.000274225
3.43722e-08
-4.48653e-08
-7.83623e-05
7.8427e-05
-7.11205e-07
0.00933087
-6.78036e-08
0.0120633
-6.71542e-06
0.0142529
-2.58138e-05
0.0156799
-3.91046e-05
0.0161948
-4.99725e-05
0.0157695
-5.85143e-05
0.0144719
-5.75337e-05
0.0124549
-4.63242e-05
0.0099383
-2.6919e-05
0.00714031
-1.11262e-05
0.0042447
-2.33081e-06
0.00138241
7.84363e-05
7.85136e-05
0.000274473
-5.0018e-08
0.000274681
1.20586e-07
0.00114381
3.17536e-07
3.88091e-07
0.00194172
1.89572e-07
3.422e-07
0.00627558
1.86602e-06
0.00194225
1.40831e-06
0.00114521
2.50891e-07
-3.30797e-07
-0.000274364
0.000274547
-4.26904e-08
1.56555e-07
-7.84688e-05
7.85037e-05
5.13768e-06
0.00932563
1.69575e-07
0.0120564
-1.06369e-05
0.0142377
-2.51402e-05
0.0156659
-4.9884e-05
0.0161947
-6.70643e-05
0.015778
-7.2341e-05
0.0144867
-6.78045e-05
0.0124764
-4.93927e-05
0.00996075
-2.94221e-05
0.00715858
-1.41507e-05
0.00425651
-3.02827e-06
0.00138543
7.84533e-05
7.85736e-05
0.000274855
1.15147e-08
0.000275386
-1.3911e-07
0.00114545
-3.21158e-07
2.71157e-07
0.00194174
8.60707e-07
1.88206e-06
0.00627639
2.44538e-06
0.00194334
2.61165e-07
0.00114634
1.9756e-07
3.15825e-07
-0.000274917
0.000275131
3.97736e-08
1.40436e-07
-7.87302e-05
7.86875e-05
1.92659e-06
0.00932392
-3.14252e-06
0.0120489
-1.99311e-05
0.0142325
-4.32267e-05
0.0156592
-7.00845e-05
0.0161977
-9.14685e-05
0.0157972
-9.63319e-05
0.0145152
-7.91849e-05
0.0125061
-5.43127e-05
0.00998562
-2.99258e-05
0.00717434
-1.211e-05
0.00426558
-3.33687e-06
0.00138877
7.86997e-05
7.85614e-05
0.00027488
-7.15632e-08
0.000275052
9.72397e-08
0.00114705
-1.68341e-07
3.23024e-07
0.00194397
1.2413e-06
1.85488e-06
0.00627612
3.53286e-07
0.0019453
1.11896e-06
0.00114689
2.59998e-07
1.66576e-07
-0.000275209
0.000275649
-2.43515e-07
1.57066e-07
-7.87018e-05
7.87422e-05
1.77926e-06
0.00931896
-6.42005e-06
0.0120354
-2.36005e-05
0.0142129
-5.92828e-05
0.0156484
-9.12938e-05
0.0161975
-0.000111639
0.0158125
-0.000106974
0.0145429
-8.62817e-05
0.0125381
-5.92787e-05
0.010015
-3.26433e-05
0.00719486
-1.34163e-05
0.00427567
-2.78251e-06
0.00139158
7.86702e-05
7.8767e-05
0.000275483
-1.19884e-09
0.000275665
1.4327e-07
0.00114808
-2.85606e-07
3.30474e-07
0.00194701
1.62922e-07
1.81955e-06
0.00627416
1.92856e-06
0.00194604
1.31884e-06
0.00114922
-2.80495e-07
2.63013e-07
-0.000275741
0.000275974
2.93425e-08
9.15561e-08
-7.8924e-05
7.86801e-05
-5.37635e-07
0.00931312
-1.38267e-05
0.0120256
-4.61027e-05
0.0141997
-8.85113e-05
0.0156456
-0.000129021
0.0162149
-0.00013886
0.0158443
-0.000129531
0.0145862
-9.55687e-05
0.0125744
-5.8962e-05
0.0100413
-3.18042e-05
0.00721326
-1.12923e-05
0.00428421
-1.85088e-06
0.00139347
7.86793e-05
7.88231e-05
0.00027568
6.09406e-09
0.000275902
1.06672e-07
0.00114872
3.11161e-07
3.53176e-07
0.00194704
8.14491e-07
1.73122e-06
0.00627144
4.52125e-07
0.00194861
3.69122e-07
0.00115007
-1.74233e-07
1.47003e-07
-0.000276062
0.000276043
-2.62559e-07
1.01311e-07
-7.89146e-05
7.89443e-05
-2.80624e-06
0.00930206
-2.4516e-05
0.012004
-7.0607e-05
0.0141818
-0.000127252
0.0156439
-0.00016397
0.01624
-0.00017128
0.0158861
-0.00013642
0.014627
-9.86078e-05
0.012614
-6.07159e-05
0.0100702
-2.8337e-05
0.00723034
-1.08005e-05
0.0042932
-1.68926e-06
0.00139521
7.89499e-05
7.90561e-05
0.00027633
2.56384e-08
0.000276512
1.73507e-07
0.00115038
3.308e-07
1.74756e-07
0.00194926
1.0919e-06
1.80743e-06
0.00626631
5.19502e-07
0.00194937
3.50499e-07
0.00115081
1.62007e-07
-2.16474e-07
-0.000276603
0.0002764
3.16491e-08
5.86257e-08
-7.91574e-05
7.88945e-05
-8.88638e-06
0.00928646
-4.57794e-05
0.0119792
-0.000110311
0.0141649
-0.000171687
0.0156516
-0.000206534
0.0162753
-0.000184057
0.0159337
-0.000143445
0.0146719
-9.62773e-05
0.0126496
-5.14852e-05
0.0100934
-2.3932e-05
0.00724351
-8.566e-06
0.00430013
-1.33622e-06
0.00139658
7.89207e-05
7.90949e-05
0.000276669
6.11666e-08
0.000276787
5.57723e-08
0.00115128
3.18593e-07
3.05116e-07
0.00195023
9.31876e-07
1.78421e-06
0.00625648
-8.38737e-07
0.0019504
3.52859e-07
0.00115172
2.64136e-07
-3.48849e-07
-0.000276486
0.00027689
-2.40737e-07
8.39967e-08
-7.91535e-05
7.91859e-05
-1.81549e-05
0.0092588
-7.73286e-05
0.0119462
-0.000162626
0.0141558
-0.000230156
0.0156752
-0.000231898
0.0163231
-0.000197967
0.0159883
-0.000143039
0.0147187
-8.63876e-05
0.0126845
-4.67513e-05
0.0101162
-2.04609e-05
0.00725544
-5.61302e-06
0.00430443
-2.99186e-07
0.00139689
7.92469e-05
7.93025e-05
0.000277154
5.61506e-08
0.000277351
1.11512e-07
0.00115259
3.32956e-07
-2.74283e-07
0.00195098
1.20984e-06
1.88437e-06
0.00623899
-2.55117e-06
0.00195007
7.15157e-08
0.00115246
1.56267e-07
3.20436e-07
-0.000276922
0.000277215
-2.54138e-08
8.25467e-08
-7.93865e-05
7.91459e-05
-3.88202e-05
0.00922032
-0.000131097
0.0119147
-0.000235808
0.0141615
-0.000277205
0.0157205
-0.000250501
0.0163757
-0.000189241
0.0160345
-0.000127137
0.0147594
-7.3532e-05
0.0127114
-3.87408e-05
0.0101346
-1.68558e-05
0.00726671
-3.26039e-06
0.00430741
-1.58998e-07
0.00139706
7.92028e-05
7.93151e-05
0.000277479
6.71777e-08
0.000277085
1.18424e-07
0.00115351
2.93581e-07
-1.25745e-07
0.00195168
2.70611e-07
1.8878e-06
0.00620667
-8.39009e-06
0.00194897
1.55328e-07
0.00115361
-1.45581e-07
1.18189e-07
-0.00027755
0.000277636
6.84039e-08
-1.45499e-07
-7.93977e-05
7.9373e-05
-7.73056e-05
0.0091665
-0.000205756
0.0118846
-0.00030055
0.0141848
-0.000298035
0.0157681
-0.00023628
0.0164227
-0.000170369
0.0160777
-0.000108159
0.0147941
-6.36215e-05
0.0127363
-3.24036e-05
0.0101501
-9.69427e-06
0.00727316
-2.47139e-06
0.00430973
8.25646e-07
0.00139622
7.94398e-05
7.95578e-05
0.000277923
7.16628e-09
0.000277755
4.40453e-08
0.00115341
2.99683e-07
1.63956e-07
0.00195045
4.13855e-07
-9.75838e-07
0.0061492
-1.88573e-05
0.00194378
-1.72019e-06
0.00115353
-2.86692e-07
3.17441e-07
-0.00027776
0.000277608
8.00004e-09
1.14138e-07
-7.94123e-05
7.94802e-05
-0.000146656
0.00910745
-0.000313745
0.0118978
-0.000343093
0.0142299
-0.000286303
0.0158181
-0.000210999
0.0164634
-0.000142573
0.0161122
-8.80243e-05
0.0148185
-4.82405e-05
0.0127521
-1.98257e-05
0.0101603
-5.78788e-06
0.00727649
1.48608e-06
0.00430907
1.20309e-06
0.00139501
7.94877e-05
7.95322e-05
0.000277895
1.04135e-08
0.000277953
1.03334e-07
0.00115374
3.05372e-07
-9.51591e-08
0.00194442
-1.61924e-06
-1.07402e-05
0.00605946
-4.6162e-05
0.00192975
-4.18355e-06
0.00115199
-1.04835e-07
1.32499e-07
-0.000278403
0.000278055
5.93123e-08
-1.33593e-07
-7.96463e-05
7.96545e-05
-0.000277887
0.00907156
-0.000370668
0.0119254
-0.000319989
0.0142636
-0.000239556
0.0158467
-0.000170736
0.0164916
-0.000108694
0.0161329
-6.47748e-05
0.0148351
-3.43454e-05
0.0127667
-1.14154e-05
0.0101659
-1.01166e-06
0.00727899
3.06025e-06
0.0043072
1.54004e-06
0.00139345
7.96643e-05
7.97671e-05
0.000278346
1.46389e-08
0.0002782
5.24839e-08
0.00115032
2.96946e-07
-2.46545e-07
0.00192633
-7.309e-06
-5.40784e-05
0.00595737
-0.000121699
0.00189637
-1.61989e-05
0.00114608
-2.34514e-07
2.98772e-07
-0.000278217
0.000278306
-1.91766e-07
1.16996e-07
-7.96335e-05
7.96922e-05
-0.000386234
0.00908719
-0.000337976
0.0119434
-0.00025414
0.0142782
-0.000184839
0.0158608
-0.000124976
0.0165079
-8.12419e-05
0.0161494
-4.32673e-05
0.014844
-1.75953e-05
0.0127728
-4.85138e-06
0.0101698
3.07578e-06
0.00727897
3.58091e-06
0.00430515
2.82977e-06
0.0013906
7.97072e-05
7.97601e-05
0.000278589
1.23866e-08
0.000278239
1.03161e-07
0.00113898
3.55593e-07
-5.64326e-07
0.001872
-2.97046e-05
-0.000170766
0.00595107
-0.000209153
0.00181362
-6.33141e-05
0.00112423
-1.54918e-06
1.06563e-07
-0.000278475
0.000278172
6.86243e-08
6.23531e-08
-7.98771e-05
7.96858e-05
-0.000333987
0.00908318
-0.000239817
0.0119291
-0.00017635
0.0142697
-0.000130445
0.0158663
-8.99716e-05
0.0165166
-5.68788e-05
0.016163
-3.02666e-05
0.0148567
-1.09524e-05
0.012779
3.78244e-06
0.0101691
6.58567e-06
0.00727596
7.16452e-06
0.00430079
3.37627e-06
0.00138719
7.96979e-05
7.98008e-05
0.000278478
5.03216e-08
0.00027803
-1.13084e-07
0.00109859
-4.4126e-07
-3.62638e-06
0.00177622
-0.000133345
-0.000179924
0.0058947
-9.76595e-05
0.00174418
-0.000177114
0.00104809
-1.08376e-05
-1.96562e-06
-0.00027797
0.00027667
-2.45658e-07
1.6805e-07
-7.98632e-05
7.99318e-05
-0.000183039
0.00902648
-0.000147657
0.0119005
-0.000117767
0.0142571
-8.54176e-05
0.0158618
-5.86192e-05
0.0165184
-3.2626e-05
0.0161653
-1.43871e-05
0.0148601
-4.1289e-07
0.0127832
7.92963e-06
0.0101677
1.30327e-05
0.00727008
1.00531e-05
0.00429409
3.77937e-06
0.00138339
7.99828e-05
7.98704e-05
0.000276438
-2.09515e-07
0.000273033
-2.21361e-07
0.00096714
-1.45013e-05
-3.78871e-05
0.0016995
-0.000135234
-6.20983e-05
0.00579162
-1.78453e-05
0.00165937
-5.75166e-05
0.000919753
-6.61517e-05
-6.35682e-05
-0.000271655
0.00026262
-1.80074e-06
-5.88438e-07
-8.00385e-05
7.97937e-05
-8.56577e-05
0.00896444
-8.21215e-05
0.0118648
-7.03385e-05
0.014242
-5.34945e-05
0.0158567
-3.47356e-05
0.0165205
-1.60398e-05
0.016167
-9.4984e-07
0.0148607
1.19012e-05
0.0127792
1.59174e-05
0.0101648
1.45938e-05
0.00726551
9.54424e-06
0.0042883
4.79205e-06
0.00137859
7.95841e-05
7.93627e-05
0.000252166
-4.04418e-06
0.000224429
-1.01456e-05
0.000852882
-4.87546e-05
-1.96052e-05
0.00162025
-2.29563e-05
-1.8413e-05
0.00572433
7.83452e-08
0.00160958
-7.17109e-06
0.000803431
-1.34421e-06
-6.7102e-06
-0.000183257
0.000157502
-4.03933e-05
-2.23934e-05
-7.87743e-05
7.69742e-05
-4.08528e-05
0.00892325
-4.3759e-05
0.0118383
-3.93403e-05
0.0142279
-3.02679e-05
0.0158522
-1.69003e-05
0.0165213
-3.61701e-06
0.0161697
1.26179e-05
0.01486
1.57999e-05
0.0127793
2.07486e-05
0.0101586
1.76086e-05
0.00725743
1.35852e-05
0.0042795
5.03763e-06
0.00137355
7.29309e-05
6.27862e-05
0.000108747
8.91427e-05
0.000781193
-7.32508e-07
2.91248e-08
0.00159486
-3.68037e-06
-7.40065e-06
0.00568768
3.21088e-06
0.00159534
-3.87866e-07
0.000774023
2.83178e-07
-2.79144e-07
-8.24325e-05
8.10901e-05
-4.03928e-05
-1.85498e-05
0.008898
-2.26657e-05
0.0118216
-1.95857e-05
0.0142172
-8.55704e-06
0.0158439
-4.84624e-07
0.0165182
1.21089e-05
0.0161702
1.55724e-05
0.0148602
2.52549e-05
0.0127748
2.49372e-05
0.0101513
2.32031e-05
0.0072478
1.56224e-05
0.00426891
5.83999e-06
0.00136772
8.03592e-05
8.03897e-05
0.000770275
-4.96364e-08
1.22422e-07
0.00158902
-1.05834e-06
-4.52401e-06
0.00566989
3.7962e-06
0.00159116
1.08011e-06
0.000769842
1.16844e-07
-6.29871e-08
-8.01106e-05
8.0396e-05
-5.11042e-06
0.00888052
-9.1939e-06
0.0118112
-4.62297e-06
0.0142133
2.35853e-06
0.015841
1.32942e-05
0.016517
1.93504e-05
0.0161664
3.15488e-05
0.0148539
3.25147e-05
0.0127672
3.24604e-05
0.010142
2.771e-05
0.00723571
1.73228e-05
0.00425743
6.75096e-06
0.00136098
8.03461e-05
8.04688e-05
0.000768544
9.19166e-08
1.64502e-07
0.0015866
3.13439e-08
-2.28217e-06
0.00566368
3.3918e-06
0.00159038
4.02047e-08
0.000769557
1.93233e-07
-1.21561e-07
-8.04058e-05
8.05247e-05
-8.55233e-07
0.00887213
1.28678e-06
0.0118053
4.39947e-06
0.0142112
1.0786e-05
0.0158435
2.31532e-05
0.0165132
3.01369e-05
0.0161678
3.16634e-05
0.0148547
3.60725e-05
0.0127635
3.4825e-05
0.0101349
3.10163e-05
0.00722201
2.05477e-05
0.00424364
7.71647e-06
0.00135327
8.06182e-05
8.07841e-05
0.000769436
7.7364e-08
7.79559e-08
0.00158782
2.92167e-07
-1.16064e-06
0.00566135
2.67885e-06
0.0015904
8.30569e-07
0.000769602
3.58665e-08
-1.54448e-07
-8.06626e-05
8.0858e-05
2.11989e-06
0.00887138
8.00381e-06
0.0118017
1.47166e-05
0.0142073
2.22032e-05
0.0158445
2.63021e-05
0.016517
4.00503e-05
0.0161594
4.60041e-05
0.0148448
4.82249e-05
0.0127501
4.25683e-05
0.0101233
3.57138e-05
0.00720685
2.29214e-05
0.00422844
8.65638e-06
0.00134462
8.09349e-05
8.10129e-05
0.000769802
4.72865e-08
6.34714e-08
0.00158948
-2.34696e-07
-1.44933e-07
0.0056609
2.72623e-06
0.00159132
8.55179e-07
0.000770717
5.05116e-08
-1.2924e-07
-8.08584e-05
8.08961e-05
6.55949e-06
0.00887277
1.30527e-05
0.0118033
1.73017e-05
0.0142122
3.12856e-05
0.0158395
4.14478e-05
0.0165156
4.65151e-05
0.0161589
4.92395e-05
0.0148437
5.3348e-05
0.0127394
5.03684e-05
0.0101087
4.09933e-05
0.00718878
2.6626e-05
0.00421048
9.49949e-06
0.00133512
8.09451e-05
8.10101e-05
0.000770362
5.23424e-08
7.41155e-08
0.00159061
5.89651e-07
-5.09987e-08
0.00566472
2.82357e-06
0.00159278
5.67747e-07
0.000771207
-5.3409e-08
7.43403e-08
-8.08809e-05
8.09341e-05
7.90455e-06
0.008878
1.45665e-05
0.0118061
2.69419e-05
0.0142165
3.45064e-05
0.0158464
4.34391e-05
0.0165187
5.38822e-05
0.0161542
6.12847e-05
0.0148358
6.02573e-05
0.0127295
5.77913e-05
0.0100919
4.47114e-05
0.0071707
2.96063e-05
0.00419037
1.07869e-05
0.00132434
8.09862e-05
8.10606e-05
0.000771683
5.34635e-08
8.05648e-08
0.00159211
6.25609e-07
1.12999e-06
0.0056685
3.00835e-06
0.00159435
6.05322e-07
0.000772155
5.61408e-08
4.75041e-08
-8.1135e-05
8.10842e-05
9.86247e-06
0.00888264
1.90173e-05
0.011814
2.81071e-05
0.0142229
4.10908e-05
0.0158487
5.45252e-05
0.016518
6.21795e-05
0.0161533
7.04394e-05
0.0148256
6.9538e-05
0.0127177
6.51876e-05
0.0100714
5.32992e-05
0.007147
3.19785e-05
0.00416918
1.16258e-05
0.00131271
8.11396e-05
8.12221e-05
0.000772857
-1.28861e-07
5.92215e-08
0.00159485
6.60976e-07
1.88746e-07
0.0056752
3.01054e-06
0.0015971
7.61303e-07
0.000773367
6.12647e-08
4.505e-08
-8.12696e-05
8.13289e-05
1.11741e-05
0.00889055
2.10878e-05
0.011821
3.44522e-05
0.0142295
4.59073e-05
0.0158573
6.09143e-05
0.0165193
7.1542e-05
0.0161522
7.69881e-05
0.0148182
8.33925e-05
0.0126995
7.45253e-05
0.0100502
5.95869e-05
0.0071194
3.71168e-05
0.00414369
1.18132e-05
0.0013009
8.11999e-05
8.12595e-05
0.000773861
5.44876e-08
1.33708e-07
0.0015966
6.97283e-07
1.27362e-06
0.00568202
3.07319e-06
0.00159893
7.07704e-07
0.000774624
9.90103e-08
-9.45428e-08
-8.13045e-05
8.13685e-05
1.12271e-05
0.00890034
2.36856e-05
0.0118317
4.05744e-05
0.0142348
5.79419e-05
0.0158603
7.11734e-05
0.0165196
8.47584e-05
0.0161444
9.24439e-05
0.0148091
9.16952e-05
0.0126823
8.48321e-05
0.0100249
6.51272e-05
0.00709139
3.93551e-05
0.00411615
1.00558e-05
0.00129085
8.14251e-05
8.15606e-05
0.000775188
5.89976e-08
8.08747e-08
0.00159951
7.08877e-07
1.34161e-07
0.00569043
2.71648e-06
0.00160187
7.22159e-07
0.000775975
5.56037e-08
-1.25498e-07
-8.14661e-05
8.15683e-05
1.26211e-05
0.00891146
2.77656e-05
0.0118446
4.51873e-05
0.0142476
6.42482e-05
0.0158672
7.97813e-05
0.0165246
9.27474e-05
0.0161441
0.000104215
0.0147966
0.000100186
0.012667
9.3625e-05
0.00999644
7.39607e-05
0.00705678
4.17579e-05
0.00408445
1.23466e-05
0.0012785
8.16271e-05
8.17081e-05
0.000776572
5.38557e-08
7.81086e-08
0.0016014
6.09616e-07
6.74627e-07
0.00570123
1.12365e-06
0.0016037
4.31992e-07
0.00077736
-1.04396e-07
4.37355e-08
-8.15827e-05
8.16408e-05
1.57763e-05
0.00892337
3.22313e-05
0.0118575
5.44036e-05
0.0142574
7.04988e-05
0.0158765
9.11617e-05
0.0165262
0.000106357
0.016142
0.000115359
0.0147814
0.000118145
0.0126425
0.000104825
0.00996558
7.94103e-05
0.00701913
4.17824e-05
0.00405502
3.03929e-05
0.00124811
8.16966e-05
8.17764e-05
0.000777836
4.98345e-08
8.76798e-08
0.00160458
-1.93836e-07
1.85232e-06
0.00571256
2.59211e-06
0.00160753
-1.82393e-06
0.000778081
1.19478e-07
7.28637e-08
-8.18202e-05
8.17187e-05
1.95855e-05
0.00893607
3.90174e-05
0.0118729
5.79485e-05
0.01427
8.15247e-05
0.0158861
0.000104138
0.0165284
0.000121796
0.0161355
0.000130631
0.0147689
0.000126341
0.0126209
0.000113668
0.00993132
8.41538e-05
0.00697676
7.15455e-05
0.00401387
7.2193e-05
8.17681e-05
8.18556e-05
0.000777999
2.00332e-08
-1.19131e-07
0.00161291
-3.55173e-06
4.04378e-06
0.00572256
5.51473e-06
0.00161051
6.44976e-06
-1.44941e-06
0.000776174
1.70217e-08
-2.12583e-08
-8.19284e-05
8.20496e-05
2.40216e-05
0.00895099
4.09675e-05
0.0118898
6.56646e-05
0.0142858
9.04854e-05
0.0158998
0.000113582
0.0165366
0.000132527
0.0161336
0.0001441
0.0147512
0.000145068
0.0125895
0.000126719
0.00988876
0.000111276
0.00693703
0.000132381
8.20708e-05
8.19524e-05
0.000458059
-2.5626e-08
-2.44672e-07
0.000314822
0.0016131
-5.64792e-07
2.01302e-06
5.12711e-06
0.00573596
5.51237e-06
0.00161488
1.39747e-06
2.33671e-06
0.00048313
-1.86288e-05
0.000488508
-6.82611e-06
-8.19312e-05
8.19487e-05
2.36922e-05
0.00896833
4.79347e-05
0.0119076
7.35955e-05
0.0143027
0.000105896
0.0159075
0.00013302
0.0165361
0.000152011
0.0161257
0.000162005
0.0147342
0.000158509
0.0125578
0.000150996
0.00984904
0.00017467
8.19213e-05
8.16753e-05
0.000293142
3.04831e-06
0.000490309
-2.36644e-06
0.000493013
-6.90187e-07
0.0016169
1.23925e-06
1.86036e-06
4.27941e-06
0.00575103
4.32701e-06
0.00162023
7.67936e-07
1.42787e-06
0.000493847
5.61422e-07
0.000494974
1.21384e-06
0.000287672
-1.35949e-06
2.69235e-05
0.00898927
5.23623e-05
0.0119288
8.39865e-05
0.0143246
0.000114798
0.0159257
0.000142853
0.0165453
0.00016811
0.0161196
0.000174013
0.0147187
0.000182839
0.0125259
0.000205817
8.47222e-05
0.000286364
-1.05678e-06
0.000286039
-3.66638e-07
0.000495557
6.55063e-07
0.000496617
8.0163e-07
0.00162256
6.00239e-07
1.34456e-06
5.47211e-06
0.00576774
4.74899e-06
0.0016252
6.37193e-07
1.05149e-06
0.000497154
2.27526e-07
0.000497787
7.98139e-07
0.000286545
5.63774e-08
0.000287664
9.41795e-08
8.3363e-05
2.96118e-05
0.00901209
6.04985e-05
0.0119523
9.51633e-05
0.0143443
0.000131858
0.0159367
0.000162314
0.0165511
0.000179148
0.0161145
0.000203625
0.0146979
0.000223998
8.23059e-05
8.19394e-05
0.000288058
2.64917e-07
0.000288609
2.49795e-07
0.000497736
6.5092e-07
0.000498862
2.20744e-07
0.00162879
7.28734e-07
1.14327e-06
5.93691e-06
0.00578621
5.18799e-06
0.00163167
7.20357e-07
1.15943e-06
0.000499092
4.0354e-07
0.00049961
5.3562e-07
0.000288648
1.88608e-07
0.000289283
1.61672e-07
8.19955e-05
8.20909e-05
3.54686e-05
0.00903705
6.66688e-05
0.0119808
0.000107135
0.014369
0.000144537
0.0159545
0.000172148
0.0165581
0.000207081
0.016111
0.000229495
8.23559e-05
8.26059e-05
0.000289779
1.58712e-07
0.000290041
-4.34463e-08
0.000500019
3.17909e-07
0.00050071
4.51955e-07
0.00163556
8.0805e-07
1.22651e-06
5.55377e-06
0.00581029
5.85067e-06
0.00163877
7.92826e-07
1.18838e-06
0.000500967
4.5919e-07
0.000501919
2.10226e-07
0.000290328
1.17562e-07
0.000290747
1.13951e-07
8.27939e-05
8.29563e-05
3.80363e-05
0.00906575
7.87818e-05
0.0120092
0.000121661
0.0143918
0.000157288
0.0159693
0.000195544
0.0165696
0.00021846
8.31149e-05
8.30715e-05
0.000290946
1.21359e-07
0.000291267
1.28496e-07
0.000501958
7.67911e-07
0.000502686
4.99192e-07
0.00164192
8.8406e-07
1.50661e-06
7.33346e-06
0.00583455
6.41815e-06
0.00164576
7.0692e-07
1.31419e-06
0.0005034
7.43458e-08
0.000503994
5.96704e-07
0.000291766
-3.94361e-08
0.000291839
1.34896e-07
8.31884e-05
8.3303e-05
4.54842e-05
0.00909898
8.88699e-05
0.0120419
0.000130849
0.0144182
0.000170934
0.0159939
0.000193534
8.34239e-05
8.35523e-05
0.000292424
1.85032e-07
0.000292772
1.48127e-07
0.000504112
7.63157e-07
0.000505478
1.39334e-07
0.00165038
1.05586e-06
1.6527e-06
8.72643e-06
0.00586376
7.56974e-06
0.0016544
8.96488e-07
1.50318e-06
0.000505687
4.93584e-07
0.000506338
6.65185e-07
0.000292724
1.22018e-07
0.000293381
-6.26696e-08
8.3512e-05
8.36474e-05
5.40176e-05
0.00913387
0.000103827
0.0120689
0.000142219
0.0144469
0.0001548
8.38321e-05
8.398e-05
0.000294008
1.38682e-07
0.000294018
1.25993e-07
0.00050694
4.52405e-07
0.000507993
5.993e-07
0.00166
1.25594e-06
1.8636e-06
9.7462e-06
0.00589841
9.60533e-06
0.00166478
1.11956e-06
1.68675e-06
0.000508292
5.94926e-07
0.000509302
4.95823e-07
0.000294318
1.92798e-07
0.00029501
-2.91835e-08
8.41012e-05
8.40389e-05
6.80447e-05
0.00916959
0.000108094
0.012103
0.000112236
8.4177e-05
8.43027e-05
0.000295312
1.51398e-07
0.000295747
1.62244e-07
0.000509723
8.34317e-07
0.000510873
7.13793e-07
0.00167095
2.04583e-06
1.52901e-06
1.32514e-05
0.00593907
1.41537e-05
0.00167736
1.86164e-06
1.33681e-06
0.000511693
2.9748e-07
0.00051244
9.42973e-07
0.000296171
1.71057e-07
0.000296492
1.73614e-07
8.44946e-05
8.44656e-05
7.90423e-05
0.00919868
6.88994e-05
8.46165e-05
8.47785e-05
0.000297108
2.21036e-07
0.000297795
2.48492e-08
0.000513567
9.19699e-07
0.000514708
3.89455e-07
0.00168577
2.43021e-06
2.40677e-06
1.84292e-05
0.00597731
2.24096e-05
0.0016938
2.78676e-06
3.34764e-06
0.000515792
7.77854e-07
0.000516126
1.00651e-06
0.000297917
1.76894e-07
0.000298676
1.83272e-07
8.49489e-05
8.51232e-05
4.01325e-05
8.53442e-05
8.53694e-05
0.000299396
2.01707e-07
0.000299587
1.98638e-07
0.000517509
1.04833e-06
0.000519316
6.00582e-07
0.00170431
3.94767e-06
3.98616e-06
4.10522e-05
1.41046e-05
0.0017148
4.72089e-06
7.21833e-06
0.000520916
1.18611e-06
0.000522374
1.89301e-06
0.000300342
2.40615e-08
0.00030116
1.89483e-07
8.55461e-05
8.57296e-05
8.59315e-05
8.61307e-05
0.000301992
2.19067e-07
0.00030236
2.32973e-07
0.000524656
1.66767e-06
0.000526448
2.19674e-06
0.0017319
9.62828e-06
1.43426e-05
2.0795e-05
8.23686e-06
0.000528793
2.37906e-06
0.00053241
3.60894e-06
0.000303254
2.9255e-07
0.000304774
3.73372e-07
8.6155e-05
8.63452e-05
8.65646e-05
8.6798e-05
0.000306029
4.15272e-07
0.00030764
5.86788e-07
0.000535325
6.71963e-06
0.000539632
1.00446e-05
0.000545627
1.48063e-05
1.27955e-05
0.000309439
5.82567e-07
0.000312092
9.5887e-07
8.70905e-05
8.74644e-05
8.788e-05
8.84676e-05
0.000316829
1.98796e-06
0.000322242
4.63934e-06
0.000327261
9.79355e-06
2.01224e-05
8.90507e-05
9.0011e-05
9.20013e-05
9.66434e-05
0.000106438
1.24574e-05
-1.24564e-05
-5.31307e-05
1.79716e-05
4.7612e-05
6.28319e-06
-1.87415e-05
-6.3725e-05
1.68745e-05
-0.000105748
2.39492e-05
9.97656e-05
1.4591e-05
3.30135e-05
3.10409e-06
-2.18559e-05
1.03704e-05
-7.09924e-05
-0.000114142
2.52675e-05
-2.00839e-05
-0.000369415
5.48961e-05
0.000358522
9.42689e-05
6.1283e-06
2.68748e-05
1.37624e-06
-2.32304e-05
1.61529e-05
-0.000119925
6.07107e-06
-7.56849e-05
5.3737e-05
-0.000381729
-3.21618e-05
-0.001301
0.00128047
0.000107543
-1.29685e-05
0.000344627
-5.33035e-06
8.74236e-05
1.94212e-06
2.492e-05
7.48592e-07
-2.397e-05
1.22563e-05
-0.000126111
3.63e-06
-7.85579e-05
-3.6448e-05
0.00011427
-0.0013251
-6.85611e-06
-0.000399053
-2.08676e-05
7.29081e-05
-5.95492e-06
-0.00180956
0.00178754
0.00012955
0.000329019
-4.01039e-06
-1.28636e-06
8.40295e-05
9.83115e-07
2.39252e-05
1.2886e-07
-2.40865e-05
-0.000129333
1.54842e-06
-7.99631e-05
0.00013869
-0.00183395
-2.13801e-05
8.93211e-05
-0.00137787
-1.51295e-05
-4.49337e-06
-0.000413302
-2.61904e-06
0.000111547
-9.90323e-07
-0.00208602
0.00206119
0.000154397
8.09982e-05
-3.88222e-07
8.00937e-05
2.35366e-05
2.27231e-07
-2.43027e-05
-0.000132273
1.13315e-06
-8.0856e-05
0.000165566
-0.00211286
0.000136188
-0.00188077
7.92326e-05
-0.00143534
-1.23709e-05
-9.38799e-06
-0.000423626
-2.14461e-06
-2.63116e-06
-0.000133757
0.000144195
-1.08864e-07
-0.00211876
0.00209671
0.000176477
2.06515e-07
-2.44997e-05
1.06969e-06
-8.17092e-05
0.000187845
-0.00214099
0.000176872
-0.00215348
0.000141848
-0.00194336
9.43352e-05
-0.00150075
-1.79441e-05
-1.10355e-05
0.000430046
-0.000438477
-1.23783e-06
-2.66726e-06
-1.92546e-06
-1.01406e-06
0.000135318
-9.98419e-07
-0.000136444
0.000170116
-0.00188464
0.0018727
0.000188457
2.32162e-07
-2.47171e-05
-8.24694e-05
0.000197416
-0.00189416
0.000205792
-0.00216987
0.000196939
-0.00220855
0.000168713
-0.00201781
0.000131358
-0.00158462
-3.09329e-05
-1.6741e-05
0.000444847
-0.000456264
-6.51909e-06
-4.63542e-06
0.000137878
-0.000130833
-8.25813e-06
0.000137948
-2.72906e-06
0.000137097
-1.0549e-06
-3.47586e-07
0.000186561
-0.00135218
0.00135577
0.000184929
-9.65453e-09
-2.46939e-05
-8.28212e-05
0.000187293
-0.00134201
0.000215056
-0.00190337
0.000233552
-0.00220646
0.00023391
-0.00227377
0.000216335
-0.00210286
0.000193507
-0.00167249
-6.75118e-05
-3.82482e-05
0.000466429
-0.000486409
-1.10167e-05
-6.60722e-06
0.000229844
-0.00023581
-4.70678e-07
-8.75126e-08
9.44427e-05
1.47353e-07
-1.8448e-07
8.57325e-05
4.60145e-07
8.35662e-05
-5.52785e-07
-3.02577e-07
0.000190122
-0.000480393
0.000503739
0.000161642
-2.4995e-05
0.000152798
-0.000445836
0.000198378
-0.00132529
0.000243287
-0.00191307
0.000276257
-0.00224884
0.000288925
-0.00234642
0.000281079
-0.00219048
0.000252809
-0.00174739
-9.30721e-05
-8.48506e-05
0.000506367
-0.000535663
-3.82457e-05
-1.83223e-05
0.000241995
-0.00025231
-6.39814e-07
-1.18356e-07
4.56926e-11
-4.38611e-07
2.52034e-05
-2.56744e-05
2.51185e-05
-2.49341e-05
2.50862e-05
2.55478e-05
0.000177523
0.000783387
-0.00073574
0.000114069
8.94401e-05
0.000846788
0.000151975
-0.000399373
0.000219886
-0.00130187
0.000285094
-0.00192191
0.000334519
-0.00229447
0.000357571
-0.00242294
0.000344909
-0.00228258
0.000271037
-0.00187303
-6.43006e-05
-8.10573e-05
0.000555496
-0.000579503
-6.9053e-05
-6.50249e-05
0.000269277
-0.000297664
-7.63132e-06
-2.25984e-06
-1.93381e-07
-1.18042e-06
2.62365e-05
-2.68824e-05
2.61155e-05
-2.56769e-05
0.000144649
0.0024895
-0.00241286
3.74823e-05
-7.40237e-06
0.0025864
7.13804e-05
0.00092742
0.000160155
-0.000339601
0.000253447
-0.00127023
0.000340388
-0.0019278
0.000405067
-0.00234199
0.000429657
-0.0025077
0.000394405
-0.00240593
0.000274106
-0.00203151
-5.43289e-05
-6.12559e-05
0.000614268
-0.000645488
-3.30537e-05
-4.62889e-05
0.000321311
-0.000351928
-1.34542e-05
-2.4976e-05
-1.83711e-05
-2.30104e-05
3.05213e-05
-3.81559e-05
2.82588e-05
-2.70784e-05
8.71558e-05
0.00468197
-0.00457158
-7.28437e-05
-0.000143966
0.00481856
-4.85491e-05
0.00270637
5.99122e-05
0.00102769
0.000178171
-0.000264311
0.000298602
-0.00122846
0.000407191
-0.00192995
0.000481551
-0.0023939
0.000498869
-0.00261215
0.000433902
-0.00256571
0.000293932
-0.00221034
-5.73568e-05
-5.77342e-05
0.000678897
-0.000707785
-2.54098e-05
-2.78388e-05
0.000384986
-0.000410937
-2.88086e-06
-4.20704e-06
-8.78944e-06
-4.43741e-06
8.12157e-05
-9.04659e-05
-4.1979e-06
6.46865e-05
-8.44406e-06
-5.65271e-05
-1.48507e-05
3.28308e-07
0.00738686
-0.00723765
-0.000222019
-0.000324443
0.00756737
-0.000213274
0.0049833
-8.51068e-05
0.00285142
5.57903e-05
0.00115007
0.000205743
-0.000171465
0.000353991
-0.00117529
0.000481387
-0.00192981
0.0005607
-0.00245575
0.000564734
-0.00274299
0.000480944
-0.00275275
0.000331043
-0.00241203
-6.68452e-05
-6.25858e-05
0.000739291
-0.000770367
-2.62561e-05
-2.62191e-05
0.000432672
-0.00045252
-2.73e-06
-2.81088e-06
-3.39883e-06
-2.69685e-06
0.000104144
-0.000106439
-5.76441e-07
0.000100771
-8.29922e-07
-9.73373e-05
-1.91524e-06
-1.00194e-06
2.32947e-05
-2.74912e-05
1.48507e-05
-0.000119817
0.0105808
-0.0103902
-0.000412488
-0.000551623
0.0108079
-0.000427817
0.00778194
-0.000280907
0.00517912
-0.000117697
0.00302492
5.81755e-05
0.00129762
0.000241014
-5.85199e-05
0.000416156
-0.0011101
0.00055856
-0.0019277
0.000638328
-0.00252937
0.000631784
-0.00289388
0.000538407
-0.00296023
0.000388293
-0.00263908
-8.73709e-05
-7.41039e-05
0.000804554
-0.000840971
-3.04322e-05
-2.83935e-05
0.000472659
-0.000492629
-3.22441e-06
-3.04346e-06
-3.11873e-06
-2.95279e-06
0.000113363
-0.000115474
-6.06508e-07
0.000111173
-6.15218e-07
-0.000109161
-6.72071e-07
-6.81035e-07
3.1237e-05
-3.18112e-05
3.04078e-05
-2.94058e-05
-0.000276415
0.0141698
-0.013938
-0.000644253
-0.000824225
0.0144424
-0.000695471
0.0110756
-0.000533422
0.00803448
-0.000348756
0.00541018
-0.000147386
0.00323048
6.51742e-05
0.00147342
0.000280753
7.683e-05
0.000480477
-0.00103207
0.000634435
-0.00192386
0.000712939
-0.0026106
0.000700713
-0.00305631
0.000607775
-0.00317991
0.000471568
-0.00286907
-0.000137783
-0.000104032
0.000880658
-0.000927591
-4.05016e-05
-3.44268e-05
0.000514433
-0.000537836
-3.49884e-06
-3.52553e-06
-3.34506e-06
-3.23682e-06
0.000122532
-0.000125079
-6.66741e-07
0.000120177
-6.83182e-07
-0.000117925
-6.62212e-07
-6.96733e-07
3.37772e-05
-3.43807e-05
3.31632e-05
-3.24821e-05
-0.000470243
0.0179596
-0.0176922
-0.000911563
-0.00113509
0.0182704
-0.00101292
0.0147599
-0.000845252
0.0113874
-0.000643497
0.00832922
-0.000417691
0.00568046
-0.000176728
0.00347235
7.34845e-05
0.00168063
0.000320494
0.000236736
0.000541366
-0.000939085
0.00070355
-0.00191457
0.000782574
-0.0026926
0.000769666
-0.00321839
0.000682218
-0.00339073
0.000557193
-0.00306123
-0.000190671
-0.000174457
0.000978046
-0.00103671
-7.92206e-05
-5.36109e-05
0.000564409
-0.000596307
-4.60549e-06
-4.03315e-06
-3.92206e-06
-3.93341e-06
0.000132838
-0.000135598
-7.32279e-07
0.000130149
-8.32153e-07
-0.000127682
-7.36978e-07
-7.67507e-07
3.64204e-05
-3.70843e-05
3.57384e-05
-3.50417e-05
-0.000698096
0.0216661
-0.0213724
-0.00120525
-0.00146749
0.0219985
-0.00136839
0.0186259
-0.00121059
0.0151253
-0.00100268
0.0117466
-0.000758105
0.00866963
-0.000491645
0.00599535
-0.000209269
0.00375505
7.79811e-05
0.00192307
0.000353959
0.000424036
0.000591808
-0.000827471
0.000761047
-0.00189321
0.000840744
-0.00276387
0.000829935
-0.00336627
0.000743872
-0.00357744
0.000579741
-0.00328105
-0.000159766
-0.000199964
0.0010876
-0.00113154
-0.000146774
-0.000123607
0.000637788
-0.000691388
-1.68784e-05
-8.81923e-06
-4.99166e-06
-7.1594e-06
0.000144752
-0.000148437
-9.32032e-07
0.000141611
-8.96197e-07
-0.000138667
-8.52702e-07
-9.91018e-07
3.9419e-05
-4.01497e-05
3.85878e-05
-3.78203e-05
-0.00095293
0.0249656
-0.0246627
-0.00150814
-0.00180454
0.0253027
-0.00174403
0.0223742
-0.00161499
0.0190303
-0.00141988
0.0155425
-0.00117197
0.0121605
-0.000885347
0.0090633
-0.000574209
0.00636024
-0.000250565
0.00408352
7.21489e-05
0.00220478
0.000373373
0.000642321
0.000624743
-0.000691357
0.000798739
-0.00185142
0.000879497
-0.0028136
0.000867789
-0.00349024
0.000767735
-0.00376531
0.000556025
-0.00354404
-0.000130718
-0.000162005
0.00119302
-0.00124836
-0.000104348
-0.000138468
0.000740534
-0.00077409
-5.61451e-05
-5.70794e-05
-2.84383e-05
-4.60551e-05
0.000164407
-0.000176348
-4.97478e-06
0.000157983
-2.41642e-06
-0.00015231
-1.1326e-06
-1.49604e-06
4.28907e-05
-4.38266e-05
4.1994e-05
-4.10029e-05
-0.00122391
0.0275688
-0.0272724
-0.00180449
-0.00212348
0.0278877
-0.00211543
0.0256741
-0.00203428
0.0227934
-0.00187627
0.0194867
-0.00164609
0.0160166
-0.00135662
0.0126317
-0.00102598
0.00951503
-0.000671317
0.00678092
-0.000307533
0.0044631
4.76389e-05
0.00253038
0.000369953
0.000896912
0.000631352
-0.000524203
0.000808712
-0.00178083
0.000889409
-0.00283528
0.000873747
-0.00359616
0.000754486
-0.00396351
0.000534069
-0.00380003
-0.000132327
-0.000145244
0.00132096
-0.00137369
-7.78805e-05
-8.93649e-05
0.00083499
-0.000896576
-1.58172e-05
-2.68801e-05
-4.84721e-05
-2.90889e-05
0.000224923
-0.000240827
-4.0265e-05
0.00020739
-3.95611e-05
-0.000191185
-1.36234e-05
-2.98607e-05
4.88794e-05
-5.38661e-05
4.64591e-05
-4.4963e-05
-0.00149796
0.0293078
-0.0290387
-0.0020735
-0.00240427
0.0295886
-0.00245676
0.028229
-0.00244053
0.0260803
-0.00234246
0.0232596
-0.00215702
0.0199976
-0.00189105
0.016551
-0.00156206
0.0131678
-0.00118828
0.0100319
-0.000790655
0.00726397
-0.000388719
0.00489933
-4.94531e-06
0.00290512
0.000334606
0.00119343
0.000603132
-0.000318829
0.000783137
-0.00167465
0.000863702
-0.00282513
0.000844206
-0.00368567
0.000721864
-0.00415111
0.000515127
-0.00404044
-0.000123525
-0.000150912
0.00143939
-0.00149049
-8.11268e-05
-7.94969e-05
0.000954671
-0.0010051
-1.1908e-05
-1.54652e-05
-1.83388e-05
-1.29007e-05
0.00029172
-0.000299492
-8.04463e-06
0.000276338
-1.14755e-05
-0.000263091
-2.61874e-05
-1.58393e-05
0.000111347
-0.000137197
-1.44119e-05
9.73557e-05
-2.55803e-05
-6.7495e-05
-0.00175647
0.0301325
-0.0299117
-0.00229429
-0.00262267
0.0303509
-0.00274866
0.0298804
-0.00280429
0.0285928
-0.00278265
0.0265205
-0.00266886
0.0237715
-0.00245906
0.0205656
-0.00216178
0.0171506
-0.00179409
0.0137735
-0.00137904
0.0106202
-0.000941075
0.00781623
-0.000504507
0.00539875
-9.53824e-05
0.00333493
0.000257669
0.00153869
0.000531695
-6.74785e-05
0.000714311
-0.00152518
0.000798512
-0.00277914
0.000783882
-0.00374722
0.000676398
-0.00431188
0.000501422
-0.000284484
-0.00425696
0.00154626
-0.00153969
-0.000129944
-9.50886e-05
0.00105653
-0.00110513
-1.62445e-05
-1.62087e-05
-1.50314e-05
-1.30135e-05
0.000326382
-0.000332608
-5.66775e-06
0.00031724
-6.30149e-06
-0.000310532
-7.27482e-06
-6.18357e-06
0.000177025
-0.000183367
-1.678e-06
0.000167796
-2.24037e-06
-0.000155815
-7.56564e-06
-3.85467e-06
2.55803e-05
-3.99921e-05
-0.00197858
0.0300421
-0.0298966
-0.00243976
-0.00275206
0.0301715
-0.00296078
0.030563
-0.00310203
0.0301782
-0.00316808
0.0289782
-0.00314381
0.0269954
-0.00301923
0.0243316
-0.0027897
0.0211935
-0.00246339
0.0178199
-0.00205979
0.0144542
-0.00160736
0.0112864
-0.00113247
0.00844408
-0.000664905
0.00596812
-0.000234173
0.00382663
0.000130913
0.00193939
0.000411348
0.000235628
0.000598426
-0.0013248
0.00069221
-0.0026872
0.000694942
-0.00376558
0.000618031
-0.00442827
0.00127854
-0.00305686
-2.24983e-05
-2.31266e-05
0.000477686
-0.000280673
-0.00445372
0.00116933
-2.06706e-05
-1.93721e-05
-1.15024e-05
0.000356373
-0.000363825
-8.77824e-06
0.000347945
-7.7698e-06
-0.000341429
-6.19902e-06
-6.49045e-06
0.000198785
-0.000203072
-1.36698e-06
0.000193778
-1.28395e-06
-0.000189003
-1.62657e-06
-1.40122e-06
5.36504e-05
-5.53233e-05
5.14113e-05
-4.75566e-05
-0.00213772
0.0290378
-0.0289979
-0.00247973
-0.00276268
0.0290485
-0.00306874
0.0302795
-0.0033057
0.0307667
-0.003467
0.0304771
-0.00354497
0.0293794
-0.00352596
0.0275021
-0.00339494
0.0249368
-0.00315043
0.0218805
-0.00280056
0.0185606
-0.00236844
0.0152152
-0.00188351
0.0120374
-0.00137515
0.00915421
-0.000880448
0.00661427
-0.000430706
0.0043882
-5.31155e-05
0.00240393
0.000236083
0.000598356
0.000432932
-0.00106485
0.000546625
-0.00253821
0.00057974
-0.00372696
0.000542855
-0.00449327
-0.00328471
-2.77589e-05
-2.49581e-05
0.000657756
-0.000677778
-1.19117e-06
-1.19528e-06
0.000637019
-1.24473e-06
-1.09063e-06
0.000452494
-0.000296786
-0.00460928
0.000357809
-3.8944e-07
-9.90424e-07
0.00025994
-0.000370236
-1.29521e-05
-2.39223e-05
0.000218496
-0.000224765
-2.5006e-06
0.00021262
-1.8859e-06
-0.000207662
-1.59938e-06
-1.52662e-06
5.96291e-05
-6.09915e-05
5.83482e-05
-5.69469e-05
-0.0022014
0.0271016
-0.0271898
-0.00239146
-0.00263599
0.0269749
-0.0030459
0.0290256
-0.00338917
0.0303629
-0.00365645
0.0309561
-0.00384351
0.0307756
-0.00393861
0.029792
-0.00392882
0.028036
-0.00379879
0.0255851
-0.00354616
0.022626
-0.00318097
0.0193731
-0.0027257
0.0160573
-0.00221188
0.012874
-0.00167818
0.00995186
-0.00116042
0.00734394
-0.000692796
0.00502798
-0.000301384
0.00294161
1.89611e-06
0.00102958
0.000216901
-0.000734942
0.000359523
-0.00231765
0.000432057
-0.00361595
0.000447229
-0.00448795
-0.00351953
-3.76334e-05
-2.42549e-05
0.000700231
-0.000725386
-1.15836e-06
-1.38653e-06
-1.35304e-06
-1.12877e-06
7.50726e-05
-7.62538e-05
7.38842e-05
7.26454e-05
7.15566e-05
0.000428962
-0.000363185
-0.00467504
7.11704e-05
7.0182e-05
0.000235257
7.68246e-07
-2.45637e-06
6.59986e-05
-6.84956e-05
6.41151e-05
-6.25885e-05
-0.00214749
0.0242606
-0.0244793
-0.00217276
-0.00237519
0.0239998
-0.00287559
0.0268046
-0.00332605
0.0289625
-0.00370731
0.0304138
-0.00401156
0.0311241
-0.00422871
0.0310657
-0.0043491
0.0302122
-0.00435433
0.0285915
-0.00423374
0.0262726
-0.00398174
0.0234267
-0.00360797
0.0202553
-0.00313706
0.0169824
-0.00260491
0.0138007
-0.00204947
0.0108409
-0.00151167
0.00816284
-0.0010268
0.00575364
-0.000617759
0.00356185
-0.000293179
0.00154044
-4.89365e-05
-0.000326069
0.00012995
-0.00201539
0.000251036
-0.0034197
0.000328268
-0.00438725
-0.00371643
-0.000116985
-4.92596e-05
0.000747335
-0.000782086
-1.83972e-06
-1.00252e-06
-1.22546e-06
-1.06836e-06
8.01129e-05
-8.12644e-05
7.87312e-05
7.73826e-05
0.000375584
-0.00041774
-0.00463292
7.09519e-05
-0.00196782
0.0206654
-0.0209895
-0.0018486
-0.00200556
0.0202958
-0.00256421
0.0236884
-0.00310393
0.0265824
-0.00359669
0.0288519
-0.00402183
0.030424
-0.004367
0.0312624
-0.00462219
0.0313387
-0.00477259
0.0306305
-0.00480339
0.0291611
-0.00469966
0.0269905
-0.00445737
0.0242761
-0.00408574
0.0212039
-0.00360849
0.017986
-0.00306327
0.0148144
-0.0024926
0.0118219
-0.00193814
0.00907431
-0.00143448
0.00657041
-0.00100256
0.0042712
-0.000648919
0.00214059
-0.000364622
0.000168664
-0.000141281
-0.00162303
3.77434e-05
-0.00312917
0.000178521
-0.00419021
-0.00377178
-0.000178718
-0.000183626
0.000826983
-0.000912673
-2.3632e-05
-7.64516e-06
-3.36796e-06
-9.91692e-07
8.45557e-05
-8.63906e-05
8.35557e-05
8.23328e-05
0.000261295
-0.000319102
-0.00457515
-0.00168105
0.0165972
-0.0169859
-0.00145991
-0.00157794
0.0161696
-0.00214676
0.0198783
-0.00273816
0.0233227
-0.00331754
0.0263033
-0.00385601
0.028686
-0.00432993
0.0303869
-0.00472222
0.0313624
-0.00502066
0.0315868
-0.00520921
0.0310362
-0.00527264
0.029734
-0.00519649
0.0277296
-0.00497252
0.0251628
-0.00461216
0.0222075
-0.00413866
0.0190613
-0.00358976
0.0159116
-0.00300833
0.0128922
-0.00243774
0.010078
-0.00191286
0.00748122
-0.00145257
0.00507507
-0.00105971
0.00283574
-0.000728526
0.000755907
-0.00044796
-0.00113739
-0.000203985
-0.0027467
2.72397e-06
-0.00393165
-0.00391785
-6.10947e-05
-0.00011188
0.000974719
-0.00103951
-3.79201e-05
-7.59853e-05
-6.75596e-05
-5.40338e-05
9.8394e-05
-0.000122025
9.07488e-05
8.73823e-05
0.000117485
-0.000187586
-0.00450507
-0.00132762
0.012432
-0.0128308
-0.00106106
-0.0011444
0.0119985
-0.00167494
0.0156978
-0.0022672
0.0194073
-0.00289175
0.0228969
-0.00351374
0.025961
-0.00410004
0.0284561
-0.00462629
0.030291
-0.00507175
0.0314134
-0.00542072
0.0317982
-0.00565572
0.0314193
-0.00575984
0.0302973
-0.00571835
0.0284754
-0.00552567
0.0260763
-0.00518515
0.023254
-0.00472432
0.0201959
-0.00417763
0.017081
-0.00358962
0.014044
-0.00300419
0.0111692
-0.00245253
0.00848126
-0.00195709
0.00597251
-0.00151929
0.00362644
-0.00113158
0.00143947
-0.000780705
-0.000560711
-0.000460903
-0.00228309
-0.000190578
-0.0036236
-0.00403475
-3.05484e-05
-4.00511e-05
0.0011182
-0.00116391
-6.06744e-06
-9.30328e-06
-1.06322e-05
-2.257e-05
0.000247323
-0.000271993
-1.3246e-05
0.000198177
-2.68414e-05
0.000176059
-4.54482e-05
-1.73312e-05
-0.000105199
-0.00438255
-0.000957605
0.00853676
-0.00889976
-0.000698048
-0.000751635
0.00814399
-0.00120486
0.0115284
-0.0017503
0.0151809
-0.0023668
0.0188824
-0.00302384
0.0224069
-0.003689
0.0255499
-0.00432724
0.028157
-0.00490904
0.0301282
-0.00541238
0.0314051
-0.00581687
0.0319593
-0.00610632
0.0317657
-0.00626188
0.0308408
-0.00626418
0.0292138
-0.00610798
0.0269991
-0.00579916
0.0243288
-0.00535707
0.0213755
-0.00481872
0.0183104
-0.00422733
0.0152676
-0.00362489
0.0123416
-0.00304521
0.00956934
-0.00250737
0.00696054
-0.00201334
0.00450812
-0.00155687
0.00221559
-0.00112693
0.000105299
-0.000726905
-0.00174675
-0.000385908
-0.00325503
-0.00409507
-2.44137e-05
-2.03537e-05
0.00119625
-0.0012184
-4.13455e-06
-4.22873e-06
-3.54571e-06
-4.17659e-06
0.000304946
-0.000309336
-1.67431e-06
0.000297819
-2.17781e-06
0.000289691
-2.51403e-06
-4.8743e-06
7.22907e-05
-8.55369e-05
4.54482e-05
-0.000138123
-4.46823e-05
-0.00419973
-0.000619276
0.0052079
-0.00550403
-0.000401913
-0.000429293
0.00488555
-0.000782896
0.00772201
-0.00124416
0.0110222
-0.00180354
0.0146176
-0.00244226
0.0183008
-0.00313193
0.0218498
-0.00383987
0.0250625
-0.00453044
0.0277784
-0.0051719
0.0298877
-0.00573806
0.0313262
-0.00620644
0.0320594
-0.00655568
0.0320595
-0.00676772
0.0313443
-0.00682323
0.029929
-0.00671267
0.0279126
-0.00643944
0.0254112
-0.00602383
0.0225805
-0.00549865
0.0195816
-0.00490503
0.0165477
-0.00428421
0.0135806
-0.0036699
0.0107318
-0.00308153
0.00802867
-0.00252473
0.00547592
-0.00199259
0.00308125
-0.00147934
0.000857753
-0.000994814
-0.00113782
-0.000577727
-0.00281545
-0.00410711
-2.03114e-05
-1.22076e-05
0.00123327
-0.00125044
-4.32571e-06
-2.87422e-06
-3.39459e-06
-2.10366e-06
0.000318769
-0.000321568
-1.33262e-06
0.000315611
-1.074e-06
0.000313032
-9.75371e-07
-4.83438e-07
9.51075e-05
-9.67819e-05
9.29267e-05
9.04112e-05
-0.000257353
8.74691e-06
-0.00395112
-0.0003482
0.00263064
-0.00284765
-0.000184891
-0.000192245
0.00239359
-0.000440194
0.00454283
-0.000797467
0.00727529
-0.001265
0.0104837
-0.00183654
0.0140118
-0.00249523
0.0176641
-0.00321633
0.0212263
-0.00396608
0.0244981
-0.00470874
0.0273152
-0.00541116
0.0295608
-0.00604305
0.0311628
-0.00657966
0.0320834
-0.00699706
0.0322888
-0.00727144
0.0317925
-0.0073852
0.0306016
-0.00732621
0.0287995
-0.00709628
0.0264839
-0.00671103
0.0237932
-0.00619778
0.0208744
-0.00560505
0.0178685
-0.00496434
0.014875
-0.00431272
0.0119629
-0.00366649
0.00917038
-0.0030379
0.00652122
-0.00242521
0.00402715
-0.00182981
0.00169279
-0.00126464
-0.000450885
-0.0007709
-0.00230193
-0.0040758
-1.63538e-05
-6.09207e-06
0.00125882
-0.00127245
-3.95064e-06
-2.68891e-06
-2.92786e-06
-9.00093e-07
0.000327947
-0.000330972
-1.29483e-06
0.000326124
-1.05265e-06
0.000323346
-6.24129e-07
-3.28011e-07
9.93192e-05
-0.000100652
9.8242e-05
9.72653e-05
-0.000378299
6.27331e-05
-0.00363556
-0.000160082
0.00089099
-0.00102838
-2.2504e-05
-2.49797e-05
-2.25411e-05
0.000745715
-2.44296e-05
-0.000192472
0.00214584
-0.000440793
0.00418612
-0.000799049
0.00680931
-0.00127021
0.00991731
-0.00185042
0.013367
-0.00252625
0.016974
-0.00327441
0.0205346
-0.004063
0.0238524
-0.00485682
0.0267608
-0.00562095
0.0291386
-0.0063221
0.0309052
-0.00693
0.0320163
-0.00741856
0.0324359
-0.00776272
0.0321701
-0.00794014
0.0312155
-0.0079377
0.0296408
-0.00775285
0.0275256
-0.00739982
0.0249952
-0.00690659
0.0221759
-0.00630843
0.0192125
-0.00564575
0.016208
-0.00495071
0.0132471
-0.00424826
0.0103807
-0.00354602
0.00764205
-0.00285077
0.00504816
-0.00217632
0.0026045
-0.00153947
0.000317685
-0.000972436
-0.00170783
-0.00400122
-1.127e-05
-4.95127e-07
0.00127507
-0.00128573
-3.94763e-06
-1.71247e-06
-2.9249e-06
-5.4754e-07
0.00033588
-0.000338667
-1.16024e-06
0.000334211
-1.02053e-06
0.000331878
-5.98343e-07
4.44821e-09
0.000102661
-0.000103955
0.000101605
0.00010098
-0.000510697
0.000117016
-0.00324189
-2.06174e-05
-2.54237e-05
0.000133889
-0.000151776
-2.24426e-06
-2.36793e-06
0.000115599
-3.24567e-06
-3.44066e-06
9.75538e-05
-2.19649e-06
-2.29684e-06
-2.21133e-05
0.000599059
-2.37163e-05
7.96019e-05
-3.15383e-06
-3.32331e-06
-0.000188795
0.00189381
-0.000434358
0.00382138
-0.000789934
0.00632898
-0.00126093
0.00932777
-0.00184564
0.0126864
-0.00253361
0.0162331
-0.00330461
0.0197762
-0.00412931
0.0231248
-0.00497372
0.0261136
-0.00579827
0.0286148
-0.00656877
0.0305439
-0.00725138
0.0318491
-0.00781458
0.0324877
-0.00823044
0.0324604
-0.00847433
0.0317523
-0.00852992
0.0304181
-0.00839298
0.0285188
-0.00807434
0.0261629
-0.00759801
0.0234654
-0.00699881
0.0205655
-0.00631312
0.0175703
-0.00557534
0.0145741
-0.00481093
0.0116457
-0.00403632
0.00882763
-0.00326895
0.00614083
-0.00252225
0.0035873
-0.00182301
0.00116825
-0.00119225
-0.00102634
-0.0038847
-5.76125e-06
6.31007e-06
0.00128434
-0.00129153
-2.48597e-06
-1.5745e-06
-2.26611e-06
3.77824e-07
0.000342344
-0.000345202
-1.08907e-06
0.000341437
-8.07088e-07
0.000339297
-7.90479e-07
8.16222e-08
0.000105572
-0.000106732
0.000104549
0.000103951
-0.000662544
0.00017415
-0.00275354
0.000170158
-2.55352e-06
-3.39426e-06
-3.64924e-06
2.18337e-05
-2.39389e-05
-1.35499e-07
1.98693e-05
-4.03585e-07
1.75332e-05
-9.11891e-07
1.51351e-05
-1.04102e-06
1.30754e-05
-1.3195e-07
1.11656e-05
-3.8755e-07
6.18372e-05
-2.12815e-06
-2.22177e-06
-2.1297e-05
0.000454314
-2.27782e-05
4.43615e-05
-3.04128e-06
-3.20172e-06
8.89126e-06
-8.83024e-07
6.57315e-06
-1.00458e-06
-0.000182563
0.00164196
-0.000422334
0.00345373
-0.000772135
0.00584014
-0.00123886
0.00872094
-0.00182358
0.0119763
-0.00251943
0.0154479
-0.0033088
0.0189556
-0.00416422
0.0223153
-0.00505265
0.0253679
-0.0059368
0.0279828
-0.00677676
0.0300693
-0.00753477
0.0315693
-0.00817443
0.0324317
-0.00866332
0.0326494
-0.0089761
0.0321984
-0.0090909
0.0311159
-0.00900266
0.0294471
-0.00871919
0.027284
-0.00826065
0.0247272
-0.00765992
0.0219122
-0.00695284
0.0189478
-0.00617494
0.0159382
-0.0053526
0.012962
-0.00451586
0.0100746
-0.00368287
0.00730146
-0.00287673
0.00464102
-0.00212328
0.00209924
-0.00144052
-0.000248432
-0.00372019
-3.06563e-06
1.26953e-05
0.00128466
-0.00128797
-1.60997e-06
-8.3008e-07
-1.0134e-06
4.44114e-07
0.000347809
-0.000349393
-9.05291e-07
0.00034697
-7.39155e-07
0.000344998
-3.00005e-07
1.71903e-07
0.000108251
-0.000109341
0.000107442
0.00010665
-0.000846825
0.000236447
-0.00214322
2.89119e-05
-4.61096e-07
2.64842e-05
-9.67379e-07
-1.10376e-06
2.99096e-06
-3.12595e-06
2.58678e-06
1.67474e-06
6.34691e-07
5.03263e-07
1.14859e-07
4.57511e-06
-1.25595e-07
2.72129e-06
-3.69938e-07
2.72e-05
-2.02121e-06
-2.1183e-06
-2.02015e-05
0.000313579
-2.16636e-05
1.03667e-05
-2.8955e-06
-3.05525e-06
5.25373e-07
-8.50663e-07
-1.70825e-06
-9.67907e-07
-7.68569e-07
-1.77221e-06
-0.000174403
0.00139397
-0.000406079
0.00308759
-0.00074682
0.00534802
-0.00120501
0.00810231
-0.00178514
0.0112419
-0.00248258
0.0146216
-0.00328366
0.018075
-0.00416541
0.021428
-0.00509452
0.0245256
-0.00603359
0.0272396
-0.00694039
0.0294749
-0.00776952
0.0311644
-0.00848963
0.0322581
-0.0090524
0.0327258
-0.0094323
0.0325398
-0.00960758
0.0317208
-0.00956854
0.0302963
-0.00932035
0.0283436
-0.00888148
0.0259487
-0.00828218
0.0232416
-0.00755797
0.0203309
-0.00674485
0.0173304
-0.00587742
0.0143235
-0.00498275
0.0113745
-0.00409845
0.00852319
-0.00324689
0.00576462
-0.00244764
0.00310632
-0.0017246
0.000629244
-0.00345934
-3.13262e-05
6.88209e-06
0.00127648
-0.0012787
-1.08545e-06
2.28758e-07
-9.54344e-08
1.28544e-06
0.000350379
-0.000351185
-8.10607e-07
0.000350128
-5.84603e-07
0.000349266
-1.57664e-07
3.14122e-07
0.000110212
-0.000111119
0.00010947
0.000109169
-0.00107468
0.000322494
-0.00139117
5.19704e-06
4.22972e-06
-1.89744e-06
-2.26865e-06
-3.61256e-06
-1.11769e-07
-5.38897e-06
-3.44795e-07
-5.96633e-06
-1.88497e-06
-1.99249e-06
-1.8922e-05
0.00017844
-2.03865e-05
-2.20209e-05
-2.72463e-06
-2.89179e-06
-7.48126e-06
-8.1044e-07
-9.61303e-06
-9.24727e-07
-3.11994e-06
-4.08676e-06
-0.000164714
0.00115253
-0.000386184
0.00272687
-0.00071466
0.00485759
-0.0011611
0.00747819
-0.00173122
0.0104905
-0.00242503
0.0137629
-0.00323168
0.0171412
-0.0041323
0.0204657
-0.00509648
0.0235885
-0.00608639
0.0263856
-0.00705732
0.0287627
-0.00796083
0.0306356
-0.00875099
0.0319567
-0.00938718
0.0326806
-0.00983345
0.0327656
-0.0100681
0.0322202
-0.0100779
0.0310538
-0.0098667
0.0293288
-0.00945069
0.0271172
-0.00885773
0.0245413
-0.00812182
0.0217078
-0.00728111
0.0187341
-0.00637864
0.0157195
-0.00544786
0.0127239
-0.00452284
0.00979913
-0.00363049
0.00694741
-0.00280147
0.00418312
-0.0020382
0.00159267
-0.00297773
-0.000104997
-5.4223e-05
0.00127222
-0.00128962
-1.1278e-05
-2.68836e-06
-1.47439e-06
1.86832e-06
0.000350215
-0.00035071
-6.00938e-07
0.000350661
-2.23673e-07
0.000350442
1.1679e-07
5.39992e-07
0.000111552
-0.000112365
0.000110964
0.000110805
-0.00133555
0.000501385
-0.000557126
-4.19814e-06
-4.54463e-06
-1.14003e-05
-9.34718e-08
-1.30827e-05
-3.148e-07
-3.73608e-05
-1.73412e-06
-1.85671e-06
-1.74768e-05
5.01444e-05
-1.89969e-05
-5.25222e-05
-2.52828e-06
-2.70569e-06
-1.5052e-05
-7.64076e-07
-1.70681e-05
-8.76661e-07
-5.35613e-06
-6.27992e-06
-0.000153738
0.000919995
-0.000363264
0.00237537
-0.000677247
0.00437364
-0.00110767
0.00685456
-0.0016636
0.00972901
-0.00234725
0.0128785
-0.00315367
0.0161626
-0.00406689
0.0194361
-0.00506016
0.0225623
-0.00609471
0.025423
-0.00712293
0.0279249
-0.00809396
0.0299786
-0.00895428
0.0315237
-0.00965949
0.0325065
-0.0101718
0.0328692
-0.0104646
0.0326068
-0.0105243
0.0317114
-0.0103518
0.0302299
-0.00996244
0.0282219
-0.00938192
0.0258014
-0.00864652
0.0230733
-0.00779444
0.02015
-0.0068678
0.0171394
-0.00591381
0.0141148
-0.00495861
0.0111272
-0.00404525
0.00819115
-0.0031806
0.00532546
-0.00236471
0.00262171
-0.00241676
1.06231e-05
-7.02763e-05
0.00128289
-0.00123969
-8.19033e-05
-6.63443e-05
-4.38608e-05
-1.71009e-05
0.000352187
-0.000360033
-3.44662e-06
0.000350718
-1.2265e-06
0.00034943
-1.93916e-07
5.85319e-07
0.000111936
-0.000112541
0.00011171
0.000111825
-0.00159772
0.000724939
0.000315437
-6.37325e-06
-6.69019e-06
-1.87215e-05
-7.47375e-08
-2.02988e-05
-2.83861e-07
-6.67404e-05
-1.56487e-06
-1.70699e-06
-1.58974e-05
-7.02431e-05
-1.75158e-05
-8.09194e-05
-2.31825e-06
-2.5102e-06
-2.21271e-05
-7.09579e-07
-2.40126e-05
-8.22086e-07
-7.45545e-06
-8.33079e-06
-0.00014172
0.000698353
-0.000337913
0.00203594
-0.000634799
0.00390068
-0.00104612
0.00623699
-0.00158272
0.00896439
-0.00225144
0.0119762
-0.00305092
0.0151466
-0.00397022
0.0183462
-0.004986
0.0214536
-0.00605831
0.0243584
-0.00713791
0.0269688
-0.00816721
0.0291915
-0.00909331
0.0309575
-0.00986415
0.0321988
-0.0104398
0.0328444
-0.0107907
0.0328731
-0.0109011
0.0322607
-0.010772
0.0310394
-0.0104145
0.0292544
-0.00985636
0.0270113
-0.00912711
0.024406
-0.00827804
0.0215602
-0.00735088
0.0185765
-0.0063811
0.0155373
-0.00541427
0.0124962
-0.00447143
0.00948192
-0.00356353
0.00652419
-0.00268736
0.0037112
-0.00186796
0.000114658
6.12994e-05
0.00119082
-0.0011525
-1.34783e-06
-2.63994e-05
-4.33241e-05
-7.58313e-05
0.000400109
-0.000413981
-6.8046e-05
0.000388538
-5.47835e-05
0.000369219
-2.45498e-05
-7.91883e-06
0.00011338
-0.000116832
0.000112151
0.000111955
-0.00184866
0.000924576
0.00123918
-8.40511e-06
-8.69129e-06
-2.55191e-05
-5.32231e-08
-2.69815e-05
-2.50809e-07
-9.39046e-05
-1.38089e-06
-1.54573e-06
-1.42038e-05
-0.000181873
-1.59541e-05
-0.00010703
-2.09709e-06
-2.3063e-06
-2.86581e-05
-6.52648e-07
-3.04048e-05
-7.65378e-07
-9.40236e-06
-1.02233e-05
-0.00012894
0.000489275
-0.000310515
0.00171153
-0.000588498
0.00344294
-0.000977401
0.00563158
-0.00149083
0.00820371
-0.00213895
0.0110641
-0.00292659
0.0141029
-0.00384706
0.0172073
-0.00487722
0.0202725
-0.00597937
0.0231998
-0.00710031
0.0259019
-0.00818159
0.0282796
-0.00916478
0.030258
-0.0099954
0.0317543
-0.0106315
0.0326851
-0.0110396
0.0330115
-0.011205
0.0326937
-0.0111231
0.031748
-0.0108066
0.0302047
-0.010276
0.0281602
-0.0095802
0.0257081
-0.0087466
0.0229559
-0.00782356
0.0200189
-0.00685831
0.0169813
-0.00587566
0.0139004
-0.00490725
0.0108256
-0.00394985
0.0077866
-0.00300309
0.00486541
-0.00124
0.00016472
0.000131783
0.00111209
-0.00103761
2.37631e-05
1.63506e-05
1.61699e-05
4.70735e-06
0.000444762
-0.00044198
-4.14097e-06
0.000434602
-1.62557e-05
0.000424788
-3.35134e-05
-6.50311e-05
0.00020409
-0.000220174
-5.19802e-05
0.000149303
0.000124751
-0.00210388
0.00110505
0.00223772
-1.02763e-05
-1.05299e-05
-3.17508e-05
-2.86883e-08
-3.30879e-05
-2.15048e-07
-0.000118695
-1.18375e-06
-1.37392e-06
-1.24316e-05
-0.000284117
-1.43331e-05
-0.000130698
-1.8666e-06
-2.09806e-06
-3.46038e-05
-5.93558e-07
-3.62063e-05
-7.07264e-07
-1.11842e-05
-1.19481e-05
-0.000115595
0.000294243
-0.000281663
0.00140457
-0.000538786
0.00300421
-0.000902641
0.0050433
-0.00138925
0.00745396
-0.00201348
0.010151
-0.00278467
0.0130405
-0.00370001
0.0160301
-0.00473846
0.0190316
-0.00586025
0.0219597
-0.00701206
0.0247322
-0.00813496
0.0272497
-0.00916669
0.0294291
-0.010054
0.0311767
-0.0107472
0.0323927
-0.0112138
0.0330203
-0.0114342
0.0330048
-0.0114053
0.0323466
-0.0111382
0.0310668
-0.0106567
0.0292367
-0.00999428
0.0269558
-0.00919122
0.0243235
-0.00829322
0.0214538
-0.00733218
0.0184378
-0.00634456
0.0153377
-0.00534407
0.0122197
-0.00433186
0.00911523
-0.0033306
0.00609193
-0.000512707
0.000202484
0.000175059
0.000959139
-0.00085515
3.28362e-05
2.78182e-05
2.89788e-05
2.43233e-05
0.000421574
-0.00040738
9.55722e-06
0.000430482
7.42311e-06
0.000440222
6.42559e-06
2.93982e-06
0.000290745
-0.000293935
-9.88525e-07
0.000278802
-4.32505e-06
0.000257549
-1.22723e-05
-2.76622e-05
-5.19819e-05
-0.00236202
0.00127471
0.003325
-1.19765e-05
-1.21946e-05
-3.73841e-05
-1.38881e-09
-3.85891e-05
-1.77516e-07
-0.000140972
-9.78672e-07
-1.19703e-06
-1.05999e-05
-0.000376503
-1.26835e-05
-0.000151804
-1.62895e-06
-1.88475e-06
-3.9936e-05
-5.33324e-07
-4.13884e-05
-6.48591e-07
-1.27903e-05
-1.34964e-05
-0.000101926
0.000114389
-0.000251562
0.00111723
-0.000486492
0.00258796
-0.000823286
0.00447727
-0.00128057
0.00672102
-0.0018782
0.00924452
-0.00263064
0.0119711
-0.00353591
0.0148274
-0.00457276
0.017744
-0.00570273
0.0206502
-0.00687439
0.0234715
-0.00802874
0.0261116
-0.0091022
0.0284773
-0.0100373
0.0304667
-0.0107841
0.0319629
-0.0113083
0.0328944
-0.0115885
0.033188
-0.0116186
0.032827
-0.0114108
0.0318209
-0.010986
0.0302284
-0.010376
0.0281406
-0.00962033
0.0256506
-0.00874983
0.0228714
-0.00780675
0.0199
-0.00681235
0.0168059
-0.00577423
0.013662
-0.00472251
0.0105071
-0.00366741
0.00739713
0.00031627
0.000235245
0.000210408
0.000749687
-0.000621277
3.90716e-05
3.49053e-05
3.65706e-05
3.30341e-05
0.000363373
-0.000344417
1.38866e-05
0.000378943
1.2236e-05
0.000395142
1.27781e-05
1.20788e-05
0.000281717
-0.000274401
2.20658e-06
0.000287324
1.80881e-06
0.000292249
1.48317e-06
1.24312e-06
9.62486e-05
-9.72507e-05
9.19195e-05
7.96441e-05
-0.00263283
0.00144206
0.00451491
-1.34979e-05
-1.36789e-05
-4.23884e-05
2.79689e-08
-4.34548e-05
-1.38364e-07
-0.000160648
-7.65323e-07
-1.01361e-06
-8.74054e-06
-0.000458728
-1.10365e-05
-0.000170287
-1.38819e-06
-1.67121e-06
-4.46266e-05
-4.70996e-07
-4.59265e-05
-5.88968e-07
-1.42144e-05
-1.48614e-05
-8.81317e-05
-4.91477e-05
-0.000220636
0.000851283
-0.000432314
0.00219694
-0.000740284
0.00393695
-0.00116721
0.00601002
-0.00173804
0.00835195
-0.00246883
0.010904
-0.00335806
0.0136126
-0.00438453
0.0164256
-0.00551245
0.0192882
-0.00669156
0.0221342
-0.00786487
0.0248742
-0.00897066
0.0274105
-0.0099475
0.0296299
-0.010746
0.0314007
-0.0113264
0.0326323
-0.0116676
0.033237
-0.0117653
0.0331815
-0.0116249
0.0324598
-0.0112682
0.0311205
-0.0107208
0.029241
-0.0100175
0.0269183
-0.00919251
0.0242572
-0.00826658
0.0213542
-0.00726638
0.018298
-0.00620778
0.0151473
-0.00512006
0.0119596
-0.00401409
0.00877779
0.00124095
0.00026963
0.000247069
0.000492941
-0.000342705
4.46219e-05
4.0304e-05
4.25876e-05
3.94923e-05
0.000287624
-0.000265287
1.67649e-05
0.000306904
1.56127e-05
0.00032718
1.63164e-05
1.57968e-05
0.000246153
-0.00023536
3.06862e-06
0.000255477
2.91031e-06
0.000265423
2.82015e-06
3.09211e-06
9.27287e-05
-9.05322e-05
9.45315e-05
9.60076e-05
-0.00290837
0.00161774
0.0058044
-1.48332e-05
-1.49751e-05
-4.67455e-05
5.86569e-08
-4.76701e-05
-9.85075e-08
-0.000177669
-5.50007e-07
-8.31922e-07
-6.86898e-06
-0.000530648
-9.41374e-06
-0.000186114
-1.1471e-06
-1.46031e-06
-4.86642e-05
-4.09012e-07
-4.98099e-05
-5.29463e-07
-1.54486e-05
-1.60364e-05
-7.43083e-05
-0.000195546
-0.0001894
0.000608323
-0.000377036
0.00183365
-0.000655649
0.00342529
-0.00105306
0.00532479
-0.00159758
0.00748042
-0.0023044
0.00985016
-0.00317091
0.0123988
-0.00417801
0.015091
-0.00529145
0.0178879
-0.00646784
0.020737
-0.00765233
0.0235558
-0.00877606
0.026239
-0.00978808
0.0286719
-0.0106322
0.0307063
-0.0112693
0.0322339
-0.0116753
0.033147
-0.0118434
0.0334
-0.0117804
0.032972
-0.0115053
0.031905
-0.0110334
0.0302569
-0.010394
0.0281197
-0.00960979
0.0256003
-0.00871542
0.0228031
-0.00771687
0.0198072
-0.0066486
0.0166758
-0.00552267
0.0134677
-0.00437516
0.0102432
0.0022711
0.000305345
0.000281979
0.000189752
-1.63281e-05
9.6274e-05
4.91684e-05
4.49885e-05
0.000198202
-0.000173178
1.96318e-05
0.000220641
1.78512e-05
0.00024437
1.88983e-05
1.85855e-05
0.000198896
-0.000186034
3.88626e-06
0.000210912
3.61741e-06
0.000223592
3.6361e-06
4.02405e-06
8.17191e-05
-7.86563e-05
8.46255e-05
8.74401e-05
-0.00319939
0.00181029
0.00719129
-1.59778e-05
-1.60802e-05
-5.0444e-05
8.99564e-08
-5.12265e-05
-5.85394e-08
-0.00019203
-3.32769e-07
-6.49511e-07
-4.99254e-06
-0.000592178
-7.82876e-06
-0.000199293
-9.09523e-07
-1.25694e-06
-5.20417e-05
-3.47388e-07
-5.30371e-05
-4.7102e-07
-1.64919e-05
-1.70199e-05
-6.05647e-05
-0.000324394
-0.000158407
0.000389703
-0.000321624
0.00149962
-0.000571641
0.00294386
-0.000941794
0.00466897
-0.00146132
0.00663721
-0.00214139
0.00882049
-0.00297833
0.011199
-0.00395663
0.0137561
-0.00504709
0.016467
-0.0062077
0.0192923
-0.00738706
0.0221667
-0.0085263
0.0249772
-0.00956471
0.0276044
-0.0104489
0.0298859
-0.0111395
0.031698
-0.0116113
0.0329148
-0.0118549
0.0334745
-0.0118739
0.0333406
-0.011681
0.0325525
-0.0112921
0.031155
-0.0107268
0.0292367
-0.010006
0.0268908
-0.00913835
0.0242247
-0.00815474
0.0213133
-0.00708098
0.0182336
-0.00593531
0.0150267
-0.0047375
0.0117805
0.00340605
0.000348498
0.000325235
-0.000156706
0.000344022
0.000117972
0.000109002
0.000119697
-0.00013339
5.84243e-06
9.91847e-05
5.15868e-06
0.000149782
1.91403e-05
2.16153e-05
0.000143817
-0.000128982
4.80402e-06
0.000157392
4.33032e-06
0.000172008
4.30401e-06
4.56399e-06
6.73817e-05
-6.34896e-05
7.09989e-05
7.46322e-05
-0.00350417
0.00201371
0.00868089
-1.69298e-05
-1.69923e-05
-5.34888e-05
1.2188e-07
-5.413e-05
-1.97607e-08
-0.000203721
-1.16071e-07
-4.72453e-07
-3.09306e-06
-0.000643383
-6.28567e-06
-0.000209827
-6.73384e-07
-1.06065e-06
-5.47684e-05
-2.87467e-07
-5.56169e-05
-4.14254e-07
-1.73429e-05
-1.78131e-05
-4.73609e-05
-0.000435461
-0.000128492
0.000196467
-0.000267517
0.00119521
-0.000492057
0.00249376
-0.000839104
0.00404648
-0.00133254
0.00582815
-0.00198146
0.00782343
-0.00278359
0.0100258
-0.00372563
0.0124345
-0.00478328
0.0150425
-0.00592024
0.0178254
-0.00708656
0.0207269
-0.00822708
0.0236395
-0.00928148
0.026437
-0.0102002
0.0289465
-0.0109395
0.0310262
-0.0114764
0.0325363
-0.0117991
0.0333996
-0.0119065
0.033566
-0.011805
0.0330653
-0.0115067
0.0319348
-0.0110262
0.0302568
-0.0103618
0.0281143
-0.00954291
0.0256129
-0.0085835
0.0228155
-0.00750474
0.0198023
-0.00634183
0.0166303
-0.005117
0.0133926
0.00465879
0.000392082
0.000369215
-0.00053899
0.000748621
0.000138437
0.000130257
3.63443e-05
6.94617e-05
6.72949e-06
5.51137e-06
5.53866e-06
6.47601e-06
2.92207e-05
-2.3326e-05
0.000113193
5.18926e-06
3.44029e-05
5.8441e-06
5.02802e-05
-4.54487e-05
5.46189e-05
5.89256e-05
-0.00382685
0.00223277
0.010275
-1.76917e-05
-1.77159e-05
-5.58828e-05
1.54145e-07
-5.63836e-05
1.851e-08
-0.000212746
1.05696e-07
-2.97321e-07
-1.20291e-06
-0.000684688
-4.85434e-06
-0.000217726
-4.38767e-07
-8.71107e-07
-5.68439e-05
-2.28221e-07
-5.7551e-05
-3.59346e-07
-1.80067e-05
-1.84199e-05
-3.55908e-05
-0.000528388
-0.000100814
2.9722e-05
-0.000216916
0.000919971
-0.000420667
0.00207515
-0.00074645
0.00346022
-0.00121256
0.00505909
-0.00182717
0.00686685
-0.00258972
0.00888976
-0.00349072
0.0111418
-0.00450927
0.0136314
-0.00561142
0.0163501
-0.00675458
0.0192543
-0.00788486
0.0222428
-0.00894757
0.0251843
-0.00989111
0.027898
-0.0106751
0.0302249
-0.0112738
0.0320109
-0.0116736
0.0331667
-0.0118762
0.0336372
-0.0118687
0.0334273
-0.0116663
0.0325749
-0.0112648
0.0311598
-0.0106738
0.0292452
-0.00990424
0.0269333
-0.00898012
0.0242901
-0.00791573
0.0213755
-0.0067537
0.0182665
-0.00549602
0.015062
0.00603956
0.000439293
0.000412459
-0.000968252
0.00120252
0.000157365
0.00014938
-0.000185476
0.000309005
7.88168e-06
6.74502e-06
6.63809e-06
7.61265e-06
5.77163e-06
9.80217e-07
1.12972e-05
-1.77732e-05
3.96046e-05
-0.00418781
0.00249904
0.0119644
-1.82658e-05
-1.82514e-05
-5.76282e-05
1.86566e-07
-5.79911e-05
5.68912e-08
-0.000219134
3.2838e-07
-1.28258e-07
6.13281e-07
-0.000717091
-3.76749e-06
-0.000223089
-2.0451e-07
-6.95487e-07
-5.82732e-05
-1.69285e-07
-5.88411e-05
-3.0607e-07
-1.84829e-05
-1.88414e-05
-2.70306e-05
-0.000601996
-7.6524e-05
-0.00011047
-0.000172786
0.000672016
-0.000359994
0.00168845
-0.000664281
0.0029117
-0.00110147
0.00433319
-0.00168046
0.0059574
-0.0024024
0.00780129
-0.00325853
0.0098909
-0.00423098
0.0122509
-0.00529195
0.0148874
-0.00640135
0.0177706
-0.00751137
0.0208065
-0.00856958
0.0238627
-0.00952826
0.0267511
-0.0103495
0.0293005
-0.0110063
0.0313435
-0.0114832
0.0327737
-0.0117722
0.0335407
-0.0118678
0.0336287
-0.0117659
0.033076
-0.0114604
0.0319464
-0.0109485
0.0302892
-0.0102415
0.028194
-0.00935052
0.0257242
-0.00830965
0.0229309
-0.00714012
0.0199104
-0.00589609
0.0167705
0.00757277
0.000507902
0.00045917
-0.00144699
0.00171031
0.000176072
0.000168031
-0.000442009
0.000582353
8.71025e-06
8.01499e-06
7.78785e-06
8.47893e-06
-2.19732e-05
2.98146e-05
-1.52296e-05
7.61692e-06
-0.00458188
0.00287063
0.0136771
-1.8655e-05
-1.86018e-05
-5.87258e-05
2.19867e-07
-5.89522e-05
9.47659e-08
-0.00022306
5.50857e-07
2.57729e-08
1.97274e-06
-0.000742036
-4.02666e-06
-0.000226301
2.17877e-08
-5.54633e-07
-5.90542e-05
-1.10524e-07
-5.94977e-05
-2.54411e-07
-1.87737e-05
-1.90782e-05
-2.44355e-05
-0.000654149
-5.67948e-05
-0.000226783
-0.000137777
0.000449516
-0.000308539
0.00133256
-0.000591287
0.00240136
-0.00100104
0.00365361
-0.00154615
0.00510101
-0.00222688
0.00676949
-0.00303599
0.00869576
-0.0039584
0.0109172
-0.00496949
0.0134554
-0.00603517
0.0162944
-0.00711291
0.0193497
-0.00815642
0.0224907
-0.00912016
0.0255217
-0.00996822
0.0282624
-0.0106757
0.0305359
-0.0112251
0.0322265
-0.0116033
0.0332762
-0.0117987
0.0336617
-0.0117995
0.0334149
-0.0115889
0.0325862
-0.0111709
0.0312179
-0.0105265
0.0293695
-0.00969176
0.0271059
-0.00868158
0.0244721
-0.00753473
0.0215492
-0.00627161
0.0184611
0.00920862
0.000677047
0.000558439
-0.00198162
0.00228792
0.000201892
0.000187991
-0.000732269
0.00089005
9.38822e-06
9.08448e-06
8.8322e-06
9.38812e-06
-5.40241e-05
6.2739e-05
-4.60453e-05
3.75663e-05
-0.00495778
0.00327315
0.0153629
-1.88574e-05
-1.87649e-05
-5.91941e-05
2.52134e-07
-5.93002e-05
1.29897e-07
-0.000225215
7.60537e-07
1.16886e-07
6.82503e-07
-0.000756223
-1.06648e-05
-0.000228856
2.00254e-07
-5.76969e-07
-5.92309e-05
-5.42719e-08
-5.95839e-05
-2.0673e-07
-1.88774e-05
-1.91307e-05
-2.79579e-05
-0.000682566
-3.99168e-05
-0.000324487
-0.000107471
0.000248302
-0.000264025
0.00100505
-0.000528688
0.00192879
-0.000914708
0.00302198
-0.00142843
0.00430238
-0.00206905
0.00580239
-0.00282973
0.00756696
-0.00369751
0.00964507
-0.00465208
0.0120722
-0.00566502
0.0148463
-0.00670016
0.0178933
-0.0077155
0.021086
-0.00867301
0.0242264
-0.00953894
0.0271256
-0.0102889
0.0295997
-0.010904
0.0315272
-0.0113669
0.0328445
-0.0116625
0.0335246
-0.0117663
0.0335922
-0.0116611
0.0330761
-0.0113269
0.0320179
-0.0107678
0.0304451
-0.00998372
0.0284078
-0.00901643
0.0259539
-0.00787661
0.0231548
-0.00662649
0.0201305
0.0107496
0.000906938
0.00082582
-0.00261132
0.00297764
0.00031124
0.000235218
-0.00105837
0.00124038
1.04659e-05
9.77598e-06
9.70613e-06
1.0141e-05
-9.00981e-05
9.95994e-05
-8.09864e-05
7.15983e-05
-0.00518134
0.00337337
-1.88777e-05
-1.87494e-05
-5.91032e-05
2.78701e-07
-5.91467e-05
1.55168e-07
-0.000228704
8.08258e-07
-2.64744e-07
-1.29237e-05
-0.000741975
-2.92459e-05
-0.000236543
-2.86796e-07
-2.44076e-06
-5.89446e-05
-9.58731e-09
-5.93417e-05
-1.84449e-07
-1.88057e-05
-1.90128e-05
-2.28457e-05
-0.00070004
-2.02025e-05
-0.000412224
-8.09278e-05
6.49719e-05
-0.000227867
0.000704134
-0.000479792
0.00149375
-0.000846489
0.00243989
-0.00133177
0.00356496
-0.00193329
0.00490579
-0.00264427
0.00651353
-0.00345415
0.00844694
-0.00434633
0.0107534
-0.00529826
0.0134443
-0.00627948
0.0164572
-0.00725634
0.0196692
-0.00819803
0.0228855
-0.00906736
0.0259039
-0.00984956
0.0285453
-0.0105231
0.0306835
-0.0110671
0.0322489
-0.0114565
0.0332143
-0.0116608
0.0335911
-0.0116538
0.0334022
-0.0114229
0.0326725
-0.0109419
0.031403
-0.0102311
0.0296225
-0.00928117
0.0273588
-0.00818786
0.0247167
-0.00688847
0.000694089
0.000923984
-0.00332003
0.00363648
0.000590948
0.000483626
-0.00145261
0.00172307
2.62966e-05
1.49646e-05
1.09069e-05
1.22734e-05
-0.000129321
0.00013992
-0.000119496
0.000109355
-1.87346e-05
-1.85816e-05
-5.87933e-05
2.59299e-07
-5.91486e-05
8.56638e-08
-0.000238879
-2.64565e-06
-7.90289e-06
-2.53159e-05
-0.00072372
-1.58192e-05
-0.000240198
-1.18154e-05
-1.61076e-05
-5.92872e-05
-1.51844e-07
-6.10336e-05
-6.84302e-07
-1.85934e-05
-1.87783e-05
-1.32253e-06
-0.000718831
-1.28585e-06
-0.000491891
-6.06201e-05
-0.000102443
-0.000203785
0.000427916
-0.00044748
0.00109455
-0.000799125
0.00190707
-0.00125848
0.00288996
-0.00182169
0.00408301
-0.00248229
0.00554153
-0.00323105
0.00733153
-0.00405591
0.00951083
-0.00493914
0.0121038
-0.00585804
0.0150588
-0.00678512
0.0182562
-0.00769341
0.0215115
-0.00856046
0.0246149
-0.00936632
0.0273887
-0.0100886
0.029705
-0.010706
0.0314982
-0.0111866
0.0327398
-0.0114958
0.0334331
-0.0116007
0.0335802
-0.0114629
0.0331936
-0.0110719
0.0322439
-0.0104026
0.0307442
-0.00954209
0.0287135
-0.00841178
-0.00406405
0.000314147
0.000496454
-0.00202209
0.00226243
0.000171434
0.00017959
5.9766e-05
0.000125071
-0.000178183
0.000204644
-0.000163159
0.000150886
-1.85198e-05
-1.84366e-05
-6.23963e-05
-1.26562e-06
-6.61596e-05
-4.13504e-06
-0.000240345
-1.54904e-05
-9.71232e-06
-3.75438e-06
-0.000719943
-1.46312e-06
-0.000246349
-6.56903e-06
-3.20772e-06
-6.88392e-05
-9.11684e-06
-7.21285e-05
-1.28159e-05
-1.85896e-05
-1.9271e-05
1.51802e-05
-0.000735796
1.1713e-05
-0.000564608
-4.96935e-05
-0.00025665
-0.000193565
0.000173962
-0.000433632
0.000728946
-0.000773199
0.00142162
-0.00120854
0.00227665
-0.00173394
0.00333449
-0.00234287
0.00465312
-0.00302859
0.00630396
-0.00378245
0.00835398
-0.00459179
0.0108374
-0.00543987
0.0137134
-0.00630791
0.0168706
-0.00717644
0.0201275
-0.00802842
0.0232771
-0.00884571
0.0261457
-0.00960897
0.0286076
-0.0102902
0.0306015
-0.0108555
0.0320993
-0.011266
0.0330979
-0.0114683
0.0335851
-0.0114288
0.0335504
-0.011103
0.0329447
-0.0105653
0.0317678
-0.00966844
-0.00258983
-2.40351e-05
5.68996e-06
0.000123253
4.5756e-05
-0.000464136
0.0005697
6.60225e-05
-0.000389591
0.000105288
0.000264519
-2.05338e-05
-2.46618e-05
-7.60294e-05
-1.15718e-05
-7.92355e-05
-6.5196e-06
-0.000248567
-1.3092e-06
-2.14597e-07
4.52374e-06
-0.000711624
2.14038e-06
-0.000249987
-9.32706e-08
4.53151e-09
-8.23273e-05
-3.47323e-06
-8.36693e-05
-1.87658e-06
-3.37759e-05
-3.76984e-05
-8.87893e-06
2.42373e-05
-0.000748502
1.73762e-05
-0.00063193
-4.95416e-05
-0.000400913
-0.000198334
-6.15422e-05
-0.000438202
0.000393757
-0.000767056
0.000979949
-0.00117918
0.00172167
-0.00166642
0.0026578
-0.00222306
0.00384743
-0.00284402
0.0053654
-0.00352391
0.00728584
-0.00425514
0.00965232
-0.00502792
0.0124331
-0.00582987
0.015524
-0.00665027
0.0187495
-0.00747748
0.0219089
-0.00829709
0.0248336
-0.00909035
0.0274076
-0.00982723
0.0295731
-0.0104699
0.0313031
-0.0109677
0.0325976
-0.0112718
0.0334287
-0.0113262
0.0337741
-0.011155
0.0335347
-0.0105378
-0.00071815
-3.39603e-05
-0.00069645
-1.60506e-05
0.000659695
3.32166e-05
8.9827e-06
-0.000105288
0.000171333
-4.43257e-05
-4.93823e-06
-4.88364e-05
-2.00261e-06
-8.45249e-05
-4.34926e-07
-8.47452e-05
-2.47974e-09
-0.000247301
1.02029e-06
7.49736e-07
6.74851e-06
-0.000697131
2.80805e-06
-0.000246355
8.32899e-07
3.65862e-07
-8.48546e-05
1.8516e-08
-8.48216e-05
-4.72452e-08
-5.15497e-05
-7.79525e-07
-5.30173e-05
-4.09469e-07
-8.87753e-06
2.71821e-05
-0.000758686
1.50455e-05
-0.000696705
-6.0418e-05
-0.00053884
-0.000217104
-0.000282678
-0.0004579
8.44595e-05
-0.000777144
0.000577722
-0.00116464
0.00121971
-0.00161301
0.00204755
-0.00211628
0.00311937
-0.0026719
0.00451297
-0.00327727
0.0063076
-0.00392884
0.00855292
-0.00462283
0.0112259
-0.00535452
0.0142281
-0.00612077
0.0173923
-0.00691606
0.0205273
-0.00773075
0.0234738
-0.00854438
0.0261247
-0.00932693
0.0284301
-0.0100405
0.0303759
-0.0106257
0.0319514
-0.0110235
0.0331261
-0.0112131
0.0338326
-0.0109393
-0.000197455
-0.000213519
0.000204536
-1.38138e-05
-1.58203e-05
-5.34749e-05
1.47912e-08
-5.35332e-05
5.58506e-08
-8.43448e-05
5.2999e-07
-8.41051e-05
4.92778e-07
-0.000241822
1.37284e-06
8.18816e-07
7.01536e-06
-0.000679821
2.59559e-06
-0.000240388
9.9372e-07
3.46087e-07
-8.36548e-05
3.65388e-07
-8.34672e-05
1.68979e-07
-5.35765e-05
4.41072e-08
-5.36262e-05
-9.89991e-09
-1.66027e-05
-1.70144e-05
2.5269e-05
-0.000769382
5.01579e-06
-0.000762599
-8.18162e-05
-0.000674403
-0.000247342
-0.00049341
-0.000488894
-0.000203959
-0.000796331
0.000209232
-0.00115804
0.000764467
-0.00156556
0.00149651
-0.00201519
0.00246236
-0.0025056
0.00374089
-0.00303682
0.00541504
-0.0036092
0.00753871
-0.00422398
0.0100943
-0.00488456
0.0129903
-0.00559453
0.0160697
-0.00635335
0.0191496
-0.0071545
0.0220839
-0.00797948
0.0247772
-0.0087993
0.0271889
-0.00956635
0.0293167
-0.0102323
0.0311607
-0.0107496
0.0326631
-0.0108162
-1.70004e-05
-1.6949e-05
-5.32989e-05
1.87378e-07
-5.29683e-05
1.44213e-07
-8.2708e-05
6.13582e-07
-8.24186e-05
5.14634e-07
-0.000235447
1.35082e-06
6.93669e-07
6.35295e-06
-0.000663055
2.02357e-06
-0.000234071
9.43211e-07
2.79022e-07
-8.18374e-05
4.15435e-07
-8.16949e-05
1.90271e-07
-5.273e-05
1.05895e-07
-5.26121e-05
3.9719e-08
-1.69093e-05
-1.6924e-05
1.93538e-05
-0.000783892
-1.17312e-05
-0.00083266
-0.000111441
-0.000810223
-0.000285351
-0.000696968
-0.00052501
-0.000475408
-0.000817019
-0.000132001
-0.00115008
0.000348714
-0.00151558
0.00099651
-0.00191145
0.00186764
-0.00233794
0.0030414
-0.00279706
0.00460197
-0.00329262
0.0066058
-0.00383123
0.0090398
-0.00442209
0.0118176
-0.00507499
0.0147912
-0.00579574
0.0177907
-0.00657886
0.0206832
-0.00741139
0.0233894
-0.00825174
0.0258744
-0.00907369
0.0281583
-0.00980659
0.0302179
-0.0101872
-1.67417e-05
-1.66041e-05
-5.21979e-05
1.87328e-07
-5.18282e-05
1.44568e-07
-8.08971e-05
5.64351e-07
-8.06658e-05
4.59079e-07
-0.00022944
1.18996e-06
5.47477e-07
5.06918e-06
-0.000650198
1.10664e-06
-0.000228434
8.19914e-07
1.93508e-07
-8.01155e-05
4.02372e-07
-8.00288e-05
1.9467e-07
-5.15398e-05
1.11251e-07
-5.13984e-05
5.39503e-08
-1.65033e-05
-1.64672e-05
9.60668e-06
-0.000805962
-3.45727e-05
-0.000910161
-0.000147195
-0.000948663
-0.000326745
-0.000895364
-0.000559728
-0.000732847
-0.000831526
-0.000450802
-0.00113193
-3.54043e-05
-0.00145526
0.000539693
-0.00179785
0.001327
-0.00216246
0.00240586
-0.00255302
0.00386031
-0.00297694
0.00574841
-0.00344495
0.00805909
-0.00397119
0.0107112
-0.00457064
0.0135653
-0.00525226
0.0164642
-0.00601705
0.019289
-0.00683631
0.021974
-0.00770841
0.0245092
-0.00854922
0.0269011
-0.00915581
-1.6281e-05
-1.61404e-05
-5.10066e-05
1.69871e-07
-5.06779e-05
1.35812e-07
-7.93105e-05
4.82494e-07
-7.91478e-05
3.90953e-07
-0.000224658
9.39034e-07
3.588e-07
3.29945e-06
-0.00064383
-2.11974e-07
-0.000224288
6.09468e-07
7.65333e-08
-7.86879e-05
3.64058e-07
-7.86711e-05
1.80065e-07
-5.03987e-05
1.15151e-07
-5.02695e-05
6.53085e-08
-1.60298e-05
-1.59767e-05
-2.88732e-06
-0.000837518
-6.10013e-05
-0.000996045
-0.000185073
-0.00109015
-0.000365973
-0.00108914
-0.000586559
-0.000978021
-0.000832905
-0.000750196
-0.00109754
-0.000393454
-0.00137698
0.00011866
-0.00166902
0.000832632
-0.00197453
0.00182475
-0.00230216
0.00318216
-0.00266042
0.0049616
-0.00306459
0.00715226
-0.00353327
0.00967452
-0.00408492
0.0123982
-0.00473154
0.0151787
-0.00546667
0.0179194
-0.00629499
0.0205606
-0.00713827
0.0230984
-0.00787189
-1.5806e-05
-1.56726e-05
-4.9938e-05
1.47705e-07
-4.96696e-05
1.20441e-07
-7.8107e-05
3.70498e-07
-7.80344e-05
3.03382e-07
-0.000221797
6.27254e-07
1.27508e-07
1.0055e-06
-0.000646182
-1.90058e-06
-0.000222287
3.68687e-07
-1.15775e-07
-7.77266e-05
2.90632e-07
-7.77907e-05
1.3972e-07
-4.94218e-05
1.10881e-07
-4.93236e-05
6.95424e-08
-1.55594e-05
-1.54961e-05
-1.80429e-05
-0.000881415
-9.00754e-05
-0.0010918
-0.000221892
-0.0012345
-0.000398011
-0.00127783
-0.000599871
-0.00121125
-0.000816168
-0.00103174
-0.00104259
-0.000727962
-0.00127813
-0.000273123
-0.00152174
0.000376863
-0.00177434
0.0012925
-0.00204466
0.00256246
-0.0023461
0.00424033
-0.00269647
0.00631306
-0.0031168
0.00870473
-0.00362796
0.0112943
-0.00424075
0.0139529
-0.00496358
0.0165881
-0.00573487
0.0191574
-0.00650788
-1.535e-05
-1.52322e-05
-4.90758e-05
1.20439e-07
-4.88855e-05
9.9327e-08
-7.74295e-05
2.3513e-07
-7.74996e-05
1.80749e-07
-0.000221296
2.40451e-07
-2.08517e-07
-1.68915e-06
-0.000658692
-3.80077e-06
-0.00022285
-8.11513e-09
-3.96583e-07
-7.73566e-05
2.02158e-07
-7.75488e-05
6.42574e-08
-4.8693e-05
9.82897e-08
-4.86419e-05
6.54395e-08
-1.51256e-05
-1.50594e-05
-3.40872e-05
-0.000936926
-0.000117843
-0.00119531
-0.000252625
-0.00137969
-0.000417519
-0.00146024
-0.000595285
-0.00143216
-0.000778538
-0.00129601
-0.000966567
-0.00104134
-0.00115987
-0.000639212
-0.00135872
-4.37411e-05
-0.00156397
0.000808178
-0.00178416
0.00199792
-0.00203869
0.00358094
-0.00234533
0.00554213
-0.0027264
0.0078047
-0.0032039
0.0102581
-0.00379558
0.0127851
-0.00445729
0.0153106
-0.00520585
-1.49436e-05
-1.48457e-05
-4.85075e-05
8.1204e-08
-4.84208e-05
6.76225e-08
-7.7392e-05
7.70397e-08
-7.76147e-05
2.74464e-08
-0.000223707
-2.42552e-07
-5.68933e-07
-4.6515e-06
-0.000682635
-5.81819e-06
-0.000226378
-4.07301e-07
-6.63198e-07
-7.76758e-05
5.89933e-08
-7.8008e-05
-5.32835e-08
-4.83131e-05
7.33926e-08
-4.83224e-05
5.36171e-08
-1.4753e-05
-1.46939e-05
-5.06741e-05
-0.00100518
-0.000143054
-0.0013057
-0.000273957
-0.00152345
-0.000421042
-0.00163427
-0.000570782
-0.00163993
-0.000720385
-0.00154324
-0.000871186
-0.00133174
-0.00102502
-0.000975232
-0.00118356
-0.000427466
-0.00134822
0.0003692
-0.00152922
0.00148687
-0.00174512
0.00297996
-0.00201842
0.00483291
-0.00237294
0.00697263
-0.00283168
0.00929404
-0.00337187
0.0116998
-0.004052
-1.4621e-05
-1.4561e-05
-4.82979e-05
4.13459e-08
-4.83105e-05
3.38072e-08
-7.81339e-05
-1.23222e-07
-7.85364e-05
-1.47453e-07
-0.000229227
-7.48937e-07
-9.44196e-07
-7.64409e-06
-0.000717669
-7.90035e-06
-0.00023329
-8.76853e-07
-9.79057e-07
-7.88427e-05
-9.55845e-08
-7.93094e-05
-1.68486e-07
-4.8289e-05
4.60408e-08
-4.83802e-05
3.33322e-08
-1.4495e-05
-1.44475e-05
-6.52951e-05
-0.00108209
-0.000160692
-0.00141814
-0.000281625
-0.00166235
-0.000406582
-0.00179833
-0.000527142
-0.00183416
-0.000644681
-0.00177275
-0.000762881
-0.00159924
-0.000883294
-0.00128102
-0.00100647
-0.000772601
-0.0011376
-2.41142e-05
-0.00128725
0.00102835
-0.00147418
0.0024363
-0.00172652
0.0041882
-0.00206958
0.00621209
-0.00249478
0.00841755
-0.00308738
-1.44103e-05
-1.43762e-05
-4.8494e-05
-5.59712e-09
-4.86381e-05
-8.18844e-09
-7.9727e-05
-3.19753e-07
-8.02957e-05
-3.19894e-07
-0.000238391
-1.27087e-06
-1.3134e-06
-1.06279e-05
-0.000762747
-9.8793e-06
-0.000243681
-1.30608e-06
-1.2838e-06
-8.08874e-05
-2.80245e-07
-8.15386e-05
-3.16917e-07
-4.87327e-05
1.27277e-08
-4.89173e-05
9.90755e-09
-1.43314e-05
-1.42984e-05
-7.72467e-05
-0.00116656
-0.000169932
-0.00153022
-0.000274884
-0.00179386
-0.000375053
-0.00195116
-0.000467229
-0.00201378
-0.000556169
-0.00198174
-0.000645955
-0.0018371
-0.000738186
-0.00154888
-0.000834496
-0.00107599
-0.000940199
-0.000371569
-0.0010655
0.000620018
-0.00123655
0.00194723
-0.00148465
0.00360405
-0.0018161
0.00553382
-0.00231964
-1.43064e-05
-1.43129e-05
-4.91685e-05
-5.09025e-08
-4.94386e-05
-5.11482e-08
-8.23246e-05
-5.35185e-07
-8.3136e-05
-5.07842e-07
-0.000250695
-1.78523e-06
-1.72462e-06
-1.3239e-05
-0.000814914
-1.13843e-05
-0.000257173
-1.83008e-06
-1.67364e-06
-8.40258e-05
-4.5499e-07
-8.48444e-05
-4.65549e-07
-4.96625e-05
-2.62991e-08
-4.99806e-05
-2.46505e-08
-1.43023e-05
-1.42911e-05
-8.28263e-05
-0.00125205
-0.000166945
-0.00163689
-0.000253669
-0.00191581
-0.000329112
-0.00209118
-0.000395627
-0.00217626
-0.00046106
-0.002169
-0.000529966
-0.00204921
-0.000602405
-0.00178449
-0.000678487
-0.00133859
-0.000763586
-0.000672425
-0.000873435
0.000258775
-0.0010443
0.00150897
-0.00130363
0.00309299
-0.0017279
-1.43435e-05
-1.43874e-05
-5.04243e-05
-1.05326e-07
-5.08743e-05
-1.0158e-07
-8.59098e-05
-7.38084e-07
-8.68875e-05
-7.06254e-07
-0.000265948
-2.32135e-06
-2.0922e-06
-1.50195e-05
-0.000871122
-1.16472e-05
-0.000273022
-2.24969e-06
-1.91868e-06
-8.80325e-05
-6.78245e-07
-8.90084e-05
-6.72577e-07
-5.12672e-05
-7.29247e-08
-5.17097e-05
-6.26052e-08
-1.44169e-05
-1.44463e-05
-8.19481e-05
-0.00133858
-0.000155617
-0.00173743
-0.000221572
-0.00202563
-0.000272356
-0.00221601
-0.000317338
-0.00232147
-0.000365188
-0.0023347
-0.000418505
-0.00223174
-0.000476703
-0.00198376
-0.00053983
-0.00156057
-0.00061366
-0.000930218
-0.000720623
-6.19455e-05
-0.000914036
0.00112161
-0.00127354
-1.45649e-05
-1.46729e-05
-5.22986e-05
-1.56658e-07
-5.28666e-05
-1.52479e-07
-9.03779e-05
-9.72265e-07
-9.15263e-05
-9.0413e-07
-0.000282788
-2.704e-06
-2.30574e-06
-1.46032e-05
-0.000928708
-9.01814e-06
-0.000289999
-2.52908e-06
-1.99109e-06
-9.29054e-05
-8.59316e-07
-9.3958e-05
-8.08844e-07
-5.33822e-05
-1.25833e-07
-5.39463e-05
-1.1316e-07
-1.47581e-05
-1.48284e-05
-7.38959e-05
-0.00141862
-0.000134621
-0.00182385
-0.000178518
-0.0021204
-0.000208781
-0.00232589
-0.000237525
-0.00245011
-0.000273347
-0.00248095
-0.000317899
-0.00239277
-0.000368486
-0.00215673
-0.000424212
-0.00174897
-0.000495324
-0.00115263
-0.000621704
-0.000351741
-0.000907876
-1.49931e-05
-1.51384e-05
-5.46842e-05
-2.11797e-07
-5.53869e-05
-2.02621e-07
-9.55144e-05
-1.11469e-06
-9.67133e-05
-1.00996e-06
-0.000299758
-2.73281e-06
-2.0702e-06
-1.0622e-05
-0.000988383
-4.58842e-06
-0.000305054
-2.13379e-06
-1.35454e-06
-9.82387e-05
-9.70786e-07
-9.93193e-05
-8.73751e-07
-5.60309e-05
-1.69445e-07
-5.66827e-05
-1.47439e-07
-1.52625e-05
-1.537e-05
-6.70361e-05
-0.00149054
-0.000108704
-0.00189795
-0.000130389
-0.00220067
-0.000142922
-0.00242108
-0.000159877
-0.00256412
-0.000188072
-0.00261054
-0.00022691
-0.0025317
-0.000273417
-0.00230339
-0.000329575
-0.0019108
-0.000418216
-0.00135344
-0.000607424
-1.55823e-05
-1.57736e-05
-5.7505e-05
-2.43077e-07
-5.82641e-05
-2.27617e-07
-0.000100956
-1.13616e-06
-0.000101994
-9.96885e-07
-0.000315047
-1.63551e-06
1.31117e-06
-1.12458e-05
-0.00103746
-6.41261e-06
-0.000320025
4.27954e-07
-0.000103164
-9.76127e-07
-0.000103407
-1.05079e-06
-5.89716e-05
-1.88768e-07
-5.96915e-05
-1.59362e-07
-1.59387e-05
-1.60747e-05
-5.2919e-05
-0.00154426
-7.33336e-05
-0.00195325
-7.74003e-05
-0.00226622
-7.73308e-05
-0.00250435
-8.61747e-05
-0.00266627
-0.000109836
-0.00272765
-0.000147004
-0.00265837
-0.000195075
-0.00243681
-0.0002633
-0.0020637
-0.000388386
-1.63114e-05
-1.65169e-05
-6.05661e-05
-2.37498e-07
-6.13634e-05
-2.22432e-07
-0.000103159
-1.823e-06
-9.80993e-05
-3.64366e-06
-0.000329216
-2.15489e-06
-1.14956e-05
-0.00107586
-4.7407e-06
-0.000333283
-2.25724e-06
6.82274e-05
-0.000165302
3.71087e-08
-4.02387e-07
-6.20992e-05
-1.96283e-07
-6.291e-05
-2.34032e-07
-1.66994e-05
-1.68509e-05
-3.55635e-05
-0.00158657
-3.77919e-05
-0.00199663
-2.5222e-05
-0.00231951
-1.37412e-05
-0.00257681
-1.64667e-05
-0.00275954
-3.74471e-05
-0.00283622
-7.54335e-05
-0.00277505
-0.00013078
-0.00256645
-0.000217288
-1.70946e-05
-1.73068e-05
-6.42798e-05
-3.80827e-07
3.45564e-07
-0.000167186
-4.07035e-07
1.23031e-07
-0.00034151
-3.27587e-06
-8.86702e-06
-0.00110095
-1.1182e-06
-0.000344322
-2.3143e-06
-0.000169195
1.94277e-07
-4.12368e-07
1.80975e-05
-1.80049e-05
1.77245e-05
-1.75016e-05
-1.77174e-05
-1.243e-05
-0.00160887
2.85623e-06
-0.00202199
2.82173e-05
-0.00236086
4.78516e-05
-0.0026413
4.99173e-05
-0.00284671
2.95054e-05
-0.00293996
-1.14451e-05
-0.00289287
-7.37613e-05
-1.80701e-05
-1.84001e-05
-1.82839e-05
-0.000172232
-5.00991e-07
1.80705e-07
-0.000350745
-2.51032e-06
-5.05765e-06
-0.00111333
3.4631e-06
-0.000350828
-9.95931e-07
-0.000174304
2.3483e-07
-4.77875e-07
1.86963e-05
-1.84817e-05
9.81949e-06
-0.00162016
4.01299e-05
-0.00203731
7.87245e-05
-0.0023925
0.000107333
-0.00269852
0.000113158
-0.00292965
9.33154e-05
-0.0030437
5.15576e-05
-1.89981e-05
-1.88411e-05
-0.000176662
-5.08069e-07
2.64134e-07
-0.000354767
-9.6241e-07
-5.24902e-07
-0.00111043
8.25599e-06
-0.000352392
6.46872e-07
-0.000177504
3.42144e-07
-4.39568e-07
1.9319e-05
-1.90568e-05
3.51278e-05
-0.00161135
8.09114e-05
-0.00203617
0.000130063
-0.00241428
0.000165135
-0.0027501
0.000174635
-0.00301032
0.00015759
-1.95722e-05
-1.93377e-05
-0.000178447
-4.46037e-07
3.78353e-07
-0.000353849
8.07967e-07
3.99636e-06
-0.00109366
1.31264e-05
-0.000348199
2.5846e-06
-0.000177937
4.51719e-07
-3.82354e-07
1.97772e-05
-1.94083e-05
5.80194e-05
-0.00159214
0.000117599
-0.00202659
0.000178599
-0.00242813
0.000221657
-0.00279658
0.000235873
-1.98639e-05
-1.95156e-05
-0.00017748
-3.7133e-07
5.02564e-07
-0.000346733
2.68351e-06
8.7316e-06
-0.00106096
1.78156e-05
-0.00033836
4.3864e-06
-0.000175245
5.88329e-07
-2.94754e-07
1.98979e-05
-1.94289e-05
8.33534e-05
-0.00155424
0.000157547
-0.00200251
0.000228575
-0.00243387
0.000276769
-1.98276e-05
-1.93767e-05
-0.000172997
-2.80934e-07
6.19211e-07
-0.000334136
4.53545e-06
1.31122e-05
-0.00101317
2.25572e-05
-0.000322479
6.35292e-06
-0.000169107
6.83296e-07
-2.18503e-07
1.96715e-05
-1.9092e-05
0.000108457
-0.00150561
0.000197157
-0.00197099
0.000274888
-1.93964e-05
-1.88139e-05
-0.000165211
-2.01884e-07
7.28801e-07
-0.000315399
6.40987e-06
1.79341e-05
-0.000949801
2.8602e-05
-0.000301178
8.23645e-06
-0.000159416
8.00805e-07
-1.22298e-07
1.90324e-05
-1.83326e-05
0.000138607
-0.0014451
0.000233957
-1.85503e-05
-1.78579e-05
-0.000153652
-1.17636e-07
8.35702e-07
-0.000291418
8.49874e-06
2.56578e-05
-0.000873855
3.85091e-05
-0.000273382
1.08666e-05
-0.000146134
9.01733e-07
-5.06225e-08
1.79802e-05
-1.71507e-05
0.000164576
-1.72661e-05
-1.64449e-05
-0.000138522
-4.59141e-08
9.68608e-07
-0.000259194
1.21648e-05
3.47337e-05
4.62592e-05
-0.000235847
1.56514e-05
-0.000128625
1.08269e-06
3.62591e-08
1.64956e-05
-1.55349e-05
-1.55837e-05
-1.46371e-05
-0.000117519
1.0704e-07
1.22105e-06
-0.000218573
1.80232e-05
2.25862e-05
-0.000103349
1.49301e-06
3.20522e-07
1.46008e-05
-1.34778e-05
-1.33674e-05
-1.2137e-05
-8.77471e-05
8.10384e-07
1.94191e-06
2.27234e-06
1.39545e-06
1.18165e-05
-1.02624e-05
-9.38745e-06
-7.40895e-06
6.0135e-06
)
;

boundaryField
{
    inlet
    {
        type            calculated;
        value           nonuniform 0();
    }
    outlet
    {
        type            calculated;
        value           nonuniform List<scalar> 
55
(
0.00117592
0.00395368
0.00689474
0.00981789
0.0125077
0.0146924
0.0161221
0.0165945
0.0160326
0.0144895
0.0121463
0.00922746
0.00596232
0.0125052
0.0171715
0.0218379
0.0262402
0.0299703
0.0326373
0.0339364
0.0337096
0.0320343
0.0291866
0.0256172
0.0217344
0.0178554
0.0141568
0.0107353
0.00764995
0.00494249
0.00263931
0.000756822
-0.000651247
-0.00157162
-0.00223391
-0.00270942
-0.00301779
-0.00314947
-0.0030884
-0.00283727
-0.00243181
-0.00192943
-0.00137511
-0.000789675
0.00171699
0.000319935
0.000126561
0.000728092
0.0029224
0.00444425
-0.000194726
-6.87237e-05
-3.69812e-06
0.000541071
0.00016348
)
;
    }
    wall
    {
        type            calculated;
        value           uniform 0;
    }
    front
    {
        type            empty;
        value           nonuniform 0();
    }
    back
    {
        type            empty;
        value           nonuniform 0();
    }
    vanem
    {
        type            calculated;
        value           uniform 0;
    }
    vaneu
    {
        type            calculated;
        value           nonuniform 0();
    }
    vanel
    {
        type            calculated;
        value           uniform -0;
    }
    procBoundary1to0
    {
        type            processor;
        value           nonuniform List<scalar> 
57
(
-0.00133682
-0.00410892
-0.00691729
-0.00965827
-0.0121467
-0.0141658
-0.0155181
-0.0160088
-0.0155763
-0.0142445
-0.0121546
-0.00952197
-0.00657296
0.00123423
0.00174883
0.00202853
0.0020708
0.00185631
0.00135227
0.000516403
-0.000702815
-0.00235532
-0.00448472
-0.00711747
-0.0102336
-0.0137442
-0.0174644
-0.0211176
-0.0243917
-0.0269983
-0.0287802
-0.0296896
-0.0297375
-0.0289342
-0.0272437
-0.024659
-0.0212763
-0.0173393
-0.0132008
-0.00923808
-0.00577509
-0.00303575
-0.00114239
-0.00217699
-8.66242e-06
-0.000444953
2.34284e-05
-0.000185967
-2.24911e-06
0.000323769
2.76486e-07
-5.65807e-06
-0.00142494
-0.000259771
7.92121e-05
-7.58962e-05
-3.10029e-05
)
;
    }
}


// ************************************************************************* //
