/*--------------------------------*- C++ -*----------------------------------*\
| =========                 |                                                 |
| \\      /  F ield         | OpenFOAM: The Open Source CFD Toolbox           |
|  \\    /   O peration     | Version:  v1912                                 |
|   \\  /    A nd           | Website:  www.openfoam.com                      |
|    \\/     M anipulation  |                                                 |
\*---------------------------------------------------------------------------*/
FoamFile
{
    version     2.0;
    format      ascii;
    class       volScalarField;
    location    "460";
    object      p;
}
// * * * * * * * * * * * * * * * * * * * * * * * * * * * * * * * * * * * * * //

dimensions      [0 2 -2 0 0 0 0];


internalField   nonuniform List<scalar> 
3673
(
0.00150068
0.00174439
0.00135275
0.00198794
0.00158673
0.00121285
0.00220023
0.00182315
0.00144122
0.00108494
0.00238855
0.00203282
0.00166986
0.00130707
0.00097004
0.00254209
0.00222201
0.00187376
0.00153473
0.00118787
0.000859601
0.00264921
0.00237637
0.0020617
0.00173717
0.00140789
0.00107201
0.000759892
0.00269493
0.00248495
0.00221923
0.00191807
0.0016014
0.0012852
0.000967418
0.000668733
0.00267198
0.00253662
0.00233369
0.00207282
0.00178117
0.00147749
0.00117791
0.000873035
0.00058224
0.00258317
0.00252587
0.00239867
0.0021937
0.00193519
0.00165377
0.00136573
0.00107725
0.000779964
0.000507414
0.00243874
0.0024451
0.00240771
0.00226847
0.00205128
0.00180257
0.00153548
0.00125998
0.000982747
0.000701281
0.000436719
0.00225835
0.00229455
0.00235728
0.00229546
0.00212714
0.001917
0.00167993
0.00142739
0.00116304
0.000897712
0.000626449
0.000373709
0.00209372
0.00206574
0.00225455
0.00228017
0.00215937
0.00198625
0.00178705
0.00156439
0.00132256
0.00106948
0.000819972
0.000558423
0.00031104
0.00201898
0.00176803
0.00209612
0.00222904
0.00214709
0.00200646
0.00185012
0.00166558
0.0014579
0.00122857
0.000992441
0.000747334
0.000494582
0.000259641
0.0014973
0.00178388
0.00203843
0.00184128
0.00216077
0.00209544
0.00197993
0.00186366
0.00172378
0.00155868
0.00136017
0.001144
0.000911234
0.000678544
0.000438937
0.000213202
0.00150788
0.00119983
0.00166185
0.00179897
0.00191833
0.00204842
0.00207094
0.00200955
0.00190434
0.00182588
0.00173252
0.00161159
0.00145147
0.00126625
0.00105908
0.000841319
0.00061887
0.00038714
0.000174041
0.00190504
0.00166043
0.00121089
0.00112926
0.00170844
0.00162723
0.00177441
0.00186634
0.00197672
0.00173825
0.00190155
0.00178483
0.0017416
0.00169151
0.001615
0.00150013
0.00135497
0.00118079
0.000986325
0.000777462
0.000565045
0.000345083
0.000140216
0.0017351
0.00164697
0.00169855
0.00162389
0.000757163
0.000947996
0.00162818
0.00173645
0.00154999
0.00160095
0.00167289
0.00184187
0.0017868
0.00196416
0.0016982
0.00163522
0.00161826
0.00160672
0.00156937
0.00150097
0.00139993
0.00126635
0.00110224
0.00091635
0.000720856
0.000517904
0.000307275
0.000112498
0.00146865
0.00147128
0.00147898
0.00148041
0.00165061
0.00165083
0.001571
0.000109208
0.00125133
0.00235501
0.00184025
0.00162131
0.00163919
0.00153915
0.00161225
0.00180467
0.00172177
0.00189535
0.00166562
0.00146146
0.00148357
0.00148047
0.00145352
0.00139603
0.00130705
0.00118149
0.00102921
0.000855974
0.000663976
0.000477027
0.000276045
9.21919e-05
0.00129479
0.0012991
0.00132005
0.00133318
0.00137405
0.001368
0.00134939
0.00147484
0.00147577
0.00157677
0.00188023
-0.00120616
0.00268783
0.00208303
0.0014939
0.00150614
0.00153531
0.00177392
0.00184183
0.00133061
0.00135598
0.00136143
0.00134417
0.00130057
0.00121856
0.00110345
0.000959319
0.000793221
0.000623848
0.000441794
0.000252114
7.65283e-05
0.00116229
0.0011448
0.00117997
0.00118832
0.00124374
0.0012488
0.00125275
0.00129484
0.00129671
0.00130301
0.00132562
0.00142042
0.00137534
-0.00371988
0.00120488
0.00123325
0.0012525
0.00124857
0.00121004
0.00113693
0.00102968
0.000895039
0.000748456
0.000582333
0.000412812
0.000232593
6.92534e-05
0.00103532
0.00100985
0.00104767
0.00104211
0.00109885
0.00110255
0.00112369
0.00118356
0.00116591
0.00119379
0.00122744
0.0012569
0.00124916
0.00108497
0.00112926
0.00115606
0.00115713
0.00112566
0.00105889
0.000960765
0.000842083
0.000701952
0.000551831
0.000393226
0.00022311
6.37953e-05
0.000918896
0.000882574
0.000920827
0.000910149
0.000964599
0.000955719
0.0009825
0.00104429
0.00101809
0.00104977
0.00109564
0.00114494
0.00112488
0.00098226
0.00103004
0.00106261
0.00107156
0.00104448
0.000984158
0.000898286
0.000790513
0.000666969
0.000525536
0.000377617
0.000215816
7.09079e-05
0.000816489
0.000764716
0.000807586
0.000785613
0.000835004
0.000822123
0.000847802
0.000906126
0.000878746
0.000903729
0.000950355
0.00100323
0.000977543
0.000879569
0.000938819
0.000978324
0.000986727
0.000965709
0.000914224
0.000838581
0.00074573
0.00063215
0.000505573
0.000367737
0.000215534
8.01976e-05
0.000715812
0.000662837
0.000701308
0.00067255
0.000718654
0.000698441
0.000723472
0.000776796
0.000750868
0.000770187
0.000810939
0.000861801
0.000840329
0.000790503
0.000854448
0.000894548
0.000910873
0.000891589
0.00084722
0.000785794
0.000707391
0.000612009
0.000494786
0.000364132
0.000225271
9.93019e-05
0.000626819
0.000564767
0.000601437
0.000569441
0.000611147
0.000585668
0.00061311
0.000659806
0.000633338
0.000647212
0.000686065
0.000731712
0.000712686
0.000704704
0.000772016
0.00081907
0.000830902
0.0008157
0.00078504
0.000741895
0.000680361
0.000594607
0.000488488
0.000369794
0.000239335
0.000114266
0.000541373
0.00047568
0.000512034
0.000473266
0.000512959
0.000484668
0.000507835
0.00055126
0.000526422
0.000532227
0.000577412
0.000613389
0.000595791
0.00062579
0.000695501
0.00073764
0.000750508
0.000743199
0.000728456
0.000705211
0.000659508
0.000585857
0.000486959
0.000378112
0.000249036
0.000141707
0.000462263
0.000391616
0.000428768
0.000385743
0.000422837
0.000391184
0.000410128
0.000450161
0.000434926
0.000432344
0.000472114
0.000507393
0.000487267
0.000549947
0.000620228
0.000661669
0.000669469
0.000673882
0.000681336
0.000679056
0.000646981
0.000578405
0.000491727
0.000388447
0.000276369
0.000173435
0.000388485
0.000312472
0.000352237
0.000304056
0.000339773
0.000305948
0.000322732
0.000359349
0.000345073
0.000344367
0.000369664
0.00040849
0.000395272
0.000480603
0.000547801
0.000572741
0.000586044
0.000612231
0.000648976
0.000662768
0.000636462
0.000580423
0.000497506
0.000412384
0.000302992
0.000211622
0.000321009
0.000235037
0.000283764
0.000228579
0.000262779
0.000226227
0.000242212
0.00027467
0.000263834
0.000260025
0.00028273
0.000316519
0.0003057
0.000409622
0.000461248
0.000479084
0.000506055
0.000568277
0.000631881
0.000652169
0.000630622
0.000580844
0.000515876
0.000430968
0.000340255
0.000256815
0.000250987
0.000163237
0.000216706
0.000154964
0.00019077
0.000152946
0.000169317
0.000198844
0.000186076
0.000180439
0.000202788
0.000231773
0.000225006
0.00033609
0.000369538
0.000378008
0.000442928
0.000550175
0.000622486
0.000642173
0.000626276
0.000586976
0.000529641
0.000465006
0.000379267
0.000305585
0.000188304
9.43995e-05
0.000151006
8.40087e-05
0.000125138
8.1958e-05
9.46106e-05
0.000125717
0.000118355
0.000108096
0.000130972
0.000157243
0.000146494
0.00025682
0.000248611
0.000283577
0.000421024
0.000548511
0.00061375
0.000631504
0.000621978
0.000595898
0.000553956
0.000499312
0.000426449
0.00036694
0.000120857
2.22933e-05
8.69543e-05
1.65426e-05
5.96976e-05
1.41254e-05
2.83358e-05
5.76045e-05
5.19912e-05
3.70773e-05
5.09321e-05
8.1964e-05
8.91222e-05
0.000143467
0.000117058
0.000246291
0.000432879
0.000550734
0.000596421
0.000614271
0.000621081
0.000610425
0.000585584
0.000543963
0.000482762
0.000436639
4.4096e-05
-5.45922e-05
2.38419e-05
-4.92991e-05
-6.58962e-06
-5.36415e-05
-3.3713e-05
-4.10435e-06
-1.66049e-05
-2.91164e-05
-1.42238e-05
1.39685e-05
2.25952e-05
-7.25287e-06
2.57199e-05
0.000280544
0.000463164
0.000530485
0.000566629
0.000600009
0.000621622
0.000632185
0.000620599
0.000595369
0.000547365
0.000516697
-5.70564e-05
-0.000140137
-3.49079e-05
-0.000125408
-7.36007e-05
-0.000120562
-9.87028e-05
-6.96865e-05
-8.08381e-05
-9.63256e-05
-7.3555e-05
-4.54263e-05
-4.74779e-05
-0.00021943
8.09685e-05
0.000362983
0.000445095
0.0004862
0.000536452
0.00058634
0.000630876
0.000657719
0.000666431
0.000650886
0.000624563
0.000607496
-0.000365161
-0.000232602
-9.80364e-05
-0.000199176
-0.000138889
-0.000195098
-0.000165651
-0.000133898
-0.000149684
-0.000160599
-0.000138619
-0.000111518
-0.000108778
-0.00021329
0.000263777
0.000349836
0.000380572
0.000438073
0.000507412
0.000578984
0.000640898
0.00068871
0.000710682
0.000729118
0.000709831
0.000710678
-0.00058502
-0.000555985
-0.000207411
-0.000256848
-0.000210115
-0.000278895
-0.000237127
-0.000198589
-0.000226467
-0.000230993
-0.000203139
-0.000176135
-0.000176715
0.00016926
0.000258053
0.000260484
0.000314959
0.000393211
0.000481592
0.000572365
0.000656332
0.000724862
0.000780079
0.000801745
0.000809627
0.000827165
4.15447e-05
-0.00045055
-0.000894261
-0.000285782
-0.000187649
-0.000381062
-0.000305982
-0.000276724
-0.000318349
-0.000312431
-0.00027741
-0.00024637
-0.000247658
0.000168873
0.000123757
0.000174379
0.000254601
0.000349648
0.000457648
0.000570648
0.000679759
0.000775371
0.0008427
0.000901095
0.000916699
0.000951169
3.24617e-05
-0.000115956
-9.94926e-05
-0.000554888
-0.00151199
-9.62797e-05
-0.000175068
-0.000300412
-0.0003776
-0.000418861
-0.000365909
-0.000321782
-0.00034368
-2.0655e-05
2.21923e-05
0.000103956
0.000198302
0.000309539
0.000434855
0.000571327
0.000707177
0.000827175
0.000931044
0.000994164
0.00104023
0.00110127
-0.000162692
-0.000212526
-0.000242295
-0.000258691
-8.85432e-05
-0.000145487
0.000473092
0.000284654
-0.00236467
-0.000233494
-0.000372899
-0.000403048
-0.00043774
-0.000132663
-4.63937e-05
4.11051e-05
0.000143052
0.000265804
0.000414255
0.000576612
0.000741917
0.00089349
0.0010165
0.00111696
0.00118149
0.00126433
-0.000270253
-0.000291505
-0.000301113
-0.000328773
-0.000335738
-0.00037014
-0.000409509
-0.000251962
-0.000290181
-6.60233e-06
-0.00459006
-0.000195464
-0.000113377
-2.70246e-05
8.32833e-05
0.000225111
0.000396532
0.000588596
0.000785224
0.000969795
0.00112142
0.00124978
0.00133714
0.00144225
-0.000335034
-0.000365785
-0.00036322
-0.000376777
-0.00035576
-0.000374788
-0.000389478
-0.000397211
-0.00037723
-0.00026001
-0.000186478
-9.51335e-05
2.68156e-05
0.000184471
0.000379712
0.000603451
0.00083571
0.00105012
0.00124412
0.00139458
0.00151079
0.0016452
-0.000401149
-0.000435843
-0.000426254
-0.000445832
-0.000417029
-0.000420296
-0.000423124
-0.000392595
-0.000396358
-0.000331818
-0.000259446
-0.000165268
-3.56361e-05
0.000141122
0.000366081
0.000625099
0.000892949
0.00115155
0.00137458
0.00156277
0.00170959
0.00186603
-0.000466821
-0.000506268
-0.00048782
-0.000513499
-0.000482617
-0.000498798
-0.000488974
-0.000447993
-0.000462706
-0.000407686
-0.000336717
-0.000239815
-0.000100616
9.91284e-05
0.000356613
0.000652069
0.000963811
0.00126783
0.00152531
0.00175391
0.00192016
0.00210454
-0.000540554
-0.000574762
-0.000551774
-0.00057824
-0.000549575
-0.000565466
-0.000556832
-0.000518519
-0.000532002
-0.000482262
-0.000415528
-0.000319957
-0.000166831
5.84278e-05
0.000349238
0.000689858
0.00105109
0.00138933
0.00169951
0.00194777
0.00216536
0.00236658
-0.000612444
-0.000645704
-0.000621494
-0.000645007
-0.000611936
-0.000634783
-0.000617798
-0.000585929
-0.000599666
-0.000562992
-0.000506747
-0.000408336
-0.000235976
1.64933e-05
0.000348277
0.000734394
0.00113757
0.00152928
0.00187819
0.00218754
0.00243491
0.00269135
-0.000689419
-0.000720337
-0.000690025
-0.000714417
-0.000679483
-0.000697583
-0.000684779
-0.000650946
-0.000664321
-0.000655328
-0.000607431
-0.000501538
-0.000309069
-2.1869e-05
0.000350922
0.000785072
0.00124217
0.00169115
0.00209301
0.00245358
0.00275688
0.00304348
-0.000774321
-0.000792353
-0.000761976
-0.000785234
-0.000749095
-0.000766247
-0.000751133
-0.000710946
-0.000729281
-0.000759439
-0.00071645
-0.000595379
-0.000378635
-5.78236e-05
0.000358845
0.000847327
0.00136856
0.00186496
0.00234053
0.00273256
0.003295
0.00127124
-0.000873781
-0.000870909
-0.000834875
-0.000854238
-0.000819856
-0.000834657
-0.000821164
-0.000784658
-0.000799446
-0.000882016
-0.000834514
-0.000689588
-0.000449417
-9.50078e-05
0.000371681
0.000919991
0.00149647
0.00207992
0.00256057
0.00334181
0.00148258
-0.000998255
-0.000958547
-0.000915949
-0.000927505
-0.000891916
-0.000902806
-0.000889991
-0.000853729
-0.000868883
-0.00102257
-0.000940207
-0.000787657
-0.000527454
-0.000131669
0.000391469
0.000999099
0.00166027
0.00223996
0.00312778
0.0015423
-0.00113646
-0.00115918
-0.00101972
-0.000990225
-0.000960726
-0.000981426
-0.000961768
-0.000926516
-0.000943167
-0.00113536
-0.00104787
-0.000893645
-0.000606807
-0.000163447
0.000415128
0.00110436
0.00176098
0.00272766
0.00139806
-0.00127162
-0.00118135
-0.00146963
-0.000965005
-0.00098719
-0.00106197
-0.00103947
-0.00100016
-0.00102029
-0.00123413
-0.00117186
-0.00100978
-0.000686709
-0.000195542
0.000458711
0.00115367
0.00215829
0.00112731
-0.00136402
-0.00134829
-0.00126247
-0.00144548
-0.00160222
-0.00216819
-0.00377072
0.00134943
-0.00118207
-0.00114547
-0.00108336
-0.00111056
-0.0013635
-0.00131459
-0.0011314
-0.000769156
-0.000214572
0.000458611
0.0014429
0.000771479
-0.00148684
-0.001452
-0.00139584
-0.00138992
-0.00139277
-0.00137799
-0.00140353
-0.00142069
-0.0014053
-0.00100458
-0.000730007
-0.00151943
-0.00146674
-0.00125461
-0.000846262
-0.000258325
0.000629684
0.000360002
-0.00164104
-0.00158304
-0.00151114
-0.00148652
-0.00146534
-0.0014321
-0.00141317
-0.00141923
-0.00141429
-0.00141567
-0.00141509
-0.00147992
-0.00148762
-0.00132308
-0.00169059
-0.00162453
-0.00138252
-0.000926732
-0.000208061
-6.71264e-05
-0.0018176
-0.00173516
-0.00165171
-0.00162487
-0.00158684
-0.00155063
-0.00152216
-0.0015064
-0.00147814
-0.00145357
-0.00143298
-0.00143752
-0.0014329
-0.00144592
-0.00145494
-0.00187185
-0.00179247
-0.00149246
-0.000993403
-0.00047525
-0.00201031
-0.00190931
-0.00181194
-0.00177612
-0.00173196
-0.00169562
-0.00165277
-0.00163878
-0.00160652
-0.00156768
-0.00153886
-0.00151958
-0.0014875
-0.0014697
-0.00144496
-0.00207281
-0.00193025
-0.00166338
-0.000831063
-0.0022358
-0.00210159
-0.00199214
-0.00194305
-0.00189858
-0.00185478
-0.00180695
-0.00178671
-0.00174827
-0.00171107
-0.00166863
-0.00165022
-0.00161681
-0.00158188
-0.00155023
-0.00224911
-0.00218752
-0.00111284
-0.00246489
-0.00233361
-0.00220174
-0.0021316
-0.00208478
-0.00203422
-0.00198166
-0.00195128
-0.00191002
-0.00186427
-0.00182406
-0.00179541
-0.00175859
-0.00172009
-0.00168151
-0.00258178
-0.00131801
-0.00291476
-0.00255854
-0.00243038
-0.0023553
-0.00229945
-0.00223753
-0.00218158
-0.00213791
-0.00208858
-0.00204161
-0.0019961
-0.00195762
-0.00192119
-0.00186958
-0.00183264
-0.00145818
-0.00168245
-0.00303066
-0.00273547
-0.00259086
-0.00252799
-0.00247285
-0.00240941
-0.00235307
-0.00229808
-0.00224168
-0.00218903
-0.00213691
-0.00209452
-0.00204585
-0.00200157
-0.00159665
-0.00320624
-0.00299267
-0.00288178
-0.00275417
-0.00266352
-0.00259106
-0.00252727
-0.00246959
-0.00241137
-0.00234977
-0.00229684
-0.00224136
-0.00218834
-0.00137003
-0.0033137
-0.00336221
-0.00311267
-0.00296388
-0.00286153
-0.0027569
-0.00266822
-0.00257596
-0.00251786
-0.0024603
-0.002405
-0.00134304
-0.00363883
-0.00337688
-0.00307888
-0.00294633
-0.00283425
-0.0027354
-0.00264785
-0.00164886
-0.00394063
-0.00335658
-0.00306336
-0.0606793
-0.0607565
-0.0596559
-0.0610911
-0.0607299
-0.0598195
-0.0591339
-0.0617513
-0.0613002
-0.0605574
-0.0600121
-0.059273
-0.0585509
-0.0619249
-0.0623892
-0.0618012
-0.0602309
-0.0592739
-0.0594146
-0.0586739
-0.0579277
-0.0625504
-0.0630412
-0.062761
-0.0630757
-0.0605725
-0.0577653
-0.0580594
-0.0587893
-0.0580536
-0.0573469
-0.0632023
-0.0637619
-0.0653573
-0.0631164
-0.0643731
-0.0608935
-0.0581208
-0.0553466
-0.0568364
-0.0581858
-0.0575815
-0.0574596
-0.0567575
-0.0638798
-0.0644335
-0.0680208
-0.0657419
-0.0657033
-0.0634413
-0.0645513
-0.0611877
-0.0584327
-0.0557137
-0.0556464
-0.0530193
-0.0544704
-0.0569919
-0.0563804
-0.0568874
-0.0561562
-0.065049
-0.0707689
-0.0684232
-0.0683922
-0.0670318
-0.0660738
-0.0658446
-0.0651912
-0.063737
-0.0614643
-0.0587154
-0.0560272
-0.053373
-0.0557794
-0.055191
-0.0533414
-0.0507565
-0.0521504
-0.0546167
-0.0540132
-0.056279
-0.0555335
-0.0656858
-0.0736148
-0.0711855
-0.0711519
-0.0697582
-0.068769
-0.0685378
-0.0678684
-0.0672139
-0.0665269
-0.0663679
-0.0640186
-0.0617548
-0.0589853
-0.0563062
-0.0536829
-0.0511038
-0.0556587
-0.0550732
-0.0534338
-0.0528765
-0.0510325
-0.0485621
-0.049919
-0.0518352
-0.0545044
-0.0538939
-0.0549595
-0.0664086
-0.0765473
-0.0740357
-0.073992
-0.0725626
-0.071543
-0.0713059
-0.070618
-0.0699473
-0.0692405
-0.069074
-0.0683744
-0.0677231
-0.0670947
-0.0666508
-0.0643148
-0.0620894
-0.0592651
-0.0565703
-0.0539559
-0.0514047
-0.0488971
-0.0532496
-0.0524757
-0.0508062
-0.0488287
-0.0464268
-0.0477378
-0.049715
-0.0514937
-0.0520849
-0.0543792
-0.0537848
-0.0794932
-0.0769428
-0.0769263
-0.075435
-0.0743955
-0.0741556
-0.0734498
-0.07276
-0.0720322
-0.0718565
-0.0711397
-0.0704703
-0.069827
-0.0691204
-0.0693642
-0.0669543
-0.0646601
-0.0625039
-0.0595886
-0.0568443
-0.0542143
-0.0516686
-0.0491864
-0.0467414
-0.0531772
-0.05261
-0.050928
-0.0503756
-0.0486208
-0.0466698
-0.0443398
-0.0456115
-0.0475355
-0.0492878
-0.0498407
-0.0825591
-0.0799067
-0.0798866
-0.0784172
-0.0773042
-0.0770666
-0.0763394
-0.0756321
-0.0748941
-0.074712
-0.0739907
-0.0733028
-0.0726406
-0.0719124
-0.0721558
-0.0696723
-0.0673098
-0.0650898
-0.0630261
-0.0599906
-0.0571571
-0.0544822
-0.0519193
-0.0494425
-0.0470234
-0.04464
-0.0487209
-0.0481827
-0.046447
-0.0445981
-0.042303
-0.0435409
-0.0453988
-0.0471182
-0.0476586
-0.0855147
-0.0830293
-0.0830095
-0.0814433
-0.0802891
-0.0799672
-0.0792385
-0.0787108
-0.0777941
-0.0776307
-0.0768749
-0.0761838
-0.0755186
-0.0747807
-0.0750144
-0.0724711
-0.0700345
-0.0677523
-0.0656305
-0.0636639
-0.0604957
-0.0575456
-0.0547893
-0.0521801
-0.0496869
-0.0472779
-0.044918
-0.0426064
-0.0465541
-0.0460145
-0.0444784
-0.0425337
-0.0403041
-0.0415201
-0.0433626
-0.0449083
-0.0454678
-0.086194
-0.0862078
-0.0845537
-0.0876354
-0.0881661
-0.0834108
-0.0831697
-0.0824129
-0.0816781
-0.0808392
-0.0806298
-0.0785419
-0.0776145
-0.0779424
-0.0753367
-0.0728412
-0.0704891
-0.0683077
-0.0662878
-0.0644048
-0.0611123
-0.0580329
-0.0551682
-0.052482
-0.0499423
-0.047519
-0.0451719
-0.0428801
-0.040619
-0.0443583
-0.0441778
-0.0423178
-0.0405352
-0.038365
-0.0395564
-0.0413179
-0.0428813
-0.0433787
-0.089471
-0.0866255
-0.0878665
-0.0864028
-0.0856067
-0.0848267
-0.083996
-0.0897935
-0.0896428
-0.0837403
-0.080953
-0.0782738
-0.0757176
-0.0733052
-0.0710599
-0.0689826
-0.0670485
-0.0652203
-0.0618314
-0.0586308
-0.0556419
-0.0528489
-0.0502352
-0.0477673
-0.0454092
-0.0431283
-0.040892
-0.0386774
-0.0442276
-0.042407
-0.041909
-0.0403408
-0.0385976
-0.036484
-0.0376444
-0.039371
-0.0409359
-0.0414362
-0.0427751
-0.0431974
-0.0899372
-0.0869524
-0.0888914
-0.0889307
-0.0880851
-0.0872409
-0.0915923
-0.0898265
-0.0913539
-0.0840678
-0.0812979
-0.0786701
-0.076194
-0.07389
-0.0717527
-0.0697635
-0.067883
-0.0660761
-0.0626256
-0.0593297
-0.0562214
-0.0533092
-0.0505924
-0.0480522
-0.045653
-0.043361
-0.0411349
-0.0389476
-0.036789
-0.0422935
-0.0418092
-0.0404415
-0.0399499
-0.0384134
-0.0367106
-0.034654
-0.0357808
-0.0374657
-0.0389899
-0.0394787
-0.0408294
-0.0413256
-0.0902706
-0.0872884
-0.0897176
-0.0888665
-0.0907333
-0.091604
-0.0844258
-0.0817087
-0.0791651
-0.0767964
-0.0746008
-0.0725534
-0.0706175
-0.0687579
-0.0669393
-0.0634619
-0.0601025
-0.0568975
-0.0538719
-0.0510395
-0.0483991
-0.0459308
-0.0435993
-0.0413636
-0.0391863
-0.0370538
-0.0349505
-0.0403288
-0.0398438
-0.0385037
-0.0380257
-0.0365302
-0.0348708
-0.0328734
-0.0339621
-0.0356046
-0.03709
-0.0375646
-0.0388806
-0.0393642
-0.0906145
-0.0876533
-0.0905914
-0.0895874
-0.0914569
-0.0848473
-0.0822233
-0.0797864
-0.0775273
-0.0754206
-0.073428
-0.071511
-0.0696385
-0.0677862
-0.0643077
-0.060918
-0.0576469
-0.0545292
-0.0515841
-0.0488299
-0.0462647
-0.0438657
-0.0415951
-0.0394099
-0.0372871
-0.0352086
-0.0331572
-0.0383908
-0.0379187
-0.0366149
-0.0361501
-0.034691
-0.0330744
-0.0311343
-0.0321848
-0.0337861
-0.0352368
-0.0356991
-0.0369808
-0.0374514
-0.0909884
-0.0880865
-0.0904444
-0.0912926
-0.0853757
-0.0828652
-0.0805376
-0.0783662
-0.0763137
-0.0743393
-0.0724085
-0.0705011
-0.0686052
-0.0651391
-0.0617436
-0.0584392
-0.0552554
-0.0522183
-0.0493552
-0.0466804
-0.0441881
-0.0418534
-0.0396364
-0.037505
-0.0354353
-0.0334068
-0.0314013
-0.0365031
-0.0360435
-0.0347727
-0.0343215
-0.0328924
-0.0313172
-0.0294342
-0.03046
-0.0320043
-0.0334302
-0.0338788
-0.035129
-0.0355884
-0.0914298
-0.0886293
-0.0860365
-0.0836371
-0.0813984
-0.0792784
-0.0772431
-0.0752525
-0.073286
-0.0713329
-0.0693824
-0.0659436
-0.0625564
-0.0592428
-0.0560239
-0.0529222
-0.0499687
-0.0471868
-0.0445886
-0.0421656
-0.0398887
-0.0377263
-0.0356479
-0.0336288
-0.0316454
-0.0296919
-0.0346631
-0.0342174
-0.032976
-0.0325359
-0.0311332
-0.0296287
-0.0277656
-0.0287651
-0.0303153
-0.0316607
-0.032099
-0.0333236
-0.0337701
-0.0919819
-0.0893053
-0.0868282
-0.0845175
-0.0823302
-0.0802259
-0.0781727
-0.0761443
-0.074131
-0.0721222
-0.0701147
-0.0667082
-0.0633446
-0.0600355
-0.0568045
-0.0536678
-0.0506488
-0.0477782
-0.0450751
-0.0425489
-0.0401905
-0.0379706
-0.0358625
-0.0338357
-0.0318662
-0.0299324
-0.0280296
-0.0328702
-0.0324322
-0.0312042
-0.0307673
-0.0295045
-0.0279423
-0.0261348
-0.0271128
-0.0286006
-0.0299562
-0.0303462
-0.0315542
-0.0319945
-0.0926723
-0.0901138
-0.087728
-0.0854672
-0.0832941
-0.0811716
-0.0790789
-0.0770026
-0.0749322
-0.0728642
-0.0707937
-0.06743
-0.0640949
-0.0608048
-0.0575752
-0.0544251
-0.0513698
-0.0484336
-0.0456423
-0.0430156
-0.0405608
-0.0382616
-0.0360996
-0.0340462
-0.0320723
-0.0301521
-0.0282678
-0.0264046
-0.0310957
-0.0306388
-0.0296389
-0.0290831
-0.0277596
-0.0263085
-0.0245597
-0.0255006
-0.0269397
-0.0282376
-0.0286686
-0.0296776
-0.0301677
-0.0934989
-0.0910312
-0.0886954
-0.0864468
-0.0842536
-0.0820917
-0.0799502
-0.0778163
-0.0756858
-0.0735532
-0.0714134
-0.0681008
-0.0648033
-0.0615374
-0.0583236
-0.0551732
-0.0521032
-0.0491292
-0.0462731
-0.0435617
-0.0410094
-0.0386185
-0.036381
-0.0342782
-0.0322793
-0.0303566
-0.0284836
-0.0266428
-0.0248221
-0.0297118
-0.0288643
-0.0278374
-0.0274207
-0.0261369
-0.0247128
-0.0230535
-0.0239145
-0.0253338
-0.02662
-0.0270324
-0.0281313
-0.0285099
-0.0944336
-0.0920149
-0.0896895
-0.0874197
-0.0851858
-0.0829755
-0.0807762
-0.0785815
-0.0763858
-0.0741805
-0.0719703
-0.0687126
-0.065463
-0.0622291
-0.0590367
-0.0558999
-0.052828
-0.0498379
-0.0469437
-0.0441685
-0.0415319
-0.0390498
-0.0367255
-0.0345519
-0.0325043
-0.0305589
-0.0286846
-0.0268554
-0.0250568
-0.0232964
-0.0298549
-0.0287637
-0.0277395
-0.0273367
-0.0262198
-0.0258131
-0.0245361
-0.023141
-0.0215211
-0.0223364
-0.0237371
-0.0250199
-0.0254246
-0.0265363
-0.0269422
-0.0280426
-0.0284185
-0.0954329
-0.0930239
-0.0906745
-0.0883631
-0.0860803
-0.0838133
-0.0815537
-0.0792941
-0.0770248
-0.0747434
-0.0724651
-0.0692643
-0.066067
-0.0628728
-0.059709
-0.0565923
-0.0535325
-0.0505385
-0.0476269
-0.0448126
-0.0421132
-0.0395527
-0.0371396
-0.0348823
-0.032768
-0.0307792
-0.0288836
-0.0270538
-0.0252666
-0.023517
-0.0217969
-0.0276438
-0.0272482
-0.0261347
-0.0257322
-0.0246213
-0.0242238
-0.0229641
-0.0210469
-0.0200602
-0.0219598
-0.0234616
-0.023841
-0.0249366
-0.0253375
-0.0264429
-0.0268428
-0.0964546
-0.0940204
-0.0916281
-0.0892674
-0.0869278
-0.0846027
-0.0822786
-0.0799468
-0.0776017
-0.0752445
-0.0729028
-0.0697587
-0.0666119
-0.0634603
-0.0603335
-0.0572448
-0.0542035
-0.0512199
-0.048303
-0.0454696
-0.042732
-0.0401096
-0.03762
-0.0352782
-0.0330856
-0.0310314
-0.0290958
-0.0272481
-0.0254601
-0.0237202
-0.0220127
-0.0203251
-0.0260349
-0.0256401
-0.0245384
-0.02414
-0.0231255
-0.0229186
-0.021358
-0.0197277
-0.0206151
-0.0186362
-0.0220118
-0.0233454
-0.0237475
-0.0248423
-0.0252376
-0.0974607
-0.0949831
-0.0925407
-0.0901238
-0.0877261
-0.0853403
-0.0829453
-0.0805392
-0.0781188
-0.075691
-0.0732897
-0.0702026
-0.0671007
-0.0639906
-0.0609025
-0.0578502
-0.0548355
-0.0518686
-0.0489603
-0.0461198
-0.0433628
-0.0407014
-0.0381529
-0.0357372
-0.0334641
-0.0313342
-0.02934
-0.0274544
-0.0256498
-0.0239079
-0.0222098
-0.0205425
-0.0188917
-0.0244409
-0.0240508
-0.0229059
-0.0222043
-0.0214445
-0.0210657
-0.0199078
-0.0183328
-0.0191932
-0.0206991
-0.0203244
-0.0172475
-0.0221829
-0.0218147
-0.0232674
-0.0236557
-0.0984313
-0.0959033
-0.0934041
-0.0909304
-0.0884727
-0.0860201
-0.083553
-0.0810744
-0.078585
-0.0760911
-0.0736284
-0.0706037
-0.0675413
-0.0644655
-0.0614153
-0.0584012
-0.0554211
-0.0524788
-0.0495863
-0.0467526
-0.0439874
-0.0413053
-0.038719
-0.0362455
-0.0339015
-0.031695
-0.0296296
-0.0276885
-0.0258507
-0.0240927
-0.0223925
-0.0207366
-0.0191075
-0.0174878
-0.0228753
-0.0224633
-0.0199543
-0.0196032
-0.0184779
-0.0169896
-0.0177728
-0.0192601
-0.0188939
-0.0158931
-0.0993572
-0.0967729
-0.0942167
-0.0916846
-0.0891616
-0.0866401
-0.0841042
-0.0815603
-0.0790122
-0.0764577
-0.0739016
-0.0709664
-0.0679408
-0.0648895
-0.0618718
-0.0588946
-0.0559529
-0.0530442
-0.0501757
-0.0473553
-0.0445951
-0.0419037
-0.0392967
-0.0367849
-0.0343845
-0.03211
-0.0299707
-0.0279641
-0.0260761
-0.0242845
-0.0225711
-0.0209156
-0.0192978
-0.0177027
-0.0161191
-0.0185244
-0.0181853
-0.0170565
-0.0156701
-0.0164314
-0.0178489
-0.0174904
-0.0145493
-0.100231
-0.0975908
-0.0949762
-0.0923813
-0.0897924
-0.0872031
-0.0846069
-0.0820084
-0.079412
-0.0768054
-0.0741375
-0.0712967
-0.0682988
-0.0652679
-0.0622764
-0.0593345
-0.0564315
-0.0535589
-0.0507219
-0.0479221
-0.0451738
-0.042486
-0.039868
-0.0373345
-0.0348962
-0.0325672
-0.0303633
-0.0282882
-0.0263387
-0.0245008
-0.0227561
-0.0210869
-0.0194712
-0.0178921
-0.016331
-0.014784
-0.0171047
-0.0167355
-0.0158652
-0.0142721
-0.0150202
-0.0163633
-0.0159445
-0.0132374
-0.101052
-0.0983549
-0.0956771
-0.093018
-0.0903661
-0.0877152
-0.0850669
-0.0824238
-0.0797902
-0.0771514
-0.071607
-0.0737086
-0.0749425
-0.0686154
-0.0656021
-0.0626383
-0.0597286
-0.0568601
-0.0540217
-0.0512191
-0.0484477
-0.0457184
-0.0430405
-0.0404243
-0.0378784
-0.0354177
-0.0330518
-0.0307952
-0.0286579
-0.0266449
-0.0247502
-0.0229632
-0.0212664
-0.019638
-0.0180642
-0.0165197
-0.0149932
-0.0134754
-0.0160444
-0.0152898
-0.0143664
-0.0129609
-0.0137153
-0.0150235
-0.0147165
-0.0119561
-0.101818
-0.0990596
-0.0963189
-0.0935953
-0.090886
-0.0881816
-0.085486
-0.0827973
-0.0801213
-0.0765868
-0.0781122
-0.0688799
-0.071084
-0.072445
-0.073884
-0.0748734
-0.0658919
-0.0629637
-0.0600836
-0.057244
-0.0544365
-0.0516675
-0.0489264
-0.046224
-0.0435632
-0.0409536
-0.0384078
-0.0359336
-0.0335449
-0.0312512
-0.0290637
-0.0269933
-0.025039
-0.0231993
-0.0214613
-0.0198116
-0.0182287
-0.0166903
-0.0151802
-0.0136844
-0.0121952
-0.0162553
-0.0152058
-0.0144197
-0.0140918
-0.0130812
-0.0116875
-0.0124342
-0.0137845
-0.0134539
-0.0149483
-0.0146562
-0.0107034
-0.102525
-0.0997026
-0.0969032
-0.0941211
-0.0913583
-0.0886046
-0.0858568
-0.0831071
-0.0795318
-0.081065
-0.0768079
-0.0782222
-0.0661397
-0.0683416
-0.0696784
-0.0711444
-0.0725738
-0.0737766
-0.0745553
-0.0758467
-0.0743685
-0.0632529
-0.0604055
-0.0575922
-0.0548124
-0.0520709
-0.0493592
-0.0466862
-0.0440486
-0.0414527
-0.0389121
-0.0364357
-0.0340322
-0.0317145
-0.0294919
-0.0273727
-0.0253654
-0.0234716
-0.0216852
-0.0199982
-0.0183946
-0.01685
-0.0153483
-0.0138699
-0.0124048
-0.010944
-0.0143318
-0.0140111
-0.0131324
-0.0128095
-0.0118051
-0.0104366
-0.0111685
-0.0124947
-0.0121691
-0.0137076
-0.0133786
-0.00947412
-0.103172
-0.100288
-0.097434
-0.0946017
-0.0917875
-0.0889794
-0.086169
-0.0825258
-0.084082
-0.0796522
-0.081151
-0.0765868
-0.0772544
-0.0786281
-0.0778768
-0.0635036
-0.0656547
-0.0669657
-0.0684187
-0.0697631
-0.0708822
-0.071548
-0.0729668
-0.0722761
-0.0736618
-0.0744731
-0.0734944
-0.0606936
-0.0579089
-0.055154
-0.0524362
-0.0497519
-0.0471052
-0.0444923
-0.0419175
-0.0393882
-0.0369137
-0.0345062
-0.0321728
-0.0299262
-0.027772
-0.0257211
-0.0237765
-0.02194
-0.0202084
-0.0185696
-0.0170071
-0.0155034
-0.0140352
-0.0125889
-0.0111542
-0.00971979
-0.0130385
-0.0127212
-0.0118496
-0.0115338
-0.0105463
-0.00920398
-0.00992105
-0.0112229
-0.0109039
-0.0124142
-0.0120895
-0.00826555
-0.103759
-0.100822
-0.0979194
-0.0950403
-0.0921709
-0.0893017
-0.0855883
-0.0871678
-0.0826536
-0.0841841
-0.0793626
-0.0801196
-0.0815898
-0.0808337
-0.0609422
-0.0630369
-0.0643251
-0.0657471
-0.0670691
-0.0681641
-0.0688319
-0.0701693
-0.0695024
-0.0709198
-0.0715886
-0.0729684
-0.0722857
-0.0581917
-0.0554648
-0.0527702
-0.0501094
-0.047485
-0.0448967
-0.0423438
-0.0398313
-0.0373653
-0.0349571
-0.0326183
-0.0303543
-0.028177
-0.0260927
-0.0241052
-0.0222241
-0.0204451
-0.0187645
-0.0171729
-0.0156538
-0.0141863
-0.0127508
-0.0113369
-0.009933
-0.00851961
-0.0117562
-0.0114452
-0.0105882
-0.0102776
-0.00930495
-0.00798675
-0.0086891
-0.00997172
-0.00965729
-0.0111429
-0.0108239
-0.00707265
-0.104295
-0.101314
-0.0983658
-0.0954347
-0.0925055
-0.0887149
-0.0903231
-0.08572
-0.0872785
-0.082362
-0.0831287
-0.08463
-0.0838618
-0.0584359
-0.0604794
-0.0617448
-0.0631304
-0.0644271
-0.0654921
-0.0661528
-0.0674712
-0.0668068
-0.0682061
-0.068872
-0.0702155
-0.0695444
-0.0557429
-0.0530748
-0.0504364
-0.0478324
-0.0452651
-0.042733
-0.0402393
-0.0377873
-0.0353841
-0.0330422
-0.0307703
-0.0285753
-0.0264671
-0.0244487
-0.0225278
-0.0207052
-0.0189818
-0.0173543
-0.0158104
-0.0143291
-0.0128937
-0.0114924
-0.0101128
-0.00873682
-0.00733762
-0.0104963
-0.01019
-0.00934403
-0.00903889
-0.00807692
-0.00678012
-0.00746869
-0.00873591
-0.00842528
-0.00989204
-0.00957688
-0.00589265
-0.104791
-0.101767
-0.0987704
-0.0957824
-0.0919103
-0.0935506
-0.0888499
-0.0904403
-0.0854223
-0.0862024
-0.0877339
-0.0869509
-0.0559825
-0.0579781
-0.0592197
-0.0605712
-0.0618413
-0.0628775
-0.063526
-0.0648178
-0.064164
-0.0655315
-0.0661875
-0.067512
-0.0668479
-0.0533467
-0.0507348
-0.0481522
-0.0456036
-0.0430892
-0.0406138
-0.0381763
-0.0357838
-0.0334433
-0.0311661
-0.0289617
-0.0268346
-0.0247939
-0.0228425
-0.0209836
-0.0192206
-0.0175534
-0.0159738
-0.0144696
-0.0130259
-0.0116265
-0.0102608
-0.00891336
-0.00755893
-0.00616525
-0.00925256
-0.0089525
-0.00811323
-0.0078113
-0.00685573
-0.00558885
-0.00625457
-0.00751012
-0.00720246
-0.00865549
-0.0083436
-0.00472758
-0.105251
-0.102179
-0.0991325
-0.0951781
-0.0968524
-0.092049
-0.0936738
-0.0885461
-0.0893422
-0.0909067
-0.090107
-0.0535812
-0.0555315
-0.0567487
-0.0580682
-0.0593117
-0.0603224
-0.0609575
-0.0622212
-0.0615805
-0.062915
-0.0635575
-0.0648541
-0.0642026
-0.051001
-0.0484441
-0.0459145
-0.0434176
-0.0409581
-0.0385346
-0.0361551
-0.0338204
-0.0315412
-0.0293289
-0.0271911
-0.0251317
-0.0231578
-0.0212709
-0.019473
-0.0177685
-0.0161508
-0.0146162
-0.013152
-0.0117449
-0.0103831
-0.00905185
-0.0077314
-0.00638945
-0.00499248
-0.0080219
-0.0077236
-0.00688856
-0.00658917
-0.00563608
-0.00444827
-0.00503895
-0.00628921
-0.00598366
-0.00742772
-0.00711746
-0.00357703
-0.105679
-0.10256
-0.0985196
-0.100227
-0.095321
-0.0969815
-0.0917394
-0.0925529
-0.0941524
-0.0933349
-0.05123
-0.0531372
-0.0543303
-0.0556194
-0.056837
-0.057824
-0.0584457
-0.059682
-0.0590548
-0.0603586
-0.0609872
-0.062255
-0.0616175
-0.0487036
-0.0461987
-0.0437213
-0.0412765
-0.0388673
-0.0365
-0.0341716
-0.0318947
-0.0296774
-0.027529
-0.025458
-0.0234646
-0.0215562
-0.0197312
-0.0179937
-0.0163415
-0.014774
-0.0132813
-0.0118552
-0.0104829
-0.00915523
-0.00785503
-0.00655511
-0.00521256
-0.00381369
-0.00679553
-0.00649849
-0.00566629
-0.00536947
-0.00442424
-0.00333321
-0.0039083
-0.00506613
-0.00476327
-0.00620236
-0.0058932
-0.00242391
-0.106085
-0.101934
-0.103678
-0.0986668
-0.100361
-0.0950062
-0.0958381
-0.0974736
-0.0966377
-0.0489273
-0.0507934
-0.0519628
-0.0532231
-0.0544154
-0.05538
-0.0559885
-0.0571985
-0.0565846
-0.057859
-0.0584743
-0.0597143
-0.0590906
-0.0464528
-0.0439996
-0.041572
-0.0391777
-0.0368202
-0.0344997
-0.0322264
-0.0300068
-0.0278498
-0.0257663
-0.0237611
-0.0218332
-0.0199874
-0.0182241
-0.0165414
-0.0149415
-0.0134174
-0.0119645
-0.0105722
-0.00923419
-0.00793728
-0.0066604
-0.0053665
-0.00401091
-0.00260284
-0.00557167
-0.00527231
-0.00442923
-0.00412906
-0.00335867
-0.0021981
-0.00275883
-0.00383929
-0.00360535
-0.00497508
-0.00466304
-0.00129455
-0.10543
-0.107059
-0.102078
-0.103784
-0.0983487
-0.0991986
-0.100867
-0.100016
-0.0466715
-0.0484981
-0.0496444
-0.0508772
-0.052045
-0.0529882
-0.053584
-0.0547685
-0.0541674
-0.0554139
-0.0560161
-0.0572296
-0.0566192
-0.0442478
-0.0418436
-0.039466
-0.0371196
-0.0348084
-0.0325393
-0.0303182
-0.0281547
-0.0260584
-0.0240409
-0.0220998
-0.0202355
-0.0184512
-0.016744
-0.0151146
-0.0135602
-0.0120768
-0.0106579
-0.00929894
-0.00799068
-0.0067163
-0.0054495
-0.00414066
-0.00274331
-0.0013607
-0.00432593
-0.00399566
-0.00341087
-0.00300516
-0.00218893
-0.00117443
-0.00171531
-0.00272091
-0.00244375
-0.00365295
-0.00327656
-0.000342792
-0.105474
-0.108993
-0.10549
-0.107453
-0.101762
-0.102623
-0.10431
-0.103447
-0.0444612
-0.0462498
-0.0473737
-0.04858
-0.049724
-0.0506467
-0.0512302
-0.0523901
-0.0518015
-0.053021
-0.0536107
-0.0547986
-0.054201
-0.042086
-0.039731
-0.0373995
-0.0350995
-0.0328366
-0.0306149
-0.0284442
-0.0263372
-0.0243056
-0.0223511
-0.0204733
-0.0186702
-0.0169431
-0.0152906
-0.0137082
-0.0121961
-0.0107476
-0.00935893
-0.00802575
-0.0067355
-0.00547326
-0.00419235
-0.0028291
-0.00138963
-0.000397922
-0.00346684
-0.00274691
-0.00216988
-0.00192027
-0.0012365
-0.000280158
-0.000849931
-0.00168631
-0.00145402
-0.0025385
-0.00231257
-0.105195
-0.108204
-0.10619
-0.108578
-0.109559
-0.107936
-0.042295
-0.0440469
-0.045149
-0.0463297
-0.0474507
-0.0483537
-0.0489253
-0.0500615
-0.0494849
-0.0506785
-0.051256
-0.0524193
-0.0518341
-0.0399678
-0.0376582
-0.0353736
-0.0331194
-0.0308989
-0.0287232
-0.0266052
-0.0245589
-0.0225885
-0.020697
-0.0188799
-0.0171346
-0.0154629
-0.0138581
-0.0123202
-0.0108407
-0.00941947
-0.00805524
-0.00673683
-0.00545615
-0.00417598
-0.00284677
-0.00137462
-0.0004366
-0.00374287
-0.0026866
-0.00205662
-0.00181116
-0.0012118
-0.00101104
-0.000477914
-8.9877e-05
-0.000818863
-0.000651251
-0.00157764
-0.0013405
-0.00245145
-0.00221108
-0.107398
-0.108758
-0.109667
-0.107839
-0.0401715
-0.041888
-0.0429689
-0.044125
-0.0452237
-0.0461077
-0.0466677
-0.0477809
-0.047216
-0.0483846
-0.0489504
-0.0500898
-0.0495165
-0.03789
-0.0356267
-0.033386
-0.031173
-0.0289965
-0.0268666
-0.0248028
-0.0228163
-0.020908
-0.0190771
-0.017318
-0.0156277
-0.0140054
-0.012447
-0.010942
-0.00949335
-0.00809185
-0.00673675
-0.00542329
-0.00411875
-0.00280445
-0.00130403
-0.000466505
-0.00194728
-0.00169952
-0.00110649
-0.000900605
-0.00048825
-0.000374799
-0.000243672
-1.72258e-05
-0.000715562
-0.000545643
-0.00145516
-0.00121632
-0.108797
-0.109711
-0.0380896
-0.0397717
-0.0408321
-0.0419644
-0.0430415
-0.043907
-0.044456
-0.0455468
-0.0449932
-0.0461377
-0.046692
-0.0478084
-0.0472467
-0.0358528
-0.0336338
-0.0314346
-0.0292625
-0.0271249
-0.0250443
-0.0230367
-0.0211108
-0.0192633
-0.0174903
-0.0157863
-0.0141466
-0.0125699
-0.0110472
-0.00957373
-0.00814371
-0.0067503
-0.00539315
-0.00404629
-0.00272525
-0.00118347
-0.000488331
-0.000982159
-0.000777499
-0.000395815
-0.00029546
-0.00021554
9.30869e-06
-0.00058978
-0.000422534
-0.0360477
-0.0376968
-0.0387374
-0.0398466
-0.0409027
-0.0417504
-0.0422885
-0.0433578
-0.0428151
-0.0439361
-0.0444795
-0.0455735
-0.0450231
-0.0338551
-0.0316772
-0.0295179
-0.0273825
-0.0252876
-0.0232572
-0.0213096
-0.0194443
-0.0176544
-0.0159351
-0.0142819
-0.0126894
-0.0111521
-0.00966075
-0.00820607
-0.00677836
-0.00538211
-0.00398529
-0.00263718
-0.00103254
-0.000504817
-0.000278755
-0.000186988
-0.000127298
3.75387e-05
-0.0340449
-0.0356619
-0.0366834
-0.0377702
-0.038806
-0.0396364
-0.0401641
-0.0412124
-0.0406804
-0.0417786
-0.0423115
-0.0433838
-0.0428441
-0.031894
-0.0297573
-0.0276338
-0.0255335
-0.023483
-0.0215112
-0.0196234
-0.0178144
-0.0160772
-0.0144084
-0.0128037
-0.011254
-0.00975093
-0.00828045
-0.006833
-0.00540141
-0.00395532
-0.00257414
-0.000888548
-0.000526745
-0.0320796
-0.0336658
-0.0346689
-0.035734
-0.0367501
-0.0375639
-0.0380813
-0.0391094
-0.0385876
-0.039664
-0.0401864
-0.0412377
-0.0407086
-0.0299703
-0.0278706
-0.0257789
-0.0237167
-0.021719
-0.019807
-0.0179751
-0.0162176
-0.01453
-0.0129107
-0.0113504
-0.0098382
-0.00836022
-0.00689967
-0.00544959
-0.00396698
-0.00254943
-0.000786232
-0.000567366
-0.0301508
-0.031707
-0.0326928
-0.0337367
-0.0347338
-0.0355315
-0.036039
-0.0370474
-0.0365356
-0.0375907
-0.0381031
-0.039134
-0.0386151
-0.0280813
-0.026015
-0.0239523
-0.0219346
-0.0199994
-0.0181451
-0.0163626
-0.0146516
-0.0130123
-0.01144
-0.00992159
-0.00844053
-0.00697767
-0.00552107
-0.0040214
-0.00257887
-0.000753978
-0.000629249
-0.0282571
-0.0297841
-0.0307538
-0.031777
-0.0327558
-0.0335379
-0.0340359
-0.0350252
-0.0345231
-0.0355576
-0.0360602
-0.0370714
-0.0365624
-0.0262253
-0.0241846
-0.0221572
-0.0202012
-0.0183274
-0.0165193
-0.0147789
-0.0131136
-0.011524
-0.0099973
-0.00851587
-0.0070578
-0.00560652
-0.00411156
-0.00266011
-0.000807627
-0.000708281
-0.0263981
-0.0278955
-0.0288506
-0.0298533
-0.0308148
-0.0315818
-0.0320707
-0.0330415
-0.0325488
-0.0335634
-0.0340567
-0.0350486
-0.0345492
-0.0244004
-0.0223803
-0.0204096
-0.0185223
-0.0166932
-0.0149215
-0.013222
-0.0116075
-0.0100671
-0.00858238
-0.0071323
-0.00569391
-0.00421759
-0.00277247
-0.000938703
-0.000787896
-0.0245764
-0.0260391
-0.0269819
-0.027964
-0.0289092
-0.0296619
-0.0301421
-0.0310952
-0.0306113
-0.0316069
-0.032091
-0.0330645
-0.0325744
-0.0225971
-0.0206116
-0.0187231
-0.0168831
-0.0150839
-0.0133464
-0.0116967
-0.0101337
-0.00864229
-0.00719764
-0.00577548
-0.00432624
-0.00290178
-0.00112814
-0.000855523
-0.02279
-0.0242134
-0.0251468
-0.0261069
-0.0270373
-0.0277764
-0.0282486
-0.0291847
-0.0287092
-0.0296865
-0.0301619
-0.0311176
-0.0306364
-0.0208012
-0.0189154
-0.0170842
-0.0152657
-0.0134907
-0.0118008
-0.0102045
-0.00869638
-0.00725232
-0.00584654
-0.00442709
-0.0030332
-0.00134225
-0.000910325
-0.0209872
-0.0224244
-0.0233435
-0.0242792
-0.0251966
-0.0259234
-0.0263885
-0.0273085
-0.0268406
-0.0278009
-0.0282681
-0.0292066
-0.0287341
-0.0190859
-0.0172845
-0.0154573
-0.0136556
-0.0119254
-0.0102888
-0.00875225
-0.00729737
-0.0059031
-0.00451327
-0.00315501
-0.00154949
-0.000958713
-0.0192455
-0.0206248
-0.0215597
-0.0224929
-0.0233851
-0.0241009
-0.0245602
-0.0254652
-0.0250037
-0.0259482
-0.0264077
-0.0273301
-0.0268654
-0.0174726
-0.0156496
-0.0138319
-0.0120716
-0.010394
-0.00881869
-0.00734069
-0.00594613
-0.00458083
-0.00326037
-0.00172885
-0.00101586
-0.0176486
-0.0189563
-0.0197405
-0.0207005
-0.0216333
-0.0223069
-0.0227661
-0.0236532
-0.0231951
-0.0241268
-0.02458
-0.025486
-0.0250294
-0.0158303
-0.0140113
-0.0122339
-0.0105236
-0.00890501
-0.00739216
-0.00598189
-0.00463025
-0.00334432
-0.00187497
-0.00109497
-0.0159853
-0.0173238
-0.0181414
-0.0190391
-0.0197778
-0.0205045
-0.0210008
-0.0218833
-0.0214323
-0.0223331
-0.0227823
-0.0236739
-0.023223
-0.0141816
-0.012405
-0.0106743
-0.00901636
-0.00746016
-0.00601847
-0.00466503
-0.00340484
-0.00198924
-0.00119617
-0.0143298
-0.015665
-0.0164724
-0.0173605
-0.0182095
-0.0188842
-0.0192708
-0.0199329
-0.0196768
-0.0207124
-0.0210487
-0.0218908
-0.0214598
-0.0125715
-0.0108377
-0.00915092
-0.00755127
-0.0060655
-0.00469271
-0.0034433
-0.00207654
-0.00130484
-0.0127223
-0.0140349
-0.0148306
-0.0157083
-0.0165266
-0.0171988
-0.0176007
-0.0184346
-0.0180337
-0.0189097
-0.0193765
-0.0199196
-0.0198796
-0.0110012
-0.00930313
-0.007667
-0.00613235
-0.00472419
-0.00346456
-0.00214215
-0.00139422
-0.011151
-0.0124374
-0.0132231
-0.0140869
-0.014892
-0.0155507
-0.0159539
-0.0167702
-0.0163661
-0.0172178
-0.0176299
-0.0184685
-0.0180487
-0.0189033
-0.019318
-0.0194258
-0.019734
-0.00946026
-0.00780249
-0.00622332
-0.00476799
-0.00347448
-0.00218795
-0.00143706
-0.00960715
-0.0108692
-0.0116447
-0.0124919
-0.013285
-0.0139289
-0.0143292
-0.0151341
-0.0147313
-0.0155721
-0.0159802
-0.0168003
-0.0163894
-0.0172391
-0.01765
-0.0184827
-0.018068
-0.00794795
-0.00633696
-0.0048293
-0.00348291
-0.00221602
-0.00141896
-0.00808959
-0.00932873
-0.0100934
-0.0109244
-0.0117049
-0.0123352
-0.0127301
-0.013522
-0.0131241
-0.0139509
-0.0143533
-0.0151616
-0.0147554
-0.0155938
-0.0159997
-0.0168217
-0.0164116
-0.00646569
-0.00491223
-0.00350269
-0.00223036
-0.0013454
-0.00659806
-0.00781514
-0.00856888
-0.00938467
-0.010152
-0.0107706
-0.0111588
-0.0119373
-0.0115452
-0.0123572
-0.0127526
-0.0135474
-0.0131469
-0.0139718
-0.0143714
-0.0151817
-0.0147772
-0.00501577
-0.00354307
-0.00223787
-0.00123703
-0.00513233
-0.006327
-0.00707079
-0.00787205
-0.00862653
-0.00923387
-0.00961579
-0.0103803
-0.00999454
-0.0107917
-0.0111809
-0.0119612
-0.0115682
-0.0123775
-0.0127701
-0.0135667
-0.0131687
-0.00360925
-0.00224958
-0.0011213
-0.00369864
-0.00486169
-0.00559779
-0.00638562
-0.00712779
-0.00772502
-0.00810047
-0.00885133
-0.0084721
-0.00925524
-0.00963724
-0.0104041
-0.010018
-0.0108122
-0.011198
-0.0119797
-0.0115888
-0.00227732
-0.00102326
-0.0023232
-0.00341458
-0.00414777
-0.00492307
-0.00565439
-0.00624347
-0.00661283
-0.00735017
-0.00697727
-0.00774695
-0.00812213
-0.00887479
-0.0084956
-0.00927527
-0.0096541
-0.0104215
-0.0100378
-0.000958077
-0.000932027
-0.00199419
-0.00271954
-0.00347828
-0.00420312
-0.00478757
-0.00515213
-0.0058765
-0.00550923
-0.00626686
-0.00663519
-0.00737382
-0.00700151
-0.00776717
-0.00813877
-0.00889245
-0.00851588
-0.000540136
-0.00134249
-0.00204406
-0.00276494
-0.0033507
-0.00371449
-0.00442882
-0.00406495
-0.00481454
-0.00517644
-0.00590118
-0.00553564
-0.00628808
-0.00665255
-0.00739177
-0.0070223
-0.000560325
-0.00135373
-0.00190503
-0.00228166
-0.00299869
-0.00263069
-0.00338547
-0.00374325
-0.00445623
-0.00409643
-0.00483867
-0.00519593
-0.00592033
-0.00555815
-0.000338097
-0.000812507
-0.0015522
-0.00116797
-0.0019517
-0.00231791
-0.00303184
-0.00267234
-0.00341715
-0.00376837
-0.00447878
-0.00412361
-0.00035118
-0.000833076
-0.00158651
-0.00120789
-0.0019998
-0.00235641
-0.00306313
-0.00271103
-0.000364809
-0.000859026
-0.00163311
-0.00125483
)
;

boundaryField
{
    inlet
    {
        type            zeroGradient;
    }
    outlet
    {
        type            fixedValue;
        value           uniform 0;
    }
    wall
    {
        type            zeroGradient;
    }
    front
    {
        type            empty;
    }
    back
    {
        type            empty;
    }
    vanem
    {
        type            zeroGradient;
    }
    vaneu
    {
        type            zeroGradient;
    }
    vanel
    {
        type            zeroGradient;
    }
    procBoundary3to2
    {
        type            processor;
        value           nonuniform List<scalar> 
57
(
-0.109662
-0.109662
-0.109262
-0.108825
-0.108356
-0.107856
-0.107316
-0.106727
-0.106082
-0.105374
-0.104606
-0.103783
-0.102906
-0.101976
-0.101
-0.0999849
-0.0989532
-0.0979394
-0.09699
-0.0961469
-0.0954395
-0.0948718
-0.09442
-0.0940381
-0.0936817
-0.0933175
-0.0929137
-0.0929137
-0.0933828
0.0021155
0.00230599
0.00230599
0.00241394
0.00253156
0.00266354
0.00278579
0.00286374
0.00288307
0.00283908
0.00273566
0.00257963
0.00238585
0.00216809
0.00192174
0.0016717
-0.110832
-0.110537
-0.110462
-0.0931041
-0.0924564
-0.0923178
0.001903
0.00224962
-0.110611
-0.092172
0.00197956
0.00193603
)
;
    }
}


// ************************************************************************* //
