/*--------------------------------*- C++ -*----------------------------------*\
| =========                 |                                                 |
| \\      /  F ield         | OpenFOAM: The Open Source CFD Toolbox           |
|  \\    /   O peration     | Version:  v1912                                 |
|   \\  /    A nd           | Website:  www.openfoam.com                      |
|    \\/     M anipulation  |                                                 |
\*---------------------------------------------------------------------------*/
FoamFile
{
    version     2.0;
    format      ascii;
    class       surfaceScalarField;
    location    "260";
    object      phi;
}
// * * * * * * * * * * * * * * * * * * * * * * * * * * * * * * * * * * * * * //

dimensions      [0 3 -1 0 0 0 0];
oriented        oriented;


internalField   nonuniform List<scalar> 
7191
(
-1.95732e-06
0.00132158
-9.08299e-06
0.00396809
-2.10922e-06
0.00132369
-2.41709e-05
0.00657421
-9.46702e-06
0.00397545
-2.11248e-06
0.0013258
-4.47849e-05
0.00905307
-2.40365e-05
0.00658878
-9.46936e-06
0.00398281
-1.9935e-06
0.00132779
-7.5e-05
0.0112929
-4.80481e-05
0.00907708
-2.35567e-05
0.00660287
-9.3428e-06
0.00399016
-2.03544e-06
0.00132983
-0.000115682
0.0131568
-7.9025e-05
0.0113239
-4.53386e-05
0.00909887
-2.41703e-05
0.0066177
-9.7259e-06
0.00399785
-1.71917e-06
0.00133155
-0.000162013
0.0145173
-0.000119343
0.0131971
-7.89142e-05
0.0113574
-4.63201e-05
0.00912102
-2.17504e-05
0.00662972
-8.08419e-06
0.00400421
-1.59531e-06
0.00133314
-0.00020639
0.0152614
-0.000164929
0.0145629
-0.000117689
0.0132359
-7.32359e-05
0.0113843
-4.13958e-05
0.00914066
-1.95536e-05
0.00664119
-7.26476e-06
0.00400988
-1.49163e-06
0.00133464
-0.000249388
0.0153229
-0.000215224
0.0153117
-0.000162269
0.0146075
-0.000112394
0.0132751
-7.06355e-05
0.0114136
-3.77555e-05
0.00915886
-1.8216e-05
0.00665214
-6.6421e-06
0.00401503
-1.16583e-06
0.0013358
-0.000279739
0.0146623
-0.000258307
0.015366
-0.000211333
0.0153608
-0.00015577
0.0146509
-0.000100885
0.0133053
-6.16701e-05
0.0114375
-3.35259e-05
0.00917417
-1.55238e-05
0.00666103
-4.57232e-06
0.00401844
-1.17978e-06
0.00133698
-0.000292436
0.0133176
-0.000300621
0.0147046
-0.000258236
0.0154129
-0.000197685
0.0154027
-0.000136929
0.0146869
-9.19988e-05
0.0133356
-5.42521e-05
0.0114582
-2.99115e-05
0.00918856
-1.41704e-05
0.00667062
-5.19832e-06
0.00402246
-8.47247e-07
0.00133783
-0.000285718
0.0113735
-0.00033174
0.0133487
-0.000297417
0.0147438
-0.000237202
0.0154524
-0.000174238
0.01544
-0.000122457
0.0147174
-7.83949e-05
0.0133598
-4.74959e-05
0.0114758
-2.56411e-05
0.00920003
-1.08923e-05
0.00667632
-4.57725e-06
0.00402619
-7.52745e-07
0.00133858
-0.000245889
0.00896233
-0.000352188
0.0113939
-0.000326903
0.0133782
-0.000263615
0.0147702
-0.000200939
0.0154791
-0.000148333
0.0154659
-0.00010232
0.0147413
-6.5719e-05
0.013378
-3.94404e-05
0.0114896
-2.14323e-05
0.00921057
-1.13728e-05
0.00668311
-4.17149e-06
0.00402961
-7.88886e-07
0.00133937
0.0062366
-0.000110067
-5.03303e-05
-0.000357252
0.00896739
-0.000343575
0.0114106
-0.000276998
0.0133915
-0.000216561
0.0147858
-0.000166513
0.0154973
-0.000119497
0.0154831
-8.41161e-05
0.0147597
-5.79107e-05
0.0133965
-3.63072e-05
0.0115045
-2.06307e-05
0.00921983
-1.02412e-05
0.00668918
-4.01026e-06
0.00403283
-7.73556e-07
0.00134014
0.00622232
-0.000201012
-0.000141963
-0.00211671
0.00207025
-6.36049e-05
-3.2672e-05
-0.00213437
-0.00034943
0.00897325
-0.000268987
0.0114026
-0.000210787
0.0133858
-0.000166857
0.0147861
-0.000129405
0.0155072
-0.000101099
0.0155001
-7.35262e-05
0.0147753
-4.77316e-05
0.0134079
-3.02368e-05
0.0115141
-1.74117e-05
0.009227
-8.68762e-06
0.00669386
-3.88767e-06
0.00403594
-8.41388e-07
0.00134099
0.00620838
-0.000139936
-0.000195555
-0.00203957
0.0020124
-0.000173838
-0.000111287
-0.0013954
0.0013522
-1.55009e-05
-4.90345e-06
-9.1162e-07
-0.00142052
-6.6471e-06
-2.00831e-05
-0.000228131
0.00893239
-0.000183614
0.0113754
-0.000153941
0.0133729
-0.000128573
0.0147853
-0.000105107
0.0155112
-8.05666e-05
0.0155071
-5.74035e-05
0.014785
-4.22881e-05
0.01342
-2.76938e-05
0.0115244
-1.87945e-05
0.00923711
-1.02218e-05
0.00670019
-3.43139e-06
0.00403853
-1.08328e-06
0.00134207
0.00612229
-4.18749e-05
-0.000100164
-0.00198837
0.00195766
-0.00010922
-0.000171527
-0.00129754
0.00126354
-8.68888e-05
-5.29519e-05
-1.69755e-05
-3.96469e-05
-0.000438469
0.000428456
-5.48735e-06
-0.000440733
-2.64008e-06
0.000445624
-0.000445768
-7.67574e-07
-3.60393e-06
-6.042e-08
-1.75588e-06
-0.00012512
0.0088739
-0.000116998
0.0113385
-0.00010741
0.0133517
-9.59263e-05
0.0147761
-7.9934e-05
0.0155106
-6.375e-05
0.0155134
-5.20254e-05
0.0147947
-3.83743e-05
0.0134306
-2.70727e-05
0.0115327
-1.71481e-05
0.00924403
-1.07583e-05
0.00670752
-4.98716e-06
0.00404243
-1.14389e-06
0.00134321
0.0060419
-8.22777e-06
-3.65044e-05
-0.00191192
0.00189434
-2.43001e-05
-5.44244e-05
-0.00123548
0.00118366
-1.70045e-05
-4.03968e-05
-7.99486e-05
-6.35224e-05
-0.000379494
0.000352505
-5.98996e-05
-0.000399272
-3.31739e-05
0.000420663
-9.18312e-06
-1.82554e-05
-0.000257277
0.000252552
-7.6144e-07
-0.000259504
-4.13281e-07
-0.00044831
-1.06173e-06
0.000260985
-0.00026169
-6.21407e-08
-1.87736e-08
-2.755e-07
-6.70076e-05
0.00882391
-7.46049e-05
0.0113057
-7.6059e-05
0.0133318
-7.23374e-05
0.0147685
-6.48244e-05
0.0155117
-5.78654e-05
0.0155193
-4.67072e-05
0.0148031
-3.66865e-05
0.0134402
-2.91151e-05
0.0115446
-2.05307e-05
0.00925381
-1.0601e-05
0.00671313
-5.30984e-06
0.0040466
-1.21077e-06
0.00134442
0.00599082
-6.2036e-07
-1.53056e-05
-0.00187037
0.00186758
-5.43026e-06
-1.25368e-05
-0.0011422
0.00112122
-1.75173e-07
-3.13588e-06
-1.03948e-05
-2.56965e-06
-0.000289154
0.000278459
-6.30902e-06
-0.000310893
-1.86587e-05
0.000330936
-5.838e-05
-4.34789e-05
-0.000207162
0.000168539
-2.12772e-05
-0.000230615
-9.72088e-06
0.000245092
-1.72365e-06
-3.77819e-06
-7.48967e-05
7.41352e-05
-7.531e-05
-0.000262638
-1.13855e-07
7.55855e-05
-7.56476e-05
-4.4875e-08
-3.72144e-05
0.00878652
-4.88574e-05
0.0112785
-5.41552e-05
0.0133136
-5.45126e-05
0.0147582
-5.40127e-05
0.0155078
-4.88989e-05
0.0155215
-4.3065e-05
0.0148094
-3.79309e-05
0.0134491
-2.94835e-05
0.0115536
-2.03305e-05
0.00926353
-1.36135e-05
0.00672144
-6.15475e-06
0.00405154
-1.53419e-06
0.00134596
0.00596052
9.59927e-07
-7.87641e-06
-0.0018558
0.00185618
-1.00139e-06
-3.53195e-06
-0.00110966
0.00110432
5.49917e-07
-6.37521e-07
-1.20036e-06
2.17047e-07
-0.000265681
0.000265599
-9.2754e-08
-0.000268442
-3.74702e-07
0.000270341
-2.27677e-06
-6.70908e-07
-8.56572e-05
7.93481e-05
-0.000104316
0.000147795
-3.76354e-05
-5.89125e-05
3.76354e-05
-6.86334e-05
7.24116e-05
-7.57615e-05
-2.19826e-05
0.00875965
-3.34036e-05
0.0112577
-4.04958e-05
0.0132996
-4.65909e-05
0.0147508
-4.74947e-05
0.0155064
-4.6594e-05
0.015525
-4.57925e-05
0.0148173
-4.0562e-05
0.0134601
-3.2539e-05
0.0115658
-2.50716e-05
0.00927499
-1.51021e-05
0.00673039
-6.921e-06
0.00405693
-1.57211e-06
0.00134753
0.00594188
1.65448e-06
-4.98952e-06
-0.00184972
0.0018513
-6.23497e-07
-1.41224e-06
-0.0011009
0.00109981
4.03367e-07
-3.22559e-07
-3.33834e-07
2.24612e-07
-0.000264069
0.00026456
5.94125e-08
-0.000264763
5.65902e-08
0.000264571
-1.72943e-07
2.47241e-08
-7.60258e-05
7.5933e-05
-7.64005e-05
7.70714e-05
-1.39814e-05
0.00874022
-2.48338e-05
0.011242
-3.19038e-05
0.0132849
-3.76571e-05
0.014741
-4.42958e-05
0.0155041
-4.75699e-05
0.0155268
-4.9198e-05
0.0148259
-4.52633e-05
0.0134729
-3.93044e-05
0.01158
-2.84903e-05
0.00928838
-1.69885e-05
0.00674045
-7.76614e-06
0.00406313
-1.93467e-06
0.00134946
0.00593006
9.69312e-07
-3.13856e-06
-0.00184697
0.00184865
-2.77817e-08
-6.53629e-07
-0.00109844
0.00109771
2.63788e-07
-1.61056e-07
-1.88006e-07
1.52017e-07
-0.000264078
0.000264448
3.31003e-08
-0.000264481
8.06315e-08
0.000264312
-8.62031e-08
5.56954e-08
-7.58414e-05
7.59008e-05
-7.57848e-05
7.57601e-05
-1.01249e-05
0.00872551
-1.71882e-05
0.0112273
-2.73528e-05
0.0132746
-3.54146e-05
0.0147321
-4.36474e-05
0.0155002
-5.3284e-05
0.0155309
-5.56222e-05
0.0148363
-5.41282e-05
0.0134877
-4.51418e-05
0.0115967
-3.39615e-05
0.00930535
-2.04026e-05
0.00675309
-9.33168e-06
0.00407052
-2.03484e-06
0.0013515
0.00592105
7.44055e-07
-1.8556e-06
-0.00184605
0.0018468
2.26612e-07
-5.42427e-07
-0.00109716
0.00109698
2.53097e-07
-9.53453e-08
-1.51694e-07
4.72315e-08
-0.000264221
0.000264474
1.07341e-08
-0.000264448
6.57507e-08
0.000264329
-6.84249e-08
3.2723e-08
-7.59509e-05
7.5984e-05
-7.58703e-05
7.58146e-05
-7.03299e-06
0.00871536
-1.42203e-05
0.0112142
-2.48804e-05
0.0132641
-3.62145e-05
0.0147246
-4.90687e-05
0.015496
-5.89548e-05
0.0155342
-6.57144e-05
0.0148479
-6.33854e-05
0.0135059
-5.32976e-05
0.011616
-3.58418e-05
0.00932079
-2.07336e-05
0.00676449
-8.87288e-06
0.00407736
-1.84669e-06
0.00135335
0.00591432
1.16567e-06
-1.4737e-06
-0.00184533
0.00184589
1.82665e-07
-3.86773e-07
-0.00109649
0.00109666
1.64487e-07
-1.07778e-07
-8.75621e-08
3.49587e-08
-0.000264266
0.000264511
8.38281e-09
-0.000264432
7.10587e-08
0.000264402
-7.94366e-08
1.68694e-08
-7.6014e-05
7.60248e-05
-7.59483e-05
7.59156e-05
-5.89151e-06
0.00870703
-1.29448e-05
0.0112023
-2.3891e-05
0.0132518
-4.19788e-05
0.0147176
-6.074e-05
0.0154978
-7.54852e-05
0.015544
-7.93719e-05
0.0148639
-7.30514e-05
0.0135257
-5.86052e-05
0.0116388
-4.10525e-05
0.00934111
-2.28786e-05
0.0067785
-8.7787e-06
0.00408429
-1.91634e-06
0.00135526
0.00590863
9.75422e-07
-1.17116e-06
-0.00184462
0.00184556
2.27696e-07
-2.09074e-07
-0.00109633
0.0010964
1.62822e-07
-4.29683e-08
-1.98394e-08
-4.41355e-08
-0.000264348
0.00026451
2.23375e-09
-0.000264524
6.83632e-08
0.000264503
-8.02983e-08
1.41207e-08
-7.60333e-05
7.60416e-05
-7.59622e-05
7.59453e-05
-4.07664e-06
0.00869816
-1.26688e-05
0.011191
-2.83649e-05
0.0132382
-4.7191e-05
0.014704
-7.06987e-05
0.015493
-8.9326e-05
0.0155539
-9.72372e-05
0.0148881
-8.67635e-05
0.0135538
-6.63316e-05
0.011664
-4.33444e-05
0.00936158
-2.23773e-05
0.0067921
-9.4761e-06
0.00409185
-2.49585e-06
0.00135776
0.00590436
8.29202e-07
-6.39139e-07
-0.00184457
0.00184531
2.36469e-07
-1.81663e-07
-0.00109624
0.00109634
1.66537e-07
-3.11339e-08
-1.83728e-08
-3.82419e-08
-0.000264378
0.000264535
5.63128e-09
-0.000264518
9.71116e-08
0.00026457
-7.99618e-08
8.59775e-09
-7.60438e-05
7.60461e-05
-7.59755e-05
7.59613e-05
-4.64365e-06
0.00869014
-1.50518e-05
0.0111777
-3.48006e-05
0.0132258
-6.48225e-05
0.0146981
-9.40227e-05
0.0154977
-0.000112824
0.0155695
-0.000113027
0.0149143
-9.71633e-05
0.0135847
-7.13154e-05
0.011692
-4.45669e-05
0.00938377
-2.27181e-05
0.00680534
-7.72053e-06
0.00409708
-7.22142e-07
0.00135848
0.00589961
4.46106e-07
-3.33888e-07
-0.00184466
0.00184522
2.71045e-07
1.41903e-08
-0.00109621
0.00109631
1.65209e-07
-2.19823e-08
-1.11655e-08
-4.84438e-08
-0.000264449
0.000264609
6.19684e-09
-0.000264545
6.54458e-08
0.0002646
-8.34126e-08
1.63217e-08
-7.60718e-05
7.60774e-05
-7.59747e-05
7.59661e-05
-4.69754e-06
0.00867978
-2.02816e-05
0.0111632
-4.73377e-05
0.0132083
-8.45871e-05
0.0146887
-0.000118475
0.0155033
-0.000136558
0.015593
-0.000129888
0.014947
-0.000106614
0.01362
-7.49499e-05
0.0117224
-4.19682e-05
0.00940302
-2.13076e-05
0.00681893
-6.69871e-06
0.00410305
-6.52635e-07
0.00135913
0.00589547
-7.43549e-07
1.87222e-07
-0.00184482
0.00184513
1.39513e-07
6.12848e-08
-0.00109637
0.00109649
1.68953e-07
-1.6154e-08
-6.49093e-09
-3.83315e-08
-0.00026452
0.000264692
-6.36291e-09
-0.000264529
-1.33394e-08
0.000264686
-8.78603e-08
1.08581e-07
-7.60758e-05
7.6082e-05
-7.60104e-05
7.5994e-05
-7.51594e-06
0.00866702
-2.77116e-05
0.0111436
-6.47968e-05
0.0131885
-0.000113556
0.0146838
-0.000151224
0.015518
-0.000163398
0.0156266
-0.000144775
0.0149852
-0.000110889
0.0136559
-7.21576e-05
0.0117526
-4.10442e-05
0.00942275
-1.74052e-05
0.00682963
-6.19199e-06
0.00410859
-4.01701e-07
0.00135953
0.00588792
-1.0359e-06
1.06295e-06
-0.00184521
0.00184432
1.47209e-07
1.00155e-07
-0.00109658
0.00109656
1.70807e-07
-1.26774e-08
3.65343e-09
-3.24182e-08
-0.000264577
0.000264751
-5.33967e-09
-0.000264581
-1.14534e-08
0.000264731
-4.64048e-08
1.11932e-07
-7.60894e-05
7.6083e-05
-7.61027e-05
7.59941e-05
-1.1164e-05
0.00865047
-4.05486e-05
0.0111193
-9.51879e-05
0.0131701
-0.000151585
0.0146841
-0.000188914
0.0155435
-0.000185615
0.0156674
-0.000154847
0.0150292
-0.000110202
0.013694
-6.80911e-05
0.0117796
-3.63384e-05
0.00944169
-1.5944e-05
0.00683938
-2.98488e-06
0.00411118
-1.80403e-07
0.00135971
0.00587736
-1.99986e-06
1.3979e-06
-0.00184521
0.00184437
-1.88422e-07
1.73347e-07
-0.00109668
0.00109668
1.65804e-07
-1.97965e-08
3.93596e-09
-2.33656e-08
-0.000264685
0.000264861
-5.24915e-09
-0.000264688
-1.00041e-08
0.000264833
-7.88116e-08
1.12725e-07
-7.61371e-05
7.61317e-05
-7.61485e-05
7.60366e-05
-1.82918e-05
0.00862821
-6.45956e-05
0.0110887
-0.000135476
0.013154
-0.000199406
0.0146946
-0.00022253
0.0155804
-0.000197437
0.01571
-0.000153515
0.0150725
-0.000102451
0.0137283
-6.09219e-05
0.0118042
-3.09068e-05
0.00945665
-1.0665e-05
0.00684706
-2.72793e-06
0.00411372
1.93043e-07
0.00135952
0.0058616
-3.44496e-06
9.12626e-07
-0.0018453
0.00184371
-4.09242e-07
4.6663e-07
-0.00109688
0.00109651
1.79402e-07
3.08005e-09
-2.69779e-10
-2.96105e-08
-0.000264764
0.000264938
-8.19083e-09
-0.000264806
2.22172e-08
0.000264909
-4.35485e-08
7.9804e-08
-7.61557e-05
7.61504e-05
-7.61657e-05
7.60529e-05
-3.08328e-05
0.00859445
-0.000100853
0.0110541
-0.000191806
0.0131464
-0.000248964
0.0147211
-0.000241226
0.0156242
-0.000199943
0.0157564
-0.000142576
0.0151126
-9.26351e-05
0.01376
-5.1752e-05
0.0118251
-2.28078e-05
0.00946879
-6.4669e-06
0.0068508
7.67333e-07
0.00411315
1.74552e-06
0.00135778
0.00583502
-5.89038e-06
1.63626e-06
-0.00184407
0.00184127
-6.40427e-07
5.44595e-07
-0.00109697
0.00109644
1.0871e-07
7.23397e-09
1.83643e-08
-1.17119e-08
-0.000264894
0.000265071
2.65598e-09
-0.0002649
9.48784e-09
0.000265021
-8.38675e-08
9.13217e-08
-7.62089e-05
7.62007e-05
-7.61867e-05
7.61069e-05
-5.54178e-05
0.00854901
-0.000161298
0.0110236
-0.000260099
0.0131576
-0.000281272
0.0147611
-0.000244845
0.0156691
-0.000185284
0.0157991
-0.000126461
0.0151464
-7.70959e-05
0.0137854
-4.12104e-05
0.0118435
-1.56464e-05
0.00947797
-3.02179e-06
0.00685459
1.6697e-06
0.00411322
2.07767e-06
0.0013557
0.00579184
-1.20538e-05
-1.85619e-07
-0.00184295
0.001838
-9.47448e-07
-3.95717e-08
-0.00109696
0.00109619
5.0567e-08
8.10455e-08
9.3885e-08
-6.30947e-08
-0.000265054
0.000265164
-1.51956e-09
-0.000265058
1.1904e-08
0.000265167
-7.7637e-08
9.66314e-08
-7.62176e-05
7.62203e-05
-7.62081e-05
7.61168e-05
-0.000104399
0.00849212
-0.000243277
0.0110068
-0.000310876
0.0131872
-0.000287924
0.0148042
-0.000224966
0.0157088
-0.000158718
0.0158314
-0.000103654
0.015173
-6.14748e-05
0.0138056
-2.86271e-05
0.0118564
-9.30324e-06
0.00948425
1.03546e-06
0.00685523
5.28183e-06
0.00411002
2.4757e-06
0.00135322
0.00572042
-2.77665e-05
-5.21305e-06
-0.00183862
0.00182945
-2.87841e-06
-8.06979e-07
-0.0010961
0.00109505
-3.00111e-11
9.91852e-08
1.77401e-07
-1.26024e-07
-0.000265206
0.000265251
5.69199e-09
-0.000265171
4.55617e-08
0.000265303
-4.52013e-08
6.90697e-08
-7.62512e-05
7.62497e-05
-7.62393e-05
7.61426e-05
-0.000192427
0.00844127
-0.000329357
0.0110253
-0.000322671
0.0132219
-0.00025557
0.0148348
-0.000188651
0.0157387
-0.000130643
0.0158584
-8.22469e-05
0.0151938
-4.36771e-05
0.0138207
-1.83743e-05
0.0118655
-2.29863e-06
0.00948759
3.70171e-06
0.00685681
7.33075e-06
0.00410517
2.85673e-06
0.00135037
0.00562514
-7.16413e-05
-2.54973e-05
-0.00182753
0.00180851
-8.75171e-06
-3.29348e-06
-0.00109422
0.00109156
-3.12899e-07
9.79563e-08
1.9261e-07
-1.70395e-07
-0.000265357
0.000265386
-2.97299e-08
-0.000265273
1.5335e-08
0.000265501
-7.26524e-08
1.02623e-07
-7.63191e-05
7.63248e-05
-7.62735e-05
7.62045e-05
-0.000323472
0.00843538
-0.000349292
0.0110519
-0.00027571
0.013242
-0.000207099
0.0148532
-0.000147316
0.0157554
-9.88769e-05
0.015875
-5.86293e-05
0.0152087
-2.91581e-05
0.0138315
-8.47241e-06
0.0118717
4.04672e-06
0.00948724
1.08622e-05
0.00685327
7.65847e-06
0.00410036
3.33178e-06
0.00134703
0.0055723
-0.00017506
-9.55719e-05
-0.00179708
0.0017565
-3.10526e-05
-1.40671e-05
-0.00108831
0.0010802
-8.05714e-07
1.5858e-07
4.46474e-07
-4.90726e-07
-0.000265405
0.000265126
-3.42372e-08
-0.000265358
5.16987e-08
0.000265607
-2.76762e-08
7.78341e-08
-7.63701e-05
7.63404e-05
-7.63548e-05
7.62521e-05
-0.000362887
0.00844898
-0.000275474
0.0110517
-0.000206232
0.0132412
-0.000154074
0.01486
-0.000108399
0.0157649
-7.02331e-05
0.0158866
-3.92879e-05
0.0152188
-1.37567e-05
0.0138368
2.92256e-06
0.0118728
1.15516e-05
0.00948655
1.20029e-05
0.00684893
9.22026e-06
0.00409448
3.8701e-06
0.00134316
0.00556594
-0.000160791
-0.000195739
-0.00172035
0.00167172
-0.000126428
-5.94238e-05
-0.00106743
0.00104023
-3.59214e-06
-2.54821e-07
1.39589e-07
-1.43811e-06
-0.000265184
0.000264455
-7.66888e-08
-0.000265051
2.49468e-08
0.000265619
-4.70671e-08
7.79259e-08
-7.64422e-05
7.6408e-05
-7.63905e-05
7.63127e-05
-0.000239648
0.00841315
-0.000179082
0.0110245
-0.000139283
0.0132264
-0.000103707
0.0148553
-7.40789e-05
0.0157688
-4.67428e-05
0.0158941
-2.05803e-05
0.0152257
-3.55951e-06
0.0138432
1.08997e-05
0.0118735
1.5427e-05
0.00948313
1.95339e-05
0.00683862
1.07605e-05
0.00408759
4.60016e-06
0.00133856
0.00547566
-4.26798e-05
-0.000106687
-0.00164442
0.00161066
-0.000127036
-0.000168443
-0.000993461
0.000918373
-3.70444e-05
-1.42944e-05
-2.10033e-06
-1.05565e-05
-0.0002631
0.000260031
-5.23441e-07
-0.000263285
-6.97252e-08
0.000264696
-1.01242e-07
-2.65431e-08
-7.64638e-05
7.63871e-05
-7.64388e-05
7.63609e-05
-0.000121197
0.00835526
-0.000106578
0.0109918
-8.96101e-05
0.0132123
-6.94588e-05
0.0148507
-4.85105e-05
0.0157705
-2.47904e-05
0.0158983
-5.96209e-06
0.0152281
8.39373e-06
0.0138457
1.81817e-05
0.0118707
2.16528e-05
0.00948101
1.75353e-05
0.00683184
1.52039e-05
0.00407698
6.31731e-06
0.00133225
0.00539147
-5.29644e-06
-3.17124e-05
-0.00155877
0.00153617
-2.00791e-05
-5.47966e-05
-0.000872942
0.000809446
-1.86373e-05
-4.49031e-05
-5.94293e-05
-6.35821e-05
-0.00023923
0.000212147
-9.96106e-06
-0.000249678
-3.84656e-06
0.000258535
-6.04254e-07
-1.69962e-06
-7.61896e-05
7.56662e-05
-7.62593e-05
7.62859e-05
-5.69326e-05
0.00830562
-5.94689e-05
0.0109617
-5.31318e-05
0.013196
-4.10571e-05
0.0148432
-2.32277e-05
0.015769
-7.08228e-06
0.0158994
6.08406e-06
0.0152304
2.06934e-05
0.0138432
2.58321e-05
0.0118665
2.83201e-05
0.00947023
2.55884e-05
0.00682146
1.53615e-05
0.00406794
5.77726e-06
0.00132647
0.00534381
1.76444e-06
-1.10351e-05
-0.00151293
0.00151023
-2.59496e-06
-8.47184e-06
-0.000762248
0.000742948
9.82516e-08
-8.77844e-07
-6.35569e-06
-1.24271e-06
-0.000103787
8.51495e-05
-0.00014869
0.000174773
-2.20556e-05
-3.74991e-05
-6.95157e-05
5.95547e-05
-7.33623e-05
7.50619e-05
-2.69779e-05
0.00827313
-3.24028e-05
0.0109409
-2.8381e-05
0.0131833
-1.93214e-05
0.0148393
-8.91139e-06
0.0157708
4.44252e-06
0.015901
1.71047e-05
0.015234
2.74371e-05
0.0138416
3.16194e-05
0.0118632
3.2836e-05
0.00946298
2.80027e-05
0.00680882
1.91315e-05
0.00405458
6.5977e-06
0.00131987
0.00531868
3.14777e-06
-5.0003e-06
-0.00150056
0.00150222
1.01016e-07
-1.36353e-06
-0.000734526
0.000731869
1.45939e-07
-8.40203e-08
-1.94621e-07
1.45311e-07
-7.66733e-05
7.67715e-05
-7.75511e-05
7.87938e-05
3.74991e-05
-1.12978e-05
0.00825202
-1.38369e-05
0.0109264
-1.21621e-05
0.0131761
-4.0083e-06
0.0148344
6.7795e-06
0.0157685
1.83707e-05
0.0158998
2.93233e-05
0.0152321
3.54638e-05
0.0138378
3.98568e-05
0.0118562
4.12686e-05
0.00944971
3.18666e-05
0.00679608
2.15249e-05
0.00403966
8.51643e-06
0.00131136
0.00530729
2.89645e-06
-2.80577e-06
-0.00149736
0.00150008
4.2751e-07
-1.33328e-07
-0.000730398
0.000730435
9.53335e-08
-3.05212e-08
-1.85022e-08
1.25406e-07
-7.66382e-05
7.67842e-05
-7.67222e-05
7.65769e-05
-3.35289e-06
0.00824154
-3.22119e-06
0.0109174
1.04396e-06
0.0131711
8.72784e-06
0.0148325
1.92841e-05
0.0157676
2.85106e-05
0.0159006
3.85662e-05
0.015229
4.41253e-05
0.0138335
4.85391e-05
0.0118489
4.36023e-05
0.00943798
3.72896e-05
0.00678032
2.15962e-05
0.00402658
8.07398e-06
0.00130328
0.00530241
2.72373e-06
-1.1913e-06
-0.00149716
0.00149953
5.26532e-07
1.13246e-07
-0.000730242
0.000730625
6.376e-08
-1.96464e-08
-3.06087e-08
8.99769e-08
-7.68605e-05
7.69559e-05
-7.68911e-05
7.67657e-05
1.8633e-06
0.00823645
3.84008e-06
0.0109146
9.48595e-06
0.0131703
1.68389e-05
0.0148349
2.6847e-05
0.0157692
3.85084e-05
0.0159006
4.57208e-05
0.0152274
5.40903e-05
0.013828
5.56107e-05
0.0118369
4.96955e-05
0.00942557
4.08325e-05
0.00676108
2.43967e-05
0.00401025
8.97744e-06
0.0012943
0.00530146
3.06797e-06
-2.62637e-07
-0.00149801
0.00150015
5.84644e-07
3.28939e-07
-0.00073066
0.000731161
5.28213e-08
-2.76572e-08
-4.21913e-09
8.26472e-08
-7.69956e-05
7.70593e-05
-7.70152e-05
7.69253e-05
4.30856e-06
0.00823599
9.11111e-06
0.010915
1.69496e-05
0.0131702
2.63138e-05
0.0148354
3.6235e-05
0.0157715
4.70139e-05
0.0158993
5.63305e-05
0.0152251
6.08863e-05
0.0138227
5.77241e-05
0.0118289
5.51161e-05
0.00941129
4.25323e-05
0.00674294
2.99181e-05
0.00398931
9.38594e-06
0.00128492
0.00530291
2.96091e-06
-1.0057e-07
-0.00149946
0.00150193
5.97912e-07
4.25433e-07
-0.000731413
0.000731886
3.31367e-08
7.75805e-08
2.82754e-08
4.94711e-08
-7.71101e-05
7.71629e-05
-7.71378e-05
7.70551e-05
7.50817e-06
0.00823759
1.43985e-05
0.0109176
2.25591e-05
0.013174
3.39218e-05
0.0148378
4.61518e-05
0.0157724
5.55697e-05
0.0159001
6.36861e-05
0.0152223
6.93209e-05
0.0138111
7.21052e-05
0.0118119
6.28535e-05
0.00939097
5.28807e-05
0.00671998
3.05629e-05
0.00396814
9.96965e-06
0.00127495
0.0053071
2.50659e-06
8.18499e-07
-0.00150139
0.00150373
6.25018e-07
4.37866e-07
-0.000732226
0.000732804
2.04886e-08
-9.24413e-10
3.12829e-08
5.50349e-08
-7.73183e-05
7.73514e-05
-7.72407e-05
7.71912e-05
8.99995e-06
0.00824299
1.70804e-05
0.0109231
2.74856e-05
0.0131804
4.08792e-05
0.014843
5.22433e-05
0.0157757
6.49612e-05
0.0158988
7.53221e-05
0.0152163
7.92389e-05
0.013804
8.15925e-05
0.0117932
7.24663e-05
0.00937138
5.4471e-05
0.00669607
3.43483e-05
0.00394376
1.34559e-05
0.00126149
0.00531242
2.57713e-06
1.09808e-06
-0.00150393
0.00150576
6.7285e-07
6.16052e-07
-0.000733192
0.000733763
2.44655e-08
2.9304e-08
7.2887e-09
4.29187e-08
-7.74368e-05
7.74573e-05
-7.74377e-05
7.73827e-05
1.04297e-05
0.00824964
2.10342e-05
0.0109295
3.35441e-05
0.0131877
4.67518e-05
0.0148485
6.10238e-05
0.0157796
7.4516e-05
0.0158996
8.32256e-05
0.0152124
8.7597e-05
0.013798
8.47609e-05
0.0117809
8.01895e-05
0.00934566
6.14161e-05
0.00666901
3.78031e-05
0.00391941
2.77095e-05
0.00123378
0.00531926
2.32422e-06
1.26047e-06
-0.0015062
0.00150784
9.39514e-07
6.61851e-07
-0.000734288
0.000734927
2.7974e-08
5.13369e-09
3.33453e-08
5.76924e-08
-7.75368e-05
7.75613e-05
-7.75075e-05
7.74646e-05
1.15438e-05
0.00825913
2.49363e-05
0.0109381
4.13547e-05
0.0131931
5.55495e-05
0.014854
7.18602e-05
0.0157823
8.24211e-05
0.0159004
9.28766e-05
0.0152071
9.78959e-05
0.0137848
9.62936e-05
0.0117648
8.60616e-05
0.00932102
6.80749e-05
0.00663873
5.83207e-05
0.0038888
5.46417e-05
0.00532806
1.61152e-06
1.13746e-06
-0.00150834
0.00151012
5.50532e-07
7.54751e-07
-0.000735496
0.000736323
1.05661e-07
6.01836e-09
3.47717e-08
5.90224e-08
-7.76574e-05
7.76854e-05
-7.76523e-05
7.75946e-05
1.30542e-05
0.00827101
2.79946e-05
0.0109515
4.50795e-05
0.0132036
6.33216e-05
0.0148625
7.91984e-05
0.0157855
9.40372e-05
0.0158993
0.000103081
0.0152019
0.000106642
0.0137745
0.000104028
0.0117468
9.14891e-05
0.0092976
8.78257e-05
0.00660923
9.96212e-05
0.00533921
1.14124e-06
7.63296e-07
-0.00151095
0.00151277
-2.04001e-07
3.01988e-07
-0.000736975
0.000737468
3.11083e-08
2.6632e-08
7.1806e-08
3.15418e-08
-7.77852e-05
7.78909e-05
-7.77792e-05
7.77202e-05
1.71749e-05
0.00828183
3.38698e-05
0.0109627
5.12177e-05
0.0132157
6.95656e-05
0.0148722
8.69431e-05
0.0157926
0.000102925
0.0158994
0.000112569
0.015196
0.000119872
0.0137586
0.000116882
0.0117214
0.000114142
0.00927129
0.000129629
0.00534978
5.12463e-06
1.47871e-06
-0.00151487
0.00151795
-1.93603e-06
-1.33933e-06
-0.000737705
0.000737552
-9.14686e-10
-4.996e-08
1.5838e-08
4.903e-08
-7.80209e-05
7.8052e-05
-7.79942e-05
7.79627e-05
2.08002e-05
0.0082949
3.69671e-05
0.0109769
5.79961e-05
0.0132273
7.85493e-05
0.0148806
9.83148e-05
0.0157972
0.000111033
0.015901
0.00012314
0.0151927
0.000128427
0.0137471
0.000134001
0.0117016
0.000151231
0.00536005
5.21639e-06
5.31367e-06
-0.00151596
0.00152026
1.22792e-06
-4.04175e-07
-1.73317e-06
5.2013e-06
-0.000736167
0.000435444
0.000299012
-2.20331e-07
-4.45131e-09
2.30738e-08
2.21258e-08
-7.80669e-05
7.8066e-05
-7.81168e-05
7.80678e-05
2.23565e-05
0.00830951
4.23648e-05
0.0109926
6.31898e-05
0.0132426
8.68372e-05
0.014892
0.000104694
0.0158035
0.000121498
0.0159026
0.000130393
0.0151907
0.000143265
0.0137378
0.000159925
0.00537332
4.47785e-06
4.6052e-06
-0.00152252
0.00152499
1.50417e-06
1.23698e-06
1.81834e-06
1.23734e-06
-0.000464089
0.000466241
-9.24447e-07
-0.000461427
-3.06591e-06
-0.000456355
-6.80507e-06
-1.571e-05
0.000280464
2.8383e-06
-7.81067e-05
7.78864e-05
-7.81112e-05
7.8089e-05
2.42507e-05
0.00832762
4.66638e-05
0.0110091
7.1385e-05
0.0132581
9.46351e-05
0.0149021
0.000113761
0.0158113
0.000130143
0.0159029
0.000146343
0.0151876
0.000164663
0.00538821
4.52692e-06
4.83617e-06
-0.0015273
0.00152993
1.0752e-06
7.65534e-07
1.28274e-06
1.01764e-06
-0.000469065
0.000469757
8.1212e-07
-0.000468469
6.41514e-07
-0.000467176
5.24635e-07
3.02751e-07
-0.000272526
0.000272116
-5.14734e-07
-0.000274546
-1.0458e-06
-8.87134e-07
8.07247e-05
2.7661e-05
0.00834663
5.14158e-05
0.0110291
7.91552e-05
0.0132736
0.000100899
0.014915
0.000120675
0.0158207
0.000138956
0.0159102
0.000158086
0.00540572
4.95736e-06
5.2004e-06
-0.00153299
0.00153564
8.19931e-07
1.05539e-06
9.9945e-07
7.77995e-07
-0.000471397
0.000471906
5.66484e-07
-0.000471043
4.11598e-07
-0.000470179
4.18321e-07
5.95743e-07
-0.00027332
0.000273986
1.461e-07
-0.000272839
1.60812e-07
-0.000272419
1.04562e-07
-4.86375e-10
-7.87918e-05
7.8277e-05
-7.98376e-05
3.04917e-05
0.00836755
5.79418e-05
0.0110503
8.43848e-05
0.0132901
0.00010678
0.0149289
0.000127326
0.0158324
0.000141378
0.00542495
5.37109e-06
5.89052e-06
-0.001539
0.00154204
7.92969e-07
1.11869e-06
8.04295e-07
1.04284e-06
-0.000473486
0.000473934
3.71643e-07
-0.000472806
3.75919e-07
-0.000472268
4.61482e-07
4.15685e-07
-0.000274995
0.000275463
9.90088e-08
-0.000274681
9.76383e-08
-0.000274397
1.34172e-07
1.84581e-07
-7.85419e-05
7.8688e-05
-7.83811e-05
-7.82765e-05
3.5027e-05
0.00839047
6.46325e-05
0.01107
9.02345e-05
0.0133066
0.000110269
0.0149459
0.000117669
0.00544714
6.19645e-06
6.63515e-06
-0.0015458
0.00154907
8.83639e-07
1.21764e-06
8.98535e-07
1.23007e-06
-0.000475605
0.000475996
4.02363e-07
-0.00047482
3.33047e-07
-0.000474397
3.8183e-07
5.7952e-07
-0.000276439
0.000276718
9.21949e-08
-0.000276119
5.63289e-08
-0.000275785
1.26559e-07
9.37976e-08
-7.91044e-05
7.92034e-05
-7.90068e-05
-7.88726e-05
4.05863e-05
0.00841451
7.14764e-05
0.0110888
9.11028e-05
0.0133258
9.15848e-05
0.00547259
7.10101e-06
8.03348e-06
-0.00155306
0.00155684
1.28634e-06
1.12678e-06
1.28442e-06
1.36424e-06
-0.000477936
0.000478206
6.13085e-07
-0.000477089
3.71062e-07
-0.000476605
4.14304e-07
6.21119e-07
-0.000277699
0.000278
1.00645e-07
-0.000277462
9.6614e-08
-0.000277173
9.27182e-08
1.24789e-07
-7.94801e-05
7.95723e-05
-7.94238e-05
-7.92972e-05
4.93124e-05
0.00843668
7.25866e-05
0.0111073
6.49257e-05
0.00550118
1.0236e-05
1.04845e-05
-0.0015621
0.00156629
1.49286e-06
1.42207e-06
1.46887e-06
1.30744e-06
-0.000480503
0.000481108
6.81556e-07
-0.000479865
4.8909e-07
-0.000479055
4.74184e-07
5.1548e-07
-0.000279022
0.000279523
1.11531e-07
-0.000278733
8.22313e-08
-0.000278526
2.0718e-07
9.56482e-08
-7.98864e-05
7.9987e-05
-7.97898e-05
-7.96971e-05
5.40286e-05
0.00845523
4.22393e-05
0.00552485
1.58003e-05
1.45646e-05
-0.00157308
0.00157879
2.36521e-06
2.16683e-06
1.95766e-06
1.73074e-06
-0.000483643
0.000484295
8.40639e-07
-0.000482737
5.16561e-07
-0.000481829
5.60848e-07
5.85579e-07
-0.000280625
0.000281228
7.88158e-08
-0.000280253
1.1742e-07
-0.000279895
1.16182e-07
1.43667e-07
-8.03721e-05
8.04836e-05
-8.02899e-05
-8.00827e-05
2.81594e-05
1.23512e-05
3.11207e-05
-0.00158721
0.00159422
4.96903e-06
3.82163e-06
3.36917e-06
2.77188e-06
-0.000487729
0.000488776
1.31789e-06
-0.000486519
9.57033e-07
-0.000485306
7.44387e-07
7.2041e-07
-0.000282465
0.000283163
1.4349e-07
-0.000282087
1.38044e-07
-0.000281661
1.34632e-07
1.52432e-07
-8.08609e-05
8.09397e-05
-8.07435e-05
-8.06273e-05
-0.0016065
7.84113e-06
1.61039e-05
1.07835e-05
8.05702e-06
-0.000493919
0.000496061
2.82661e-06
-0.000491905
1.80716e-06
-0.00049014
1.60421e-06
1.4082e-06
-0.000285005
0.000286032
2.91482e-07
-0.000284265
2.17351e-07
-0.000283696
1.7538e-07
1.86514e-07
-8.13648e-05
8.15083e-05
-8.12268e-05
-8.10921e-05
-0.000506878
1.12559e-05
-0.000502485
1.17112e-05
-0.000499197
7.49554e-06
4.92124e-06
-0.000289632
0.00029173
7.29191e-07
-0.000288308
4.83271e-07
-0.000287089
3.84556e-07
3.50973e-07
-8.20875e-05
8.2379e-05
-8.18702e-05
-8.16948e-05
-0.000303547
1.53116e-05
-0.000299285
7.44888e-06
-0.000295172
3.383e-06
1.47852e-06
-8.35978e-05
8.4327e-05
-8.31145e-05
-8.273e-05
-9.66374e-05
-8.91885e-05
-8.58055e-05
1.82761e-06
-1.82775e-06
6.68965e-06
1.35551e-06
-6.21811e-06
1.09258e-06
-2.92046e-06
5.01221e-06
1.67709e-06
6.88511e-06
9.58853e-07
-6.48914e-06
1.57649e-06
-6.70239e-06
6.12478e-07
-3.53312e-06
9.44946e-07
4.06709e-06
7.16746e-06
1.39425e-06
-1.09616e-06
-3.80498e-06
-1.44991e-06
7.30675e-06
-6.00901e-06
1.34214e-06
-7.43241e-06
3.64974e-07
-3.89823e-06
1.11847e-06
6.9934e-06
3.68524e-07
3.69833e-06
1.82585e-08
-1.3121e-06
-8.77928e-07
-0.000245226
-6.22311e-06
0.000250869
-1.40518e-06
9.10166e-06
-1.26879e-06
-6.07223e-06
1.02359e-06
-8.09135e-06
1.43163e-07
-4.04156e-06
7.5988e-07
6.60166e-06
1.03454e-07
3.59462e-06
-2.00957e-06
-0.000241794
-1.41189e-06
-4.95821e-07
-2.06713e-06
-0.00100459
4.97885e-08
0.000998307
-3.40928e-06
1.07367e-05
0.000248675
-5.14151e-06
8.00282e-06
-1.17839e-06
-1.13332e-06
-6.31754e-06
6.18567e-07
-8.56697e-06
1.68837e-07
-4.21055e-06
6.20908e-06
2.21124e-07
3.37318e-06
-3.08251e-06
-0.000249316
1.41439e-05
-3.54713e-06
-0.00101015
4.14356e-06
-6.28725e-07
-3.91377e-06
-6.08394e-07
-0.00220779
1.29912e-05
0.00219484
1.56338e-05
0.000993403
2.33652e-05
-5.38436e-06
0.000236852
-6.16624e-06
5.43346e-06
-1.33647e-06
-1.23668e-06
-6.87751e-06
-5.91365e-07
-7.41977e-06
-8.98962e-06
1.74888e-07
-4.38564e-06
5.80129e-06
2.14385e-07
3.15854e-06
-0.000263496
2.14303e-05
-3.62549e-06
-3.63313e-06
-0.00101624
2.02301e-05
-6.70807e-06
-3.41845e-07
-4.12092e-07
-0.002219
1.53466e-05
5.40713e-06
-0.00384669
2.8983e-05
0.00383069
2.47999e-05
0.00218567
3.17258e-05
0.000985036
2.23817e-06
-1.06506e-06
-1.12531e-06
2.82554e-05
-5.96531e-06
0.000220889
-6.33616e-06
-9.46807e-07
-1.49903e-06
-1.48343e-06
-8.03063e-06
-7.25913e-07
-8.62363e-06
-6.43923e-07
-9.54076e-06
1.66675e-07
-4.55248e-06
7.87873e-08
3.07953e-06
-0.000278048
2.19753e-05
-3.58352e-06
-3.84676e-06
-0.00102544
3.06183e-05
9.25674e-06
-1.21834e-05
-3.24799e-07
-3.75659e-07
-5.59432e-07
-5.25537e-07
-0.00222714
2.83621e-05
-5.07382e-06
1.02851e-08
4.72127e-06
-0.00386225
3.09041e-05
-0.00589014
4.67609e-05
0.00587236
3.71517e-05
0.00381833
3.97379e-05
0.00217765
3.97978e-05
0.000973487
-9.3058e-06
-3.83182e-07
-9.91013e-06
-5.21274e-07
-4.03536e-06
-1.4303e-06
-1.44757e-06
2.75694e-05
-6.35097e-06
0.000205632
-5.96976e-06
-6.39753e-06
-3.97542e-06
-1.06374e-05
-7.72198e-07
-1.13757e-05
-7.45389e-07
-1.00181e-05
5.11797e-08
-4.60384e-06
3.08974e-06
-0.000286242
1.54496e-05
-3.15487e-06
-4.10894e-06
-0.00103469
3.1223e-05
1.49239e-05
-1.78002e-05
-3.286e-07
-3.8035e-07
-5.75059e-07
-5.31747e-07
-0.00223418
3.76544e-05
-3.67854e-06
3.32824e-06
2.51128e-08
-3.98881e-06
-6.56873e-08
-4.35766e-06
-1.90892e-07
-1.6208e-07
-0.0038725
3.86046e-05
-0.00590647
4.72277e-05
-0.00826338
6.30889e-05
0.00824704
5.16875e-05
0.00585782
4.909e-05
0.00380898
4.84172e-05
0.00216903
3.8967e-05
0.000962083
-1.03502e-05
-1.07305e-05
-1.41265e-07
-1.2292e-05
-5.14421e-07
-1.29479e-05
-7.91942e-07
-9.88166e-06
-2.86864e-06
2.21009e-05
-5.8094e-06
0.000194789
-5.45618e-06
-1.32027e-05
-2.65038e-06
1.32493e-05
-3.01441e-05
-3.75007e-08
7.79217e-09
-1.13243e-05
-1.7869e-07
-1.1918e-05
-1.52027e-07
-4.7452e-06
2.92757e-06
-0.000282778
-2.86975e-06
1.77831e-06
-2.37975e-06
-0.00103963
2.03798e-05
2.06891e-05
-2.30077e-05
-3.85536e-07
-4.52558e-07
-6.33734e-07
-5.86794e-07
-0.00224015
3.71911e-05
-2.26894e-06
1.90974e-06
3.01444e-08
-2.58258e-06
-6.70036e-08
-2.96132e-06
-1.96625e-07
-1.64968e-07
-0.00388027
4.54151e-05
-2.67091e-06
2.69588e-06
-2.73668e-06
-0.00591941
5.1546e-05
-0.00827898
6.28257e-05
-0.0108456
7.48497e-05
0.0108339
6.51477e-05
0.00823358
5.90883e-05
0.00584782
5.58208e-05
0.00380157
4.75034e-05
0.00216049
3.02568e-05
0.000953922
-1.24615e-05
2.8826e-08
-4.29456e-09
-3.28363e-05
-7.9238e-08
-9.83518e-08
-1.66365e-05
-2.37747e-06
1.11655e-05
-5.18879e-06
0.000193316
-4.51034e-06
-1.9375e-05
-2.71919e-06
-3.51954e-05
-1.42866e-07
-1.49862e-07
5.04393e-06
-5.08163e-06
5.05164e-06
-4.92399e-06
-5.0761e-06
-0.000276149
-1.53497e-05
3.46426e-06
5.24788e-06
-0.00104321
7.07555e-07
2.41296e-05
-2.18416e-05
-8.53208e-08
-4.26172e-07
-6.24887e-07
-6.33564e-07
-0.00224619
2.64158e-05
-7.16802e-07
3.27667e-07
3.09771e-09
-1.08156e-06
-8.81356e-08
-1.50187e-06
-2.13774e-07
-1.79087e-07
-0.00388802
4.4936e-05
-2.26713e-06
2.29711e-06
-2.33421e-06
-2.53091e-06
-0.00592985
5.58461e-05
-0.008294
6.65638e-05
-0.0108591
7.63206e-05
-0.0134635
7.93512e-05
0.013459
7.57846e-05
0.0108232
7.00227e-05
0.00822264
6.431e-05
0.00583932
5.51667e-05
0.0037939
3.83582e-05
0.00215238
1.70986e-05
0.000947984
-5.04735e-06
-5.16101e-06
-5.25951e-06
-3.74144e-05
-6.87638e-08
-9.08949e-08
-2.1436e-05
-3.12934e-06
3.37124e-06
-3.53809e-06
0.000197495
-4.0189e-06
-2.14267e-05
-4.52071e-06
-3.98526e-05
-1.51392e-07
-1.30844e-07
5.40937e-06
-5.5525e-06
-0.000282229
9.06168e-06
-2.23497e-06
-7.54632e-07
-0.00104942
-9.14191e-06
1.73795e-05
-1.37512e-05
-1.25586e-07
-4.04332e-08
6.23452e-07
1.61711e-07
-0.0022553
9.81034e-06
7.10301e-07
-5.95068e-07
-2.01004e-07
4.62097e-07
-1.78299e-07
9.2278e-08
-2.55421e-07
-2.13804e-07
-0.00389696
3.53525e-05
-1.81594e-06
1.81886e-06
-1.90416e-06
-2.11802e-06
-0.0059406
5.56858e-05
-0.00830679
6.86335e-05
-0.0108715
7.89113e-05
-0.0134686
8.13889e-05
-0.0159195
7.05645e-05
0.0159283
7.86743e-05
0.0134561
7.71587e-05
0.0108161
7.12615e-05
0.00821568
6.26591e-05
0.00583183
4.74807e-05
0.00378477
2.66553e-05
0.00214282
9.53888e-06
0.000941811
-5.62143e-06
-5.71247e-06
-4.26466e-05
-9.52591e-08
-2.41019e-07
-1.95744e-05
-5.39163e-06
1.32809e-05
-5.57595e-06
0.000196167
-6.38269e-06
-1.75548e-05
-6.03955e-06
-4.5036e-05
-1.55026e-06
-5.82031e-07
5.84331e-06
-5.99496e-06
3.01807e-05
-1.0697e-06
-1.32429e-06
-0.000202369
-0.000107655
-0.00104982
9.45517e-06
1.40476e-05
-1.60442e-05
-1.09423e-07
-1.30922e-07
-2.37583e-07
-2.21179e-07
-0.00226689
2.44419e-06
-1.119e-06
9.93133e-07
-1.15962e-06
-4.41072e-08
-4.92339e-07
-4.77638e-07
-0.00391007
2.29152e-05
-1.17116e-06
9.70013e-07
-1.34955e-06
-1.60506e-06
-0.0059537
4.8441e-05
-0.00831996
6.88511e-05
-0.0108836
8.07188e-05
-0.0134745
8.48189e-05
-0.0159129
7.47198e-05
-0.0180317
4.39078e-05
0.0180583
6.80162e-05
0.015939
7.70601e-05
0.0134562
7.80782e-05
0.0108093
7.04657e-05
0.00820787
5.72362e-05
0.00582207
3.88768e-05
0.00377255
2.06995e-05
0.00213165
1.84604e-05
0.000936628
-6.09035e-06
-6.33148e-06
-4.37669e-05
-3.09429e-06
-3.56712e-06
-1.80212e-05
-5.11081e-06
2.48554e-05
-6.93787e-06
0.000185281
-7.03597e-06
-1.99726e-05
-4.43228e-06
-4.35083e-05
-2.18052e-06
-4.11836e-06
6.91351e-06
-8.46399e-06
-0.00104417
2.45289e-05
1.71925e-05
-1.81167e-05
-7.18238e-08
-7.54256e-08
-8.96016e-08
-8.68811e-08
4.71042e-06
1.645e-05
-0.000223533
-5.67321e-06
-9.72726e-05
-0.00226995
1.25088e-05
-4.03229e-07
2.93595e-07
-5.34257e-07
-7.71954e-07
-0.00392498
1.7355e-05
-4.92375e-07
-0.00597074
3.995e-05
-0.00833609
6.45624e-05
-0.0108958
8.10353e-05
-0.0134803
8.65028e-05
-0.0159049
7.68464e-05
-0.0180051
4.81447e-05
-0.0196776
-3.68999e-06
0.0197252
3.94629e-05
0.0180869
6.44819e-05
0.0159515
7.53279e-05
0.013459
7.50416e-05
0.0108047
6.61128e-05
0.00819899
5.07272e-05
0.00581021
3.42082e-05
0.00375903
2.806e-05
0.00212205
3.29036e-05
0.000928576
-1.15584e-05
-1.20449e-05
-3.08072e-06
-4.63873e-05
-1.49475e-06
-7.37805e-07
-2.31013e-05
-3.81032e-06
3.03673e-05
-7.0277e-06
0.000168889
-6.95211e-06
-2.65075e-05
-3.63046e-06
-4.95427e-05
-4.86268e-07
-7.91391e-07
1.42843e-05
-1.55351e-05
-9.29945e-07
-1.87913e-06
-9.73748e-06
2.32948e-05
-0.00226871
2.32791e-05
-1.63692e-05
-7.29705e-06
-4.93283e-08
-7.5089e-08
-4.14921e-08
-3.0533e-08
-1.1701e-07
-2.06714e-07
-2.29284e-06
-0.000230979
-1.15431e-06
-5.12479e-07
-9.78994e-05
-0.00393474
2.22622e-05
-0.00598927
3.58809e-05
-0.00835526
5.91214e-05
-0.0109104
7.91587e-05
-0.0134873
8.80192e-05
-0.0158981
7.97192e-05
-0.0179805
5.22097e-05
-0.0196307
1.22083e-06
-0.0208276
-7.08932e-05
0.0208948
-8.81538e-06
0.0197735
3.49589e-05
0.0181164
6.16921e-05
0.0159652
7.19513e-05
0.013462
7.04369e-05
0.0108004
6.07925e-05
0.00818892
4.69762e-05
0.00579744
3.86086e-05
0.00374848
4.04709e-05
0.00211448
4.22691e-05
0.000916672
-3.08074e-06
-1.66178e-05
-4.12244e-07
-1.71253e-05
-2.30612e-07
-5.25582e-05
-4.61963e-07
-3.33506e-07
-3.02572e-05
-3.27887e-06
3.15988e-05
-6.96064e-06
0.000151152
-6.90328e-06
-3.38799e-05
-3.32989e-06
-5.52959e-05
-3.98645e-07
-4.947e-07
1.77421e-05
-1.80967e-05
-1.32025e-07
-1.7461e-07
4.95988e-06
-5.88992e-06
2.18369e-05
-0.00393942
2.79521e-05
8.89803e-07
-1.84136e-05
-6.25826e-06
-1.49246e-07
1.05622e-07
-1.55129e-07
-4.06722e-06
2.43969e-07
-1.91703e-05
-1.05624e-06
-1.00632e-06
-0.00600424
3.72334e-05
-0.00837488
5.54934e-05
-0.0109282
7.69677e-05
-0.0134958
8.77153e-05
-0.0158925
8.24081e-05
-0.0179558
5.50315e-05
-0.0195833
4.83976e-06
-0.0207596
-6.67831e-05
-0.0215346
-0.000155084
0.0216188
-7.75009e-05
0.0209634
-1.40109e-05
0.0198225
3.02672e-05
0.0181478
5.60857e-05
0.015981
6.69664e-05
0.0134655
6.57999e-05
0.0107954
5.74229e-05
0.00817848
5.00303e-05
0.00578602
4.86147e-05
0.00374034
5.02598e-05
0.00210649
4.48405e-05
0.000903428
-6.30223e-06
-6.53291e-06
-1.84881e-05
-7.08517e-08
-1.87372e-05
-8.45797e-08
-5.79138e-05
-3.4953e-07
-3.11885e-07
-3.77191e-05
-3.12217e-06
2.96157e-05
-6.97719e-06
0.000135561
-7.05502e-06
-4.13203e-05
-3.30217e-06
-6.04081e-05
-3.96675e-07
-4.39314e-07
1.91196e-05
-1.9418e-05
-1.00483e-07
-1.12464e-07
6.70752e-06
-6.83969e-06
2.53582e-05
-0.00601541
3.91142e-05
-6.17921e-06
1.64682e-07
-3.04441e-07
-1.98774e-05
-3.49392e-07
-4.45004e-07
-0.00839409
5.644e-05
-0.0109484
7.57277e-05
-0.0135068
8.79175e-05
-0.0158897
8.4898e-05
-0.017932
5.86687e-05
-0.0195377
9.33985e-06
-0.0206918
-6.29017e-05
-0.0214515
-0.000149805
-0.0219049
-0.00024868
0.0219985
-0.000161754
0.021703
-8.30466e-05
0.0210325
-2.0476e-05
0.0198732
2.54284e-05
0.0181785
5.2149e-05
0.0159959
6.26403e-05
0.0134687
6.23008e-05
0.0107905
5.82239e-05
0.00817028
5.57973e-05
0.00577883
5.62305e-05
0.00373436
5.35482e-05
0.00209778
4.09117e-05
0.000892128
-6.9106e-06
-6.99524e-06
-1.97185e-05
-4.91544e-08
-1.99541e-05
-7.63902e-08
-6.28899e-05
-3.11355e-07
-3.29268e-07
-4.50622e-05
-3.23603e-06
2.40004e-05
-7.20195e-06
0.000126299
-7.53736e-06
-4.85533e-05
-3.56518e-06
-6.53703e-05
-4.15743e-07
-4.06259e-07
2.02966e-05
-2.05965e-05
-9.69327e-08
-9.69496e-08
7.1077e-06
-7.20829e-06
3.67224e-05
-0.00841075
5.57709e-05
-6.47963e-06
-4.92004e-08
-1.3982e-07
-6.78109e-08
-0.0109667
7.47381e-05
-0.0135189
8.78002e-05
-0.015887
8.52099e-05
-0.0179082
6.10308e-05
-0.0194915
1.24797e-05
-0.0206244
-5.81159e-05
-0.0213673
-0.000147114
-0.0218111
-0.000243648
-0.022019
-0.000340975
0.0221113
-0.000252742
0.0220895
-0.000166177
0.0217861
-8.99292e-05
0.0211019
-2.60696e-05
0.0199247
1.8414e-05
0.0182122
4.54133e-05
0.0160131
5.82108e-05
0.0134728
6.0228e-05
0.0107885
6.12605e-05
0.00816482
6.06967e-05
0.00577437
5.89649e-05
0.00372895
4.91503e-05
0.00208954
3.16318e-05
0.000884495
-7.25749e-06
-7.33392e-06
-2.08558e-05
-5.21903e-08
-2.11087e-05
-7.6379e-08
-6.79533e-05
-2.97412e-07
-3.55828e-07
-5.19126e-05
-3.84375e-06
1.56745e-05
-7.75832e-06
0.000126679
-8.29519e-06
-5.45977e-05
-4.85199e-06
-7.06658e-05
-4.61494e-07
-3.91688e-07
2.14167e-05
-2.17355e-05
-9.69809e-08
-9.83439e-08
7.43087e-06
-7.52787e-06
5.43383e-05
-0.0109859
7.49068e-05
-1.89092e-07
-0.0135323
8.81698e-05
-0.0158854
8.62071e-05
-0.0178861
6.31482e-05
-0.0194447
1.42465e-05
-0.020556
-5.59042e-05
-0.0212807
-0.000144698
-0.0217169
-0.000241231
-0.0219237
-0.000338869
-0.021927
-0.000425968
0.022012
-0.000346863
0.0222054
-0.000260446
0.0221837
-0.000175471
0.0218717
-9.70412e-05
0.0211729
-3.39882e-05
0.0199771
1.22648e-05
0.0182453
4.03267e-05
0.016031
5.51422e-05
0.0134778
6.10751e-05
0.0107887
6.32022e-05
0.00816231
6.23143e-05
0.00577101
5.49977e-05
0.0037231
3.90428e-05
0.00208213
2.08458e-05
0.000879325
-7.58009e-06
-7.65649e-06
-2.19891e-05
-4.37591e-08
-2.22611e-05
-8.3915e-08
-7.37413e-05
-3.02424e-07
-4.66327e-07
-5.59464e-05
-6.4087e-06
1.39283e-05
-8.54832e-06
0.000130092
-8.79378e-06
-5.50592e-05
-9.18166e-06
-7.72209e-05
-8.80186e-07
-4.92011e-07
2.25589e-05
-2.29199e-05
-1.00456e-07
-9.38714e-08
7.75483e-06
-7.85183e-06
7.34346e-05
-0.0135465
8.90948e-05
-0.0158851
8.7846e-05
-0.0178649
6.50219e-05
-0.0193995
1.79875e-05
-0.0204878
-5.39844e-05
-0.0211953
-0.000141371
-0.0216214
-0.000240282
-0.021828
-0.000336981
-0.0218424
-0.000423528
-0.0216098
-0.000489826
0.0216737
-0.000429773
0.0220949
-0.000352816
0.0222978
-0.00026834
0.0222766
-0.000182666
0.0219573
-0.00010436
0.0212433
-4.10197e-05
0.0200304
5.94949e-06
0.0182797
3.59516e-05
0.0160502
5.26155e-05
0.0134863
6.1423e-05
0.0107904
6.31037e-05
0.00816152
5.91639e-05
0.00576685
4.66341e-05
0.00371551
2.93477e-05
0.00207362
1.87718e-05
0.000874475
-7.89559e-06
-7.9795e-06
-2.31663e-05
-5.61666e-08
-2.35247e-05
-1.08051e-07
-8.05415e-05
-9.48324e-07
-2.13922e-06
-5.34242e-05
-1.01833e-05
2.37953e-05
-9.99221e-06
0.000126201
-9.92374e-06
-5.26013e-05
-9.61668e-06
-8.07751e-05
-5.57131e-06
-3.37647e-06
2.38805e-05
-2.45484e-05
-2.12331e-07
-1.36256e-07
8.07337e-06
-8.17383e-06
8.81194e-05
-0.0158852
8.92034e-05
-0.0178447
6.7651e-05
-0.0193549
2.03916e-05
-0.0204197
-5.00149e-05
-0.0211085
-0.000140727
-0.0215231
-0.00023963
-0.0217305
-0.000337751
-0.0217545
-0.000424845
-0.0215436
-0.000489725
-0.0209812
-0.000521956
0.0210133
-0.000491264
0.0217352
-0.000435963
0.0221781
-0.000361312
0.0223907
-0.000276466
0.0223704
-0.000191251
0.0220442
-0.00011301
0.0213153
-4.82369e-05
0.0200846
-5.51775e-07
0.0183162
3.1403e-05
0.0160714
5.07157e-05
0.013497
5.92214e-05
0.0107943
5.96505e-05
0.00816103
5.16603e-05
0.00576182
3.81936e-05
0.00370666
2.75343e-05
0.00206485
2.89936e-05
0.000869268
-8.23003e-06
-8.33812e-06
-2.51848e-05
-3.11851e-07
-2.64958e-05
-8.27964e-07
-7.83807e-05
-6.47002e-06
-6.10778e-06
-5.44505e-05
-8.14373e-06
3.41563e-05
-1.09916e-05
0.000113995
-1.09707e-05
-5.72191e-05
-7.15584e-06
-7.96435e-05
-3.11068e-06
-5.24364e-06
2.77989e-05
-2.90323e-05
-4.33767e-06
-2.07334e-06
8.47437e-06
-8.68673e-06
9.03566e-05
-0.0178255
6.99979e-05
-0.0193109
2.36059e-05
-0.0203508
-4.86013e-05
-0.0210206
-0.000137997
-0.0214245
-0.000239288
-0.0216301
-0.000340026
-0.0216634
-0.000428811
-0.0214752
-0.000493298
-0.0209467
-0.000524241
-0.0199425
-0.000515074
0.0199356
-0.00052423
0.0210463
-0.000499583
0.0217988
-0.000445812
0.0222626
-0.000372364
0.0224866
-0.000285993
0.0224652
-0.000200049
0.0221312
-0.000121859
0.0213889
-5.66935e-05
0.0201407
-7.1941e-06
0.0183548
2.75729e-05
0.0160945
4.72198e-05
0.013509
5.51669e-05
0.0107988
5.43819e-05
0.00815831
4.66336e-05
0.00575338
3.74029e-05
0.00369678
3.65412e-05
0.0020573
4.25143e-05
0.000860894
-8.99852e-06
-9.82642e-06
-3.01592e-05
-5.34319e-06
-3.08309e-05
-5.4362e-06
-8.34829e-05
-2.715e-06
-1.58942e-06
-6.14772e-05
-6.73637e-06
4.08125e-05
-1.21745e-05
9.74401e-05
-1.21035e-05
-6.58535e-05
-6.5976e-06
-8.76616e-05
-1.20171e-06
-1.77615e-06
3.26794e-05
-3.3751e-05
-2.03906e-06
-3.39526e-06
1.18998e-05
-1.62374e-05
7.21052e-05
-0.0192662
2.53762e-05
-0.020282
-4.51862e-05
-0.0209325
-0.000136688
-0.0213245
-0.000238041
-0.021528
-0.000341422
-0.0215692
-0.000434294
-0.0214022
-0.000501842
-0.0209065
-0.000533471
-0.0199452
-0.000521538
-0.0184109
-0.000469137
0.0183649
-0.000517058
0.0199284
-0.000530873
0.0210776
-0.000509137
0.0218622
-0.000456986
0.0223472
-0.000382444
0.0225831
-0.0002969
0.022562
-0.000209061
0.0222184
-0.000129781
0.021462
-6.21543e-05
0.0201957
-1.20706e-05
0.0183945
2.19029e-05
0.0161198
4.22013e-05
0.013522
5.11335e-05
0.010802
4.93317e-05
0.00815561
4.4964e-05
0.00574581
4.38899e-05
0.00368942
4.93362e-05
0.00205046
5.2371e-05
0.000849331
-1.73598e-05
-4.2208e-06
-2.02836e-05
-2.51257e-06
-3.51676e-05
-1.29874e-06
-3.58539e-05
-9.03034e-07
-9.20166e-05
-1.32897e-06
-1.05361e-06
-7.14167e-05
-6.61497e-06
4.29789e-05
-1.32022e-05
8.1958e-05
-1.42959e-05
-7.7079e-05
-6.44249e-06
-9.61949e-05
-1.13004e-06
-1.29191e-06
3.68559e-05
-3.7465e-05
-5.92257e-07
-7.74196e-07
2.24832e-05
-2.39431e-05
-5.79571e-07
-1.19573e-06
2.80127e-05
-0.0202133
-4.32679e-05
-0.0208431
-0.000134546
-0.0212229
-0.000238243
-0.0214229
-0.00034312
-0.0214729
-0.00043773
-0.0213257
-0.000510765
-0.020863
-0.000545354
-0.019944
-0.000534617
-0.0184547
-0.000477675
-0.0163786
-0.000388098
0.0162976
-0.000470143
0.018318
-0.000526093
0.0199237
-0.000543005
0.0211114
-0.000522213
0.0219274
-0.00046833
0.0224331
-0.000392722
0.0226789
-0.000306842
0.0226598
-0.000219423
0.0223081
-0.000137908
0.0215377
-7.09571e-05
0.0202546
-1.80325e-05
0.0184344
1.70216e-05
0.016145
3.78577e-05
0.0135353
4.64667e-05
0.0108049
4.85364e-05
0.00815203
4.98038e-05
0.00573989
5.48808e-05
0.00368388
6.00799e-05
0.00204275
5.67374e-05
0.000835565
-4.22082e-06
-6.73343e-06
-2.49422e-05
-2.99597e-07
-2.56269e-05
-2.18401e-07
-3.826e-05
-5.34328e-07
-3.88118e-05
-5.02112e-07
-0.00010062
-1.14408e-06
-1.04692e-06
-8.4365e-05
-5.91822e-06
4.42938e-05
-3.25901e-05
7.02396e-05
-9.21767e-05
-6.48651e-06
-0.00010473
-1.17298e-06
-1.16186e-06
3.95557e-05
-4.01798e-05
-5.06693e-07
-5.48192e-07
2.62534e-05
-2.67018e-05
-1.44104e-07
-1.47764e-07
7.92916e-06
-8.50882e-06
-4.04672e-05
-0.0207548
-0.00013153
-0.0211211
-0.000236389
-0.0213161
-0.000345071
-0.0213721
-0.000443888
-0.0212433
-0.00052009
-0.0208138
-0.000559986
-0.0199359
-0.000553546
-0.0184932
-0.000496153
-0.0164582
-0.000398075
-0.0139312
-0.000283485
0.0138266
-0.000390441
0.0162179
-0.000482983
0.0182749
-0.000540163
0.0199208
-0.000556265
0.0211455
-0.000534257
0.0219933
-0.000479826
0.0225202
-0.000404346
0.0227764
-0.000315823
0.0227562
-0.000226549
0.0223967
-0.000145099
0.0216119
-7.67622e-05
0.0203133
-2.50847e-05
0.0184765
1.11919e-05
0.0161717
3.2749e-05
0.013549
4.40881e-05
0.0108094
5.05379e-05
0.0081513
5.73039e-05
0.00573747
6.40789e-05
0.00367987
6.54102e-05
0.00203407
5.65777e-05
0.000823282
-8.80848e-06
-9.02692e-06
-2.71346e-05
-1.01444e-07
-2.75105e-05
-1.26524e-07
-4.08603e-05
-4.64126e-07
-4.14083e-05
-4.9929e-07
-0.000108922
-1.11501e-06
-6.12097e-07
0.000112569
-8.30832e-07
-0.000235336
-1.17448e-06
4.23416e-05
-2.76389e-05
5.55394e-05
-2.84079e-06
4.2018e-05
-4.25822e-05
-6.09272e-07
-5.52307e-07
2.79529e-05
-2.83354e-05
-1.24842e-07
-1.05987e-07
9.17468e-06
-9.31879e-06
-0.000130033
-0.0210177
-0.000234873
-0.0212087
-0.000343742
-0.0212705
-0.000446701
-0.0211598
-0.000527448
-0.0207587
-0.000575147
-0.0199226
-0.000573186
-0.0185264
-0.000520277
-0.0165324
-0.00042192
-0.0140335
-0.000295788
-0.0112349
-0.000171417
0.0111228
-0.000288698
0.0137248
-0.000406118
0.016141
-0.000499257
0.018234
-0.000556149
0.0199207
-0.000571677
0.0211829
-0.000547512
0.022061
-0.000492617
0.0226085
-0.000413832
0.0228744
-0.000326162
0.0228558
-0.000236156
0.0224878
-0.000153582
0.0216887
-8.47886e-05
0.020373
-3.12684e-05
0.018519
6.13981e-06
0.0161983
2.90007e-05
0.0135641
4.40168e-05
0.0108159
5.51859e-05
0.00815341
6.36995e-05
0.00573785
6.89004e-05
0.00367638
6.41818e-05
0.00202647
5.16959e-05
0.000813923
-9.42032e-06
-9.54696e-06
-2.86979e-05
-1.01833e-07
-2.90826e-05
-1.14878e-07
-4.29126e-05
-7.84921e-07
-4.18272e-05
-1.69789e-06
-7.81897e-05
7.74562e-05
-3.63918e-08
-6.34723e-08
-1.89074e-06
-0.000258543
-2.54617e-06
-7.92688e-05
-4.77153e-08
-4.88381e-08
3.66129e-05
-2.60427e-05
4.49562e-05
3.27588e-05
2.07986e-08
8.12066e-09
2.95387e-05
-3.00445e-05
-1.03773e-07
-9.63196e-08
9.65295e-06
-9.778e-06
-0.000233663
-0.0210997
-0.000343954
-0.0211655
-0.00044867
-0.0210702
-0.000536282
-0.0206987
-0.00058741
-0.0199032
-0.000594633
-0.0185523
-0.000547354
-0.0165998
-0.000452838
-0.0141306
-0.000324805
-0.0113447
-0.00018599
-0.00850134
-6.76939e-05
0.00839762
-0.000181953
0.0110161
-0.000310646
0.0136294
-0.000428478
0.0160702
-0.000518882
0.0181967
-0.000572988
0.019922
-0.000585995
0.0212214
-0.00055974
0.0221281
-0.000502105
0.0226967
-0.000424644
0.0229729
-0.00033437
0.022954
-0.000244798
0.022579
-0.000162208
0.0217661
-9.18991e-05
0.0204336
-3.75572e-05
0.0185627
9.97135e-07
0.0162263
2.80324e-05
0.01358
4.61298e-05
0.0108249
5.92586e-05
0.00815785
6.7477e-05
0.00573927
6.71298e-05
0.00367343
5.77274e-05
0.00202044
4.29468e-05
0.000807592
-9.87994e-06
-9.9949e-06
-3.08308e-05
1.20613e-09
2.29967e-07
-9.97213e-06
9.93532e-06
-1.00358e-05
-8.10036e-05
-6.88617e-08
-8.79418e-08
-2.51146e-06
-0.000277674
-4.4033e-06
-8.33317e-05
-1.10056e-07
-1.09883e-07
-1.00837e-05
-1.01327e-05
2.93655e-05
-2.65766e-05
4.21712e-05
-9.94344e-06
9.96399e-06
1.00912e-05
-1.01951e-05
-0.000342021
-0.0210597
-0.000449743
-0.0209793
-0.000539574
-0.020635
-0.000600066
-0.0198781
-0.000612505
-0.0185724
-0.000574524
-0.016662
-0.000485188
-0.0142224
-0.000361034
-0.0114488
-0.000220665
-0.00860218
-8.51499e-05
-0.00593516
1.6729e-05
0.00585075
-8.45115e-05
0.00830018
-0.000211438
0.0109169
-0.000339093
0.01354
-0.000452641
0.016004
-0.000539072
0.0181628
-0.00058869
0.0199247
-0.00059818
0.0212598
-0.000570913
0.0221969
-0.00051287
0.022785
-0.000433311
0.0230718
-0.000343906
0.0230531
-0.000252465
0.0226693
-0.000168781
0.021843
-9.8103e-05
0.0204942
-4.30043e-05
0.0186067
-2.59483e-06
0.0162569
2.62047e-05
0.0136
4.69578e-05
0.0108372
6.069e-05
0.00816464
6.55672e-05
0.00574083
6.07412e-05
0.00367042
4.78541e-05
0.00201553
3.32954e-05
0.000803658
-1.0194e-05
-1.02016e-05
-1.02896e-05
-8.56403e-05
-7.67677e-08
-1.27485e-07
-6.9401e-06
-0.000282678
-1.46361e-05
-8.9676e-05
-1.33604e-07
-2.34938e-07
-1.03998e-05
-1.05099e-05
2.66393e-05
-2.65982e-05
4.2119e-05
-0.000448668
-0.0208858
-0.000543174
-0.0205671
-0.000607415
-0.0198494
-0.00062876
-0.0185881
-0.000596752
-0.0167202
-0.00051638
-0.0143099
-0.000397693
-0.0115485
-0.00026131
-0.00869597
-0.000126867
-0.00601218
-8.12991e-06
-0.00369842
7.22819e-05
0.00364287
-1.02231e-05
0.00577646
-0.000123503
0.00821225
-0.000246147
0.0108239
-0.000366686
0.013454
-0.000473097
0.015938
-0.000554422
0.0181285
-0.000601267
0.0199278
-0.00061033
0.0212993
-0.000581063
0.0222651
-0.00052149
0.0228731
-0.000440989
0.0231689
-0.000351309
0.023152
-0.0002603
0.0227608
-0.000176603
0.0219215
-0.000105469
0.0205566
-4.85715e-05
0.0186526
-5.44977e-06
0.0162886
2.56982e-05
0.0136212
4.6527e-05
0.0108514
5.74873e-05
0.00817272
5.92674e-05
0.00574231
5.0775e-05
0.0036675
3.82386e-05
0.00201059
3.0241e-05
0.000800059
-1.05869e-05
-1.07146e-05
-9.52543e-05
-3.22556e-07
-1.03979e-06
-1.78222e-05
-0.000278414
-1.30422e-05
-0.000101072
-2.69679e-06
-6.12309e-06
-1.08483e-05
-1.10834e-05
3.23597e-05
-2.67175e-05
3.64817e-05
-0.000542254
-0.0204975
-0.000612785
-0.0198167
-0.00064012
-0.0185991
-0.000617797
-0.0167733
-0.000543635
-0.0143951
-0.000431116
-0.0116459
-0.000300319
-0.00878678
-0.000170502
-0.00608176
-5.72804e-05
-0.00374179
3.52433e-05
-0.00189918
0.00187966
4.51461e-05
4.6665e-05
3.05748e-05
0.00360208
-5.92427e-05
0.0057122
-0.000162679
0.00812878
-0.000275542
0.0107328
-0.000389434
0.0133704
-0.000491369
0.0158749
-0.000568583
0.0180959
-0.000612738
0.0199302
-0.00061829
0.0213365
-0.000589084
0.0223327
-0.000529101
0.0229613
-0.000448817
0.0232664
-0.000358868
0.0232505
-0.000267156
0.0228513
-0.000183462
0.0219995
-0.000110893
0.020619
-5.33208e-05
0.0187005
-9.26506e-06
0.0163235
2.22436e-05
0.0136455
4.3423e-05
0.0108655
5.18206e-05
0.00818017
4.96635e-05
0.00574342
4.21972e-05
0.00366355
3.53528e-05
0.00200548
3.71939e-05
0.000795221
-1.1406e-05
-1.24458e-05
-0.00010369
-7.79133e-06
-7.41391e-06
-8.98466e-06
-0.000291265
-4.88379e-06
-0.000109728
-4.84939e-06
-2.15506e-06
-1.51427e-05
-2.1266e-05
3.82362e-05
-2.54071e-05
2.36414e-05
-0.000613769
-0.0197809
-0.000648576
-0.0186077
-0.000631498
-0.0168252
-0.000565831
-0.0144793
-0.0004595
-0.0117447
-0.000332254
-0.00888068
-0.000206411
-0.00615379
-9.84672e-05
-0.00378058
-1.84811e-05
-0.00190195
3.07194e-05
7.29778e-06
0.00187756
4.99543e-06
2.76781e-05
-0.000463157
0.000472091
3.62124e-05
-0.000456467
3.99757e-05
-2.31906e-05
0.00356603
-9.76338e-05
0.00564716
-0.000191534
0.00804478
-0.000298088
0.0106414
-0.0004069
0.0132859
-0.00050384
0.0158102
-0.000578961
0.0180621
-0.000620254
0.0199322
-0.000625233
0.0213726
-0.000594991
0.0223986
-0.000535711
0.0230481
-0.00045565
0.0233632
-0.000365438
0.0233488
-0.000274162
0.022942
-0.00018938
0.022078
-0.000117475
0.0206831
-5.81714e-05
0.0187494
-1.31644e-05
0.0163589
1.8021e-05
0.0136709
3.67217e-05
0.0108806
4.38809e-05
0.00818595
4.32595e-05
0.00574236
3.92311e-05
0.00365967
4.14951e-05
0.00200118
4.64594e-05
0.000787002
-2.36299e-05
-5.42764e-06
-2.77721e-05
-3.27198e-06
-0.000116351
-1.64922e-06
-7.12196e-07
-4.51403e-06
-0.000309052
-3.10881e-06
-0.000120015
-7.96499e-07
-4.24752e-07
-3.10468e-05
-1.57492e-06
-3.24927e-05
-7.0925e-07
4.14611e-05
-2.43604e-05
6.54503e-06
-0.00065067
-0.0186136
-0.000642668
-0.0168741
-0.000582595
-0.0145641
-0.000480978
-0.0118465
-0.00035769
-0.00897956
-0.000233373
-0.00623354
-0.000126654
-0.00382949
-4.956e-05
-0.00191366
1.86894e-06
-8.6395e-06
-0.000443554
1.78072e-05
-0.000440508
4.25289e-06
0.00186604
-1.11047e-05
-5.64687e-07
-0.000484405
0.000486633
2.7676e-06
1.53651e-05
-0.000209842
0.000226229
6.0764e-06
1.37498e-05
-0.000192781
9.31575e-06
1.35987e-05
-5.31566e-05
0.00352155
-0.000121522
0.00557715
-0.000211111
0.0079578
-0.000313663
0.0105482
-0.000418072
0.0132001
-0.000513652
0.0157449
-0.000584863
0.0180267
-0.000625788
0.0199327
-0.000631163
0.0214088
-0.000599917
0.0224628
-0.000540192
0.0231327
-0.000461477
0.0234593
-0.000371019
0.0234457
-0.000281309
0.023034
-0.000196508
0.022157
-0.000123149
0.0207481
-6.49885e-05
0.0188012
-1.96117e-05
0.0163966
1.1654e-05
0.013696
2.97764e-05
0.0108947
3.76227e-05
0.00819159
3.95055e-05
0.00574209
4.37315e-05
0.00365744
5.10411e-05
0.0019966
5.3534e-05
0.000774925
-5.42769e-06
-8.69973e-06
-3.38225e-05
-3.19537e-07
-3.43696e-05
-1.65011e-07
-0.000123718
-4.91698e-07
-3.20195e-07
-3.37569e-06
-0.000327187
-2.85291e-06
-0.000126059
-4.48069e-07
-3.20119e-07
-3.49728e-05
-1.93371e-07
-3.52587e-05
-1.39209e-07
-1.02747e-05
-1.0984e-05
4.26137e-05
-2.37386e-05
-1.23401e-05
-0.000647995
-0.0169231
-0.000593694
-0.0146478
-0.0004989
-0.0119502
-0.000377317
-0.00908399
-0.000253253
-0.00632164
-0.000145265
-0.00389061
-6.5521e-05
-0.00194405
-7.07705e-06
-1.20832e-05
-0.000437914
-7.23989e-07
-0.000443667
-2.88601e-06
-0.000179108
3.47568e-06
6.59794e-07
-0.000174918
-1.69773e-07
2.32449e-07
0.00183713
-1.4502e-05
-9.73903e-06
-0.000488111
0.0004821
-5.09245e-06
-2.04198e-06
-0.000238116
0.000241503
-8.13494e-07
1.95022e-07
3.20016e-06
2.77681e-07
-4.50138e-05
4.95576e-05
1.53272e-06
-3.54989e-05
4.23505e-06
2.91034e-05
-1.97875e-05
7.20316e-06
-6.70279e-05
0.00346706
-0.000134935
0.00550098
-0.000223136
0.00786728
-0.000323622
0.0104537
-0.000426334
0.0131128
-0.000518022
0.0156781
-0.00058978
0.0179907
-0.000629422
0.019931
-0.000633038
0.0214419
-0.000603845
0.0225265
-0.000544806
0.023216
-0.000465177
0.0235534
-0.000376738
0.0235411
-0.000286346
0.0231238
-0.000203751
0.0222376
-0.000129919
0.020813
-6.99962e-05
0.0188516
-2.6102e-05
0.0164343
4.52017e-06
0.0137212
2.3289e-05
0.010909
3.38406e-05
0.00819726
4.18145e-05
0.00574401
5.18204e-05
0.00365666
5.9259e-05
0.00199087
5.65779e-05
0.000760964
-1.13036e-05
-1.14686e-05
-3.57068e-05
-4.39376e-08
-3.59652e-05
-6.21044e-08
-0.000128775
-3.56372e-07
-3.04038e-07
-3.0538e-06
-0.000344974
-2.8992e-06
-0.000130892
-3.95116e-07
-3.42012e-07
-3.62958e-05
-1.1788e-07
-3.65055e-05
-1.10777e-07
-1.1662e-05
-1.18013e-05
4.19356e-05
-2.32861e-05
-3.0985e-05
-0.000601484
-0.0147309
-0.000510656
-0.0120565
-0.00039256
-0.00919316
-0.000268145
-0.00641701
-0.000157886
-0.00396156
-7.43149e-05
-0.00198668
-9.93143e-06
-1.29595e-05
-0.000447236
-3.50725e-06
-0.000455338
-3.98051e-06
-0.000175256
-1.27222e-07
-2.57647e-07
-0.000177839
-1.88775e-07
-1.14028e-07
-1.63118e-05
-1.56519e-05
1.54195e-05
-1.55891e-05
0.00179747
-1.493e-05
-1.24381e-05
-0.000477754
0.000469619
-6.36634e-06
-5.39327e-06
-0.000240661
0.000237262
-9.72058e-07
-7.19929e-07
-3.66077e-07
-8.34222e-07
-5.2856e-05
5.2257e-05
-2.14402e-07
-5.25819e-05
-7.89594e-08
5.23209e-05
4.36953e-07
1.67905e-08
-1.14382e-05
1.2971e-05
-7.20316e-06
-7.31605e-05
0.00340529
-0.000141903
0.00541975
-0.000229218
0.00777288
-0.000328815
0.0103562
-0.000430011
0.0130248
-0.000521518
0.0156098
-0.000591267
0.0179525
-0.000631178
0.0199291
-0.000636023
0.0214741
-0.00060573
0.0225874
-0.00054732
0.0232982
-0.000470144
0.0236468
-0.000381462
0.0236362
-0.000292622
0.0232127
-0.000208931
0.0223166
-0.000137793
0.0208808
-7.78505e-05
0.0189034
-3.26442e-05
0.0164715
-2.00795e-06
0.0137465
1.75371e-05
0.0109253
3.31388e-05
0.00820593
4.75483e-05
0.00574828
5.92461e-05
0.00365667
6.33147e-05
0.00198414
5.56794e-05
0.000747217
-1.18454e-05
-1.19076e-05
-3.68368e-05
-2.53977e-08
-3.70855e-05
-5.55581e-08
-0.000133328
-3.17192e-07
-3.01012e-07
-2.86937e-06
-0.000362405
-2.98812e-06
-0.000135473
-3.92175e-07
-3.63253e-07
-3.73699e-05
-1.10944e-07
-3.76023e-05
-1.10045e-07
-1.20256e-05
-1.21365e-05
3.91216e-05
-2.25284e-05
-4.75873e-05
-0.000517341
-0.0121643
-0.000402937
-0.00930626
-0.000279451
-0.0065181
-0.000167044
-0.00403957
-7.98674e-05
-0.00203644
-1.1227e-05
-1.33282e-05
-0.000461121
-4.14674e-06
-0.00046983
-4.25009e-06
-0.000180873
-2.11878e-07
-2.60428e-07
-0.000184519
-1.84267e-07
-1.49135e-07
-1.57163e-05
-1.59738e-05
1.60879e-05
-1.62765e-05
0.00175246
-1.47812e-05
-1.33659e-05
-0.000463186
0.00045475
-6.49326e-06
-6.00416e-06
-0.000233322
0.000228664
-9.01519e-07
-8.0582e-07
-6.51103e-07
-8.02212e-07
-5.08277e-05
5.00972e-05
-2.4144e-07
-5.13587e-05
-1.88734e-07
5.20143e-05
-1.23178e-07
-1.78617e-07
-1.33458e-05
1.31315e-05
-1.34248e-05
1.3408e-05
-7.5669e-05
0.00333906
-0.000145114
0.00533565
-0.000232486
0.00767656
-0.000330914
0.0102571
-0.000431159
0.0129345
-0.000522037
0.0155406
-0.000591105
0.0179125
-0.0006302
0.0199233
-0.00063503
0.0215034
-0.000605591
0.0226457
-0.000549955
0.023378
-0.000472983
0.0237383
-0.00038631
0.0237299
-0.000297898
0.0233016
-0.000216344
0.0223952
-0.000143685
0.0209467
-8.57676e-05
0.0189565
-4.09014e-05
0.0165104
-7.22788e-06
0.0137713
1.73227e-05
0.0109411
3.65874e-05
0.0082169
5.30987e-05
0.00575443
6.26201e-05
0.00365737
6.21894e-05
0.00197763
5.04098e-05
0.000735933
-1.21621e-05
-1.22177e-05
-3.78912e-05
-2.85955e-08
-3.81388e-05
-5.37455e-08
-0.000137731
-2.99084e-07
-3.12273e-07
-2.70462e-06
-0.000379138
-3.09273e-06
-0.000139961
-3.82453e-07
-3.77226e-07
-3.84191e-05
-1.12125e-07
-3.86697e-05
-1.12849e-07
-1.23288e-05
-1.24389e-05
3.27808e-05
-2.09874e-05
-5.93756e-05
-0.000409958
-0.00942106
-0.000288133
-0.00662353
-0.000174017
-0.00412269
-8.39188e-05
-0.00209063
-1.20547e-05
-1.36161e-05
-0.00047664
-4.41574e-06
-0.00048558
-4.38676e-06
-0.000188171
-2.32891e-07
-2.61424e-07
-0.000192081
-1.81369e-07
-1.579e-07
-1.64883e-05
-1.67487e-05
1.68978e-05
-1.7082e-05
0.001705
-1.44935e-05
-1.37101e-05
-0.000447492
0.000439147
-6.43491e-06
-6.10767e-06
-0.000224089
0.000219251
-8.49842e-07
-8.05181e-07
-6.82226e-07
-7.46989e-07
-4.83376e-05
4.76609e-05
-2.24629e-07
-4.8957e-05
-1.86307e-07
4.95893e-05
-1.43067e-07
-1.69866e-07
-1.2641e-05
1.23997e-05
-1.28297e-05
1.30084e-05
-7.64229e-05
0.00327038
-0.000146125
0.00524929
-0.000233186
0.00757883
-0.000331024
0.010157
-0.000430477
0.0128429
-0.000520432
0.0154699
-0.000589339
0.0178716
-0.00062841
0.0199167
-0.000633167
0.021531
-0.000605593
0.0227013
-0.000549407
0.0234544
-0.000474823
0.0238269
-0.000391263
0.0238233
-0.000305475
0.0233908
-0.000223825
0.0224753
-0.000152658
0.0210136
-9.37047e-05
0.0190093
-4.6761e-05
0.0165499
-1.05611e-05
0.0137992
1.69927e-05
0.0109607
3.8923e-05
0.00823107
5.42355e-05
0.00576282
6.04881e-05
0.00365908
5.48801e-05
0.00197316
3.96629e-05
0.000729048
-1.24676e-05
-1.25215e-05
-3.89395e-05
-2.94407e-08
-3.9193e-05
-5.87815e-08
-0.000142078
-2.71365e-07
-3.17033e-07
-2.43123e-06
-0.000394218
-3.47729e-06
-0.000144424
-3.56466e-07
-3.90893e-07
-3.94642e-05
-1.11496e-07
-3.97291e-05
-1.12551e-07
-1.26337e-05
-1.27466e-05
2.06745e-05
-1.7509e-05
-6.25482e-05
-0.00029341
-0.00673217
-0.00017949
-0.00420937
-8.73306e-05
-0.00214783
-1.27531e-05
-1.39575e-05
-0.000493022
-4.61127e-06
-0.000502125
-4.51212e-06
-0.000195987
-2.44231e-07
-2.64744e-07
-0.000200027
-1.81771e-07
-1.64423e-07
-1.73148e-05
-1.75761e-05
1.7734e-05
-1.79152e-05
0.00165656
-1.41833e-05
-1.37935e-05
-0.000431535
0.000423375
-6.3323e-06
-6.09719e-06
-0.000214544
0.000209728
-8.18458e-07
-7.99536e-07
-6.84686e-07
-7.15526e-07
-4.59052e-05
4.52678e-05
-2.12232e-07
-4.65299e-05
-1.80309e-07
4.71178e-05
-1.38974e-07
-1.59063e-07
-1.19005e-05
1.16759e-05
-1.20868e-05
1.22566e-05
-7.62816e-05
0.00320054
-0.000145887
0.005162
-0.000232799
0.00748061
-0.0003302
0.0100567
-0.000428098
0.0127506
-0.000516809
0.0153974
-0.000584446
0.0178277
-0.000623072
0.0199066
-0.000628453
0.0215539
-0.000602544
0.0227544
-0.000548998
0.0235286
-0.000477901
0.0239135
-0.00039406
0.0239119
-0.00030979
0.0234767
-0.00023027
0.0225529
-0.000159644
0.0210795
-9.98612e-05
0.0190624
-5.19449e-05
0.0165913
-1.40778e-05
0.0138303
1.63779e-05
0.0109833
3.92908e-05
0.00824602
5.15666e-05
0.00577175
5.2131e-05
0.00366182
4.11679e-05
0.00197166
2.21369e-05
0.000727589
-1.27761e-05
-1.28349e-05
-3.99737e-05
-2.7223e-08
-4.02345e-05
-5.65433e-08
-0.000146334
-2.12826e-07
-3.08795e-07
-2.60179e-06
-0.000403257
-5.8697e-06
-0.0001491
-3.23745e-07
-3.88874e-07
-4.0484e-05
-1.07344e-07
-4.07617e-05
-1.13536e-07
-1.29465e-05
-1.30591e-05
6.18724e-07
-9.74396e-06
-5.34174e-05
-0.000183316
-0.00429853
-9.03223e-05
-0.00220717
-1.35041e-05
-1.4487e-05
-0.000510071
-4.80567e-06
-0.00051934
-4.68681e-06
-0.000204114
-2.5425e-07
-2.69231e-07
-0.000208269
-1.84474e-07
-1.71195e-07
-1.81594e-05
-1.84241e-05
1.85885e-05
-1.87701e-05
0.00160791
-1.38777e-05
-1.37526e-05
-0.000415625
0.000407665
-6.22097e-06
-6.04329e-06
-0.000205007
0.000200261
-7.95564e-07
-7.89307e-07
-6.81782e-07
-6.94444e-07
-4.3535e-05
4.29217e-05
-2.0493e-07
-4.41581e-05
-1.76255e-07
4.47203e-05
-1.37132e-07
-1.53281e-07
-1.11977e-05
1.09855e-05
-1.13779e-05
1.1537e-05
-7.56772e-05
0.00313033
-0.000144895
0.0050741
-0.000230832
0.00738125
-0.000327194
0.00995582
-0.000424668
0.0126584
-0.000511263
0.0153242
-0.000578891
0.0177835
-0.000617034
0.0198952
-0.000622944
0.0215743
-0.000598603
0.022804
-0.00054763
0.0235983
-0.000477726
0.0239972
-0.000400298
0.0240024
-0.000317478
0.0235639
-0.000238884
0.0226322
-0.000167676
0.0211473
-0.000107921
0.0191184
-5.72308e-05
0.0166345
-1.7107e-05
0.0138637
1.37672e-05
0.0110088
3.46431e-05
0.00826295
4.32293e-05
0.00578065
3.8054e-05
0.00366494
2.20816e-05
0.00197172
-2.04108e-06
0.000730247
-1.30865e-05
-1.31432e-05
-4.09559e-05
-1.89432e-08
-4.12125e-05
-5.24973e-08
-0.000151133
-1.56417e-07
-4.13013e-07
-7.24749e-06
-0.000390434
-1.532e-05
-0.000155627
-3.90591e-07
-9.85285e-07
-4.14397e-05
-9.68122e-08
-4.17158e-05
-1.13245e-07
-1.32507e-05
-1.33644e-05
-2.61799e-05
9.46374e-06
-3.67044e-05
-9.24256e-05
-0.00226777
-1.44953e-05
-1.522e-05
-0.000527767
-5.07497e-06
-0.000537246
-5.00624e-06
-0.000212532
-2.64731e-07
-2.77239e-07
-0.000216847
-1.91143e-07
-1.7951e-07
-1.90242e-05
-1.92933e-05
1.94645e-05
-1.96488e-05
0.00155946
-1.35798e-05
-1.36484e-05
-0.000399878
0.00039211
-6.10831e-06
-5.96555e-06
-0.000195572
0.000190904
-7.74893e-07
-7.76846e-07
-6.7566e-07
-6.7868e-07
-4.12155e-05
4.06189e-05
-1.98725e-07
-4.18309e-05
-1.73711e-07
4.23755e-05
-1.35386e-07
-1.49751e-07
-1.05189e-05
1.03141e-05
-1.06951e-05
1.08484e-05
-7.48237e-05
0.00306027
-0.000143392
0.00498667
-0.000228585
0.00728264
-0.000323444
0.0098546
-0.000419135
0.0125663
-0.000505236
0.0152505
-0.000569609
0.017736
-0.000607622
0.0198799
-0.000615665
0.0215913
-0.00059274
0.0228492
-0.000546393
0.023667
-0.000480985
0.0240778
-0.000404337
0.0240892
-0.000325167
0.0236502
-0.000246432
0.0227109
-0.000175706
0.0212151
-0.000113271
0.0191744
-6.18302e-05
0.0166792
-2.03763e-05
0.0138979
9.03575e-06
0.0110344
2.56662e-05
0.00828052
2.82166e-05
0.00579049
1.89385e-05
0.00366808
-1.77053e-06
0.00197144
-2.98048e-05
0.000733875
-1.33835e-05
-1.34361e-05
-4.18642e-05
-8.36095e-09
-4.22162e-05
-6.13404e-08
-0.000158785
-1.0324e-06
-3.05721e-06
-1.398e-05
-0.000359774
-7.21552e-06
-0.000160101
-5.07662e-06
-8.92798e-06
-4.24653e-05
-1.41755e-07
-4.32015e-05
-2.49364e-07
-1.3533e-05
-1.36464e-05
-5.68568e-05
3.98606e-05
-1.9703e-05
-1.5349e-05
-1.50409e-05
-0.000546155
-5.58595e-06
-0.000555729
-5.64412e-06
-0.00022135
-2.80705e-07
-2.90672e-07
-0.000225947
-2.0924e-07
-1.98522e-07
-1.99135e-05
-2.01906e-05
2.03701e-05
-2.05611e-05
0.00151144
-1.32891e-05
-1.35116e-05
-0.00038434
0.000376757
-5.99458e-06
-5.87799e-06
-0.000186272
0.000181686
-7.5687e-07
-7.65139e-07
-6.68823e-07
-6.64171e-07
-3.89394e-05
3.83583e-05
-1.93628e-07
-3.95456e-05
-1.70441e-07
4.00773e-05
-1.33991e-07
-1.46921e-07
-9.85535e-06
9.65671e-06
-1.0029e-05
1.01787e-05
-7.38453e-05
0.00299072
-0.000141705
0.00489979
-0.000225815
0.00718501
-0.000319399
0.00975487
-0.000412762
0.0124738
-0.000495444
0.0151764
-0.000559052
0.0176875
-0.000596721
0.0198609
-0.000605688
0.0216043
-0.000586037
0.0228888
-0.000544171
0.0237302
-0.000482076
0.0241556
-0.000409504
0.0241736
-0.000331748
0.0237355
-0.00025502
0.0227902
-0.000183738
0.0212856
-0.000120493
0.0192331
-6.81724e-05
0.016727
-2.80241e-05
0.013935
-1.19799e-07
0.0110602
1.31365e-05
0.00829559
1.14275e-05
0.005798
-2.18352e-06
0.0036685
-2.66042e-05
0.00196825
-5.91438e-05
0.000736165
-1.36549e-05
-1.37164e-05
-4.3871e-05
-3.63074e-07
-4.58106e-05
-1.11782e-06
-0.000154908
-1.02291e-05
-8.94427e-06
3.193e-06
-0.000333845
1.07388e-05
-0.000153005
-6.61608e-06
-2.50296e-06
-4.77796e-05
-3.10781e-06
-4.99955e-05
-6.71231e-06
-1.38582e-05
-1.41077e-05
-8.69755e-05
6.94309e-05
-2.15716e-06
-0.00056363
-7.44578e-06
-0.000571381
-4.97924e-06
-2.30831e-06
-0.000230896
-3.1451e-07
-3.21363e-07
-0.000236142
-1.92443e-07
-2.04397e-07
-2.08416e-05
-2.11322e-05
2.13307e-05
-2.15397e-05
0.00146397
-1.301e-05
-1.33546e-05
-0.000369035
0.000361632
-5.88458e-06
-5.78925e-06
-0.00017712
0.000172618
-7.39631e-07
-7.52559e-07
-6.60763e-07
-6.50223e-07
-3.67051e-05
3.61374e-05
-1.88896e-07
-3.73022e-05
-1.6784e-07
3.78219e-05
-1.32225e-07
-1.44298e-07
-9.20544e-06
9.01191e-06
-9.37584e-06
9.52276e-06
-7.27613e-05
0.00292179
-0.000139504
0.00481348
-0.000222282
0.0070879
-0.0003135
0.00965561
-0.000403969
0.0123824
-0.000484026
0.0151013
-0.000545746
0.0176365
-0.000583519
0.0198388
-0.000594069
0.0216123
-0.000580548
0.0229252
-0.000542044
0.0237901
-0.000486512
0.0242326
-0.000415769
0.0242576
-0.000340471
0.023821
-0.000263548
0.02287
-0.000191718
0.0213568
-0.00012771
0.0192926
-7.53983e-05
0.0167744
-3.5961e-05
0.0139708
-1.16053e-05
0.0110849
-3.162e-06
0.00831019
-6.73061e-06
0.00580255
-2.3734e-05
0.00366563
-5.23253e-05
0.00196143
-8.79964e-05
0.000737187
-1.44709e-05
-1.55888e-05
-5.17484e-05
-8.47655e-06
-5.27269e-05
-7.9659e-06
-0.000150574
-6.51523e-07
1.41441e-06
1.75589e-05
-0.00030297
2.09973e-05
-0.000145011
2.03751e-06
3.13733e-06
-5.49224e-05
-4.42079e-06
-5.55457e-05
-1.87977e-06
-1.86967e-05
-2.54091e-05
-9.90247e-05
7.82475e-05
-0.000147288
-7.81475e-08
-9.62221e-05
2.32657e-09
-2.64411e-06
-2.95545e-06
-0.000157937
5.67018e-06
-0.00016133
1.08517e-06
-2.18541e-05
-2.21754e-05
2.23798e-05
-2.25719e-05
0.00141713
-1.27379e-05
-1.31892e-05
-0.000353974
0.000346738
-5.77291e-06
-5.69658e-06
-0.000168118
0.000163699
-7.24149e-07
-7.40288e-07
-6.51668e-07
-6.36913e-07
-3.45108e-05
3.39558e-05
-1.84377e-07
-3.50988e-05
-1.64476e-07
3.56072e-05
-1.30445e-07
-1.41783e-07
-8.56768e-06
8.37888e-06
-8.73545e-06
8.87975e-06
-7.16252e-05
0.00285391
-0.000137455
0.00472865
-0.000218049
0.00699245
-0.000306239
0.00955788
-0.000393429
0.0122918
-0.000469814
0.0150254
-0.000529066
0.017582
-0.000567207
0.0198119
-0.000583705
0.0216155
-0.000575209
0.0229583
-0.000543214
0.0238468
-0.000490919
0.0243077
-0.000424182
0.0243413
-0.000348012
0.0239054
-0.000273031
0.0229513
-0.000199613
0.0214287
-0.000136739
0.019354
-8.51783e-05
0.0168236
-4.70051e-05
0.0140062
-2.58584e-05
0.0111076
-1.83139e-05
0.00832177
-2.45236e-05
0.00580334
-4.43256e-05
0.00365764
-7.72202e-05
0.00195066
-0.000101756
-2.75964e-05
-6.2895e-06
-3.18943e-05
-3.66818e-06
-5.593e-05
-2.67339e-07
-5.51414e-05
6.25864e-07
-0.000136023
3.97301e-06
4.59827e-06
2.29373e-05
2.14055e-05
-0.000125538
5.03334e-06
5.47913e-06
-5.41706e-05
1.06653e-06
-5.25609e-05
1.52753e-06
-3.47866e-05
-1.52871e-06
-3.61714e-05
-4.95134e-07
-2.26499e-05
-8.94733e-05
-1.07813e-06
-2.26474e-05
-0.000163338
-6.36547e-07
-1.17053e-06
-8.86445e-05
2.56772e-07
0.001371
-1.24771e-05
-1.30163e-05
-0.000339156
0.000332087
-5.66753e-06
-5.6062e-06
-0.000159269
0.000154933
-7.0818e-07
-7.27934e-07
-6.41574e-07
-6.24861e-07
-3.23573e-05
3.18135e-05
-1.80053e-07
-3.29358e-05
-1.61619e-07
3.34333e-05
-1.29034e-07
-1.39297e-07
-7.94226e-06
7.75796e-06
-8.10669e-06
8.24848e-06
-7.04517e-05
0.00278691
-0.000134769
0.00464538
-0.000213447
0.00689966
-0.000297753
0.0094622
-0.000379236
0.0122012
-0.000451637
0.014948
-0.00051064
0.0175255
-0.000552243
0.0197804
-0.000573615
0.0216139
-0.000572046
0.0229872
-0.000545451
0.0239014
-0.000497456
0.024381
-0.000432477
0.0244258
-0.00035868
0.0239911
-0.000281301
0.023033
-0.000209348
0.0215013
-0.000146934
0.0194157
-9.53632e-05
0.0168719
-6.00924e-05
0.0140404
-3.91028e-05
0.0111284
-3.27331e-05
0.00832998
-4.10862e-05
0.0058001
-6.32331e-05
0.00364365
-9.0984e-05
-6.28953e-06
-9.95779e-06
-3.64596e-05
2.07306e-08
-3.60243e-05
1.90435e-07
-5.06669e-05
2.07879e-06
-4.84267e-05
2.35798e-06
-0.000114948
6.01831e-06
6.32857e-06
6.47516e-06
5.72982e-06
-4.59572e-05
2.56371e-06
-4.3293e-05
2.81478e-06
-3.52812e-05
3.23208e-07
-3.41832e-05
4.29348e-07
-1.14866e-05
-1.19818e-05
-2.37254e-05
-8.91447e-05
-1.36012e-07
-2.32976e-07
-2.34685e-05
0.00132561
-1.22174e-05
-1.2843e-05
-0.000324584
0.000317671
-5.56295e-06
-5.51283e-06
-0.000150572
0.000146314
-6.93073e-07
-7.15944e-07
-6.3257e-07
-6.12511e-07
-3.02422e-05
2.971e-05
-1.75795e-07
-3.08113e-05
-1.58796e-07
3.12992e-05
-1.27174e-07
-1.36888e-07
-7.32814e-06
7.14817e-06
-7.48969e-06
7.62899e-06
-6.92154e-05
0.00272135
-0.000131889
0.00456382
-0.000207176
0.00680908
-0.00028657
0.00936953
-0.000363096
0.0121126
-0.000431018
0.0148684
-0.000489842
0.0174631
-0.000536855
0.0197437
-0.000565673
0.0216075
-0.000570982
0.0230127
-0.000549769
0.0239537
-0.000503859
0.0244524
-0.000441693
0.0245088
-0.000368057
0.0240779
-0.000291452
0.0231151
-0.00021789
0.0215723
-0.000154419
0.0194748
-0.000104799
0.0169166
-7.05484e-05
0.0140719
-4.95278e-05
0.0111452
-4.4129e-05
0.00833303
-5.3054e-05
0.00578993
-7.4136e-05
-1.19611e-05
-1.17708e-05
-3.26953e-05
5.90705e-07
-3.09731e-05
6.35577e-07
-4.04957e-05
3.22087e-06
-3.76793e-05
3.51204e-06
-3.49484e-05
3.74415e-06
3.54569e-06
-2.91147e-05
7.05119e-07
-2.70853e-05
7.85267e-07
-1.14476e-05
-1.10184e-05
-2.36045e-05
0.00128103
-1.19585e-05
-1.2673e-05
-0.000310254
0.000303498
-5.46068e-06
-5.42539e-06
-0.000142026
0.000137846
-6.79152e-07
-7.02328e-07
-6.2346e-07
-6.01359e-07
-2.81655e-05
2.76441e-05
-1.714e-07
-2.87251e-05
-1.56095e-07
2.9203e-05
-1.25393e-07
-1.34532e-07
-6.72538e-06
6.54966e-06
-6.88414e-06
7.02103e-06
-6.78726e-05
0.00265734
-0.000128649
0.00448529
-0.000199381
0.00672189
-0.000272179
0.00927862
-0.000341682
0.0120233
-0.000408059
0.0147866
-0.000469737
0.017396
-0.000523586
0.0197016
-0.000560712
0.0215972
-0.000572931
0.0230359
-0.000557144
0.024007
-0.000514452
0.0245252
-0.00045177
0.0245925
-0.000379673
0.0241661
-0.000300246
0.0231975
-0.000229509
0.0216473
-0.000164837
0.0195348
-0.000115875
0.016962
-7.99197e-05
0.0141023
-5.97763e-05
0.0111609
-5.30015e-05
0.00833298
-6.10471e-05
-1.04277e-05
-9.79223e-06
-2.47956e-05
9.30868e-07
-2.23602e-05
1.07652e-06
-1.99448e-05
1.32861e-06
1.43713e-06
-9.08719e-06
-8.30201e-06
0.00123736
-1.17001e-05
-1.25033e-05
-0.000296164
0.000289566
-5.36e-06
-5.33874e-06
-0.000133625
0.000129521
-6.65209e-07
-6.90782e-07
-6.13845e-07
-5.90733e-07
-2.6127e-05
2.56151e-05
-1.67151e-07
-2.66753e-05
-1.53944e-07
2.71447e-05
-1.23939e-07
-1.31938e-07
-6.13377e-06
5.96247e-06
-6.2898e-06
6.42433e-06
-6.63722e-05
0.00259506
-0.000123951
0.00440986
-0.000188874
0.00663859
-0.000254018
0.00919095
-0.000317777
0.011933
-0.000384148
0.014701
-0.000453203
0.0173256
-0.000516554
0.0196574
-0.000562382
0.0215867
-0.000579843
0.0230586
-0.000566451
0.024059
-0.000524776
0.0245982
-0.00046153
0.0246743
-0.000386941
0.0242528
-0.000309686
0.0232777
-0.000236922
0.0217194
-0.000174393
0.0195933
-0.000121912
0.017004
-8.65699e-05
0.0141291
-6.43369e-05
0.0111722
-5.68751e-05
-7.37125e-06
-6.2948e-06
-4.96622e-06
0.00119475
-1.14244e-05
-1.23403e-05
-0.000282317
0.000275878
-5.26035e-06
-5.2539e-06
-0.000125367
0.000121338
-6.51845e-07
-6.78692e-07
-6.05104e-07
-5.79841e-07
-2.41234e-05
2.36217e-05
-1.6337e-07
-2.46627e-05
-1.51321e-07
2.51236e-05
-1.2218e-07
-1.29775e-07
-5.55272e-06
5.38563e-06
-5.70663e-06
5.83856e-06
-6.45241e-05
0.00253563
-0.000118092
0.00433908
-0.000174875
0.00655944
-0.00023095
0.00910412
-0.000291518
0.0118404
-0.000363553
0.0146113
-0.000442271
0.0172513
-0.000514706
0.0196097
-0.000566759
0.0215736
-0.000587553
0.0230797
-0.000576532
0.0241107
-0.000535852
0.0246725
-0.000473076
0.0247605
-0.000398435
0.0243415
-0.000319661
0.0233604
-0.000244283
0.0217893
-0.000179875
0.0196513
-0.000128873
0.0170463
-8.89642e-05
0.0141537
-6.44872e-05
0.00115353
-1.11221e-05
-1.21789e-05
-0.000268712
0.000262451
-5.16333e-06
-5.17448e-06
-0.000117251
0.000113298
-6.39224e-07
-6.67626e-07
-5.96548e-07
-5.69556e-07
-2.21551e-05
2.16631e-05
-1.59701e-07
-2.2685e-05
-1.48743e-07
2.31371e-05
-1.20496e-07
-1.27669e-07
-4.98243e-06
4.81912e-06
-5.13371e-06
5.26349e-06
-6.21112e-05
0.00247965
-0.000109459
0.00427366
-0.000156143
0.00648463
-0.000204748
0.00901735
-0.000267857
0.0117447
-0.000349697
0.0145188
-0.000439546
0.0171761
-0.000520315
0.0195633
-0.000576519
0.0215626
-0.000600017
0.0231031
-0.000587331
0.0241622
-0.000546481
0.0247459
-0.000481915
0.024844
-0.000406082
0.0244279
-0.00032832
0.0234444
-0.000252193
0.0218616
-0.000185874
0.0197083
-0.00013034
0.0170876
-8.88629e-05
0.00111419
-1.07564e-05
-1.20116e-05
-0.000255366
0.000249307
-5.06252e-06
-5.09327e-06
-0.000109271
0.000105392
-6.26916e-07
-6.56984e-07
-5.87802e-07
-5.60125e-07
-2.02201e-05
1.97373e-05
-1.562e-07
-2.07416e-05
-1.4608e-07
2.11855e-05
-1.18874e-07
-1.25661e-07
-4.42225e-06
4.2626e-06
-4.57098e-06
4.69864e-06
-5.84781e-05
0.00242867
-9.66098e-05
0.00421413
-0.000131633
0.00641152
-0.000177422
0.00892692
-0.000250792
0.0116458
-0.000345751
0.014425
-0.000445418
0.0171012
-0.000530698
0.0195175
-0.000587862
0.0215504
-0.000611121
0.0231269
-0.00060111
0.0242168
-0.000555516
0.0248195
-0.000491215
0.0249291
-0.000413017
0.0245126
-0.000332122
0.0235244
-0.000255782
0.0219315
-0.000184665
0.0197626
-0.00012955
0.00107778
-1.02512e-05
-1.18187e-05
-0.000242312
0.000236514
-4.95754e-06
-5.01687e-06
-0.00010143
9.76288e-05
-6.14826e-07
-6.46545e-07
-5.79887e-07
-5.50708e-07
-1.83177e-05
1.78436e-05
-1.52666e-07
-1.88306e-05
-1.43998e-07
1.92671e-05
-1.17565e-07
-1.23592e-07
-3.87204e-06
3.7159e-06
-4.01809e-06
4.14375e-06
-5.2426e-05
0.00238449
-7.74862e-05
0.00415998
-0.000103931
0.00633803
-0.000158503
0.00883463
-0.000246382
0.0115464
-0.000352437
0.014332
-0.000457451
0.017028
-0.000544072
0.0194737
-0.000601601
0.0215409
-0.000623794
0.0231496
-0.000609666
0.024271
-0.00056499
0.0248933
-0.000498663
0.0250147
-0.000420057
0.0246006
-0.000336695
0.0236053
-0.000256131
0.022003
-0.000186684
0.00104624
-9.37207e-06
-1.15094e-05
-0.000229631
0.000224216
-4.836e-06
-4.93564e-06
-9.37268e-05
9.001e-05
-6.02941e-07
-6.37461e-07
-5.73131e-07
-5.41595e-07
-1.64464e-05
1.59811e-05
-1.49431e-07
-1.69511e-05
-1.41751e-07
1.73799e-05
-1.16139e-07
-1.21833e-07
-3.33081e-06
3.17821e-06
-3.47477e-06
3.59837e-06
-4.1466e-05
0.00234847
-5.14434e-05
0.00410749
-8.10922e-05
0.00626062
-0.000153735
0.00874198
-0.000255829
0.0114498
-0.000368183
0.0142427
-0.000473374
0.0169573
-0.000559528
0.0194316
-0.000614935
0.021532
-0.000633993
0.023174
-0.000617842
0.0243238
-0.000574002
0.0249686
-0.000504057
0.0250987
-0.00042305
0.0246869
-0.000339174
0.0236883
-0.000257718
0.00102282
-7.31973e-06
-1.0727e-05
-0.000217541
0.00021282
-4.65077e-06
-4.83412e-06
-8.61756e-05
8.25616e-05
-5.9126e-07
-6.30357e-07
-5.68366e-07
-5.32712e-07
-1.4604e-05
1.41475e-05
-1.46307e-07
-1.51016e-05
-1.39801e-07
1.5523e-05
-1.14932e-07
-1.2013e-07
-2.79854e-06
2.64917e-06
-2.94026e-06
3.0621e-06
-2.15761e-05
0.0023186
-2.56065e-05
0.004052
-7.60935e-05
0.00618297
-0.000165614
0.00865176
-0.000274918
0.0113566
-0.000387534
0.0141569
-0.000490994
0.0168888
-0.000573778
0.0193905
-0.000625991
0.021524
-0.000643611
0.0231997
-0.000625292
0.0243751
-0.00057716
0.0250417
-0.000508883
0.0251846
-0.000426442
0.0247742
-0.000339511
0.00101053
-1.41411e-06
-7.87804e-06
-0.000206705
0.00020354
-4.15489e-06
-4.61151e-06
-7.88176e-05
7.53709e-05
-5.77271e-07
-6.26277e-07
-5.66123e-07
-5.23907e-07
-1.27875e-05
1.23398e-05
-1.43474e-07
-1.32796e-05
-1.38169e-07
1.36933e-05
-1.14123e-07
-1.18898e-07
-2.27437e-06
2.12813e-06
-2.41414e-06
2.53427e-06
5.96227e-06
0.00228703
-1.93733e-05
0.00399528
-9.22288e-05
0.00610959
-0.000189443
0.00856629
-0.000297075
0.0112661
-0.000406966
0.0140729
-0.000506814
0.0168218
-0.000586003
0.0193505
-0.000634747
0.0215152
-0.000649634
0.0232241
-0.000629751
0.0244277
-0.000580734
0.0251136
-0.0005091
0.0252672
-0.000426077
0.00100347
1.12028e-05
1.82222e-06
-0.000199351
0.000200004
-2.06706e-06
-3.68854e-06
-7.18367e-05
6.88572e-05
-5.50007e-07
-6.24898e-07
-5.67575e-07
-5.09708e-07
-1.09929e-05
1.05566e-05
-1.40819e-07
-1.14818e-05
-1.37352e-07
1.1888e-05
-1.14141e-07
-1.17688e-07
-1.757e-06
1.6136e-06
-1.89514e-06
2.01404e-06
1.39424e-05
0.00225371
-3.97905e-05
0.00394285
-0.000118857
0.006039
-0.000213628
0.00848284
-0.000318617
0.0111777
-0.000423693
0.0139897
-0.000520212
0.016756
-0.000594642
0.0193104
-0.000641172
0.0215067
-0.000652834
0.0232471
-0.000632276
0.0244792
-0.000581747
0.0251862
-0.000510151
0.000994674
9.04311e-06
1.36959e-05
-0.000200699
0.000204762
7.13971e-06
1.12749e-06
-6.6209e-05
6.52254e-05
-4.49131e-07
-6.33919e-07
-5.71355e-07
-4.68897e-07
-9.2237e-06
8.81328e-06
-1.39446e-07
-9.71156e-06
-1.36945e-07
1.01044e-05
-1.15242e-07
-1.16836e-07
-1.24449e-06
1.10374e-06
-1.38181e-06
1.49949e-06
-1.1062e-05
0.00222499
-6.84588e-05
0.00389245
-0.000143936
0.00596931
-0.00023499
0.00839921
-0.000335654
0.0110897
-0.000437313
0.0139068
-0.000529241
0.0166906
-0.000601328
0.0192705
-0.00064502
0.0214989
-0.000655311
0.0232702
-0.000632306
0.0245298
-0.00058039
0.000986602
-5.75075e-06
2.7605e-06
-0.000207968
0.000210975
6.03632e-06
1.04902e-05
-6.67288e-05
7.14578e-05
1.82098e-06
5.90101e-07
-4.4795e-07
7.21223e-08
-7.53838e-06
7.25665e-06
-1.67283e-07
-8.01571e-06
-1.56502e-07
8.36159e-06
-1.19574e-07
-1.22974e-07
-7.34782e-07
5.9541e-07
-8.71693e-07
9.8853e-07
-3.71655e-05
0.00219369
-9.06225e-05
0.00383913
-0.000162978
0.0058973
-0.00025118
0.00831474
-0.000348951
0.0110013
-0.000447469
0.0138251
-0.000536134
0.0166254
-0.000605053
0.0192306
-0.00064581
0.0214894
-0.00065414
0.023292
-0.000630856
0.000968747
-1.18239e-05
-7.48614e-06
-0.000213612
0.000211508
-3.64686e-06
1.24162e-07
-7.63689e-05
8.06059e-05
1.68867e-07
1.63072e-06
2.99848e-06
2.58074e-06
-7.88288e-06
9.34815e-06
3.55811e-07
-7.22601e-06
-6.66678e-08
6.97824e-06
-1.69439e-07
-1.75611e-07
-1.96426e-07
2.92122e-08
-3.52895e-07
4.75868e-07
-5.20641e-05
0.00215514
-0.000104581
0.00378074
-0.000176253
0.00582237
-0.000262721
0.00822851
-0.00035804
0.0109119
-0.000453432
0.0137424
-0.000538744
0.0165591
-0.00060488
0.0191896
-0.000643565
0.0214788
-0.000651395
0.000941101
-1.32591e-05
-1.11596e-05
-0.000209247
0.000203699
-6.27512e-06
-5.22543e-06
-8.18198e-05
8.03325e-05
-1.22933e-06
-9.30023e-07
-1.94841e-07
-8.94833e-07
-1.38934e-05
1.42204e-05
-1.58094e-07
-1.26041e-05
3.41559e-07
1.10639e-05
1.28283e-06
1.04046e-06
3.82431e-07
-2.65462e-08
3.15802e-07
-1.40192e-07
-5.93321e-05
0.00210988
-0.000113108
0.00371759
-0.00018466
0.00574431
-0.000270797
0.00814126
-0.000363855
0.0108223
-0.000456305
0.0136599
-0.000539187
0.0164934
-0.000601376
0.0191474
-0.000641042
0.000907505
-1.34219e-05
-1.23134e-05
-0.000198935
0.00019238
-6.70407e-06
-6.39552e-06
-7.74047e-05
7.36165e-05
-1.27925e-06
-1.20742e-06
-1.0765e-06
-1.22103e-06
-1.35554e-05
1.28919e-05
-5.65761e-07
-1.3962e-05
-5.23407e-07
1.43771e-05
-3.51481e-07
-4.79732e-07
-3.18131e-06
3.20895e-06
-1.85663e-07
-2.66387e-06
-1.75855e-07
1.4424e-06
-1.86098e-07
-1.81e-07
-6.28483e-05
0.00205963
-0.000118225
0.00365116
-0.000190876
0.00566439
-0.000276118
0.00805353
-0.000367902
0.0107339
-0.000458613
0.0135793
-0.000535698
0.0164277
-0.000600956
0.000870692
-1.33328e-05
-1.2703e-05
-0.00018663
0.000179882
-6.67374e-06
-6.56351e-06
-6.95722e-05
6.53151e-05
-1.23141e-06
-1.2154e-06
-1.15691e-06
-1.19428e-06
-1.09795e-05
1.02558e-05
-5.55474e-07
-1.16432e-05
-5.43664e-07
1.23321e-05
-5.1665e-07
-5.3216e-07
-2.28334e-06
1.86318e-06
-1.45536e-07
-2.67542e-06
-1.31289e-07
3.00297e-06
-1.45468e-07
-1.52169e-07
5.42943e-07
-7.28586e-07
3.67094e-07
-1.86095e-07
-6.48043e-05
0.0020062
-0.000121944
0.00358222
-0.000195542
0.00558381
-0.000280817
0.00796644
-0.000370817
0.0106461
-0.000455149
0.0134988
-0.000538518
0.000832083
-1.32882e-05
-1.29064e-05
-0.000173713
0.00016697
-6.5891e-06
-6.53397e-06
-6.10411e-05
5.67414e-05
-1.18596e-06
-1.18795e-06
-1.1419e-06
-1.1476e-06
-8.22714e-06
7.52521e-06
-5.29439e-07
-8.91819e-06
-5.24311e-07
9.60262e-06
-5.03711e-07
-5.0983e-07
-6.29414e-07
2.07526e-07
-1.3353e-07
-1.05688e-06
-1.16163e-07
1.45943e-06
-1.12872e-07
-1.29592e-07
1.15748e-06
-1.30299e-06
1.02621e-06
-8.7404e-07
-6.66166e-05
0.00195088
-0.000125983
0.00351266
-0.000200708
0.0055037
-0.000285119
0.00788074
-0.000370554
0.0105615
-0.000462772
0.000792184
-1.35086e-05
-1.32098e-05
-0.000160569
0.000153845
-6.56368e-06
-6.50535e-06
-5.24381e-05
4.81667e-05
-1.15417e-06
-1.1634e-06
-1.11794e-06
-1.11264e-06
-5.52644e-06
4.84836e-06
-5.07862e-07
-6.20995e-06
-5.04422e-07
6.86868e-06
-4.85347e-07
-4.88866e-07
9.96971e-07
-1.40029e-06
-1.26072e-07
5.81507e-07
-1.08818e-07
-1.92636e-07
-1.0352e-07
-1.20945e-07
1.66159e-06
-1.7951e-06
1.54544e-06
-1.41585e-06
-6.95556e-05
0.00189445
-0.000131673
0.00344363
-0.000207666
0.00542625
-0.000289344
0.00779953
-0.000383344
0.000750922
-1.43408e-05
-1.3952e-05
-0.000147218
0.000140422
-6.71159e-06
-6.5834e-06
-4.38559e-05
3.95849e-05
-1.14045e-06
-1.15202e-06
-1.1023e-06
-1.09228e-06
-2.88797e-06
2.22682e-06
-4.93008e-07
-3.56006e-06
-4.91292e-07
4.20048e-06
-4.70042e-07
-4.72224e-07
2.56204e-06
-2.94937e-06
-1.20501e-07
2.16127e-06
-1.03633e-07
-1.78744e-06
-9.81793e-08
-1.15029e-07
2.12836e-06
-2.25441e-06
2.01955e-06
-1.89861e-06
-7.51215e-05
0.0018379
-0.000140737
0.0033767
-0.000216805
0.00535371
-0.000306618
0.000707866
-1.64062e-05
-1.56594e-05
-0.000133407
0.00012633
-7.26409e-06
-6.9372e-06
-3.52051e-05
3.08293e-05
-1.16367e-06
-1.1718e-06
-1.10662e-06
-1.09697e-06
-2.86865e-07
-3.68053e-07
-4.85519e-07
-9.54882e-07
-4.83984e-07
1.58373e-06
-4.59191e-07
-4.63432e-07
4.07755e-06
-4.4541e-06
-1.16433e-07
3.68627e-06
-1.00001e-07
-3.32505e-06
-9.43521e-08
-1.11003e-07
2.57124e-06
-2.69173e-06
2.46762e-06
-2.35259e-06
-8.5032e-05
0.00178219
-0.000154236
0.00331413
-0.000237018
0.000662711
-2.06585e-05
-1.92197e-05
-0.00011857
0.000110828
-8.66431e-06
-7.89902e-06
-2.62111e-05
2.14865e-05
-1.27189e-06
-1.26731e-06
-1.16087e-06
-1.15818e-06
2.32979e-06
-2.99945e-06
-4.93996e-07
1.64826e-06
-4.90242e-07
-1.01615e-06
-4.58504e-07
-4.64858e-07
5.56268e-06
-5.93416e-06
-1.1401e-07
5.17636e-06
-9.7651e-08
-4.82122e-06
-9.20625e-08
-1.08293e-07
2.99708e-06
-3.11351e-06
2.89708e-06
-2.78608e-06
-0.000100133
0.00172809
-0.000174902
0.000615606
-2.74839e-05
-2.55439e-05
-0.000101685
9.26436e-05
-1.16176e-05
-1.00762e-05
-1.62679e-05
1.07086e-05
-1.57067e-06
-1.53418e-06
-1.33166e-06
-1.34881e-06
5.08521e-06
-5.81536e-06
-5.41728e-07
4.34745e-06
-5.29528e-07
-3.68098e-06
-4.79321e-07
-4.91696e-07
7.04954e-06
-7.42859e-06
-1.14891e-07
6.65776e-06
-9.84482e-08
-6.30088e-06
-9.17781e-08
-1.07969e-07
3.41151e-06
-3.52552e-06
3.31386e-06
-3.20557e-06
-0.000118022
-3.30341e-05
-3.1952e-05
-8.13688e-05
7.06509e-05
-1.67661e-05
-1.42692e-05
-4.20955e-06
-2.98242e-06
-2.26762e-06
-2.15797e-06
-1.75668e-06
-1.82054e-06
8.25106e-06
-9.14036e-06
-6.81359e-07
7.36387e-06
-6.46957e-07
-6.5946e-06
-5.52387e-07
-5.7954e-07
8.613e-06
-9.02978e-06
-1.24868e-07
8.19003e-06
-1.06541e-07
-7.81163e-06
-9.62767e-08
-1.13286e-07
3.8237e-06
-3.93858e-06
3.72526e-06
-3.61729e-06
-5.8793e-05
-2.25419e-05
-2.00941e-05
1.16856e-05
-2.1172e-05
-3.78361e-06
-3.49607e-06
-2.69377e-06
-2.87219e-06
1.23867e-05
-1.36274e-05
-1.0269e-06
1.11663e-05
-9.37569e-07
-1.01526e-05
-7.44469e-07
-8.06792e-07
1.04295e-05
-1.09533e-05
-1.57428e-07
9.91578e-06
-1.33248e-07
-9.46925e-06
-1.12899e-07
-1.32993e-07
4.25467e-06
-4.37952e-06
4.14814e-06
-4.03485e-06
3.17015e-05
-5.88427e-06
-5.63342e-06
-4.59272e-06
-4.97178e-06
1.85103e-05
-2.0434e-05
-1.85992e-06
1.6641e-05
-1.62671e-06
-1.51223e-05
-1.19876e-06
-1.3535e-06
1.28914e-05
-1.36744e-05
-2.43854e-07
1.21579e-05
-2.04043e-07
-1.15389e-05
-1.58786e-07
-1.87801e-07
4.75864e-06
-4.91604e-06
4.6254e-06
-4.49241e-06
2.74907e-05
-3.73552e-06
2.50704e-05
-3.21306e-06
-2.27624e-05
-2.26429e-06
-2.66375e-06
1.6852e-05
-1.8225e-05
-4.86929e-07
1.56178e-05
-3.92404e-07
-1.45975e-05
-2.75589e-07
-3.33221e-07
5.46663e-06
-5.71045e-06
5.26261e-06
-5.07481e-06
2.37862e-05
-1.68248e-06
2.1724e-05
-1.15087e-06
-1.9876e-05
-6.13258e-07
-8.15722e-07
6.71163e-06
-7.19855e-06
6.31924e-06
-5.98602e-06
9.77839e-06
8.62752e-06
-7.8118e-06
)
;

boundaryField
{
    inlet
    {
        type            calculated;
        value           nonuniform 0();
    }
    outlet
    {
        type            calculated;
        value           nonuniform List<scalar> 
55
(
0.000562571
0.00167121
0.00325201
0.00528411
0.00772281
0.0104821
0.013423
0.0163653
0.0191074
0.0214684
0.0233126
0.0245803
0.0252565
0.0253513
0.0248608
0.0237701
0.022074
0.0198198
0.0171283
0.0141781
0.0111798
0.0083288
0.00577684
0.0036268
0.00193989
0.00073992
1.86213e-05
-0.000269065
0.00550954
0.00846931
0.01113
0.0133524
0.014972
0.0158561
0.015927
0.0151942
0.0137331
0.0116929
0.00924968
0.00657922
0.00384382
0.00117914
-2.96394e-05
-0.000105748
-1.78363e-05
-3.52909e-06
0.000111949
0.000299492
0.00159491
-4.27256e-05
4.83009e-05
-1.14609e-05
-2.58393e-05
-3.27643e-05
0.000503463
)
;
    }
    wall
    {
        type            calculated;
        value           uniform 0;
    }
    front
    {
        type            empty;
        value           nonuniform 0();
    }
    back
    {
        type            empty;
        value           nonuniform 0();
    }
    vanem
    {
        type            calculated;
        value           uniform 0;
    }
    vaneu
    {
        type            calculated;
        value           uniform 0;
    }
    vanel
    {
        type            calculated;
        value           nonuniform 0();
    }
    procBoundary3to2
    {
        type            processor;
        value           nonuniform List<scalar> 
57
(
-0.0023298
1.5607e-05
-0.00438942
-0.00684226
-0.0095376
-0.0122716
-0.014815
-0.0169696
-0.0186163
-0.019744
-0.020426
-0.0207923
-0.0209531
-0.0209913
-0.0209141
-0.0206653
-0.0201448
-0.0192221
-0.0178073
-0.0158874
-0.0135612
-0.011005
-0.00842837
-0.00602677
-0.00394294
-0.00226725
-0.00104129
7.42985e-06
-0.000234344
-0.00143693
-0.00632209
4.70999e-05
-0.00900216
-0.0113802
-0.0133049
-0.0146319
-0.0152799
-0.0152171
-0.014471
-0.0131161
-0.0112627
-0.00903246
-0.00655913
-0.00396097
-0.00131962
-0.000581386
-9.00819e-05
-0.000165122
-9.99048e-05
-2.0439e-05
-6.85709e-06
-7.58063e-05
-0.00216139
-2.38373e-05
-2.56974e-07
-0.000448352
-0.000262612
)
;
    }
}


// ************************************************************************* //
