/*--------------------------------*- C++ -*----------------------------------*\
| =========                 |                                                 |
| \\      /  F ield         | OpenFOAM: The Open Source CFD Toolbox           |
|  \\    /   O peration     | Version:  v1912                                 |
|   \\  /    A nd           | Website:  www.openfoam.com                      |
|    \\/     M anipulation  |                                                 |
\*---------------------------------------------------------------------------*/
FoamFile
{
    version     2.0;
    format      ascii;
    class       surfaceScalarField;
    location    "440";
    object      phi;
}
// * * * * * * * * * * * * * * * * * * * * * * * * * * * * * * * * * * * * * //

dimensions      [0 3 -1 0 0 0 0];
oriented        oriented;


internalField   nonuniform List<scalar> 
7351
(
-3.56467e-06
0.00134722
-1.32732e-05
0.00413256
-2.80936e-06
0.00135003
-3.39246e-05
0.00695056
-1.35537e-05
0.0041433
-3.84529e-06
0.00135387
-6.14599e-05
0.00968825
-3.36154e-05
0.00697062
-1.42376e-05
0.00415369
-2.79228e-06
0.00135666
-9.49506e-05
0.012166
-6.04565e-05
0.00971509
-3.20744e-05
0.00698846
-1.15704e-05
0.00416247
-2.82791e-06
0.00135949
-0.000143483
0.0141818
-9.47873e-05
0.0122003
-5.59646e-05
0.00973898
-3.04127e-05
0.0070073
-1.1514e-05
0.00417115
-2.81284e-06
0.0013623
-0.000184868
0.0155124
-0.000136918
0.0142239
-9.18461e-05
0.0122362
-5.5561e-05
0.00976413
-2.59549e-05
0.00702174
-1.13513e-05
0.00417969
-1.8173e-06
0.00136412
-0.000236664
0.0160076
-0.00018603
0.0155615
-0.000132868
0.014265
-8.61212e-05
0.0122668
-4.58075e-05
0.00978398
-2.27727e-05
0.00703316
-9.36267e-06
0.00418723
-1.76598e-06
0.00136588
-0.00027674
0.0155682
-0.000230355
0.016052
-0.000177326
0.0156059
-0.000120633
0.0142995
-7.13311e-05
0.0122923
-4.15448e-05
0.00980275
-1.97706e-05
0.00704357
-7.30721e-06
0.00419277
-1.66628e-06
0.00136755
-0.000311072
0.0142461
-0.000279165
0.015617
-0.000218784
0.0160934
-0.000150729
0.015636
-9.96258e-05
0.0143278
-6.4038e-05
0.0123148
-3.72461e-05
0.00982023
-1.82629e-05
0.00705452
-6.436e-06
0.00419754
-1.72215e-06
0.00136927
-0.000335491
0.0121652
-0.000322755
0.0142897
-0.000258801
0.015657
-0.000186221
0.0161289
-0.000130021
0.0156664
-8.27366e-05
0.0143465
-5.22972e-05
0.0123298
-2.77748e-05
0.00982974
-1.53038e-05
0.00706339
-6.94836e-06
0.00420277
-1.74019e-06
0.00137101
-0.000343355
0.00952595
-0.000352005
0.0121945
-0.00027718
0.0143081
-0.000206189
0.015677
-0.000148243
0.0161471
-0.000104206
0.0156879
-6.92758e-05
0.0143634
-4.26117e-05
0.0123447
-2.73077e-05
0.00984174
-1.19538e-05
0.0070684
-4.34925e-06
0.00420538
-1.34132e-06
0.00137235
0.00654761
-0.000193732
-0.000114269
-0.000372558
0.00954651
-0.000286811
0.0122041
-0.000211568
0.0143135
-0.00015927
0.015688
-0.000112704
0.0161556
-7.88459e-05
0.0156975
-5.12103e-05
0.014372
-3.5641e-05
0.012353
-1.81445e-05
0.00984793
-1.20217e-05
0.00707607
-6.0683e-06
0.0042101
-7.16121e-07
0.00137306
0.00655307
-0.000177156
-0.00020086
-0.00215263
0.00211092
-0.000152014
-8.41682e-05
-0.000259711
0.00951941
-0.000190786
0.0121833
-0.000150832
0.014305
-0.000110091
0.0156854
-8.71639e-05
0.0161639
-6.48466e-05
0.0157111
-4.52723e-05
0.0143817
-3.07512e-05
0.0123656
-2.27639e-05
0.00985867
-1.15421e-05
0.00708154
-4.83662e-06
0.00421422
-1.45055e-06
0.00137451
0.00648318
-5.96811e-05
-0.000130137
-0.00209328
0.00206951
-0.000153384
-0.000183221
-0.00137942
0.00132153
-6.22991e-05
-3.1827e-05
-2.48936e-05
-0.000141112
0.00946973
-0.000119135
0.0121516
-9.51526e-05
0.0142901
-7.90801e-05
0.0156773
-6.23308e-05
0.0161614
-4.58244e-05
0.0157116
-3.94613e-05
0.0143904
-2.56343e-05
0.0123685
-1.7258e-05
0.00986439
-1.24039e-05
0.00708911
-5.61452e-06
0.00421838
-2.22991e-06
0.00137674
0.0063986
-1.07992e-05
-4.57353e-05
-0.00202119
0.00199784
-3.63277e-05
-8.1823e-05
-0.00130385
0.00125963
-3.89398e-05
-7.02247e-05
-8.31276e-05
-8.24186e-05
-0.000417626
0.000390581
-3.52545e-05
-0.000431518
-1.79348e-05
-9.68851e-06
-6.77978e-05
0.0094184
-6.50349e-05
0.0121215
-6.19554e-05
0.014273
-5.07268e-05
0.0156657
-4.33147e-05
0.0161589
-3.77042e-05
0.0157099
-3.18837e-05
0.0143966
-2.50891e-05
0.0123763
-2.1728e-05
0.00987371
-1.35037e-05
0.007097
-7.674e-06
0.00422383
-1.21228e-06
0.00137796
0.00634776
-4.59036e-07
-1.65027e-05
-0.00196929
0.00196468
-6.18966e-06
-1.71885e-05
-0.00120679
0.00117646
-7.97814e-07
-5.20374e-06
-2.19468e-05
-7.02981e-06
-0.000320978
0.000302014
-1.99762e-05
-0.000344238
-4.69648e-05
0.00036539
-5.79371e-05
-6.12661e-05
-0.000238857
0.000213363
-9.76131e-06
-0.00025289
-3.90115e-06
-1.63093e-06
-3.49894e-05
0.00938835
-3.85503e-05
0.0120981
-3.70232e-05
0.0142593
-3.79492e-05
0.0156604
-3.19732e-05
0.0161532
-3.35216e-05
0.0157115
-2.63759e-05
0.0143979
-2.87113e-05
0.0123833
-2.11006e-05
0.00988131
-1.55219e-05
0.00710484
-7.44271e-06
0.00423006
-2.88823e-06
0.00138084
0.00631561
4.02841e-06
-6.86273e-06
-0.00195163
0.0019522
-1.03262e-06
-3.45133e-06
-0.00116073
0.00115454
1.05004e-06
-1.0475e-06
-1.79056e-06
3.30672e-07
-0.000277133
0.000276738
-4.03311e-07
-0.000281836
-5.00408e-07
0.000286754
-6.68642e-06
-2.11233e-06
-0.000108178
8.82021e-05
-0.000155143
0.000176102
-2.06761e-05
-4.03068e-05
-7.07442e-05
6.09829e-05
-7.46454e-05
-1.45937e-05
0.00936439
-2.35084e-05
0.0120846
-2.47292e-05
0.014246
-2.24305e-05
0.0156508
-2.92234e-05
0.0161489
-2.58832e-05
0.015711
-3.69646e-05
0.0144062
-3.37251e-05
0.0123959
-2.72093e-05
0.009893
-1.85974e-05
0.007116
-1.03583e-05
0.00423753
-1.96092e-06
0.0013828
0.00630155
3.67863e-06
-4.21132e-06
-0.00194604
0.00194918
8.87025e-07
-7.00989e-07
-0.0011511
0.00114979
2.59758e-07
2.51772e-08
-5.00393e-07
4.82083e-07
-0.000274259
0.000275105
2.03316e-07
-0.000275452
1.45911e-07
0.000274989
-4.08888e-08
-1.32876e-07
-7.89029e-05
7.84995e-05
-7.94033e-05
8.15156e-05
4.03068e-05
-6.17246e-06
0.00934706
-6.73577e-06
0.0120666
-1.24988e-05
0.0142361
-2.00409e-05
0.0156416
-2.53809e-05
0.0161484
-3.70161e-05
0.0157111
-3.42348e-05
0.0144067
-3.68319e-05
0.0124055
-3.09315e-05
0.00990533
-2.02999e-05
0.00712594
-1.07727e-05
0.00424634
-2.66208e-06
0.00138546
0.00629438
1.90135e-06
-9.05202e-07
-0.00194504
0.00194811
6.04521e-07
-6.93207e-08
-0.00114877
0.00114955
-1.59637e-07
2.71337e-07
-8.75399e-08
4.01858e-07
-0.00027501
0.000275204
6.56251e-08
-0.000275122
1.37024e-07
0.00027483
-2.25205e-07
1.89975e-07
-7.84717e-05
7.8675e-05
-7.83258e-05
7.84586e-05
-1.48698e-07
0.00934047
-6.38425e-06
0.0120605
-1.08234e-05
0.0142269
-1.47918e-05
0.015631
-2.7768e-05
0.0161391
-4.11328e-05
0.015718
-5.07991e-05
0.0144206
-4.38506e-05
0.0124185
-3.66533e-05
0.00992168
-2.57284e-05
0.00714089
-1.12304e-05
0.00425491
-3.42815e-06
0.00138889
0.00629161
1.9912e-06
6.24158e-07
-0.00194734
0.00194787
1.3716e-06
-1.34408e-07
-0.00114893
0.00114954
1.40754e-07
-1.47577e-07
2.12558e-07
3.33392e-07
-0.000275744
0.00027555
3.44576e-08
-0.000275429
-4.35183e-08
0.000275105
1.11699e-08
7.83807e-08
-7.87767e-05
7.88423e-05
-7.86397e-05
7.84497e-05
-3.22091e-07
0.00933441
4.32345e-07
0.0120492
-6.2202e-06
0.0142183
-2.53987e-05
0.0156287
-3.88447e-05
0.0161368
-4.98929e-05
0.0157171
-5.86016e-05
0.0144354
-5.77713e-05
0.0124396
-4.66507e-05
0.0099426
-2.72169e-05
0.00715688
-1.12867e-05
0.00426276
-2.36693e-06
0.00139126
0.00628889
1.91406e-06
4.85078e-07
-0.00194825
0.00194879
1.45173e-06
2.49224e-07
-0.00114868
0.00115012
2.53486e-07
-3.19255e-07
3.32897e-07
3.91509e-07
-0.000275713
0.000275896
-4.25706e-08
-0.00027602
1.59649e-07
0.00027581
-4.81585e-08
1.23268e-07
-7.88883e-05
7.89228e-05
-7.89319e-05
7.88535e-05
5.52562e-06
0.00932932
6.80779e-07
0.0120423
-1.01139e-05
0.014203
-2.46919e-05
0.0156145
-4.95241e-05
0.0161365
-6.68339e-05
0.0157253
-7.22849e-05
0.0144499
-6.79255e-05
0.0124609
-4.96389e-05
0.00996503
-2.96681e-05
0.00717526
-1.43023e-05
0.0042747
-3.08099e-06
0.00139434
0.00628991
2.493e-06
2.01968e-06
-0.00194835
0.00194997
2.96218e-07
9.2047e-07
-0.00115041
0.00115133
1.96818e-07
3.29927e-07
-3.09641e-07
2.73222e-07
-0.000276283
0.000276496
4.00747e-08
-0.000276745
1.43037e-07
0.000276215
1.39247e-08
-1.38467e-07
-7.91575e-05
7.91149e-05
-7.89979e-05
7.88746e-05
2.28479e-06
0.00932771
-2.66495e-06
0.0120349
-1.93977e-05
0.0141977
-4.2687e-05
0.0156077
-6.95734e-05
0.0161392
-9.10458e-05
0.0157441
-9.60904e-05
0.0144781
-7.91818e-05
0.0124904
-5.44802e-05
0.00998984
-3.01309e-05
0.00719109
-1.22506e-05
0.00428387
-3.39858e-06
0.00139774
0.00628981
3.88338e-07
1.99257e-06
-0.00195069
0.00195203
1.15403e-06
1.29842e-06
-0.00115208
0.00115194
2.6079e-07
1.79818e-07
-1.55817e-07
3.24391e-07
-0.0002766
0.000277041
-2.44642e-07
-0.00027643
1.60219e-07
0.000276256
-6.96772e-08
9.96914e-08
-7.91334e-05
7.91735e-05
-7.89904e-05
7.91289e-05
2.14777e-06
0.0093229
-5.90219e-06
0.0120214
-2.3007e-05
0.0141781
-5.86221e-05
0.0155967
-9.06074e-05
0.0161388
-0.000111025
0.015759
-0.000106582
0.0145055
-8.61672e-05
0.0125221
-5.93791e-05
0.0100191
-3.2824e-05
0.00721166
-1.35641e-05
0.00429403
-2.85957e-06
0.0014006
0.00628803
1.97547e-06
1.95403e-06
-0.00195381
0.00195284
1.35456e-06
2.14474e-07
-0.00115318
0.00115434
-2.84721e-07
2.75918e-07
-2.7484e-07
3.31239e-07
-0.000277149
0.000277381
2.93429e-08
-0.000277063
9.38403e-08
0.000276884
1.14234e-09
1.45123e-07
-7.93637e-05
7.91191e-05
-7.92035e-05
7.91038e-05
-1.78283e-07
0.00931718
-1.33162e-05
0.0120117
-4.54427e-05
0.0141649
-8.76948e-05
0.0155938
-0.000128094
0.0161558
-0.000138027
0.0157904
-0.000128956
0.0145483
-9.53487e-05
0.0125581
-5.90117e-05
0.0100453
-3.19698e-05
0.00723007
-1.14507e-05
0.00430262
-1.94228e-06
0.00140254
0.00628548
4.9288e-07
1.87245e-06
-0.00195392
0.0019555
4.03149e-07
8.6915e-07
-0.00115388
0.00115525
-1.75507e-07
1.59976e-07
3.2549e-07
3.54057e-07
-0.000277492
0.000277471
-2.64083e-07
-0.00027732
1.03891e-07
0.000277098
8.19122e-09
1.08785e-07
-7.93592e-05
7.93885e-05
-7.92653e-05
7.91202e-05
-2.42694e-06
0.00930629
-2.39496e-05
0.0119902
-6.98322e-05
0.014147
-0.000126225
0.0155919
-0.000162803
0.0161806
-0.000170206
0.0158317
-0.000135719
0.0145886
-9.83099e-05
0.0125974
-6.07314e-05
0.010074
-2.85032e-05
0.00724712
-1.09835e-05
0.00431167
-1.794e-06
0.00140433
0.00628054
5.6587e-07
1.94993e-06
-0.00195622
0.00195633
3.86435e-07
1.15007e-06
-0.0011556
0.00115604
1.61221e-07
-2.05005e-07
3.4496e-07
1.7514e-07
-0.000278047
0.00027784
3.16593e-08
-0.000277947
6.06399e-08
0.000277769
2.79515e-08
1.75297e-07
-7.96093e-05
7.93452e-05
-7.95055e-05
7.93967e-05
-8.51761e-06
0.00929086
-4.5202e-05
0.0119656
-0.000109419
0.0141302
-0.000170448
0.0155996
-0.000205097
0.0162155
-0.000182828
0.0158788
-0.000142634
0.014633
-9.59312e-05
0.0126326
-5.14931e-05
0.010097
-2.41112e-05
0.00726025
-8.7692e-06
0.00431864
-1.44451e-06
0.00140578
0.00627089
-8.014e-07
1.93057e-06
-0.00195728
0.00195746
3.89277e-07
9.90873e-07
-0.00115655
0.00115701
2.65632e-07
-3.37162e-07
3.33934e-07
3.06396e-07
-0.000277947
0.00027835
-2.41962e-07
-0.000278239
8.66382e-08
0.000278121
6.35644e-08
5.74783e-08
-7.96091e-05
7.96408e-05
-7.95485e-05
7.93732e-05
-1.77742e-05
0.00926343
-7.66911e-05
0.0119328
-0.000161581
0.0141213
-0.000228621
0.0156231
-0.00023027
0.016263
-0.000196588
0.0159328
-0.000142159
0.0146792
-8.60314e-05
0.0126671
-4.67672e-05
0.0101197
-2.06603e-05
0.00727214
-5.8212e-06
0.00432302
-3.88505e-07
0.00140616
0.0062536
-2.51308e-06
2.02889e-06
-0.00195812
0.00195721
1.05501e-07
1.26966e-06
-0.00115793
0.00115783
1.54708e-07
3.35152e-07
3.47995e-07
-2.7623e-07
-0.000278396
0.000278688
-2.55298e-08
-0.000278819
8.50094e-08
0.000278625
5.88188e-08
1.1299e-07
-7.98484e-05
7.96065e-05
-7.97618e-05
7.97043e-05
-3.8481e-05
0.00922522
-0.000130432
0.0119017
-0.000234484
0.0141272
-0.000275479
0.0156683
-0.000248711
0.0163151
-0.000187812
0.0159784
-0.000126261
0.0147194
-7.31935e-05
0.0126935
-3.87765e-05
0.0101378
-1.70701e-05
0.00728339
-3.46096e-06
0.00432609
-2.3036e-07
0.0014064
0.00622147
-8.37557e-06
2.02938e-06
-0.00195892
0.00195621
1.90744e-07
3.25676e-07
-0.00115892
0.00115904
-1.47387e-07
1.31505e-07
3.08613e-07
-1.27516e-07
-0.000279048
0.000279134
6.88854e-08
-0.000278569
-1.43944e-07
0.000278966
6.98412e-08
1.20528e-07
-7.98633e-05
7.98377e-05
-7.97783e-05
7.96653e-05
-7.69515e-05
0.00917174
-0.000208156
0.0118754
-0.000299172
0.0141509
-0.000296149
0.0157158
-0.000234449
0.0163617
-0.00016895
0.0160211
-0.000107318
0.0147535
-6.33072e-05
0.012718
-3.246e-05
0.0101532
-9.9098e-06
0.00728984
-2.65448e-06
0.00432851
7.77265e-07
0.00140562
0.00616421
-1.88563e-05
-8.37552e-07
-0.00195778
0.0019511
-1.69558e-06
4.6777e-07
-0.00115889
0.00115904
-2.90513e-07
3.31387e-07
3.13711e-07
1.63758e-07
-0.000279275
0.000279119
7.95354e-09
-0.00027926
1.16734e-07
0.000279433
9.61918e-09
4.51582e-08
-7.98842e-05
7.9953e-05
-8.00281e-05
7.99076e-05
-0.000146556
0.00911014
-0.000309843
0.011886
-0.000341523
0.0141963
-0.000284371
0.0157657
-0.000209198
0.016402
-0.000141222
0.016055
-8.72404e-05
0.0147775
-4.79716e-05
0.0127336
-1.9904e-05
0.0101632
-5.99736e-06
0.00729318
1.33267e-06
0.00432796
1.16623e-06
0.00140445
0.0060746
-4.62874e-05
-1.06573e-05
-0.00195183
0.00193713
-4.15769e-06
-1.57181e-06
-0.00115928
0.00115755
-1.06005e-07
1.44578e-07
3.19513e-07
-9.65757e-08
-0.000279943
0.000279592
5.97722e-08
-0.000279479
-1.32163e-07
0.00027942
1.25922e-08
1.05174e-07
-8.01245e-05
8.01325e-05
-8.00078e-05
7.99626e-05
-0.000277841
0.00907813
-0.000369787
0.0119143
-0.000318376
0.0142303
-0.000237698
0.0157942
-0.000169036
0.0164298
-0.00010745
0.0160752
-6.40717e-05
0.0147936
-3.41221e-05
0.0127478
-1.15084e-05
0.0101687
-1.2072e-06
0.00729572
2.92826e-06
0.0043262
1.51506e-06
0.00140294
0.00597299
-0.000122075
-5.41568e-05
-0.00193377
0.00190373
-1.62466e-05
-7.29281e-06
-0.00115591
0.00115168
-2.3455e-07
3.13412e-07
3.1025e-07
-2.47381e-07
-0.00027977
0.000279857
-1.93019e-07
-0.000279744
1.19333e-07
0.000279895
1.69674e-08
5.367e-08
-8.0118e-05
8.01778e-05
-8.02502e-05
8.0145e-05
-0.000386373
0.00909472
-0.00033712
0.011933
-0.000252623
0.0142452
-0.000183104
0.0158083
-0.000123417
0.0164457
-8.01009e-05
0.0160912
-4.26503e-05
0.0148021
-1.74257e-05
0.0127537
-4.95347e-06
0.0101724
2.89369e-06
0.00729575
3.46463e-06
0.00432425
2.81846e-06
0.00140012
0.0059677
-0.00020983
-0.000171258
-0.00187937
0.00182087
-6.35762e-05
-2.97991e-05
-0.00114458
0.00112977
-1.55745e-06
1.17489e-07
3.70072e-07
-5.66387e-07
-0.000280048
0.000279744
6.99316e-08
-0.0002798
6.50988e-08
0.000280152
1.43782e-08
1.0511e-07
-8.03678e-05
8.01747e-05
-8.02484e-05
8.01948e-05
-0.000334053
0.00909165
-0.000238919
0.0119193
-0.000174905
0.014237
-0.000128831
0.0158137
-8.85332e-05
0.0164542
-5.58435e-05
0.0161044
-2.97146e-05
0.0148144
-1.08143e-05
0.0127596
3.67176e-06
0.0101717
6.41805e-06
0.0072928
7.07326e-06
0.00431999
3.37789e-06
0.00139674
0.00591211
-9.79675e-05
-0.000180494
-0.00178353
0.00175158
-0.000177882
-0.000133916
-0.00110405
0.00105335
-1.08995e-05
-1.96771e-06
-4.33506e-07
-3.64596e-06
-0.000279554
0.000278244
-2.47238e-07
-0.000279607
1.70477e-07
0.000280061
5.29217e-08
-1.12518e-07
-8.03593e-05
8.04292e-05
-8.02942e-05
8.01891e-05
-0.000182861
0.0090356
-0.000146765
0.0118912
-0.000116411
0.0142246
-8.39318e-05
0.0158091
-5.73084e-05
0.0164556
-3.17094e-05
0.0161064
-1.39151e-05
0.0148175
-3.14708e-07
0.0127635
7.81559e-06
0.0101703
1.28869e-05
0.00728699
9.99296e-06
0.00431338
3.79397e-06
0.00139295
0.00580932
-1.78544e-05
-6.2217e-05
-0.00170692
0.00166673
-5.77722e-05
-0.000135839
-0.000972106
0.000924663
-6.65192e-05
-6.39198e-05
-1.45753e-05
-3.81013e-05
-0.000273218
0.00026413
-1.81224e-06
-0.000274595
-5.90746e-07
0.000278019
-2.09213e-07
-2.21362e-07
-8.05401e-05
8.02928e-05
-8.03696e-05
8.04821e-05
-8.52514e-05
0.00897408
-8.11661e-05
0.0118559
-6.90241e-05
0.0142097
-5.21017e-05
0.0158039
-3.35366e-05
0.0164575
-1.52199e-05
0.0161077
-5.51711e-07
0.0148177
1.19586e-05
0.0127594
1.58063e-05
0.0101673
1.4475e-05
0.0072825
9.50882e-06
0.00430766
4.81502e-06
0.00138813
0.00574226
1.51804e-07
-1.83402e-05
-0.00162755
0.00161687
-7.18201e-06
-2.3034e-05
-0.000857592
0.000807919
-1.3531e-06
-6.74624e-06
-4.90448e-05
-1.9724e-05
-0.000184346
0.000158474
-4.0647e-05
-0.000225733
-2.25332e-05
0.000253624
-4.06893e-06
-1.02101e-05
-7.92715e-05
7.74592e-05
-7.98622e-05
8.00836e-05
-4.03519e-05
0.00893327
-4.28205e-05
0.0118297
-3.81001e-05
0.0141957
-2.89712e-05
0.0157993
-1.58048e-05
0.016458
-2.88431e-06
0.0161101
1.29451e-05
0.0148167
1.58471e-05
0.0127594
2.06564e-05
0.0101612
1.75309e-05
0.00727448
1.35896e-05
0.00429889
5.06463e-06
0.00138307
0.00570587
3.29736e-06
-7.25845e-06
-0.00160219
0.0016027
-3.57448e-07
-3.65372e-06
-0.00078559
0.0007784
2.83181e-07
-2.74816e-07
-7.3118e-07
2.65267e-08
-8.29588e-05
8.16057e-05
-8.9705e-05
0.000109429
-4.0647e-05
-6.31802e-05
7.33903e-05
-1.79647e-05
0.00890841
-2.16836e-05
0.0118133
-1.83669e-05
0.0141851
-7.34854e-06
0.0157908
5.09131e-07
0.0164547
1.27459e-05
0.0161103
1.58752e-05
0.0148167
2.52943e-05
0.0127547
2.48816e-05
0.0101538
2.31793e-05
0.00726489
1.56634e-05
0.00428829
5.87648e-06
0.00137719
0.00568838
3.88822e-06
-4.36145e-06
-0.00159644
0.00159862
1.12335e-06
-1.00729e-06
-0.000774669
0.000774253
1.1533e-07
-5.5952e-08
-4.35124e-08
1.20017e-07
-8.06262e-05
8.09094e-05
-8.0901e-05
8.08745e-05
-4.51369e-06
0.00889124
-8.25207e-06
0.0118032
-3.47602e-06
0.0141812
3.48732e-06
0.0157879
1.41924e-05
0.0164532
1.99304e-05
0.0161062
3.17993e-05
0.0148102
3.25737e-05
0.012747
3.246e-05
0.0101445
2.7753e-05
0.0072528
1.74068e-05
0.00427676
6.80378e-06
0.00137039
0.00568249
3.47269e-06
-2.09966e-06
-0.00159417
0.00159797
8.0349e-08
9.20505e-08
-0.000772982
0.000774028
1.91822e-07
-1.13597e-07
1.01009e-07
1.62056e-07
-8.09299e-05
8.10453e-05
-8.09859e-05
8.08659e-05
-2.25315e-07
0.00888322
2.25415e-06
0.0117975
5.52362e-06
0.0141792
1.18543e-05
0.0157902
2.39794e-05
0.0164492
3.06643e-05
0.0161074
3.19391e-05
0.0148108
3.61845e-05
0.0127433
3.49049e-05
0.0101374
3.114e-05
0.00723907
2.06895e-05
0.00426287
7.79231e-06
0.00136259
0.00568048
2.7565e-06
-9.7216e-07
-0.00159552
0.00159812
8.74353e-07
3.57897e-07
-0.000773958
0.000774152
3.28759e-08
-1.45911e-07
8.68156e-08
7.44921e-08
-8.11948e-05
8.13867e-05
-8.13084e-05
8.11463e-05
2.72391e-06
0.00888275
8.91083e-06
0.0117941
1.57644e-05
0.0141753
2.31903e-05
0.015791
2.70895e-05
0.0164527
4.05469e-05
0.0160987
4.62833e-05
0.0148007
4.84004e-05
0.0127298
4.27519e-05
0.0101258
3.59401e-05
0.00722382
2.31336e-05
0.00424753
8.76205e-06
0.00135383
0.00568036
2.79308e-06
5.54916e-08
-0.00159731
0.00159917
8.98879e-07
-1.72109e-07
-0.000774393
0.00077534
4.72704e-08
-1.19936e-07
5.7936e-08
5.95056e-08
-8.14021e-05
8.1435e-05
-8.1548e-05
8.14735e-05
7.1864e-06
0.00888447
1.39738e-05
0.0117959
1.83309e-05
0.0141801
3.22184e-05
0.0157859
4.21712e-05
0.0164511
4.7023e-05
0.016098
4.95958e-05
0.0147995
5.36402e-05
0.0127189
5.06881e-05
0.010111
4.13478e-05
0.00720561
2.69293e-05
0.00422936
9.6412e-06
0.00134419
0.00568451
2.88877e-06
1.47685e-07
-0.00159857
0.00160075
6.08621e-07
6.5864e-07
-0.000775035
0.000775906
-5.79437e-08
8.55384e-08
6.31502e-08
6.96532e-08
-8.14326e-05
8.14799e-05
-8.15525e-05
8.1493e-05
8.49336e-06
0.00888995
1.54202e-05
0.0117988
2.78959e-05
0.0141844
3.53974e-05
0.0157926
4.41665e-05
0.016454
5.44329e-05
0.0160932
6.17319e-05
0.0147915
6.07063e-05
0.0127089
5.82854e-05
0.0100941
4.52205e-05
0.00718731
3.00163e-05
0.00420899
1.09791e-05
0.00133321
0.0056886
3.06258e-06
1.33828e-06
-0.00160021
0.00160245
6.44677e-07
6.93388e-07
-0.000776424
0.000776921
5.18586e-08
5.92636e-08
6.56201e-08
7.56108e-08
-8.16982e-05
8.16403e-05
-8.16127e-05
8.1543e-05
1.04655e-05
0.00889491
1.98784e-05
0.0118068
2.90467e-05
0.0141908
4.19605e-05
0.0157948
5.52598e-05
0.0164531
6.28174e-05
0.0160921
7.10393e-05
0.0147811
7.01867e-05
0.012697
6.58948e-05
0.0100734
5.39986e-05
0.00716333
3.25176e-05
0.00418745
1.18855e-05
0.00132133
0.00569562
3.06316e-06
3.87761e-07
-0.00160306
0.00160532
7.99999e-07
7.29625e-07
-0.000777679
0.00077821
5.6198e-08
5.71704e-08
-1.17935e-07
5.33721e-08
-8.18408e-05
8.18927e-05
-8.17815e-05
8.17059e-05
1.17334e-05
0.00890305
2.18763e-05
0.011814
3.53321e-05
0.0141974
4.67731e-05
0.0158033
6.17156e-05
0.0164542
7.23173e-05
0.0160908
7.78072e-05
0.0147735
8.42818e-05
0.0126786
7.54887e-05
0.0100519
6.05114e-05
0.00713534
3.78322e-05
0.0041615
1.21796e-05
0.00130915
0.00570276
3.11477e-06
1.47798e-06
-0.00160495
0.00160727
7.4423e-07
7.64179e-07
-0.000778744
0.000779533
9.38111e-08
-8.27763e-08
6.7804e-08
1.27884e-07
-8.18853e-05
8.19415e-05
-8.18281e-05
8.17747e-05
1.17866e-05
0.00891314
2.4473e-05
0.0118248
4.14508e-05
0.0142027
5.88321e-05
0.0158062
7.20846e-05
0.0164545
8.57228e-05
0.0160829
9.35148e-05
0.0147643
9.2894e-05
0.0126612
8.6099e-05
0.0100263
6.63242e-05
0.00710685
4.03025e-05
0.00413338
1.05993e-05
0.00129855
0.00571146
2.75562e-06
3.2487e-07
-0.00160797
0.00161033
7.57151e-07
7.75623e-07
-0.000780151
0.00078096
4.93666e-08
-1.13797e-07
7.21141e-08
7.40481e-08
-8.20544e-05
8.21483e-05
-8.21372e-05
8.20093e-05
1.31302e-05
0.00892449
2.84786e-05
0.0118378
4.60472e-05
0.0142155
6.52213e-05
0.0158131
8.0876e-05
0.0164593
9.39843e-05
0.0160824
0.000105615
0.0147515
0.000101754
0.0126456
9.52477e-05
0.0099974
7.54973e-05
0.00707165
4.30721e-05
0.00410091
1.31883e-05
0.00128536
0.00572257
1.1525e-06
8.69824e-07
-0.00160998
0.00161227
4.63569e-07
6.73008e-07
-0.000781597
0.000782409
-1.11919e-07
5.69347e-08
6.77664e-08
7.0975e-08
-8.21806e-05
8.223e-05
-8.22944e-05
8.22204e-05
1.62691e-05
0.00893669
3.29464e-05
0.0118509
5.53246e-05
0.0142254
7.16219e-05
0.0158223
9.24812e-05
0.0164608
0.000107927
0.0160801
0.000117159
0.0147361
0.000120108
0.0126207
0.000106895
0.00996601
8.14769e-05
0.00703325
4.36227e-05
0.00407047
3.16855e-05
0.00125367
0.00573416
2.61201e-06
2.06521e-06
-0.00161327
0.00161623
-1.8006e-06
-1.32175e-07
-0.000782939
0.000783203
1.13014e-07
8.61499e-08
6.31004e-08
8.01876e-08
-8.24257e-05
8.23139e-05
-8.23688e-05
8.22978e-05
1.9978e-05
0.00894967
3.97019e-05
0.0118665
5.89549e-05
0.0142381
8.41268e-05
0.0158307
0.000105792
0.016463
0.000123759
0.0160735
0.000132872
0.0147234
0.000128823
0.0125988
0.000118896
0.00992859
8.67784e-05
0.00699009
7.42555e-05
0.0040279
7.38815e-05
0.0057445
5.47437e-06
4.16824e-06
-0.00162179
0.00161936
-1.47346e-06
6.51732e-06
-3.50241e-06
-0.000783165
0.000781361
1.13153e-08
-8.40899e-09
3.3573e-08
-1.27653e-07
-8.25433e-05
8.26563e-05
-8.24571e-05
8.23769e-05
2.44117e-05
0.00896495
4.17452e-05
0.0118837
6.68654e-05
0.0142553
9.0851e-05
0.0158456
0.000115636
0.0164711
0.000134967
0.0160714
0.000146864
0.0147053
0.000148021
0.0125696
0.000127311
0.00988805
0.000114903
0.00694944
0.000135805
0.0057582
5.4778e-06
5.2271e-06
-0.00162208
0.00162383
2.32509e-06
1.40469e-06
2.00271e-06
-5.56823e-07
-0.000486314
0.000491705
-6.86448e-06
-0.000461075
-1.87219e-05
0.000317041
-9.91058e-09
-2.46886e-07
-8.25539e-05
8.25652e-05
-8.25622e-05
8.26899e-05
2.40824e-05
0.00898262
4.88051e-05
0.0119018
7.50017e-05
0.0142712
0.000107852
0.0158534
0.000135508
0.0164705
0.000154958
0.0160633
0.000165304
0.0146881
0.000162175
0.0125348
0.000155109
0.00984785
0.000179199
0.0057736
4.30573e-06
4.37958e-06
-0.00162594
0.00162923
1.41521e-06
7.73197e-07
1.85466e-06
1.25486e-06
-0.000497079
0.000498191
1.21327e-06
-0.000496235
5.60831e-07
-0.000493528
-7.0421e-07
-2.37965e-06
-0.00029525
0.00028975
-1.36466e-06
3.06892e-06
8.25552e-05
8.23083e-05
2.74231e-05
0.009004
5.34398e-05
0.0119234
8.57241e-05
0.0142933
0.000117208
0.0158717
0.000145885
0.0164796
0.000171614
0.016057
0.00017794
0.0146723
0.000187213
0.0125027
0.000210861
0.00579067
4.76043e-06
5.59666e-06
-0.00163166
0.00163427
1.04512e-06
6.48068e-07
1.34146e-06
6.14682e-07
-0.00050039
0.000501009
7.97078e-07
-0.000499844
2.26966e-07
-0.000498789
7.99232e-07
6.56747e-07
-0.000288604
0.000289724
9.391e-08
-0.000288099
5.53084e-08
-0.000288433
-3.69648e-07
-1.06296e-06
-8.53772e-05
8.40125e-05
3.02028e-05
0.00902724
6.17784e-05
0.0119473
9.72661e-05
0.0143133
0.000134765
0.0158828
0.000165898
0.0164853
0.000183276
0.0160517
0.000208145
0.0146514
0.000229237
0.00580956
5.22854e-06
6.08465e-06
-0.00163797
0.00164084
1.1586e-06
7.35247e-07
1.14585e-06
7.49566e-07
-0.000502334
0.000502842
5.3685e-07
-0.000502093
4.07336e-07
-0.000500969
2.17102e-07
6.54563e-07
-0.000290703
0.000291338
1.6237e-07
-0.000290665
1.88619e-07
-0.000290116
2.50267e-07
2.64885e-07
-8.26353e-05
8.27292e-05
-8.25799e-05
-8.29496e-05
3.62382e-05
0.00905278
6.82832e-05
0.0119763
0.000109717
0.0143383
0.000148022
0.0159007
0.000176358
0.0164922
0.000211715
0.0160481
0.000234834
0.00583414
5.92922e-06
5.72284e-06
-0.00164485
0.00164807
1.19567e-06
8.14526e-07
1.23517e-06
8.32951e-07
-0.000504231
0.000505178
2.11134e-07
-0.000503961
4.65699e-07
-0.000503269
4.53518e-07
3.22921e-07
-0.000292385
0.000292807
1.15237e-07
-0.000292095
1.17819e-07
-0.000291834
-4.44632e-08
1.58444e-07
-8.3433e-05
8.35954e-05
-8.32444e-05
-8.29941e-05
3.89754e-05
0.00908209
8.0757e-05
0.0120053
0.000124781
0.0143616
0.000161401
0.0159157
0.000200263
0.0165037
0.000223911
0.00585904
6.54107e-06
7.53998e-06
-0.00165136
0.00165523
1.32701e-06
7.3125e-07
1.52353e-06
9.14781e-07
-0.000506699
0.000507291
6.03739e-07
-0.000505966
8.08097e-08
-0.000505234
5.03012e-07
7.77359e-07
-0.000293837
0.000293911
1.36782e-07
-0.000293331
-3.96817e-08
-0.000293008
1.29705e-07
1.21831e-07
-8.38272e-05
8.39425e-05
-8.37094e-05
-8.37538e-05
4.67177e-05
0.00911613
9.13772e-05
0.0120387
0.000134634
0.0143883
0.000175634
0.0159403
0.000199111
0.00588901
7.76047e-06
8.98348e-06
-0.00166
0.00166408
1.52871e-06
9.30329e-07
1.67746e-06
1.0914e-06
-0.000509036
0.000509689
6.74289e-07
-0.00050881
5.04873e-07
-0.00050743
1.4401e-07
7.75781e-07
-0.000294813
0.000295478
-6.14806e-08
-0.000294856
1.23533e-07
-0.000294502
1.49819e-07
1.86252e-07
-8.41543e-05
8.42911e-05
-8.4194e-05
-8.40643e-05
5.56096e-05
0.00915189
0.00010693
0.0120664
0.000146664
0.0144173
0.000160445
0.00592465
9.8947e-06
1.00725e-05
-0.00166986
0.00167473
1.72428e-06
1.16318e-06
1.90164e-06
1.30225e-06
-0.000511704
0.000512723
5.0882e-07
-0.000511384
6.10513e-07
-0.000510316
6.09698e-07
4.64265e-07
-0.000296438
0.00029714
-2.75044e-08
-0.000296129
1.95393e-07
-0.000296113
1.28434e-07
1.40435e-07
-8.47507e-05
8.46892e-05
-8.46272e-05
-8.44774e-05
7.01797e-05
0.00918864
0.000111992
0.012101
0.000117756
0.0059665
1.46269e-05
1.37084e-05
-0.00168112
0.00168769
1.39299e-06
1.92741e-06
1.57972e-06
2.10785e-06
-0.00051519
0.000515951
9.63374e-07
-0.000514342
3.15581e-07
-0.000513171
7.30765e-07
8.54226e-07
-0.000298331
0.000298662
1.78038e-07
-0.000297895
1.74366e-07
-0.000297451
1.65412e-07
1.53587e-07
-8.51535e-05
8.5126e-05
-8.49581e-05
-8.48297e-05
8.20298e-05
0.00921861
7.39897e-05
0.00600604
2.3607e-05
1.8882e-05
-0.0016964
0.0017047
3.44708e-06
2.88219e-06
2.48717e-06
2.51504e-06
-0.000519404
0.00051976
1.03662e-06
-0.000518283
8.0673e-07
-0.000517114
4.10789e-07
9.44506e-07
-0.000300128
0.000300903
1.88392e-07
-0.000299993
1.81408e-07
-0.000299291
2.849e-08
2.25134e-07
-8.56194e-05
8.57974e-05
-8.5445e-05
-8.52796e-05
4.44132e-05
1.5678e-05
4.2506e-05
-0.00171535
0.00172656
7.47404e-06
4.92963e-06
4.13782e-06
4.0884e-06
-0.0005247
0.000526206
1.94062e-06
-0.000523045
1.22756e-06
-0.000521192
6.33533e-07
1.0838e-06
-0.000302623
0.000303464
1.96604e-07
-0.000301846
2.92387e-08
-0.00030164
2.04925e-07
2.06965e-07
-8.62324e-05
8.64208e-05
-8.6051e-05
-8.60225e-05
-0.00174423
8.86697e-06
2.1443e-05
1.48234e-05
1.00111e-05
-0.000532896
0.000536637
3.7337e-06
-0.000530439
2.47251e-06
-0.000528569
2.26767e-06
1.72588e-06
-0.000305638
0.000307196
3.83422e-07
-0.000304713
3.01628e-07
-0.000304321
2.41731e-07
2.26641e-07
-8.6862e-05
8.70586e-05
-8.68327e-05
-8.66278e-05
-0.000550395
1.33519e-05
-0.000544205
1.52531e-05
-0.000539724
1.03427e-05
6.92357e-06
-0.000312029
0.000314775
9.87888e-07
-0.000310159
6.02483e-07
-0.000308494
6.02925e-07
4.27481e-07
-8.78286e-05
8.8212e-05
-8.7527e-05
-8.72852e-05
-0.000330497
2.05829e-05
-0.000325254
1.0011e-05
-0.000319657
4.74504e-06
2.04161e-06
-8.98449e-05
9.08328e-05
-8.92424e-05
-8.86395e-05
-0.00010763
-9.76195e-05
-9.28744e-05
-1.37389e-05
1.37395e-05
7.08927e-06
-2.08287e-05
-5.89459e-05
5.26445e-05
2.00425e-05
1.93871e-05
-7.12444e-05
3.50867e-06
-2.43374e-05
1.6293e-05
3.63542e-05
-0.000117575
0.000110755
2.6865e-05
2.96875e-05
-0.000127876
1.18645e-05
-7.96022e-05
1.55149e-06
-2.58905e-05
2.29442e-05
0.000104106
6.87382e-06
2.94826e-05
-0.000407967
6.38709e-05
0.000393908
-1.86676e-05
6.73437e-05
-0.000426956
-0.00013468
6.98119e-06
-8.50346e-05
8.09085e-07
-2.67007e-05
1.47454e-05
9.62365e-05
2.37455e-06
2.71086e-05
-4.1538e-05
-0.00142692
0.00138046
0.000151888
-6.77617e-06
0.000373893
-4.30641e-05
0.000161565
-0.00147808
-1.44779e-05
-0.000447913
-7.63079e-06
-0.000142178
4.0422e-06
-8.82689e-05
3.06045e-07
-2.70067e-05
9.18345e-05
1.04891e-06
2.60583e-05
-2.48725e-05
0.000108961
-0.00200202
0.00194754
0.000206391
-4.38698e-06
-1.85679e-06
0.000218701
-0.00205916
-3.12894e-05
0.000132941
-0.00156039
-1.93416e-05
-0.000469161
-6.46851e-06
-3.57321e-06
-0.000145766
2.30994e-06
-9.02712e-05
3.41224e-07
-2.73471e-05
8.84959e-05
4.80007e-07
2.55769e-05
0.000180721
-0.00233261
0.00227314
0.000265869
8.71187e-05
0.000279383
-0.00239329
0.000213097
-0.00213932
0.00011843
-1.8115e-05
-0.00164457
-1.61291e-05
-0.000482013
-3.90414e-06
-2.58251e-06
-0.000149924
-1.60894e-06
-0.000151888
-9.15387e-05
2.9547e-07
-2.76425e-05
2.16602e-07
0.000247764
-0.00240715
0.00235215
0.000320877
0.000334135
-0.0024619
0.000286167
-0.00246637
0.000210501
-0.00223139
-0.000494339
-2.79224e-06
-2.9948e-06
0.000125709
-1.83951e-05
-0.00173114
-2.07317e-05
-0.000504565
-4.32061e-06
-1.57912e-06
-0.000154263
-1.52877e-06
-0.000155567
-1.27714e-06
-9.2772e-05
2.8963e-07
-2.79315e-05
0.000306554
-0.00220933
0.00216752
0.0003627
0.000373823
-0.00224902
0.000346294
-0.00252203
0.000294178
-0.00255005
0.000222548
-0.00232823
-0.000157265
-1.09337e-06
-0.00015856
-1.69802e-06
-0.00051612
-6.83506e-06
0.000149872
-2.13671e-05
-0.00182768
-3.19571e-05
-0.000528905
-7.93896e-06
-0.000159176
-3.70548e-06
-0.000150879
-9.8746e-06
-9.37589e-05
1.79692e-07
-2.81096e-05
0.000351903
-0.00171562
0.00169386
0.000384466
0.000389836
-0.00173163
0.000384906
-0.00228764
0.000358412
-0.00258628
0.000309227
-0.00263673
0.000246966
-0.00242532
-9.46717e-05
-9.58832e-05
-4.85652e-07
-0.000266591
0.000109134
-9.76679e-08
-1.5393e-07
-0.000542197
-8.07164e-06
0.000196111
-4.11071e-05
-0.00191406
-6.8625e-05
-0.000562429
-1.172e-05
-0.000273837
-3.61725e-07
-3.27801e-07
-9.8815e-05
-7.73395e-07
4.44592e-07
-2.85953e-05
0.000379162
-0.000893563
0.00089767
0.000380369
0.000375369
-0.000879099
0.0003946
-0.00174134
0.000395622
-0.00232486
0.000373872
-0.00265092
0.000331537
-0.00272131
0.000281478
-0.00251069
-2.9021e-05
2.89239e-05
-2.91746e-05
-0.000281364
-2.2541e-07
-3.1517e-07
-0.000583904
-1.96297e-05
0.000233701
-8.64537e-05
-0.00197211
-8.92026e-05
-0.000611907
-4.06196e-05
-0.000292301
-4.77705e-07
-3.03143e-07
2.95024e-05
-2.98633e-05
-2.93685e-05
0.000384209
0.000301454
-0.000266862
0.000345784
0.000325733
0.000351083
0.000369104
-0.000853612
0.000398423
-0.00174415
0.000407235
-0.00235822
0.000392286
-0.00271167
0.000357727
-0.00279756
0.000308425
-0.00258542
-3.00885e-05
-3.04034e-05
-0.000310509
-3.28068e-07
-1.09098e-06
-0.000629696
-6.86646e-05
0.00022595
-7.47946e-05
-0.0020712
-5.20691e-05
-0.000648528
-7.03715e-05
-0.000340099
-8.41081e-06
-2.61742e-06
3.07065e-05
-3.11837e-05
0.000363438
0.00192272
-0.00185394
0.000277009
0.000236399
0.00201205
0.000302698
0.000417477
0.000360519
-0.000815716
0.000401289
-0.0017382
0.000418637
-0.00238457
0.000411403
-0.00276535
0.000379604
-0.00286874
0.000317754
-0.00267723
-3.15116e-05
-3.26024e-05
-0.000362984
-2.06247e-05
-2.5154e-05
-0.000679844
-4.34801e-05
0.000202571
-4.72583e-05
-0.00218962
-3.69053e-05
-0.000703977
-2.79373e-05
-0.000392181
-1.37527e-05
-2.74221e-05
3.52198e-05
-4.36302e-05
0.000313961
0.0040268
-0.00392079
0.000170998
0.000103255
0.00415994
0.000190577
0.00212416
0.000275772
0.000502213
0.000348792
-0.000763222
0.000401624
-0.00172119
0.000428851
-0.00240202
0.000427398
-0.00281314
0.000394322
-0.00294532
0.000315182
-0.00278984
-6.42547e-05
-7.27429e-05
-1.66656e-05
-0.000423269
-8.80746e-06
-3.5857e-06
-0.000730372
-2.0865e-05
0.000196937
-3.76088e-05
-0.00231303
-3.593e-05
-0.000749672
-1.7606e-05
-0.000445513
-1.94114e-06
-3.75401e-06
9.08187e-05
-0.000100139
-4.43223e-06
-9.34628e-06
0.00023295
0.00665751
-0.00651127
2.47656e-05
-7.60945e-05
0.00683686
2.86696e-05
0.00432184
0.00013925
0.00226068
0.000243973
0.000607026
0.000333153
-0.000694749
0.000399045
-0.00169138
0.000436345
-0.00241097
0.000440766
-0.00285959
0.000403833
-0.00303397
0.000320591
-0.00291351
-1.66656e-05
-0.000107072
-1.87559e-06
-0.000109816
-8.4159e-07
-0.00046229
-2.52054e-06
-1.56805e-06
-0.000770639
-1.66434e-05
0.000209745
-3.70226e-05
-0.00244402
-4.17446e-05
-0.000790149
-1.6421e-05
-0.00047632
-1.67539e-06
-1.90063e-06
0.000112844
-0.000114395
-3.90411e-07
-7.26447e-07
2.60119e-05
-3.04442e-05
0.000118204
0.00981491
-0.00962726
-0.000162885
-0.000302383
0.0100412
-0.000185592
0.00705111
-5.33337e-05
0.00451441
8.09367e-05
0.00242371
0.000206002
0.000734176
0.000312273
-0.000607973
0.000392401
-0.00164744
0.000440616
-0.00241082
0.000450937
-0.0029067
0.000415242
-0.00312863
0.000338615
-0.00304239
-3.23199e-05
-3.31616e-05
-0.000116494
-4.22444e-07
-0.000117605
-4.57244e-07
-0.000489473
-1.81702e-06
-1.67312e-06
-0.000810643
-1.65294e-05
0.000243435
-4.34732e-05
-0.00258579
-5.82082e-05
-0.000833644
-1.87453e-05
-0.000502044
-2.06347e-06
-1.78749e-06
0.000119084
-0.000120363
-3.96566e-07
-4.21559e-07
3.3888e-05
-3.42786e-05
-3.25758e-05
0.0134257
-0.0131975
-0.000391083
-0.00057285
0.0136962
-0.000452824
0.0103084
-0.000305027
0.00730281
-0.000144944
0.00474029
1.43323e-05
0.00261539
0.000160742
0.000885708
0.000285288
-0.000500858
0.000381095
-0.00158791
0.000441771
-0.00240166
0.000459782
-0.00295125
0.000432977
-0.00322301
0.000372224
-0.00317119
-3.47011e-05
-3.51583e-05
-0.000121861
-3.18517e-07
-0.000123108
-4.26446e-07
-0.00051509
-1.66771e-06
-1.81561e-06
-0.000856697
-2.04226e-05
0.00030291
-6.72043e-05
-0.00272059
-0.000100929
-0.000888186
-2.67215e-05
-0.000529658
-2.23656e-06
-1.94149e-06
0.000124478
-0.000126114
-4.2762e-07
-4.17069e-07
3.55799e-05
-3.59765e-05
-0.000220202
0.0173075
-0.0170445
-0.000654079
-0.000879929
0.0176146
-0.000767855
0.0140112
-0.000615184
0.0106186
-0.0004364
0.00759426
-0.00024687
0.00500149
-6.21521e-05
0.00283828
0.000106886
0.00106411
0.00025153
-0.000371293
0.000364625
-0.00151077
0.00043909
-0.00238097
0.000470142
-0.00298842
0.00045839
-0.00330919
0.000417212
-0.00328551
-3.6295e-05
-3.67215e-05
-0.000127471
-3.10381e-07
-0.000128832
-4.54672e-07
-0.000545781
-1.91216e-06
-2.38796e-06
-0.000918926
-3.64675e-05
0.000366355
-0.000125087
-0.00281898
-0.000142897
-0.000960356
-5.95026e-05
-0.000567151
-3.20828e-06
-2.14398e-06
0.000130277
-0.00013205
-4.64371e-07
-4.96496e-07
3.71386e-05
-3.75661e-05
-0.000441804
0.0211735
-0.0208842
-0.000943421
-0.00120781
0.0215014
-0.00111841
0.0179651
-0.000975831
0.0143719
-0.000790446
0.0109726
-0.000579117
0.00792651
-0.000361556
0.00530089
-0.000149685
0.00309485
4.35279e-05
0.00127211
0.000209777
-0.000216449
0.000341609
-0.0014133
0.000433209
-0.00234405
0.000480593
-0.00301064
0.000487161
-0.00337915
0.000459377
-0.00337855
-3.78765e-05
-3.83312e-05
-0.000133606
-3.55576e-07
-0.00013536
-6.34139e-07
-0.000595668
-2.66099e-06
-5.29157e-06
-0.000989086
-9.63604e-05
0.000381045
-0.00014272
-0.00294408
-0.000113225
-0.0010167
-0.000115287
-0.000634681
-1.42212e-05
-6.27017e-06
0.00013701
-0.000139591
-6.28272e-07
-4.94407e-07
3.88277e-05
-3.92921e-05
-0.000691234
0.0246798
-0.0243797
-0.00124354
-0.0015414
0.0250134
-0.0014877
0.0218707
-0.00137205
0.0183613
-0.00119814
0.0147796
-0.000981237
0.0113747
-0.000738885
0.00830384
-0.000489881
0.00564109
-0.000249907
0.00338829
-3.08891e-05
0.00151277
0.000158531
-3.33783e-05
0.000311345
-0.00129144
0.000422268
-0.00228575
0.000488759
-0.00301226
0.000511111
-0.00343091
0.000481682
-0.00347919
-3.96477e-05
-4.02819e-05
-0.000141685
-5.66289e-07
-0.000145908
-1.0691e-06
-0.000668342
-2.33029e-05
-3.93992e-05
-0.00105496
-0.000104469
0.000364533
-0.000108116
-0.00311237
-8.81249e-05
-0.00109237
-7.58112e-05
-0.000688679
-4.72727e-05
-4.76796e-05
0.000150339
-0.000160279
-4.28203e-06
-1.83972e-06
4.07763e-05
-4.14047e-05
-0.000958978
0.0275053
-0.0272081
-0.00154067
-0.00186062
0.0278245
-0.00185383
0.0253796
-0.00178141
0.0222801
-0.00164068
0.0188039
-0.00143798
0.0152363
-0.00118855
0.0118244
-0.00091362
0.00872758
-0.000633529
0.00602471
-0.000364327
0.00372172
-0.000118095
0.00178939
9.60752e-05
0.000181877
0.000271898
-0.0011411
0.000404529
-0.00220154
0.000491207
-0.00299238
0.000525565
-0.00347479
0.000486269
-0.00360091
-4.1971e-05
-4.30402e-05
-0.000171877
-1.17054e-05
-0.000185123
-2.61534e-05
-0.000731578
-3.87892e-05
-2.27826e-05
-0.00113982
-6.06685e-05
0.000359616
-9.42343e-05
-0.00328649
-9.12217e-05
-0.00117565
-5.23008e-05
-0.000775948
-1.14564e-05
-1.99868e-05
0.000198767
-0.000211548
-3.4493e-05
-3.40367e-05
4.48799e-05
-4.91621e-05
-0.00123359
0.0294513
-0.0291756
-0.00181636
-0.00214835
0.029739
-0.00219432
0.028165
-0.00217933
0.0257775
-0.00209138
0.0227308
-0.00192671
0.0192926
-0.00169437
0.0157421
-0.00141418
0.012325
-0.00110678
0.00920083
-0.000794512
0.00645489
-0.000494703
0.00409832
-0.000220106
0.00210556
2.07723e-05
0.000432981
0.000221787
-0.000958383
0.00037861
-0.00208897
0.000485748
-0.00295257
0.00052971
-0.00351822
0.000490367
-0.00373162
-6.08677e-05
-8.70215e-05
-0.000228967
-2.13706e-05
-0.000239179
-1.25711e-05
-0.000815742
-1.22269e-05
-8.64843e-06
-0.00121778
-5.20952e-05
0.000371142
-0.000102993
-0.00346653
-8.80166e-05
-0.00125351
-5.54807e-05
-0.000850101
-8.01244e-06
-9.92778e-06
0.000250576
-0.000256199
-5.8351e-06
-8.59057e-06
9.83822e-05
-0.00012027
-1.26055e-05
-2.26763e-05
-0.00149826
0.030453
-0.0302171
-0.00205223
-0.0023834
0.0306881
-0.00249332
0.030038
-0.00254057
0.0285262
-0.00251903
0.0262051
-0.00241566
0.0232197
-0.00222908
0.0198273
-0.00197047
0.0162984
-0.00165868
0.0128769
-0.00131945
0.00972576
-0.0009747
0.00693488
-0.000643478
0.00452169
-0.000338713
0.00246503
-6.92417e-05
0.000723981
0.000159242
-0.000739041
0.000342257
-0.00194549
0.000471129
-0.00289397
0.000528918
-0.00355674
0.000501632
-0.00386207
-0.00013538
-6.26216e-06
-0.000144866
-3.08591e-06
-0.000263698
-4.72745e-06
-0.000268279
-4.06965e-06
-0.000884155
-9.31369e-06
-8.72547e-06
-0.00128963
-6.68537e-05
0.000402103
-0.000218497
-0.00365003
-0.00127936
-9.82755e-05
-0.0009175
-1.16726e-05
-1.04565e-05
0.0002742
-0.000278516
-3.70001e-06
-4.00639e-06
0.000151833
-0.000156487
-1.18127e-06
-1.62351e-06
2.26763e-05
-3.52821e-05
-0.00173412
0.0305144
-0.0303433
-0.00222331
-0.0025415
0.0306725
-0.0027242
0.0309189
-0.00284587
0.0303433
-0.00289999
0.0289072
-0.00287297
0.0266624
-0.00275729
0.0237479
-0.0025515
0.0204084
-0.00226691
0.0169066
-0.00192545
0.0134829
-0.00155377
0.0103048
-0.00117607
0.00746746
-0.000812296
0.00499526
-0.000475918
0.00287169
-0.000175748
0.00105895
8.31525e-05
-0.000479944
0.000294449
-0.00176878
0.000447103
-0.0028121
0.000525811
-0.00358084
0.000522848
-0.00398274
-4.15444e-05
-4.46304e-05
-0.000160215
-9.99582e-07
-0.0001634
-8.85363e-07
-0.000284062
-3.76648e-06
-0.000288531
-4.2564e-06
-0.000963319
-1.3113e-05
-7.91145e-06
0.00104876
-1.53762e-05
-0.00251339
-1.77817e-05
0.0004391
-0.000240621
-0.00384837
-1.28265e-05
0.000293832
-0.000299256
-6.24618e-06
-5.15599e-06
0.00016665
-0.000169482
-8.6756e-07
-7.56153e-07
4.62539e-05
-4.74354e-05
-0.00191636
0.0296489
-0.0295724
-0.00229985
-0.00259303
0.0297005
-0.00286482
0.0308131
-0.00307108
0.0311441
-0.00320741
0.0306508
-0.0032679
0.0293021
-0.00324097
0.0271461
-0.00311477
0.0243112
-0.00289172
0.0210332
-0.00258348
0.0175647
-0.00221458
0.0141437
-0.00181259
0.0109414
-0.00140072
0.00805588
-0.0010032
0.00552252
-0.000633263
0.00332919
-0.000299883
0.00144198
-8.5478e-06
-0.00017692
0.000233274
-0.00155493
0.000414415
-0.00270066
0.000521944
-0.00357987
0.000546045
-0.00408961
-4.8435e-05
-4.93204e-05
-0.000172289
-9.61106e-07
-0.000175589
-9.55879e-07
-0.000302971
-9.39709e-06
-0.000292295
-1.85856e-05
-0.000529318
0.000515474
-5.32108e-07
-9.82546e-07
-2.0094e-05
-0.00270978
-2.40576e-05
-0.00054528
-7.6724e-07
-1.03803e-06
0.000487283
-0.000288899
-0.00404663
0.000211098
-3.74962e-07
-3.66106e-07
0.000179508
-0.000183963
-1.79111e-06
-1.23775e-06
5.00766e-05
-5.09444e-05
-0.00201302
0.0278419
-0.0278853
-0.00225647
-0.00251587
0.0277647
-0.00288818
0.0297238
-0.00319235
0.0309344
-0.00342242
0.0313592
-0.00357698
0.0309599
-0.00364649
0.0297076
-0.0036207
0.027652
-0.0034881
0.0249076
-0.00325093
0.0217006
-0.00292297
0.0182731
-0.00252725
0.0148583
-0.00209367
0.0116343
-0.00165012
0.00870279
-0.00121808
0.00610733
-0.000813126
0.00384243
-0.000444435
0.00187791
-0.000118551
0.000175021
0.000156295
-0.00129668
0.000369747
-0.00254839
0.000509239
-0.003543
0.000565351
-0.00416762
-5.19056e-05
-5.28615e-05
-0.000191631
-1.72743e-06
8.82632e-07
-5.80057e-05
5.74746e-05
-5.8986e-05
-0.000563316
-8.43794e-07
-1.18584e-06
-2.36694e-05
-0.0029404
-3.45151e-05
-0.0005852
-1.1214e-06
-1.03095e-06
-5.97511e-05
-6.07894e-05
0.000547327
-0.000390995
-0.00420286
-5.71085e-05
5.67344e-05
5.40993e-05
-5.58901e-05
-0.00200004
0.0251064
-0.0252777
-0.00208517
-0.00230618
0.0248967
-0.00277273
0.0276493
-0.00318186
0.0297133
-0.00351768
0.0310296
-0.00377631
0.0315585
-0.00395089
0.0312643
-0.00403463
0.0301216
-0.00401235
0.0281763
-0.00387788
0.0255345
-0.00363075
0.0224084
-0.00328476
0.0190306
-0.00286574
0.0156304
-0.00240333
0.0123875
-0.0019264
0.0094111
-0.00145876
0.00675297
-0.00101735
0.00441538
-0.000612059
0.00237145
-0.000250346
0.000581712
5.95142e-05
-0.000986353
0.000307141
-0.00234621
0.00048029
-0.00345789
0.000571733
-0.00419198
-5.7617e-05
-6.16313e-05
-6.28132e-05
-0.000606535
-1.11796e-06
-1.18146e-06
-4.94799e-05
-0.00317593
-0.000105929
-0.000638409
-1.0433e-06
-1.57775e-06
-6.39312e-05
-6.49624e-05
0.000583372
-0.000491752
-0.0042944
-0.00186445
0.0215694
-0.0218507
-0.00180382
-0.00198096
0.0212442
-0.00251628
0.0246403
-0.00302065
0.0274881
-0.00346747
0.0296631
-0.00383944
0.0310928
-0.00412842
0.031736
-0.00432832
0.0315579
-0.00442776
0.030537
-0.00441581
0.0287142
-0.00428255
0.0261863
-0.00402957
0.0231532
-0.0036705
0.0198353
-0.00322975
0.0164568
-0.00273962
0.0132007
-0.00223075
0.0101831
-0.00172796
0.00746361
-0.00124914
0.00505254
-0.00080594
0.00292716
-0.000408194
0.00104952
-6.23873e-05
-0.000616754
0.000219912
-0.00208579
0.000427261
-0.00331338
0.000547888
-0.00415644
-6.60779e-05
-6.72546e-05
-0.000683424
-1.40748e-06
-3.02785e-06
-0.000176198
-0.00332092
-0.000170507
-0.000762731
-6.82044e-06
-1.97882e-05
-6.82938e-05
-6.9873e-05
0.000551706
-0.000445785
-0.00440025
-0.00161862
0.0174947
-0.0178511
-0.00144734
-0.00158492
0.0170986
-0.00214458
0.0208725
-0.00271384
0.0243334
-0.00325614
0.0272768
-0.00374332
0.029567
-0.00415492
0.0311193
-0.00447836
0.0318861
-0.00470603
0.0318362
-0.00482608
0.0309472
-0.00482774
0.0292594
-0.004702
0.0268587
-0.00444676
0.0239295
-0.00407821
0.0206838
-0.00362051
0.0173377
-0.003106
0.014076
-0.00256554
0.0110207
-0.00202773
0.00824222
-0.00151155
0.00575819
-0.00103128
0.00355032
-0.000595967
0.00158316
-0.000215272
-0.00018153
0.000101206
-0.0017597
0.00034147
-0.00310692
0.00048463
-0.00408931
-7.12783e-05
-7.4302e-05
-0.000832713
-4.72299e-05
-5.89629e-05
-0.000124243
-0.00357098
-7.14334e-05
-0.000901314
-6.7727e-05
-3.41627e-05
-8.11188e-05
-0.000100909
0.000476628
-0.000358554
-0.00451825
-0.00129753
0.0132569
-0.0136365
-0.00106773
-0.00116786
0.0128398
-0.00170283
0.0166569
-0.00228944
0.0204481
-0.00289337
0.0239707
-0.00347654
0.02701
-0.0040056
0.0294177
-0.00445914
0.0311
-0.00482123
0.0320013
-0.00508146
0.0320916
-0.00522738
0.0313469
-0.00524719
0.0298046
-0.00513213
0.0275441
-0.00488305
0.0247343
-0.00450883
0.0215721
-0.00403829
0.01827
-0.00350157
0.015012
-0.00293287
0.0119259
-0.00236094
0.0090917
-0.00180756
0.00653452
-0.00129037
0.00424477
-0.000819618
0.00218754
-0.000403706
0.0003234
-5.27621e-05
-0.00136543
0.000220765
-0.002843
0.000383367
-0.00399598
-0.000148138
-0.000168602
-3.84895e-05
-0.000990294
-2.34901e-05
-1.17524e-05
-6.6471e-05
-0.00381504
-4.79802e-05
-0.00104345
-1.12151e-05
-7.05641e-06
-0.000213178
-2.31382e-05
-0.000235783
-1.15535e-05
0.000393405
-0.00030793
-0.00460365
-0.000948485
0.00923663
-0.00959225
-0.000712097
-0.000778422
0.0088472
-0.00124551
0.0123825
-0.00180029
0.0161677
-0.00241531
0.01997
-0.00305362
0.0235478
-0.00367836
0.0266827
-0.00425319
0.0292118
-0.00475102
0.0310298
-0.00515496
0.0320748
-0.00545066
0.0323149
-0.00562797
0.0317277
-0.00567386
0.0303464
-0.00557548
0.0282365
-0.00533457
0.0255601
-0.00496231
0.0224961
-0.00448301
0.0192515
-0.00392842
0.0160076
-0.00333395
0.0128989
-0.00273031
0.0100145
-0.00214294
0.00738712
-0.00158985
0.00501502
-0.00108213
0.00286597
-0.000630246
0.00090091
-0.000242654
-0.000901951
6.32567e-05
-0.00252282
0.000254631
-0.00385715
-3.84877e-05
-0.000254136
-5.13881e-06
-0.0002631
-2.78181e-06
-0.00109602
-8.02641e-06
-5.85951e-06
-5.16951e-05
-0.00402638
-4.48659e-05
-0.00113112
-7.27008e-06
-5.60388e-06
-0.000271859
-2.44717e-06
-0.000277071
-1.84348e-06
-6.16238e-05
-7.31777e-05
0.00030634
-0.000268448
-0.0046415
-0.000620323
0.00575186
-0.00604874
-0.000415214
-0.000450688
0.00542413
-0.000821882
0.00842357
-0.00130218
0.0118844
-0.00187643
0.0156289
-0.00251842
0.0194348
-0.00319189
0.0230613
-0.00385823
0.0262878
-0.00447931
0.02894
-0.00502525
0.0309001
-0.00547514
0.0320992
-0.00581343
0.0325004
-0.0060258
0.0320796
-0.00610107
0.0308719
-0.00602704
0.028929
-0.00580186
0.0263996
-0.00543664
0.0234498
-0.00495339
0.0202765
-0.00438635
0.0170601
-0.00377026
0.0139389
-0.00313804
0.0110096
-0.00251752
0.00831482
-0.00192856
0.00586146
-0.00138515
0.00362088
-0.000895764
0.00155405
-0.000470574
-0.000368067
-0.000129407
-0.00213872
0.0001014
-0.00365217
-7.83164e-05
-8.10957e-05
-0.000283609
-1.49261e-06
-0.000287901
-1.56232e-06
-0.00117019
-6.60844e-06
-5.9988e-06
-4.65225e-05
-0.00420547
-4.2826e-05
-0.00120258
-6.43907e-06
-6.0381e-06
-0.000293549
-1.61552e-06
-0.000297515
-1.6374e-06
-8.3541e-05
-8.53857e-05
0.000201199
-0.000226187
-0.00461649
-0.000351915
0.00300803
-0.00322972
-0.000193518
-0.00020458
0.00276193
-0.000468732
0.00507099
-0.000848181
0.00796957
-0.00134041
0.0113484
-0.00193293
0.0150434
-0.00260026
0.0188432
-0.00330847
0.0225115
-0.00401614
0.0258246
-0.00468377
0.0285986
-0.00527941
0.0307044
-0.00577814
0.0320639
-0.00616301
0.0326376
-0.00641838
0.0323969
-0.00652847
0.0313734
-0.00648384
0.029611
-0.00628081
0.0272438
-0.00592922
0.0244256
-0.00545031
0.0213405
-0.00487341
0.0181633
-0.00424228
0.0150432
-0.00358614
0.0120783
-0.00293589
0.00932216
-0.00231095
0.00678728
-0.0017297
0.00445484
-0.00120169
0.00228521
-0.000738472
0.000241055
-0.000358351
-0.00167893
-8.14734e-05
-0.00336947
-8.68788e-05
-8.84391e-05
-0.000302687
-1.44125e-06
-0.000307357
-1.32531e-06
-0.00123761
-5.73719e-06
-5.75004e-06
-4.15081e-05
-0.00434987
-4.02736e-05
-0.001268
-6.53485e-06
-5.90051e-06
-0.000312073
-1.71791e-06
-0.00031642
-1.69227e-06
-9.00531e-05
-9.16918e-05
7.79016e-05
-0.000174798
-0.00451959
-0.000163249
0.00110481
-0.00124762
-2.68805e-05
-2.38233e-05
0.000951158
-2.65812e-05
-2.43367e-05
-0.000207882
0.00250109
-0.00047582
0.00469864
-0.000861047
0.00749022
-0.00136288
0.0107784
-0.0019706
0.0144137
-0.00266111
0.0181958
-0.00340044
0.0218958
-0.00414744
0.0252883
-0.00486182
0.028181
-0.005509
0.0304353
-0.00606111
0.031962
-0.00649645
0.0327156
-0.00679871
0.0326672
-0.00695232
0.0318419
-0.00694428
0.0302745
-0.00677092
0.0280855
-0.00643898
0.0254143
-0.00596998
0.0224371
-0.00539561
0.0193166
-0.00475157
0.0162087
-0.00407402
0.0132164
-0.00339467
0.0104059
-0.00273867
0.00779626
-0.00211981
0.00537299
-0.00155134
0.0030981
-0.00104901
0.000931735
-0.000626163
-0.00113423
-0.00029717
-0.00299439
-9.31338e-05
-9.44576e-05
-0.000320997
-1.16562e-06
-0.000325381
-1.36617e-06
-0.0012982
-5.42957e-06
-5.88127e-06
-3.53453e-05
-0.0044532
-3.61365e-05
-0.00132668
-5.65476e-06
-6.13844e-06
-0.00033013
-1.7834e-06
-0.000334391
-1.64184e-06
-9.61745e-05
-9.78685e-05
-6.973e-05
-0.000117412
-0.00433245
-2.70871e-05
-2.10921e-05
-0.000184854
0.000165139
-3.70536e-06
-3.45649e-06
-0.000203611
-2.62848e-06
-2.4359e-06
0.000793765
-2.61213e-05
-2.43599e-05
-0.00014583
0.000126272
-3.60995e-06
-3.40974e-06
-2.58603e-06
-2.44072e-06
-0.000206882
0.00223216
-0.000475402
0.004313
-0.000862724
0.00699006
-0.0013705
0.0101783
-0.00198955
0.0137422
-0.00269876
0.0174941
-0.00346589
0.0212143
-0.00425085
0.0246773
-0.00501317
0.0276851
-0.00571247
0.0300866
-0.00632003
0.0317856
-0.00681144
0.0327284
-0.0071664
0.0328813
-0.00736828
0.0322659
-0.00740333
0.0309069
-0.00726588
0.0289125
-0.00696195
0.0264064
-0.00651115
0.0235527
-0.00594321
0.0205083
-0.00529488
0.0174295
-0.00460206
0.0144238
-0.00389803
0.0115653
-0.00320875
0.00888522
-0.00255295
0.00637462
-0.00194811
0.00399723
-0.00140489
0.00171047
-0.000937359
-0.000494044
-0.000550294
-0.00251383
-9.90355e-05
-0.000100401
-0.000338752
-1.07499e-06
-0.000343035
-1.59987e-06
-0.00135245
-4.2936e-06
-5.29396e-06
-2.64677e-05
-0.00451255
-3.15987e-05
-0.00137824
-5.46459e-06
-4.88854e-06
-0.000347052
-1.63846e-06
-0.000351548
-1.64609e-06
-0.000102184
-0.000103828
-0.000244696
-5.54896e-05
-0.00403227
-0.000223208
-3.91756e-06
-3.57065e-06
-2.8083e-06
-2.91161e-05
2.65049e-05
-1.09332e-06
-3.16081e-05
-9.63756e-07
-3.37655e-05
-4.70178e-07
-3.60151e-05
-1.85867e-07
0.000636242
-2.54037e-05
-2.39483e-05
-0.000106891
8.76296e-05
-3.51221e-06
-3.34421e-06
-2.54781e-06
-2.43022e-06
-1.96687e-05
1.71217e-05
-1.06204e-06
-2.21336e-05
-9.44096e-07
-2.42575e-05
-4.61411e-07
-1.92956e-07
-0.000203075
0.00195984
-0.000468978
0.00391926
-0.000855255
0.00647482
-0.00136484
0.00955356
-0.00199086
0.0130343
-0.00271504
0.0167433
-0.00350649
0.0204699
-0.00432553
0.0239897
-0.00513119
0.0271039
-0.00588457
0.0296512
-0.0065508
0.031525
-0.00710237
0.0326644
-0.00751566
0.0330287
-0.00777153
0.0326341
-0.00785724
0.0314983
-0.00776297
0.0297136
-0.00749489
0.0273901
-0.00707047
0.0246799
-0.00651693
0.0217303
-0.00587062
0.0186981
-0.00516803
0.0156938
-0.00444386
0.0128004
-0.00372424
0.0100565
-0.00303615
0.00746267
-0.00239422
0.00498656
-0.00181137
0.00258448
-0.00129618
0.00025182
-0.000846924
-0.00191162
-0.000104904
-0.000106504
-0.000354924
-9.23773e-07
-0.000359095
-1.1272e-06
-0.00139681
-3.84406e-06
-4.05718e-06
-1.72686e-05
-0.00451973
-3.10596e-05
-0.00141955
-4.5333e-06
-4.32641e-06
-0.000362951
-1.61149e-06
-0.000366311
-1.53183e-06
-0.000108143
-0.000109791
-0.000455716
6.90264e-06
-0.00358347
-3.87756e-05
-1.1568e-06
-4.13299e-05
-1.01584e-06
-5.28728e-07
-4.87806e-06
3.78499e-06
-5.84164e-06
-6.3117e-06
-6.49752e-06
0.000480901
-2.4494e-05
-2.32328e-05
-6.85349e-05
4.9762e-05
-3.38665e-06
-3.24125e-06
-2.4758e-06
-2.37696e-06
-1.03736e-05
7.89348e-06
-1.0312e-06
-1.27957e-05
-9.21431e-07
-1.48902e-05
-4.52677e-07
-1.98353e-07
-2.1868e-06
1.12502e-06
-3.13075e-06
-3.59203e-06
-0.00019715
0.00168802
-0.000458001
0.00352201
-0.000839746
0.00594972
-0.00134667
0.00890937
-0.00197509
0.0122943
-0.00270822
0.015945
-0.00351823
0.0196626
-0.00436875
0.0232272
-0.00521703
0.0264363
-0.00602308
0.0291235
-0.00674938
0.031172
-0.00736147
0.0325102
-0.00784221
0.0330994
-0.00815862
0.0329355
-0.00829968
0.0320351
-0.008257
0.0304757
-0.00803287
0.0283526
-0.00764262
0.0258056
-0.00711219
0.0229719
-0.006476
0.0200061
-0.00577061
0.0170206
-0.00503097
0.0141072
-0.00428874
0.0113091
-0.00356685
0.00863531
-0.00289139
0.00606658
-0.00227076
0.00355905
-0.00170511
0.00110998
-0.00119313
-0.00117424
-0.000110717
-0.000111845
-0.000369487
-6.72654e-07
-0.000372561
-9.87781e-07
-0.00143114
-2.46509e-06
-3.22602e-06
-2.30822e-05
-0.0044207
-6.90574e-05
-0.00145463
-3.24655e-06
-4.32245e-06
-0.000375625
-1.47282e-06
-0.000378429
-1.52533e-06
-0.000113457
-0.00011499
-0.000714938
8.24626e-05
-0.00295104
-7.65424e-06
-8.66995e-06
0.000329459
-2.34054e-05
-2.22959e-05
-3.1202e-05
1.30633e-05
-3.23958e-06
-3.11312e-06
-2.37972e-06
-2.29249e-06
-1.32103e-06
-1.07172e-06
-9.93064e-07
-3.67204e-06
-8.89641e-07
-5.71216e-06
-4.3524e-07
-1.95321e-07
4.47205e-07
-1.47816e-06
-4.74106e-07
-9.26664e-07
-0.000189572
0.00141959
-0.000443085
0.00312535
-0.000816796
0.00541985
-0.0013176
0.00825189
-0.00194278
0.0115289
-0.00267991
0.0151067
-0.00350317
0.0187971
-0.00437932
0.0223895
-0.0052674
0.0256807
-0.00612594
0.0285
-0.00691446
0.030725
-0.00759569
0.0322637
-0.00813958
0.0330804
-0.00852274
0.0331586
-0.00872559
0.0325037
-0.00874101
0.0311838
-0.00856829
0.0292782
-0.00822113
0.0269146
-0.00772291
0.0242188
-0.00710552
0.021341
-0.00640383
0.0183935
-0.00565416
0.0154726
-0.00489376
0.0126361
-0.00414843
0.00989235
-0.00343951
0.00723531
-0.0027761
0.00463003
-0.00216394
0.00208078
-0.00158555
-0.000303657
-0.000115665
-0.000116654
-0.000380578
-3.17266e-07
-0.000383098
-7.08855e-07
-0.00147109
-1.46196e-06
-5.17668e-06
-0.000100303
-0.00406765
-0.000170325
-0.00151668
-6.60123e-06
-1.68489e-05
-0.000385243
-1.10473e-06
-0.000388143
-1.42256e-06
-0.000118127
-0.000119653
-0.00102451
0.000275234
-0.00220177
0.000183263
-2.2163e-05
-2.12078e-05
4.78314e-06
-2.21551e-05
-3.07167e-06
-2.95943e-06
-2.26307e-06
-2.18604e-06
7.40414e-06
-9.6939e-06
-9.49047e-07
5.14379e-06
-8.52276e-07
3.17671e-06
-4.12357e-07
-1.87272e-07
2.99817e-06
-3.99102e-06
2.10862e-06
1.67348e-06
-0.000180618
0.00115713
-0.000424861
0.00273342
-0.000788015
0.00489027
-0.00127801
0.00758713
-0.00189552
0.0107445
-0.00263005
0.0142336
-0.00346143
0.0178792
-0.00435855
0.0214807
-0.00528331
0.024838
-0.00619222
0.0277778
-0.00704125
0.0301706
-0.00779106
0.0319152
-0.00840491
0.0329626
-0.00885755
0.0332906
-0.00912928
0.032892
-0.0092091
0.0318247
-0.00909591
0.030153
-0.0087998
0.0279915
-0.00834223
0.0254556
-0.00775197
0.0226892
-0.00706484
0.0198042
-0.00631596
0.0168948
-0.005541
0.0140287
-0.00477545
0.0112283
-0.00403248
0.00849167
-0.00333252
0.00579858
-0.00266265
0.00315786
-0.00200443
0.00067626
-0.000119971
-0.000120681
-0.00038941
-1.92824e-07
-0.000393469
-1.11816e-06
-0.00153776
-2.36499e-05
-5.55946e-05
-0.000134249
-0.00361044
-4.77432e-05
-0.00152174
-8.30299e-05
-0.000103306
-0.000397784
-2.28643e-06
-0.000409786
-4.84313e-06
-0.000121786
-0.000123208
-0.0013535
0.000537835
-0.00138607
4.34359e-05
-2.08116e-05
-1.99742e-05
3.91562e-05
-5.56513e-05
-2.88245e-06
-2.7833e-06
-2.13793e-06
-2.06873e-06
1.57327e-05
-1.79043e-05
-8.99316e-07
1.35813e-05
-8.07733e-07
1.17035e-05
-3.85049e-07
-1.76293e-07
5.4428e-06
-6.39166e-06
4.59057e-06
4.17829e-06
-0.00017055
0.000902823
-0.000403937
0.00234935
-0.000753577
0.00436584
-0.00122928
0.0069209
-0.00183348
0.00994792
-0.00256046
0.0133326
-0.00339349
0.0169141
-0.00430637
0.0205038
-0.00526392
0.0239097
-0.00622042
0.026957
-0.00712953
0.0295091
-0.0079448
0.0314551
-0.00863134
0.0327364
-0.00915739
0.0333188
-0.00950262
0.0331855
-0.00965368
0.0323824
-0.00960698
0.0309602
-0.00937138
0.0290206
-0.00896266
0.0266663
-0.00840905
0.0240334
-0.00774091
0.0212292
-0.00700151
0.0183553
-0.00622551
0.0154787
-0.00543783
0.0126336
-0.00466692
0.00982606
-0.0039154
0.00705132
-0.00317451
0.00432794
-0.00242605
0.00174885
-0.0001234
-0.000124519
-0.000423432
-9.99986e-06
-0.000449642
-2.93884e-05
-0.00149649
-9.80216e-05
-6.15087e-05
1.83271e-05
-0.00315883
6.78824e-05
-0.00148865
-4.17295e-05
-1.38322e-05
-0.000467682
-6.49886e-05
-0.000488917
-8.20738e-05
-0.000126805
-0.000131646
-0.00167735
0.00077547
-0.000484117
-8.9126e-05
-1.93653e-05
-1.8618e-05
7.16898e-05
-8.72209e-05
-2.68328e-06
-2.59548e-06
-2.00058e-06
-1.93519e-06
2.36139e-05
-2.56526e-05
-8.43174e-07
2.15872e-05
-7.56262e-07
1.98072e-05
-3.5789e-07
-1.65819e-07
7.76065e-06
-8.65982e-06
6.95294e-06
6.56795e-06
-0.000159662
0.00065855
-0.000380711
0.00197649
-0.000714795
0.00385135
-0.00117244
0.00625987
-0.00175891
0.00914638
-0.00247202
0.0124112
-0.00330181
0.0159096
-0.0042266
0.0194665
-0.00521093
0.0229003
-0.00621088
0.0260384
-0.00717504
0.0287394
-0.00805583
0.0308796
-0.00881308
0.0323921
-0.00941363
0.0332298
-0.00983614
0.033368
-0.0100637
0.0328392
-0.0100927
0.0316815
-0.00992497
0.029983
-0.0095754
0.0278327
-0.00906494
0.0253574
-0.00843515
0.0226628
-0.00771113
0.0198409
-0.0069314
0.0169723
-0.00613054
0.0140972
-0.00531967
0.0112303
-0.00451174
0.00838853
-0.00368777
0.00558968
-0.0028383
0.00290987
-0.000141646
-0.000171033
-0.000506661
-8.02722e-05
-0.000524059
-4.41199e-05
-0.00147166
-5.03275e-06
6.34549e-06
9.98894e-05
-0.00260423
0.000120952
-0.00142475
7.36753e-06
1.36456e-05
-0.00054159
-2.41949e-05
-0.000545096
-1.0329e-05
-0.000236024
-0.000257339
-6.07562e-05
-0.00199733
0.000991913
0.000521335
-0.000213757
-1.78541e-05
-1.71714e-05
0.000102199
-0.000116691
-2.47556e-06
-2.39634e-06
-1.8505e-06
-1.78927e-06
3.09993e-05
-3.28968e-05
-7.85167e-07
2.91066e-05
-7.02514e-07
2.74346e-05
-3.28647e-07
-1.53134e-07
9.93976e-06
-1.07828e-05
9.18349e-06
8.82564e-06
-0.000148132
0.000425976
-0.00035592
0.00161762
-0.000672316
0.00335124
-0.0011088
0.00560976
-0.00167308
0.00834745
-0.00236823
0.0114776
-0.00318964
0.0148726
-0.00412038
0.0183759
-0.00512729
0.0218167
-0.00616352
0.0250269
-0.00717665
0.0278602
-0.00811815
0.0301847
-0.00894377
0.0319222
-0.00962233
0.033016
-0.0101249
0.0334291
-0.0104351
0.0331816
-0.0105435
0.0323001
-0.0104503
0.0308579
-0.010169
0.0289367
-0.00971736
0.0266396
-0.00912455
0.0240762
-0.00842376
0.0213333
-0.00765162
0.0184934
-0.00682973
0.0156073
-0.00598045
0.012699
-0.00510341
0.00980419
-0.00418842
0.00693984
-0.0032498
0.0041624
-0.000304088
-3.35236e-05
-0.000332535
-1.56673e-05
-0.000548383
-1.7304e-06
-0.000543803
1.76066e-06
-0.00136181
1.70929e-05
1.98371e-05
0.000150266
-0.00192521
0.000162574
-0.00128375
1.99548e-05
2.29591e-05
-0.000539273
2.85431e-06
-0.000530499
4.8752e-06
-0.00035035
-6.38772e-06
-0.000358179
-2.49117e-06
-6.07559e-05
-0.00231278
0.00119908
0.001635
-0.000329911
-1.63089e-05
-1.56647e-05
0.000130539
-0.000143938
-2.26289e-06
-2.19078e-06
-1.69141e-06
-1.63229e-06
3.78521e-05
-3.96012e-05
-7.25925e-07
3.61022e-05
-6.46225e-07
3.45484e-05
-2.96793e-07
-1.37671e-07
1.19671e-05
-1.27521e-05
1.12646e-05
1.09359e-05
-0.000136244
0.000206306
-0.00032998
0.00127529
-0.00062727
0.00286972
-0.00104005
0.00497673
-0.00157868
0.00755792
-0.00225197
0.01054
-0.00306188
0.0138141
-0.00399343
0.0172421
-0.00501366
0.0206669
-0.00607674
0.023927
-0.00713142
0.0268735
-0.00812828
0.0293692
-0.00902113
0.031321
-0.0097743
0.0326654
-0.0103583
0.0333523
-0.0107544
0.0333925
-0.0109495
0.0327993
-0.01094
0.0316289
-0.0107325
0.0299518
-0.0103448
0.0278599
-0.00980112
0.0254536
-0.00913307
0.0228148
-0.00836406
0.0200277
-0.00752624
0.0171531
-0.00663114
0.0142267
-0.0056767
0.0112925
-0.00468235
0.0083724
-0.00365799
0.00550769
-9.42781e-05
-0.000109947
-0.000360121
2.14156e-07
-0.000358682
3.3784e-07
-0.000521755
8.37643e-06
-0.000510497
8.56979e-06
-0.00118838
2.68888e-05
2.79746e-05
0.000192672
-0.00111973
0.000200827
-0.00108375
2.8091e-05
2.9879e-05
-0.000498508
7.98055e-06
-0.000484997
9.44043e-06
-0.000356486
6.56789e-07
-0.000352659
1.0727e-06
-0.000116333
-0.000118823
-0.00263244
0.00140778
0.0028599
-0.000437254
-1.47628e-05
-1.41321e-05
0.000156605
-0.000168881
-2.04956e-06
-1.98213e-06
-1.5277e-06
-1.46939e-06
4.41435e-05
-4.57403e-05
-6.65562e-07
4.25424e-05
-5.89524e-07
4.11141e-05
-2.63186e-07
-1.1933e-07
1.38329e-05
-1.45587e-05
1.31866e-05
1.28898e-05
-0.000124264
5.99131e-07
-0.000303637
0.000951671
-0.000580625
0.00241031
-0.000967352
0.00436542
-0.00147822
0.00678418
-0.00212812
0.0096062
-0.00292221
0.0127429
-0.00384759
0.016076
-0.00487218
0.0194623
-0.00595294
0.0227485
-0.00703901
0.0257842
-0.0080822
0.0284303
-0.00903748
0.0305842
-0.00986392
0.032171
-0.0105319
0.0331298
-0.0110155
0.0334585
-0.0112997
0.033159
-0.0113793
0.0322757
-0.0112538
0.0308608
-0.0109373
0.0289961
-0.0104472
0.0267678
-0.00981099
0.0242617
-0.00905601
0.0215575
-0.00819722
0.0187192
-0.00725383
0.0158039
-0.00623598
0.0128461
-0.00516878
0.00988323
-0.00406527
0.00694063
-0.000118604
-0.000118266
-0.000346498
2.22213e-06
-0.000339671
1.76253e-06
-0.000470469
1.23799e-05
-0.000454987
1.24739e-05
-0.000961601
3.5051e-05
3.54409e-05
0.000236732
-0.000191722
0.000243127
-0.000832739
3.53528e-05
3.66253e-05
-0.000438848
1.19617e-05
-0.000421806
1.28272e-05
-0.000333543
1.83795e-06
-0.000326038
1.94646e-06
-0.000117603
-0.000116527
-0.00294959
0.00161772
0.00419213
-0.000535677
-1.32411e-05
-1.25942e-05
0.000180347
-0.000191495
-1.83923e-06
-1.7734e-06
-1.36258e-06
-1.30334e-06
4.98582e-05
-5.13018e-05
-6.05296e-07
4.84085e-05
-5.32263e-07
4.71094e-05
-2.28637e-07
-1.00142e-07
1.55307e-05
-1.61962e-05
1.49412e-05
1.4678e-05
-0.000112456
-0.00019057
-0.000277559
0.000648624
-0.000533402
0.00197639
-0.000892959
0.00378019
-0.00137556
0.00603164
-0.00200072
0.00868471
-0.00277481
0.0116701
-0.00368556
0.0148894
-0.0047043
0.0182137
-0.00578981
0.0214993
-0.00689855
0.0246006
-0.00798312
0.0273759
-0.00898939
0.0297097
-0.00988647
0.0315256
-0.0106354
0.0327498
-0.0112092
0.0333681
-0.0115869
0.0333666
-0.011758
0.0327799
-0.0117207
0.0316443
-0.0114844
0.0300332
-0.0110555
0.0280122
-0.010457
0.0256626
-0.00970745
0.0230677
-0.008838
0.0203033
-0.0078534
0.0174213
-0.00678546
0.0144628
-0.00564792
0.0114661
-0.00447791
0.00846931
-0.000114298
-0.000112538
-0.000316906
3.23836e-06
-0.000307101
2.67668e-06
-0.000402601
1.58687e-05
-0.000382943
1.57669e-05
-0.000681898
4.14989e-05
4.43444e-05
0.000277363
0.000860373
0.000288414
-0.000521156
8.23802e-05
-0.000362292
1.47136e-05
-0.000341573
1.59015e-05
-0.000297835
2.67273e-06
-0.000287968
2.97062e-06
-0.000110698
-0.000108754
-0.00327329
0.00183201
0.00563395
-0.000625276
-1.17771e-05
-1.10707e-05
0.000201751
-0.000211788
-1.63419e-06
-1.56791e-06
-1.19916e-06
-1.13767e-06
5.49903e-05
-5.62822e-05
-5.46495e-07
5.3693e-05
-4.75765e-07
5.25247e-05
-1.94045e-07
-8.02888e-08
1.70572e-05
-1.76623e-05
1.65249e-05
1.62963e-05
-0.000101205
-0.000366903
-0.000252449
0.0003677
-0.000486846
0.00157031
-0.000819131
0.00322379
-0.0012742
0.00530512
-0.001874
0.0077839
-0.00262281
0.0106074
-0.00350925
0.0136943
-0.00451024
0.0169341
-0.00559099
0.0201917
-0.00670897
0.0233264
-0.00781967
0.0262062
-0.00887773
0.028701
-0.00983937
0.0307295
-0.0106663
0.0322069
-0.0113283
0.0331095
-0.0118004
0.0334091
-0.0120665
0.0331257
-0.0121189
0.0322788
-0.0119593
0.030937
-0.011595
0.0291503
-0.0110408
0.026996
-0.0103168
0.0245465
-0.00943283
0.0218827
-0.00842249
0.0190583
-0.00731358
0.0161286
-0.00612859
0.0131169
-0.00488869
0.0100849
-0.000105514
-0.000102844
-0.000275997
3.88754e-06
-0.000263737
3.51565e-06
-0.000317967
1.78958e-05
-0.000285119
1.14901e-05
-0.00034657
0.000102788
0.000326403
0.00202888
0.000337428
-0.000169714
0.000111564
0.000222704
-0.000436249
5.14427e-06
5.64186e-06
-0.000252575
3.53212e-06
-0.000240607
3.9318e-06
-0.000100171
-9.72035e-05
-0.00361119
0.00205357
0.00719178
-0.000706462
-1.04191e-05
-9.58607e-06
0.000220845
-0.000229812
-1.43825e-06
-1.36815e-06
-1.03837e-06
-9.73111e-07
5.95453e-05
-6.06891e-05
-4.89314e-07
5.83981e-05
-4.2014e-07
5.73598e-05
-1.6031e-07
-5.97557e-08
1.84123e-05
-1.89586e-05
1.79366e-05
1.77426e-05
-9.11109e-05
-0.000528211
-0.000229366
0.000110252
-0.000442413
0.00119361
-0.000749494
0.00269908
-0.00117905
0.00461016
-0.00174981
0.0069109
-0.0024658
0.00956394
-0.00331938
0.0125035
-0.00429201
0.0156351
-0.00535583
0.0188386
-0.00647483
0.0219816
-0.00760435
0.0249328
-0.00870105
0.0275627
-0.00971856
0.0297818
-0.0106198
0.0314983
-0.0113661
0.0326752
-0.0119316
0.0332742
-0.0122944
0.0333012
-0.01244
0.0327596
-0.0123632
0.0317052
-0.0120681
0.0301776
-0.0115674
0.0282466
-0.0108621
0.0259758
-0.0099884
0.0234487
-0.00896664
0.0207115
-0.00782517
0.0178253
-0.00660183
0.0148302
-0.00532027
0.0117939
-9.33141e-05
-8.98046e-05
-0.000228197
5.47638e-06
5.99204e-06
-0.000345069
5.95483e-06
5.62222e-06
2.86458e-05
0.000128114
0.000372742
0.00332298
0.000386933
0.000232034
0.000134184
-0.000244991
5.72535e-06
5.75773e-06
6.52442e-05
-6.01095e-05
7.08827e-05
-8.6276e-05
-8.23479e-05
-0.00397608
0.00229589
0.00887188
-0.000780122
-9.25653e-06
-8.17521e-06
0.000237699
-0.000245682
-1.255e-06
-1.17598e-06
-8.85594e-07
-8.11365e-07
6.35327e-05
-6.45357e-05
-4.33698e-07
6.25325e-05
-3.67104e-07
6.1622e-05
-1.26885e-07
-3.9668e-08
1.95985e-05
-2.00874e-05
1.91785e-05
1.90183e-05
-8.31774e-05
-0.000674361
-0.00020978
-0.000122346
-0.000402374
0.00084651
-0.000686347
0.00220638
-0.00109002
0.00395036
-0.00162764
0.00607273
-0.00230396
0.00854853
-0.00311589
0.0113274
-0.00405204
0.0143313
-0.0050898
0.0174536
-0.00619698
0.0205742
-0.00733502
0.0235668
-0.00845931
0.0263034
-0.0095265
0.0286885
-0.0104931
0.0306253
-0.0113204
0.0320639
-0.0119754
0.0329552
-0.0124314
0.0332926
-0.0126754
0.0330717
-0.0126815
0.0323186
-0.0124597
0.0310699
-0.012007
0.0293915
-0.011341
0.0273284
-0.0104834
0.0249655
-0.0094692
0.0223556
-0.00832164
0.0195452
-0.00708624
0.0165961
-0.00576418
0.0135819
-7.68747e-05
-5.41591e-05
-4.85396e-05
-0.000130802
7.11173e-06
6.83461e-06
0.000455877
0.000149028
0.000420184
0.00475689
0.000441753
0.0006872
0.000155712
-1.05001e-05
6.95175e-06
7.00706e-06
4.27819e-05
-3.70637e-05
-0.00439866
0.00259745
0.0106729
-0.000847867
-8.52737e-06
-6.89362e-06
0.000252453
-0.000259613
-1.09382e-06
-9.94466e-07
-7.4518e-07
-6.55116e-07
6.69743e-05
-6.7845e-05
-3.82267e-07
6.61148e-05
-3.15205e-07
6.53263e-05
-9.54922e-08
-1.99253e-08
2.06206e-05
-2.10538e-05
2.02538e-05
2.01271e-05
-7.9816e-05
-0.000804338
-0.000195516
-0.000329253
-0.000368041
0.000528173
-0.000630419
0.00174678
-0.00100528
0.00332801
-0.00150463
0.00527341
-0.00213599
0.00756864
-0.00290156
0.0101769
-0.00379386
0.0130354
-0.00479673
0.0160534
-0.00588306
0.0191223
-0.00701787
0.0221254
-0.0081598
0.0249367
-0.00926397
0.0274594
-0.0102868
0.0295918
-0.0111875
0.0312761
-0.0119279
0.0324517
-0.0124763
0.0330935
-0.012808
0.0331982
-0.0129059
0.0327647
-0.0127625
0.0318253
-0.0123775
0.030428
-0.0117606
0.0286057
-0.0109393
0.0264357
-0.00993969
0.0239738
-0.00880521
0.0212641
-0.00755831
0.0183902
-0.00625166
0.0154348
-2.99526e-05
-2.31133e-05
0.00012243
8.20389e-06
7.99867e-06
0.000937462
0.000169961
0.000474527
0.00636035
0.000519457
0.00120084
0.000178386
0.000261798
8.22213e-06
8.20429e-06
1.61062e-05
-9.14497e-06
-0.00487939
0.00302036
0.0125319
-0.000912183
-9.40348e-06
-6.09221e-06
0.000265373
-0.000272092
-9.76745e-07
-8.23738e-07
-6.25712e-07
-5.02832e-07
6.98995e-05
-7.06559e-05
-3.34541e-07
6.91745e-05
-2.6756e-07
6.84976e-05
-6.60361e-08
-1.35174e-09
2.14836e-05
-2.18652e-05
2.11689e-05
2.10737e-05
-8.55133e-05
-0.000914317
-0.000186403
-0.000510859
-0.000338715
0.000236495
-0.000577653
0.00131916
-0.000920801
0.0027442
-0.00137931
0.00451675
-0.00196383
0.00663094
-0.00267876
0.00906182
-0.00352196
0.0117607
-0.00448228
0.0146526
-0.00553792
0.0176424
-0.00665814
0.0206237
-0.00780487
0.0234776
-0.00893592
0.0261085
-0.010005
0.0284092
-0.0109685
0.0303167
-0.0117864
0.0317618
-0.0124217
0.0327073
-0.0128439
0.0331362
-0.0130306
0.0330328
-0.0129698
0.0324177
-0.012655
0.0313225
-0.0121086
0.0297751
-0.0113331
0.0278292
-0.0103806
0.0255491
-0.00927575
0.0229815
-0.00805902
0.0201974
-0.00674101
0.0172964
-9.26102e-07
7.08767e-06
0.000413344
9.25025e-06
9.20248e-06
0.0014816
0.000193759
0.000581637
0.00810573
0.000693295
0.00179255
0.000208493
0.000572891
9.46572e-06
9.4023e-06
-1.5292e-05
2.35346e-05
-0.0053701
0.00350455
0.0143974
-0.000970201
-1.89063e-05
-8.63298e-06
0.000277263
-0.00028493
-1.04274e-06
-6.90261e-07
-5.66991e-07
-3.49308e-07
7.23537e-05
-7.30342e-05
-2.92969e-07
7.1756e-05
-2.23388e-07
7.11734e-05
-3.99533e-08
1.6207e-08
2.2199e-05
-2.25325e-05
2.19321e-05
2.18665e-05
-0.000102474
-0.000998319
-0.000175746
-0.000673896
-0.000307721
-3.34565e-05
-0.000523642
0.000922017
-0.000834387
0.0021993
-0.00125248
0.00380543
-0.00178893
0.00574114
-0.00245146
0.00799134
-0.00324162
0.0105201
-0.00415283
0.0132675
-0.00516875
0.016153
-0.00626383
0.0190827
-0.00740412
0.0219459
-0.00854752
0.024651
-0.00965106
0.0270918
-0.0106681
0.0291984
-0.0115547
0.0308948
-0.0122699
0.0321333
-0.0127783
0.032884
-0.0130558
0.0331188
-0.0130812
0.0328439
-0.0128528
0.0320667
-0.0123742
0.0308163
-0.0116749
0.0291235
-0.010775
0.0270484
-0.0097239
0.0246463
-0.00852838
0.0219847
-0.00723224
0.0191585
3.27929e-05
4.20005e-05
0.000745935
1.02465e-05
1.04556e-05
0.00213035
0.000243844
0.000848453
0.00981277
0.000949072
0.00250846
0.000315176
0.000932986
1.10789e-05
1.03653e-05
-5.14028e-05
6.08779e-05
-0.00591275
0.00389351
-0.000996411
-4.70602e-05
-2.92177e-05
0.000292117
-0.000306087
-3.54776e-06
-1.40061e-06
-1.08861e-06
-3.5408e-07
7.44562e-05
-7.52171e-05
-2.79581e-07
7.39567e-05
-1.88179e-07
7.34131e-05
-1.9904e-08
3.12996e-08
2.27781e-05
-2.30698e-05
2.25555e-05
2.25163e-05
-0.000102301
-0.00107172
-0.000153385
-0.000828168
-0.000273067
-0.000283983
-0.000467372
0.000555039
-0.000747267
0.00169413
-0.00112553
0.00314208
-0.00161432
0.00490404
-0.00222341
0.00697318
-0.00295747
0.00932473
-0.0038147
0.0119135
-0.00478344
0.0146726
-0.00584357
0.0175222
-0.00696437
0.0203627
-0.00810875
0.0231087
-0.00923621
0.0256599
-0.0102907
0.0279345
-0.011235
0.0298598
-0.0120228
0.0313778
-0.0126148
0.032443
-0.0129787
0.0330164
-0.0130911
0.0330824
-0.0129476
0.0326403
-0.0125649
0.0317063
-0.0119453
0.0302938
-0.0111294
0.0284538
-0.0101153
0.0262332
-0.00898247
0.0237349
-0.00780823
7.11246e-05
8.15771e-05
0.00115197
1.17564e-05
1.31083e-05
0.00288223
0.000474719
0.00105012
0.000860928
0.00324005
0.00059127
0.00142666
2.51224e-05
1.53634e-05
-9.19423e-05
0.000103025
-0.00102008
-2.89663e-05
-4.97002e-05
0.000318648
-0.000325204
-2.29293e-05
-1.75877e-05
-1.15598e-05
-5.10065e-06
7.75603e-05
-8.01709e-05
-9.41436e-07
7.65468e-05
-3.87075e-07
7.55724e-05
-1.12177e-07
2.2617e-09
2.32448e-05
-2.35235e-05
2.30576e-05
2.30385e-05
-7.35725e-05
-0.0011516
-0.000127685
-0.000973617
-0.000236911
-0.00051445
-0.000410633
0.000218443
-0.000660806
0.00122945
-0.00100047
0.00252828
-0.00144238
0.00412306
-0.00199782
0.00601357
-0.00267463
0.0081847
-0.00347374
0.0106038
-0.0043891
0.0132182
-0.00540475
0.0159626
-0.00649606
0.0187501
-0.00762802
0.0215006
-0.00875897
0.0241282
-0.0098442
0.0265437
-0.0108364
0.0286734
-0.0116867
0.0304498
-0.0123555
0.0318199
-0.0128059
0.0327312
-0.0130149
0.0331497
-0.012976
0.0330514
-0.0126851
0.032446
-0.0121641
0.0313285
-0.0114109
0.0297495
-0.0105074
0.027758
-0.00948606
0.000114777
0.000127881
0.0017374
5.38556e-05
0.000110152
0.00372796
0.000562223
0.000420236
0.00200392
0.0001615
0.000163267
-0.000143245
0.000168373
-0.00106582
-8.3954e-06
-1.94118e-05
0.000335851
-0.000348558
-5.194e-06
-1.10683e-05
-1.49885e-05
-2.40648e-05
9.39997e-05
-9.90671e-05
-1.78646e-05
8.90571e-05
-1.26475e-05
8.32593e-05
-5.76445e-06
-2.01372e-06
2.40194e-05
-2.4962e-05
2.36329e-05
2.35212e-05
-4.9808e-05
-0.00122939
-0.000103262
-0.00110718
-0.00020107
-0.000723952
-0.000354797
-8.75152e-05
-0.000576366
0.000805403
-0.000878716
0.00196467
-0.00127522
0.00340052
-0.00177799
0.00511698
-0.00239659
0.00710759
-0.00313578
0.00935058
-0.00399345
0.0118069
-0.00495803
0.0144246
-0.0060087
0.0171308
-0.00711607
0.0198577
-0.00824154
0.0225255
-0.00934142
0.0250487
-0.0103669
0.0273536
-0.011271
0.0293654
-0.0120035
0.0310175
-0.0125407
0.032257
-0.0128465
0.0330202
-0.0129028
0.0332692
-0.0127154
0.0329972
-0.0122783
0.0321959
-0.0116778
0.0309199
-0.0108545
0.000222232
0.000332393
0.00237292
0.000129761
6.34591e-05
-4.02329e-06
2.75674e-05
-0.000403939
0.000504416
6.1031e-05
9.1726e-05
-0.00110544
-2.81089e-06
-7.39739e-06
0.000361983
-0.000367755
-6.57067e-07
-1.96152e-06
-1.65446e-06
-4.33031e-06
0.000117146
-0.000119384
-2.95513e-06
0.000111551
-5.47507e-06
0.000106283
-9.71932e-06
-1.68495e-05
4.53891e-05
-5.13257e-05
-1.19305e-05
3.27409e-05
2.69757e-05
-3.37126e-05
-0.001299
-8.15717e-05
-0.00122674
-0.000166909
-0.000911832
-0.000300817
-0.000363015
-0.000494802
0.000421548
-0.000761535
0.00145105
-0.0011142
0.00273678
-0.00156599
0.00428643
-0.00212757
0.00609943
-0.00280609
0.00816325
-0.00360234
0.0104513
-0.00450969
0.0129256
-0.00551267
0.0155274
-0.00658466
0.0182008
-0.00769195
0.0208761
-0.0087924
0.0234743
-0.00983873
0.0259214
-0.0107839
0.0281458
-0.0115849
0.0300618
-0.0121907
0.0316012
-0.0125828
0.0327001
-0.0127435
0.0332972
-0.0126637
0.0333825
-0.012398
0.032916
-0.0117997
0.000598523
3.5654e-05
0.000647876
1.41057e-05
-0.000684916
-2.81471e-05
-9.4716e-06
-9.1726e-05
0.000152758
-0.00113486
-8.97563e-07
-3.35577e-06
0.00037405
-0.00037619
-8.77582e-08
-5.71079e-07
-1.75488e-07
-9.18701e-07
0.000124444
-0.000124643
-4.52725e-07
0.000123133
-6.48717e-07
0.000122187
-7.07015e-07
-1.52677e-06
7.25005e-05
-7.48404e-05
-6.16511e-07
6.82112e-05
-1.1859e-06
6.13556e-05
-2.86396e-06
-6.8199e-06
-1.19305e-05
-2.2249e-05
-0.00135822
-6.22948e-05
-0.00133125
-0.000134587
-0.001078
-0.000249002
-0.000608764
-0.000416518
7.65874e-05
-0.000649235
0.000986145
-0.000960464
0.00213132
-0.00136331
0.00352222
-0.00186965
0.00516305
-0.00248818
0.00704916
-0.00322267
0.00916429
-0.00406954
0.0114825
-0.00501764
0.0139605
-0.00604509
0.016554
-0.00712216
0.0192059
-0.00821019
0.0218458
-0.00926562
0.0244032
-0.0102396
0.0268005
-0.0110858
0.0289569
-0.0117687
0.0307871
-0.01225
0.0322065
-0.0125121
0.0331456
-0.0125803
0.0335648
-0.0122587
0.000188412
0.000202518
-0.000193046
-0.00115593
2.08203e-07
-1.39597e-06
0.000379467
-0.000380303
1.10054e-07
-1.61298e-07
1.37184e-07
-2.08794e-07
0.000126076
-0.000126012
-1.42865e-07
0.000125648
-1.395e-07
0.000125444
3.39431e-08
-1.15164e-07
7.7321e-05
-7.76711e-05
-1.00444e-07
7.67666e-05
-9.25514e-08
7.61679e-05
-1.0747e-07
-1.99138e-07
2.28005e-05
-2.34171e-05
2.16145e-05
1.87504e-05
-1.33918e-05
-0.00140717
-4.49359e-05
-0.00142094
-0.00010396
-0.00122302
-0.000199316
-0.000825916
-0.00034143
-0.000231159
-0.000542124
0.000567871
-0.000814459
0.00158254
-0.00117157
0.00282421
-0.00162562
0.00430056
-0.00218625
0.0060128
-0.00285901
0.00795384
-0.00364375
0.0101087
-0.00453218
0.0124477
-0.00550784
0.0149399
-0.00654541
0.0175413
-0.00760963
0.0201899
-0.00865961
0.0228232
-0.00964927
0.025364
-0.0105352
0.0277235
-0.0112735
0.0298106
-0.0118402
0.0315346
-0.0122347
0.0327999
-0.0121933
-0.00117025
1.07535e-06
-9.08302e-08
0.00038209
-0.000382187
2.52213e-07
6.81623e-08
3.08442e-07
8.9641e-08
0.000126522
-0.000126373
-3.19483e-08
0.00012636
3.21076e-09
0.000126326
1.76881e-07
1.08092e-07
7.79488e-05
-7.80499e-05
-3.83781e-08
7.78206e-05
-6.83533e-09
7.78349e-05
2.32217e-08
5.01992e-08
2.38159e-05
-2.39152e-05
2.37237e-05
2.36163e-05
-5.84643e-06
-0.00144613
-2.87481e-05
-0.00149606
-7.45827e-05
-0.0013477
-0.000151479
-0.00101582
-0.000269506
-0.000503726
-0.000440529
0.000194005
-0.00067711
0.00108815
-0.000992041
0.00219071
-0.00139736
0.00351177
-0.00190323
0.00505711
-0.00251637
0.0068266
-0.00323861
0.00881538
-0.00406551
0.0110055
-0.00498398
0.0133786
-0.0059726
0.0159043
-0.00700245
0.0185328
-0.00803499
0.021209
-0.00903226
0.023861
-0.00993858
0.0263886
-0.0107335
0.028704
-0.0113806
0.0306805
-0.011625
-0.00117887
1.8634e-06
9.37214e-07
0.000382991
-0.000382503
3.74758e-07
2.36069e-07
4.38572e-07
2.82969e-07
0.00012643
-0.000126212
4.22002e-08
0.00012641
8.99982e-08
0.000126476
2.47928e-07
1.94342e-07
7.79028e-05
-7.79207e-05
-1.29078e-08
7.78921e-05
1.81766e-08
7.80237e-05
4.90616e-08
8.36307e-08
2.38467e-05
-2.38832e-05
2.38409e-05
2.3865e-05
8.9578e-07
-0.00147579
-1.33391e-05
-0.00155732
-4.60623e-05
-0.00145309
-0.000105284
-0.00118
-0.000201135
-0.000743065
-0.000345167
-0.000137866
-0.000549491
0.00064569
-0.000826468
0.00161991
-0.00118758
0.00279619
-0.00164272
0.00418359
-0.0021994
0.00578763
-0.0028608
0.00761103
-0.00362477
0.00964672
-0.00448199
0.0118883
-0.00541612
0.0143181
-0.00640158
0.0168994
-0.00740896
0.0195857
-0.00838525
0.0223077
-0.00932138
0.0249764
-0.0101456
0.027469
-0.0106338
-0.00118241
2.63172e-06
1.86299e-06
0.000382536
-0.000381517
4.95794e-07
3.79946e-07
5.54005e-07
4.30155e-07
0.000125947
-0.000125661
1.02608e-07
0.000126032
1.55537e-07
0.000126178
2.99178e-07
2.51984e-07
7.7573e-05
-7.7534e-05
4.84238e-09
7.76317e-05
3.46959e-08
7.78198e-05
6.23499e-08
9.44061e-08
2.37303e-05
-2.3742e-05
2.37496e-05
2.37996e-05
7.47317e-06
-0.00149649
1.89013e-06
-0.0016052
-1.819e-05
-0.00154015
-6.10384e-05
-0.00132006
-0.00013703
-0.000951149
-0.000257356
-0.000429929
-0.000433616
0.000252911
-0.000677272
0.00110967
-0.000998938
0.00215255
-0.00140816
0.0033927
-0.00191212
0.00483936
-0.00251486
0.00650139
-0.00321651
0.00838128
-0.00401086
0.0104829
-0.00488482
0.0128013
-0.00581899
0.0153094
-0.00677926
0.0179797
-0.00775391
0.0207403
-0.00865913
0.0234899
-0.00933282
-0.00118107
3.4117e-06
2.76533e-06
0.000380882
-0.000379364
6.17637e-07
5.2085e-07
6.74062e-07
5.64872e-07
0.000125126
-0.000124774
1.59278e-07
0.000125301
2.11854e-07
0.000125522
3.44208e-07
2.95084e-07
7.70379e-05
-7.69481e-05
1.93922e-08
7.71511e-05
4.8319e-08
7.73819e-05
7.25108e-08
1.01481e-07
2.35493e-05
-2.35431e-05
2.35847e-05
2.36476e-05
1.40278e-05
-0.0015086
1.70357e-05
-0.0016404
8.82268e-06
-0.00160998
-1.96372e-05
-0.00143741
-7.869e-05
-0.00112977
-0.000179244
-0.000684253
-0.000332097
-9.22079e-05
-0.000547463
0.000658339
-0.000835099
0.00157984
-0.00120325
0.00268431
-0.00165884
0.00398377
-0.00220644
0.00549163
-0.0028472
0.00721788
-0.0035774
0.00917569
-0.00438836
0.0113707
-0.00526218
0.0137923
-0.0061864
0.0164122
-0.00708288
0.019164
-0.00787065
-0.0011749
4.22939e-06
3.68771e-06
0.00037809
-0.00037606
7.43533e-07
6.65005e-07
7.96313e-07
7.04932e-07
0.00012399
-0.000123577
2.15236e-07
0.000124247
2.69087e-07
0.000124543
3.88625e-07
3.37993e-07
7.6325e-05
-7.61904e-05
3.2308e-08
7.64863e-05
5.94077e-08
7.67569e-05
8.11802e-08
1.07125e-07
2.33186e-05
-2.32958e-05
2.33682e-05
2.34416e-05
2.07211e-05
-0.00151221
3.19926e-05
-0.00166354
3.42068e-05
-0.0016638
1.77247e-05
-0.00153379
-2.80709e-05
-0.00128091
-0.000113407
-0.000902884
-0.000247939
-0.000391469
-0.000440493
0.000264303
-0.000699428
0.00107665
-0.00103194
0.00205783
-0.001444
0.00322162
-0.00194002
0.00458461
-0.00252279
0.00616321
-0.00318849
0.00797568
-0.00393126
0.0100397
-0.0047474
0.0123533
-0.00557093
0.0149002
-0.00639834
-0.00116388
5.11604e-06
4.65664e-06
0.000374137
-0.000371567
8.76511e-07
8.11976e-07
9.23592e-07
8.49259e-07
0.000122546
-0.000122067
2.73388e-07
0.000122888
3.26955e-07
0.000123254
4.37646e-07
3.84912e-07
7.54504e-05
-7.52757e-05
4.47728e-08
7.56567e-05
7.0235e-08
7.59621e-05
9.02633e-08
1.12902e-07
2.30439e-05
-2.30075e-05
2.31055e-05
2.31887e-05
2.7615e-05
-0.00150776
4.6251e-05
-0.00167551
5.69693e-05
-0.001703
4.91184e-05
-0.00161097
1.2406e-05
-0.00140666
-6.26608e-05
-0.00108795
-0.000184287
-0.000647387
-0.00035979
-7.49919e-05
-0.000595594
0.000640696
-0.000897687
0.00151183
-0.00127089
0.00255263
-0.00171928
0.00378116
-0.00224514
0.00521998
-0.00284759
0.00689214
-0.00352785
0.00882022
-0.00424118
0.0110236
-0.00503832
-0.00114796
6.06466e-06
5.68558e-06
0.000368964
-0.00036581
1.02562e-06
9.71268e-07
1.06604e-06
9.98322e-07
0.000120777
-0.000120223
3.33624e-07
0.000121207
3.86851e-07
0.00012165
4.87361e-07
4.36032e-07
7.44156e-05
-7.41966e-05
5.79301e-08
7.46654e-05
8.23683e-08
7.50083e-05
9.9274e-08
1.19465e-07
2.27302e-05
-2.26826e-05
2.28024e-05
2.28946e-05
3.42537e-05
-0.00149574
5.8982e-05
-0.00167754
7.54894e-05
-0.0017294
7.26659e-05
-0.00167123
4.04224e-05
-0.00150961
-2.94534e-05
-0.0012424
-0.000143568
-0.000862922
-0.000307333
-0.000362542
-0.000525564
0.000268996
-0.000802368
0.0010435
-0.00114171
0.00197511
-0.00154669
0.00308265
-0.00201931
0.00439154
-0.00256377
0.00592792
-0.00315332
0.0077323
-0.0038741
-0.00112739
7.02137e-06
6.7415e-06
0.000362505
-0.000358749
1.19078e-06
1.14815e-06
1.22571e-06
1.16406e-06
0.000118657
-0.000118021
4.01716e-07
0.000119181
4.53606e-07
0.000119711
5.44981e-07
4.90569e-07
7.32071e-05
-7.29394e-05
7.23379e-08
7.35048e-05
9.5261e-08
7.38863e-05
1.1071e-07
1.2761e-07
2.2379e-05
-2.23187e-05
2.24626e-05
2.25631e-05
4.02966e-05
-0.00147694
6.91155e-05
-0.00167109
8.84028e-05
-0.0017451
8.65847e-05
-0.00171723
5.4271e-05
-0.001593
-1.54143e-05
-0.00137022
-0.000127204
-0.00104294
-0.000284499
-0.00060362
-0.000489942
-4.33923e-05
-0.000746391
0.000648219
-0.00105664
0.00148504
-0.00142255
0.00248582
-0.00184729
0.003675
-0.00232276
0.00509733
-0.00294368
-0.00110269
7.88836e-06
7.73128e-06
0.000354737
-0.000350377
1.35921e-06
1.33181e-06
1.39226e-06
1.34472e-06
0.00011616
-0.000115438
4.76573e-07
0.000116786
5.28702e-07
0.000117408
6.11045e-07
5.54412e-07
7.18046e-05
-7.14826e-05
8.77514e-08
7.21557e-05
1.10147e-07
7.25839e-05
1.23393e-07
1.37912e-07
2.19825e-05
-2.19067e-05
2.20792e-05
2.21911e-05
4.4994e-05
-0.0014529
7.55328e-05
-0.00165831
9.42614e-05
-0.00175271
8.94706e-05
-0.00175221
5.26558e-05
-0.00166081
-2.11782e-05
-0.00147594
-0.000134737
-0.00119224
-0.000289458
-0.000803701
-0.00048649
-0.000303176
-0.000727272
0.000318762
-0.00101309
0.00107539
-0.00134518
0.00198347
-0.00172548
0.00307756
-0.00223861
-0.0010747
8.53332e-06
8.54049e-06
0.000345712
-0.000340821
1.51424e-06
1.50477e-06
1.55168e-06
1.52013e-06
0.000113273
-0.000112462
5.54713e-07
0.000114
6.09266e-07
0.000114715
6.82239e-07
6.25078e-07
7.01885e-05
-6.98107e-05
1.05408e-07
7.05967e-05
1.26583e-07
7.10755e-05
1.38714e-07
1.50248e-07
2.15313e-05
-2.14394e-05
2.16435e-05
2.17688e-05
4.75978e-05
-0.0014248
7.7572e-05
-0.00164133
9.24251e-05
-0.00175536
8.07612e-05
-0.00178007
3.57491e-05
-0.00171752
-4.56834e-05
-0.00156485
-0.000164218
-0.00131761
-0.000319498
-0.000970947
-0.000511227
-0.000519392
-0.000739884
4.53508e-05
-0.00100562
0.000735523
-0.00131152
0.00156928
-0.00172306
-0.00104457
8.49752e-06
8.93307e-06
0.000335628
-0.000330329
1.61297e-06
1.63659e-06
1.68153e-06
1.66666e-06
0.000110008
-0.00010912
6.29197e-07
0.00011083
6.85749e-07
0.000111635
7.5061e-07
6.95597e-07
6.83466e-05
-6.79106e-05
1.24502e-07
6.88156e-05
1.44544e-07
6.93476e-05
1.54965e-07
1.64256e-07
2.102e-05
-2.09113e-05
2.11485e-05
2.12892e-05
4.78115e-05
-0.00139514
7.46065e-05
-0.00162351
8.22086e-05
-0.00175667
6.05687e-05
-0.00180472
4.67474e-06
-0.00176774
-8.64775e-05
-0.00164246
-0.000211526
-0.00142534
-0.000368708
-0.00111328
-0.000557031
-0.000702349
-0.000775863
-0.000184735
-0.00102767
0.000451394
-0.00135053
-0.00101327
8.24095e-06
8.41324e-06
0.000324772
-0.000319
1.23056e-06
1.49632e-06
1.6539e-06
1.72272e-06
0.000106434
-0.00010549
6.67658e-07
0.000107332
7.40376e-07
0.000108208
8.05884e-07
7.54997e-07
6.62835e-05
-6.57939e-05
1.43194e-07
6.68093e-05
1.62507e-07
6.7392e-05
1.71433e-07
1.78817e-07
2.04445e-05
-2.03174e-05
2.05906e-05
2.0747e-05
4.59875e-05
-0.0013661
6.66253e-05
-0.00160749
6.41181e-05
-0.00175997
2.99735e-05
-0.0018299
-3.8371e-05
-0.00181576
-0.000139849
-0.00171415
-0.000271557
-0.00152275
-0.000430595
-0.00124015
-0.000615026
-0.000863621
-0.000825565
-0.000387153
-0.00107578
-0.000983542
8.05627e-06
8.2288e-06
0.000314306
-0.000308235
2.16687e-06
2.50203e-06
1.20846e-06
0.000102541
-0.00010139
7.31656e-08
0.00010356
4.78106e-07
0.000104508
7.04616e-07
7.4144e-07
6.40415e-05
-6.35239e-05
1.53048e-07
6.4607e-05
1.7523e-07
6.52294e-05
1.84968e-07
1.91424e-07
1.98024e-05
-1.96577e-05
1.9966e-05
2.01386e-05
4.1345e-05
-0.00134093
5.32001e-05
-0.00159667
3.84986e-05
-0.00176847
-9.05455e-06
-0.00185913
-8.9987e-05
-0.00186559
-0.000200941
-0.00178474
-0.000337435
-0.00161587
-0.000495925
-0.00135937
-0.000674902
-0.00101452
-0.000874949
-0.000957328
7.41619e-06
7.90472e-06
0.000302712
-0.000297607
2.98867e-06
2.71136e-06
9.44741e-05
-0.000158638
1.49994e-07
6.60089e-05
1.63368e-07
9.96095e-05
-2.6424e-06
-5.74141e-07
6.20417e-05
-6.19783e-05
9.77514e-09
6.24162e-05
1.01739e-07
6.29667e-05
1.54522e-07
1.84805e-07
1.91049e-05
-1.8951e-05
1.92807e-05
1.94663e-05
3.40066e-05
-0.00132132
3.53225e-05
-0.00159312
7.26006e-06
-0.00178463
-5.40782e-05
-0.001895
-0.000146306
-0.00192021
-0.000264034
-0.00185824
-0.000402022
-0.00171009
-0.000556204
-0.00147839
-0.000721262
-0.000936269
6.11767e-06
6.81372e-06
0.000292691
-0.000288153
2.93123e-06
2.9998e-06
0.000156241
-0.000153537
1.43203e-07
1.64795e-07
1.67246e-07
1.47982e-07
1.75326e-05
-1.73853e-05
6.2578e-05
7.83405e-07
1.76941e-05
2.42082e-08
1.85094e-05
-1.85008e-05
1.86113e-05
1.87662e-05
2.38371e-05
-0.00131006
1.3322e-05
-0.00159939
-2.83363e-05
-0.00181041
-0.000101994
-0.00193929
-0.000202602
-0.00198165
-0.000323275
-0.0019371
-0.000457581
-0.00180887
-0.000597231
-0.000921783
4.32927e-06
5.17885e-06
0.000283999
-0.000280317
2.48209e-06
2.6699e-06
0.000150855
-0.0001482
1.40727e-07
1.63897e-07
1.69783e-07
1.51597e-07
1.69039e-05
-1.67589e-05
1.70694e-05
-1.72174e-05
1.84765e-05
1.17909e-05
-0.00130814
-1.11494e-05
-0.00161624
-6.5812e-05
-0.00184649
-0.000149412
-0.00199248
-0.000254377
-0.00205061
-0.000372377
-0.0020224
-0.00049296
-0.000915354
2.15798e-06
3.13178e-06
0.000277197
-0.00027464
1.81516e-06
2.06341e-06
0.000145818
-0.000143577
1.18614e-07
1.43517e-07
1.54084e-07
1.32689e-07
1.62706e-05
-1.61297e-05
1.6436e-05
-1.65876e-05
-2.132e-06
-0.00131748
-3.74358e-05
-0.00164491
-0.000103135
-0.00189285
-0.000192772
-0.00205411
-0.000296601
-0.00212645
-0.000402435
-0.000917889
-2.81964e-07
8.0747e-07
0.000272788
-0.000271591
1.00047e-06
1.28999e-06
0.000141741
-0.000140101
8.46492e-08
1.11545e-07
1.2364e-07
1.00167e-07
1.56986e-05
-1.55824e-05
1.58425e-05
-1.59752e-05
-1.68473e-05
-0.00133771
-6.35899e-05
-0.00168412
-0.000137478
-0.00194806
-0.000228217
-0.00212254
-0.000322088
-0.0009302
-2.94326e-06
-1.73227e-06
0.000271184
-0.000271526
7.98802e-08
4.02458e-07
0.000138956
-0.000138049
4.27785e-08
7.147e-08
8.44748e-08
5.91756e-08
1.52477e-05
-1.51651e-05
1.53589e-05
-1.54591e-05
-3.22583e-05
-0.0013694
-8.89402e-05
-0.00173296
-0.000166397
-0.00201001
-0.000249635
-0.000952277
-5.77485e-06
-4.39783e-06
0.000272687
-0.000274698
-9.27621e-07
-5.69794e-07
0.000137704
-0.000137639
-3.41131e-09
2.64296e-08
4.0485e-08
1.29727e-08
1.49493e-05
-1.49088e-05
1.50211e-05
-1.50803e-05
-4.79338e-05
-0.00141034
-0.000111324
-0.00178803
-0.000184252
-0.000983934
-9.11422e-06
-7.33812e-06
0.000277494
-0.000281255
-2.0288e-06
-1.60964e-06
0.00013817
-0.000139025
-5.47569e-08
-2.28846e-08
-7.64082e-09
-3.81274e-08
1.48305e-05
-1.48385e-05
1.48561e-05
-1.48691e-05
-6.37128e-05
-0.00145817
-0.000125902
-0.00102308
-1.36247e-05
-1.11136e-05
0.000285813
-0.000291588
-3.36608e-06
-2.78713e-06
0.000140496
-0.000142353
-1.11447e-07
-7.54291e-08
-5.81589e-08
-9.19444e-08
1.49102e-05
-1.49723e-05
1.48858e-05
-1.48477e-05
-7.50273e-05
-1.80364e-05
-1.5225e-05
0.000298294
-0.00030656
-5.45073e-06
-4.42563e-06
0.000144884
-0.000147955
-1.80908e-07
-1.37098e-07
-1.14016e-07
-1.53228e-07
1.5204e-05
-1.53243e-05
1.51255e-05
-1.50336e-05
0.000314685
-9.46193e-06
-7.12804e-06
0.000151962
-0.000156913
-3.16938e-07
-2.38388e-07
-1.89636e-07
-2.43934e-07
1.57349e-05
-1.5925e-05
1.55947e-05
-1.54414e-05
0.000163052
-1.54324e-06
-9.811e-07
-4.00651e-07
-6.11161e-07
1.6607e-05
-1.69392e-05
1.63636e-05
-1.61197e-05
1.89475e-05
1.79586e-05
-1.73475e-05
)
;

boundaryField
{
    inlet
    {
        type            calculated;
        value           nonuniform 0();
    }
    outlet
    {
        type            calculated;
        value           nonuniform List<scalar> 
55
(
-0.00106493
-0.00150912
-0.00184645
-0.00207541
-0.00219501
-0.00220682
-0.00211296
-0.00191319
-0.00160248
-0.00116831
-0.000588091
0.000176535
0.00119665
0.00256194
0.00439221
0.00680188
0.00985933
0.0135402
0.0176917
0.0220278
0.026168
0.0296893
0.0322316
0.0334994
0.033375
0.0318651
0.0291264
0.0254127
0.0210539
0.0164166
0.0117952
0.00599227
0.00924818
0.0121448
0.01446
0.0159789
0.0165285
0.016059
0.0146458
0.0124843
0.00981619
0.00690605
0.00396598
0.00117979
-2.05008e-05
-0.000170043
-0.000323331
0.00416866
0.00276961
0.00070904
0.000128213
0.000323266
0.0017296
0.000164899
0.00054591
)
;
    }
    wall
    {
        type            calculated;
        value           uniform 0;
    }
    front
    {
        type            empty;
        value           nonuniform 0();
    }
    back
    {
        type            empty;
        value           nonuniform 0();
    }
    vanem
    {
        type            calculated;
        value           uniform 0;
    }
    vaneu
    {
        type            calculated;
        value           uniform 0;
    }
    vanel
    {
        type            calculated;
        value           nonuniform 0();
    }
    procBoundary3to2
    {
        type            processor;
        value           nonuniform List<scalar> 
58
(
-0.00136268
-0.00341837
-0.00631714
-0.00992041
-0.0139855
-0.0181722
-0.0220966
-0.0254133
-0.0278982
-0.0294757
-0.030161
-0.0299813
-0.0289109
-0.0269335
-0.0241119
-0.0206348
-0.0168229
-0.0130099
-0.00947648
-0.00639652
-0.00383978
-0.00180446
-0.000246092
0.000892632
0.00166661
0.00212218
0.00229337
0.00220611
0.00187579
0.00130811
-0.00658297
-0.00951809
-0.0121408
-0.0142118
-0.0155281
-0.0159558
-0.015471
-0.0141333
-0.0121325
-0.00966072
-0.00692991
-0.00412285
-0.00134366
-9.19854e-06
-1.17179e-05
0.000355262
1.44854e-06
-8.76927e-06
-0.00142992
-0.00023912
-2.36889e-06
2.53595e-05
-0.000446723
-0.00218274
-4.36087e-05
-7.62763e-05
8.58863e-05
-0.000260948
)
;
    }
}


// ************************************************************************* //
