/*--------------------------------*- C++ -*----------------------------------*\
| =========                 |                                                 |
| \\      /  F ield         | OpenFOAM: The Open Source CFD Toolbox           |
|  \\    /   O peration     | Version:  v1912                                 |
|   \\  /    A nd           | Website:  www.openfoam.com                      |
|    \\/     M anipulation  |                                                 |
\*---------------------------------------------------------------------------*/
FoamFile
{
    version     2.0;
    format      ascii;
    class       volScalarField;
    location    "340";
    object      p;
}
// * * * * * * * * * * * * * * * * * * * * * * * * * * * * * * * * * * * * * //

dimensions      [0 2 -2 0 0 0 0];


internalField   nonuniform List<scalar> 
3753
(
-0.00637452
-0.00634586
-0.00613744
-0.00629961
-0.00610979
-0.00589853
-0.00625886
-0.00606249
-0.00587213
-0.00567421
-0.00623035
-0.0060211
-0.00582846
-0.00564895
-0.00545397
-0.00622049
-0.0059898
-0.0057904
-0.00560469
-0.00542937
-0.00524073
-0.00623823
-0.00597576
-0.00575828
-0.0055636
-0.00538732
-0.00521605
-0.00503736
-0.00629328
-0.0059855
-0.00573887
-0.00553118
-0.00535101
-0.00517488
-0.00501332
-0.00483845
-0.00638717
-0.00602688
-0.00574084
-0.00551282
-0.00532198
-0.00513944
-0.00497225
-0.00481521
-0.00464581
-0.00652064
-0.0061055
-0.00576981
-0.0055149
-0.00530473
-0.00511065
-0.00493598
-0.00477561
-0.00462341
-0.00446075
-0.00669084
-0.00622327
-0.00582784
-0.00554103
-0.00530733
-0.00509643
-0.00490785
-0.00474203
-0.0045844
-0.00443747
-0.0042818
-0.00688247
-0.00637996
-0.00591007
-0.00559251
-0.00533584
-0.00510302
-0.00489454
-0.00471639
-0.00454938
-0.00439974
-0.00425987
-0.004104
-0.00704796
-0.00658363
-0.00601451
-0.00567002
-0.00539476
-0.00513412
-0.00490249
-0.0047031
-0.00452385
-0.00436938
-0.00422215
-0.00408267
-0.00393375
-0.00681525
-0.00715344
-0.00713083
-0.00613903
-0.00577137
-0.00548354
-0.00519416
-0.00493633
-0.00471043
-0.00451335
-0.00434449
-0.00418789
-0.00404642
-0.00391319
-0.00376554
-0.00629267
-0.00674839
-0.00710713
-0.00713462
-0.00717822
-0.00589375
-0.00559718
-0.00528299
-0.00499828
-0.00474311
-0.00452212
-0.00433154
-0.00416373
-0.00401687
-0.0038773
-0.00374608
-0.00360321
-0.00604408
-0.00636005
-0.00650157
-0.0068462
-0.00733217
-0.00713647
-0.00712698
-0.00724219
-0.00572704
-0.00539785
-0.00508807
-0.00480461
-0.00455665
-0.00434006
-0.00415485
-0.00399451
-0.00384647
-0.00371204
-0.00358299
-0.00344802
-0.00586891
-0.00613225
-0.00627546
-0.00646273
-0.0065623
-0.00679731
-0.0068897
-0.00704952
-0.00768352
-0.00707698
-0.00717678
-0.00727481
-0.0055325
-0.00520056
-0.00489433
-0.00461948
-0.00437442
-0.00416426
-0.00398501
-0.00382399
-0.00368402
-0.00354969
-0.00342939
-0.0032904
-0.00567206
-0.00592617
-0.00605281
-0.00622692
-0.00635721
-0.00651408
-0.00658914
-0.00669705
-0.00661472
-0.00676709
-0.00637728
-0.00663164
-0.00822684
-0.00719304
-0.00724402
-0.0073215
-0.00533092
-0.00500847
-0.00470813
-0.00443545
-0.00419842
-0.00399456
-0.00381465
-0.00366324
-0.00352272
-0.00339552
-0.0032719
-0.00314149
-0.00547221
-0.00572001
-0.00583936
-0.00600771
-0.00612517
-0.0062529
-0.00632948
-0.00645438
-0.00638262
-0.00656952
-0.00662477
-0.00672785
-0.00668351
-0.00671732
-0.00895754
-0.00513793
-0.00481628
-0.00452301
-0.00425939
-0.00402718
-0.00382494
-0.00365536
-0.0035036
-0.00336801
-0.00324122
-0.0031231
-0.00299164
-0.00527594
-0.00552359
-0.00563484
-0.00579943
-0.00590675
-0.00603485
-0.00609916
-0.00621476
-0.00614411
-0.00629689
-0.00635573
-0.00648581
-0.00642322
-0.00494154
-0.00463457
-0.00434561
-0.00408513
-0.0038594
-0.00366639
-0.00349756
-0.00335056
-0.00321706
-0.00309089
-0.0029745
-0.00284375
-0.00507863
-0.00532819
-0.0054335
-0.00560092
-0.00570009
-0.00582962
-0.00588853
-0.00598545
-0.0059335
-0.00606937
-0.00613447
-0.00624691
-0.00617846
-0.00476115
-0.00445118
-0.00416911
-0.00391965
-0.00369848
-0.0035088
-0.00334602
-0.00319992
-0.00306549
-0.00294478
-0.00282836
-0.0027048
-0.00489392
-0.00513334
-0.0052368
-0.00539967
-0.00550106
-0.00563101
-0.00568502
-0.00577991
-0.0057272
-0.00586208
-0.00592577
-0.00601819
-0.00596711
-0.00457166
-0.00427513
-0.00400242
-0.00375521
-0.00354262
-0.00335873
-0.00319696
-0.00305042
-0.00292164
-0.00279979
-0.00268739
-0.00256369
-0.00470262
-0.00494831
-0.00504301
-0.0052044
-0.00530785
-0.00542789
-0.00548537
-0.00557748
-0.00553359
-0.00566566
-0.00571924
-0.00581635
-0.00575974
-0.00439697
-0.00410523
-0.00383711
-0.0035987
-0.00339275
-0.00321263
-0.0030502
-0.00290757
-0.00277736
-0.00265736
-0.00254864
-0.00242592
-0.00452686
-0.00475871
-0.00485316
-0.00501629
-0.00511076
-0.00523798
-0.00528517
-0.00538617
-0.00533286
-0.00546335
-0.00551836
-0.00561177
-0.00556909
-0.00422289
-0.00393904
-0.00367618
-0.0034485
-0.00324778
-0.00306871
-0.00290899
-0.00276495
-0.00263528
-0.00252019
-0.00241042
-0.00229232
-0.00434824
-0.00458033
-0.0046707
-0.00482855
-0.00492303
-0.00504349
-0.00509695
-0.00518737
-0.0051387
-0.00527298
-0.0053201
-0.00541936
-0.00536479
-0.00405472
-0.00377489
-0.00352581
-0.00330448
-0.00310914
-0.00293041
-0.00276673
-0.00262165
-0.00249745
-0.00238245
-0.002278
-0.00216049
-0.0041793
-0.00440402
-0.00449025
-0.00464712
-0.00473532
-0.00486254
-0.00490113
-0.00499977
-0.00495128
-0.00507667
-0.00513156
-0.00521914
-0.0051717
-0.00388957
-0.00362078
-0.00338024
-0.00316866
-0.00297335
-0.00278914
-0.00262445
-0.00248388
-0.00236022
-0.00225108
-0.00214654
-0.00203073
-0.00401213
-0.00423481
-0.00431549
-0.00447086
-0.00455463
-0.00467712
-0.00472183
-0.00480829
-0.00476425
-0.00489457
-0.00492957
-0.0050302
-0.00498937
-0.00373109
-0.00347215
-0.00324454
-0.00303671
-0.00283726
-0.00264814
-0.002484
-0.00234671
-0.00223088
-0.00212026
-0.00201705
-0.00190289
-0.0038517
-0.00406679
-0.00414768
-0.0042992
-0.00437806
-0.00450128
-0.00454055
-0.00462906
-0.0045826
-0.00470759
-0.00475194
-0.00484131
-0.00479859
-0.003578
-0.00333272
-0.00311667
-0.00290927
-0.00269628
-0.00250452
-0.00234631
-0.00221827
-0.00210133
-0.00199222
-0.00189029
-0.00177949
-0.00369501
-0.0039074
-0.00398193
-0.00412837
-0.00421256
-0.00432569
-0.00436879
-0.00445212
-0.0044051
-0.0045337
-0.00456647
-0.00466552
-0.00461377
-0.0034324
-0.00320619
-0.0029998
-0.00277177
-0.00254896
-0.00236309
-0.00221734
-0.00209035
-0.00197455
-0.00186622
-0.00176747
-0.00165549
-0.00354587
-0.00375256
-0.00382372
-0.00396794
-0.0040448
-0.00415587
-0.00420012
-0.0042831
-0.0042399
-0.00435719
-0.00439489
-0.00448828
-0.0044345
-0.00329969
-0.00309594
-0.00287191
-0.00262033
-0.00239993
-0.00223232
-0.00209274
-0.00196542
-0.00184918
-0.00174461
-0.00164348
-0.00153472
-0.0034027
-0.00360757
-0.00366766
-0.00381231
-0.00388507
-0.00399707
-0.00403264
-0.00411133
-0.00407394
-0.0041892
-0.0042297
-0.00431851
-0.00426692
-0.00318282
-0.00299188
-0.00271945
-0.00245771
-0.00226457
-0.00211039
-0.00196996
-0.00184337
-0.00173031
-0.00162133
-0.00152375
-0.00141104
-0.00326682
-0.00346797
-0.00351959
-0.00366285
-0.00373007
-0.00383953
-0.00387819
-0.00395197
-0.00391089
-0.00402941
-0.00405943
-0.00414162
-0.0041021
-0.00310605
-0.00284954
-0.00253294
-0.0023132
-0.00214596
-0.00199256
-0.00185173
-0.0017257
-0.00160956
-0.00150261
-0.00140208
-0.00128907
-0.00317455
-0.00333666
-0.00337659
-0.0035197
-0.00358446
-0.00369208
-0.00372107
-0.00379428
-0.00375934
-0.00386975
-0.00390728
-0.00398207
-0.00393717
-0.00301616
-0.00262387
-0.00237549
-0.00219862
-0.00203377
-0.00187789
-0.00173631
-0.0016091
-0.00149078
-0.00138321
-0.00127995
-0.00116789
-0.00319306
-0.00321676
-0.00324777
-0.00338447
-0.00344532
-0.00354832
-0.00357788
-0.00364671
-0.00361246
-0.00372379
-0.00374572
-0.00382381
-0.00378643
-0.00273686
-0.00244521
-0.00226644
-0.0020933
-0.00192265
-0.00176563
-0.0016234
-0.00149184
-0.00137455
-0.00126205
-0.00116064
-0.00104469
-0.00286484
-0.00332875
-0.00320951
-0.00322085
-0.00330989
-0.00341784
-0.00343836
-0.00350659
-0.00348057
-0.00357696
-0.00360378
-0.00367509
-0.00363687
-0.00252183
-0.0023485
-0.0021697
-0.00198542
-0.00181335
-0.00165546
-0.00151019
-0.00137904
-0.00125665
-0.00114515
-0.00103957
-0.000920367
-0.00262683
-0.00283191
-0.00302892
-0.00354705
-0.00316057
-0.00328493
-0.00329556
-0.00337479
-0.00335587
-0.00344208
-0.00346753
-0.00353519
-0.00350549
-0.00243814
-0.00225951
-0.00206353
-0.00187908
-0.00170766
-0.00154805
-0.00140054
-0.00126605
-0.00114232
-0.00102549
-0.00091531
-0.000794772
-0.00253832
-0.00271836
-0.00279918
-0.00287142
-0.00307401
-0.00390191
-0.00298191
-0.00318237
-0.00312425
-0.00331897
-0.00334521
-0.00340709
-0.00338014
-0.00235749
-0.00215321
-0.00195891
-0.00177681
-0.00160446
-0.00144276
-0.00129416
-0.00115349
-0.00102481
-0.000902722
-0.000792429
-0.000666918
-0.00245388
-0.00260044
-0.00267859
-0.00279276
-0.00286015
-0.00294005
-0.00298049
-0.00280138
-0.00298394
-0.00455959
-0.00302439
-0.0032619
-0.00316814
-0.00225126
-0.00204852
-0.00185909
-0.00167601
-0.0015035
-0.0013409
-0.00118479
-0.00104229
-0.000906464
-0.000782771
-0.000665657
-0.000533612
-0.00234885
-0.00249232
-0.00256259
-0.00266
-0.00272959
-0.00281117
-0.00286264
-0.00293921
-0.00289432
-0.00214275
-0.00194928
-0.00175968
-0.0015794
-0.00140591
-0.00123823
-0.00108086
-0.000929432
-0.000790189
-0.000658325
-0.000535026
-0.000398113
-0.00224008
-0.0023872
-0.00245066
-0.00254722
-0.00260622
-0.00267883
-0.0027146
-0.00278126
-0.00274375
-0.00204308
-0.0018502
-0.00166541
-0.00148602
-0.00131027
-0.00114092
-0.000974451
-0.000817028
-0.000669437
-0.000530299
-0.000401867
-0.000257361
-0.00213846
-0.00228157
-0.00234131
-0.00244015
-0.00249378
-0.00257059
-0.00260092
-0.00265108
-0.00262285
-0.00194412
-0.00175575
-0.00157342
-0.00139528
-0.00121903
-0.00104175
-0.000869233
-0.000703111
-0.0005463
-0.000400172
-0.000263681
-0.000112652
-0.0020372
-0.00218005
-0.00223763
-0.00233269
-0.00238566
-0.00246003
-0.00248906
-0.00254101
-0.0025126
-0.00184745
-0.0016641
-0.00148751
-0.0013085
-0.00112878
-0.000946227
-0.000764188
-0.000587364
-0.00042099
-0.000265371
-0.000121173
3.99636e-05
-0.00193957
-0.00207959
-0.00213262
-0.00223013
-0.00228308
-0.00235364
-0.00238324
-0.00243272
-0.00240603
-0.00175582
-0.00158016
-0.00140287
-0.00122646
-0.00104173
-0.000849782
-0.000657602
-0.000469754
-0.000292168
-0.000125341
2.78027e-05
0.000197956
-0.00184572
-0.0019824
-0.00203374
-0.00212662
-0.00217752
-0.00225676
-0.00227721
-0.0023275
-0.00230293
-0.00166967
-0.0014966
-0.00132732
-0.0011472
-0.000955182
-0.000754591
-0.000549698
-0.000348739
-0.000157477
1.91221e-05
0.000183781
0.000362877
-0.00175736
-0.00188856
-0.00193688
-0.0020289
-0.00207887
-0.00214704
-0.00217381
-0.00222352
-0.00219813
-0.00158627
-0.00142334
-0.00125368
-0.00107019
-0.000870445
-0.000659198
-0.000439925
-0.000224718
-1.93762e-05
0.000171763
0.000346352
0.000534932
-0.00167095
-0.00179835
-0.00184535
-0.00193524
-0.0019803
-0.00204954
-0.00207421
-0.00212419
-0.00209766
-0.00151212
-0.00135488
-0.00118389
-0.000994128
-0.000787412
-0.0005631
-0.000329988
-9.57012e-05
0.000126
0.000331281
0.000518911
0.000711409
-0.00159343
-0.00171143
-0.00175616
-0.00184317
-0.00188684
-0.00195655
-0.0019811
-0.00202426
-0.00199959
-0.00144545
-0.00129108
-0.00111518
-0.000921633
-0.000706427
-0.00046773
-0.000214464
3.92425e-05
0.000279772
0.000499754
0.000702204
0.00090595
-0.00152565
-0.00162896
-0.00167256
-0.00175525
-0.00179778
-0.00186197
-0.00188692
-0.00192969
-0.00190578
-0.00138666
-0.00122705
-0.00104843
-0.000854051
-0.000626374
-0.000370152
-9.40794e-05
0.000180164
0.000440226
0.00068404
0.000903004
0.00108794
-0.00146567
-0.00155742
-0.00159296
-0.00166989
-0.0017117
-0.00177635
-0.0017957
-0.001839
-0.00181716
-0.00132782
-0.00116011
-0.00099088
-0.000788237
-0.000547556
-0.000269822
2.89876e-05
0.000329562
0.000620408
0.000872679
0.00118637
0.000448492
-0.00140727
-0.00161689
-0.00154738
-0.0015719
-0.00162641
-0.00169455
-0.00171304
-0.001752
-0.00173225
-0.00125733
-0.0011073
-0.000936723
-0.00072743
-0.000468717
-0.000166146
0.000160508
0.000496498
0.000789098
0.00120493
0.000540608
-0.0013403
-0.00143424
-0.00146906
-0.00182026
-0.00231028
-0.00150943
-0.00160982
-0.00163125
-0.00167104
-0.00165238
-0.00120303
-0.0010602
-0.000889706
-0.00066737
-0.000387468
-5.9e-05
0.000307038
0.000643319
0.00111809
0.000570941
-0.00128186
-0.00137492
-0.00140764
-0.00146647
-0.00150369
-0.00153861
-0.00161637
-0.00153645
-0.000811091
-0.00158773
-0.00157128
-0.0011574
-0.00102204
-0.000845458
-0.000609517
-0.000306242
6.20857e-05
0.000430807
0.000945557
0.000513382
-0.00123404
-0.00131891
-0.00134506
-0.00138823
-0.0014113
-0.00142224
-0.0014485
-0.00149474
-0.00152672
-0.00156098
-0.0015996
-0.00159929
-0.00139257
-0.00112297
-0.000988736
-0.000806954
-0.000551837
-0.000214395
0.000162174
0.000691324
0.000396933
-0.00119781
-0.00127252
-0.00129269
-0.00133439
-0.00134878
-0.00136093
-0.0013757
-0.0014066
-0.0014267
-0.00144132
-0.00146688
-0.00151786
-0.00154825
-0.00158691
-0.00162413
-0.0010942
-0.000964585
-0.000769752
-0.00048954
-0.000138059
0.000368979
0.0002403
-0.00116981
-0.00123442
-0.0012501
-0.00128959
-0.00130024
-0.00130941
-0.00132315
-0.00135051
-0.00136365
-0.0013793
-0.00139046
-0.00142272
-0.00144009
-0.00145834
-0.00148188
-0.00107761
-0.000942737
-0.000733111
-0.000434163
8.63842e-06
6.16414e-05
-0.0011529
-0.00120611
-0.00121688
-0.00124885
-0.00126042
-0.00126618
-0.00127663
-0.00130502
-0.00131611
-0.00132505
-0.00133865
-0.00136556
-0.00137812
-0.00139415
-0.00140522
-0.00106572
-0.00092683
-0.000694779
-0.000349421
-0.000119486
-0.00114421
-0.00118848
-0.00119261
-0.00121977
-0.00122766
-0.00123367
-0.00123951
-0.001264
-0.00127342
-0.00128118
-0.0012919
-0.00131753
-0.00133074
-0.00133936
-0.00135244
-0.00106586
-0.000901191
-0.000665884
-0.000284385
-0.00115257
-0.00118005
-0.00117803
-0.00120187
-0.00120638
-0.00120753
-0.00121439
-0.00123372
-0.00123847
-0.00124796
-0.0012522
-0.00127699
-0.00128472
-0.00129468
-0.00130873
-0.0010555
-0.000917171
-0.000419149
-0.00116211
-0.00118837
-0.00117742
-0.00119014
-0.00119496
-0.00119252
-0.00119604
-0.00121374
-0.0012162
-0.00122022
-0.00122624
-0.00124637
-0.00124975
-0.00125855
-0.00126523
-0.0011065
-0.00052072
-0.00126478
-0.00119691
-0.00118713
-0.00119774
-0.00119327
-0.00119244
-0.00118741
-0.00119948
-0.00120261
-0.00120457
-0.00120762
-0.00122268
-0.00122656
-0.00123129
-0.00123655
-0.000593799
-0.000706712
-0.00130539
-0.00123142
-0.00120742
-0.00120323
-0.0012037
-0.00119597
-0.00120186
-0.001201
-0.00119943
-0.00119782
-0.00120816
-0.00120969
-0.00121453
-0.00121931
-0.000660963
-0.00134471
-0.00129448
-0.00126986
-0.00123715
-0.00121909
-0.00121342
-0.00120968
-0.00120821
-0.00120332
-0.00120745
-0.00120832
-0.00120499
-0.00120604
-0.000562653
-0.00136545
-0.00140434
-0.00132975
-0.00129075
-0.00126696
-0.0012399
-0.00122597
-0.0012154
-0.00121243
-0.00121076
-0.00120874
-0.000577943
-0.00152151
-0.00141858
-0.00131686
-0.00128776
-0.00126146
-0.00123742
-0.0012247
-0.000725928
-0.00165835
-0.00140983
-0.00131604
-0.0941087
-0.093111
-0.0939596
-0.0931707
-0.0930453
-0.0936403
-0.0937946
-0.093404
-0.0930613
-0.0928277
-0.0938409
-0.0939586
-0.0938756
-0.0933774
-0.0931317
-0.0928722
-0.0926073
-0.0940511
-0.0942104
-0.0941987
-0.0942599
-0.0932631
-0.0928615
-0.0929221
-0.0926472
-0.092353
-0.0942749
-0.0944906
-0.0950626
-0.0943435
-0.0947009
-0.093424
-0.0923079
-0.0924136
-0.0926801
-0.0924044
-0.0921423
-0.0945279
-0.094727
-0.0952462
-0.0944977
-0.0947615
-0.0935795
-0.092492
-0.0913949
-0.0919467
-0.0924613
-0.0922292
-0.0921833
-0.0919245
-0.0949384
-0.0954215
-0.0946559
-0.0949902
-0.0937365
-0.092661
-0.0915747
-0.0914983
-0.0904763
-0.0910997
-0.0920147
-0.0917805
-0.0919753
-0.0916981
-0.0955855
-0.0948122
-0.0938943
-0.0928227
-0.0917474
-0.0906554
-0.0915544
-0.0913428
-0.0905832
-0.0895561
-0.0901237
-0.0911998
-0.0911413
-0.0917443
-0.0914543
-0.0957415
-0.0949669
-0.094053
-0.0929843
-0.0919135
-0.0908324
-0.0897373
-0.0915037
-0.0912926
-0.0904343
-0.0896634
-0.0886504
-0.089207
-0.0900342
-0.0910781
-0.0904878
-0.0912559
-0.0958929
-0.0951189
-0.0942109
-0.0931483
-0.0920798
-0.0910045
-0.0899181
-0.0888275
-0.0905127
-0.0902961
-0.089576
-0.0887368
-0.0878007
-0.0882905
-0.0891215
-0.0898677
-0.0900953
-0.0910442
-0.090682
-0.0960397
-0.0952603
-0.0943585
-0.0933128
-0.0922498
-0.091177
-0.0900955
-0.0890066
-0.0879458
-0.0896183
-0.089399
-0.0886352
-0.0879379
-0.0868321
-0.087423
-0.0881735
-0.0889525
-0.0891795
-0.0961752
-0.0953722
-0.0944752
-0.0934671
-0.0924211
-0.091354
-0.0902746
-0.0891869
-0.088106
-0.0870125
-0.0886938
-0.088467
-0.0879411
-0.086937
-0.0858839
-0.086456
-0.0873183
-0.0879642
-0.0882096
-0.0962827
-0.0954101
-0.0945116
-0.0935877
-0.0925823
-0.0915332
-0.090459
-0.0893712
-0.0882808
-0.0871861
-0.0860716
-0.0877205
-0.0879407
-0.0868174
-0.0860002
-0.0849384
-0.0855213
-0.0863688
-0.0870757
-0.0872726
-0.0963209
-0.0952912
-0.0943792
-0.0936211
-0.0927066
-0.0917013
-0.090646
-0.0895626
-0.0884663
-0.0873646
-0.086255
-0.0851261
-0.0881234
-0.0868727
-0.086638
-0.0859106
-0.0850591
-0.0839802
-0.084578
-0.08544
-0.0861965
-0.0864399
-0.0870654
-0.0871673
-0.0962127
-0.0948796
-0.0939327
-0.0934725
-0.0927365
-0.0918287
-0.0908207
-0.0897572
-0.088663
-0.0875547
-0.0864402
-0.0853152
-0.0841706
-0.0868282
-0.0866097
-0.085965
-0.085728
-0.0849723
-0.0841041
-0.083002
-0.0836181
-0.0844965
-0.0852646
-0.0855022
-0.0861561
-0.086396
-0.0958312
-0.0939777
-0.0929625
-0.0929855
-0.0925682
-0.0918523
-0.0909505
-0.0899386
-0.0888648
-0.087758
-0.0866367
-0.0855079
-0.0843661
-0.0831986
-0.0859142
-0.0856871
-0.085023
-0.084788
-0.0840173
-0.0831313
-0.0820131
-0.0826353
-0.0835354
-0.0843188
-0.0845566
-0.0852209
-0.0854545
-0.0949902
-0.0923437
-0.0912148
-0.0919381
-0.0920341
-0.0916594
-0.0909659
-0.0900692
-0.0890522
-0.0879672
-0.0868477
-0.0857127
-0.0845671
-0.083404
-0.0822145
-0.0849719
-0.0847456
-0.0840715
-0.0838323
-0.0830462
-0.0821338
-0.081038
-0.0816184
-0.082551
-0.0833549
-0.0835984
-0.0842731
-0.0845095
-0.0934595
-0.0897489
-0.0884533
-0.0900661
-0.0909003
-0.0910719
-0.0907445
-0.0900726
-0.0891822
-0.08816
-0.0870645
-0.0859327
-0.0847817
-0.0836166
-0.0824286
-0.0812271
-0.0840237
-0.0837875
-0.0831035
-0.0828627
-0.0820426
-0.0811421
-0.0799638
-0.0806556
-0.0815192
-0.0823747
-0.0826181
-0.0833094
-0.0835512
-0.0910206
-0.0860629
-0.0845478
-0.0871255
-0.0888914
-0.0898422
-0.0900942
-0.0898153
-0.0891702
-0.0882875
-0.087262
-0.0861577
-0.0850125
-0.083844
-0.0826554
-0.0814418
-0.0801864
-0.0830558
-0.0828177
-0.0821117
-0.081865
-0.081064
-0.0801129
-0.0788276
-0.0795147
-0.0806298
-0.0813355
-0.0815956
-0.082329
-0.0825732
-0.0875452
-0.0813262
-0.079548
-0.0829889
-0.0857587
-0.0876832
-0.0887543
-0.089093
-0.0888709
-0.0882557
-0.0873844
-0.0863587
-0.0852464
-0.0840879
-0.0828991
-0.0816826
-0.080426
-0.0790928
-0.0820682
-0.0818216
-0.0810844
-0.0808378
-0.0799837
-0.0789805
-0.0776437
-0.0783759
-0.0794088
-0.0803037
-0.0808166
-0.0812785
-0.0815556
-0.0830648
-0.0757627
-0.0736973
-0.0777201
-0.0813806
-0.0843434
-0.08643
-0.0876321
-0.088066
-0.0879063
-0.0873269
-0.0864725
-0.0854498
-0.0843316
-0.0831585
-0.0819457
-0.080691
-0.0793741
-0.0779446
-0.0809801
-0.0805565
-0.0800354
-0.0797353
-0.0788646
-0.0778048
-0.0764816
-0.0771668
-0.07828
-0.0792082
-0.0795026
-0.0800751
-0.0809975
-0.0777873
-0.069711
-0.0673559
-0.0715825
-0.0758365
-0.0797118
-0.0828701
-0.085128
-0.0864677
-0.0870069
-0.086918
-0.0863827
-0.0855509
-0.084536
-0.083413
-0.0822239
-0.0809807
-0.0796761
-0.0782789
-0.0767511
-0.0799256
-0.0796943
-0.0789508
-0.078651
-0.0776828
-0.0766448
-0.0750231
-0.0761555
-0.077052
-0.0780734
-0.0783819
-0.0791772
-0.079451
-0.0800312
-0.0812688
-0.0720302
-0.0635464
-0.0609241
-0.064959
-0.0694129
-0.0738874
-0.077975
-0.0813314
-0.0837658
-0.0852555
-0.0859097
-0.0859036
-0.0854209
-0.0846194
-0.0836164
-0.0824898
-0.0812816
-0.0800008
-0.0786312
-0.0771323
-0.0754542
-0.0799046
-0.079668
-0.0789051
-0.0786173
-0.0777851
-0.0774663
-0.0764366
-0.0745077
-0.0735129
-0.0751264
-0.0768681
-0.0771782
-0.0780382
-0.0783342
-0.0791384
-0.0794059
-0.0661449
-0.0576392
-0.0547962
-0.0582759
-0.0625168
-0.0671813
-0.0718664
-0.0761609
-0.0797174
-0.0823378
-0.0839879
-0.0847702
-0.0848582
-0.08444
-0.0836763
-0.0826898
-0.0815599
-0.0803283
-0.0789994
-0.0775444
-0.0759102
-0.0740375
-0.0788526
-0.0785772
-0.0777431
-0.0774347
-0.0766652
-0.0765957
-0.0748342
-0.0730563
-0.0740544
-0.071863
-0.0753824
-0.0768142
-0.0771339
-0.0779937
-0.0782789
-0.0604767
-0.0523371
-0.0493401
-0.0519504
-0.0556014
-0.060026
-0.0648833
-0.069766
-0.0742631
-0.0780225
-0.0808365
-0.0826578
-0.0835826
-0.0837798
-0.0834366
-0.0827191
-0.081753
-0.0806193
-0.0793567
-0.0779641
-0.0763971
-0.0745976
-0.0724958
-0.0776905
-0.0773957
-0.0764331
-0.0754867
-0.074968
-0.0745813
-0.0732953
-0.0713395
-0.0724638
-0.0741896
-0.0737902
-0.0700964
-0.0756507
-0.0753088
-0.0767732
-0.0770871
-0.0553523
-0.047947
-0.0448703
-0.0463696
-0.0491051
-0.0528994
-0.0574845
-0.0625145
-0.0675815
-0.0722753
-0.076238
-0.079252
-0.0812595
-0.0823419
-0.0826612
-0.0824059
-0.0817429
-0.0808003
-0.0796595
-0.0783548
-0.0768773
-0.0751731
-0.073171
-0.0708213
-0.0764092
-0.0758697
-0.0733869
-0.0729996
-0.0715895
-0.0695017
-0.0706682
-0.0726068
-0.0721474
-0.0682502
-0.0510688
-0.0446678
-0.041574
-0.041851
-0.0434318
-0.0462624
-0.0501725
-0.0548914
-0.0600721
-0.0653089
-0.0701901
-0.0743561
-0.0775786
-0.0797834
-0.0810378
-0.0814964
-0.081341
-0.0807398
-0.079822
-0.0786678
-0.0773043
-0.0757182
-0.0738441
-0.0716063
-0.0689997
-0.0716865
-0.0712641
-0.0696611
-0.0677245
-0.0687024
-0.0708228
-0.070336
-0.0660261
-0.0478313
-0.0425252
-0.0394547
-0.0385686
-0.038899
-0.0405324
-0.0434293
-0.0474241
-0.0522479
-0.057556
-0.0629439
-0.0680034
-0.0723703
-0.0758072
-0.0782212
-0.0796634
-0.0802745
-0.0802309
-0.0796981
-0.078804
-0.0776248
-0.0761844
-0.0744561
-0.0723769
-0.0698725
-0.0669354
-0.0698043
-0.0693209
-0.0680469
-0.0652193
-0.0666437
-0.0687881
-0.0682157
-0.0635638
-0.0456885
-0.0413669
-0.0383354
-0.0364984
-0.03566
-0.0360206
-0.037681
-0.0406123
-0.0446589
-0.049557
-0.0549658
-0.0604853
-0.0657104
-0.0702755
-0.0739285
-0.0765623
-0.0782046
-0.0789828
-0.0790605
-0.0786
-0.0777246
-0.0765075
-0.0749635
-0.073058
-0.0707341
-0.0679227
-0.0646233
-0.0676544
-0.0678956
-0.065379
-0.062628
-0.0641184
-0.0666166
-0.0660185
-0.0608485
-0.0445133
-0.0409285
-0.0379331
-0.0354352
-0.0336603
-0.0328555
-0.0332263
-0.0348861
-0.03782
-0.0418837
-0.0468232
-0.052304
-0.0579329
-0.0633085
-0.068062
-0.0719341
-0.074793
-0.0766476
-0.0776034
-0.0778111
-0.0774232
-0.076558
-0.0752822
-0.0736059
-0.0714875
-0.068876
-0.0657339
-0.0620457
-0.0682578
-0.0654748
-0.064863
-0.0628292
-0.0597982
-0.0614341
-0.064282
-0.0636173
-0.066411
-0.0659527
-0.0578617
-0.044057
-0.0409262
-0.0379568
-0.0350779
-0.0326658
-0.0309463
-0.0301625
-0.030525
-0.0321579
-0.0350612
-0.039107
-0.0440531
-0.0495751
-0.055287
-0.0607937
-0.0657261
-0.0698113
-0.0728996
-0.0749733
-0.0761132
-0.0764554
-0.0761376
-0.0752703
-0.0739133
-0.0720718
-0.0697047
-0.0667781
-0.0632759
-0.0591897
-0.0653197
-0.0647374
-0.0629485
-0.0622656
-0.0599865
-0.0566899
-0.0584617
-0.0615788
-0.0608448
-0.0641591
-0.0634898
-0.0545956
-0.0440432
-0.0411268
-0.0381716
-0.035128
-0.0323578
-0.0300304
-0.0283623
-0.0275899
-0.027927
-0.0295066
-0.0323472
-0.0363391
-0.0412556
-0.0467847
-0.0525507
-0.0581655
-0.0632599
-0.0675504
-0.0708664
-0.0731604
-0.0744896
-0.0749646
-0.0747097
-0.0738236
-0.0723598
-0.0703209
-0.0676802
-0.064416
-0.0605329
-0.0560476
-0.0627636
-0.0620955
-0.0600956
-0.0593491
-0.0568547
-0.0532978
-0.0551996
-0.0585918
-0.0577908
-0.0614256
-0.0606801
-0.0510479
-0.0442368
-0.0413772
-0.0384282
-0.0353532
-0.0324344
-0.0297758
-0.0275349
-0.0259149
-0.0251463
-0.0254404
-0.0269425
-0.0296895
-0.0335918
-0.038441
-0.0439407
-0.0497283
-0.0554238
-0.0606585
-0.0651388
-0.068672
-0.0711854
-0.0726996
-0.0733029
-0.0731003
-0.0721763
-0.0705791
-0.0683189
-0.0653859
-0.0617718
-0.0574965
-0.0526186
-0.0598891
-0.0591494
-0.0569529
-0.0561473
-0.0534403
-0.049624
-0.0516501
-0.0553164
-0.0544477
-0.0584162
-0.0575951
-0.047228
-0.0444788
-0.0408154
-0.0423266
-0.03561
-0.0378895
-0.0393381
-0.0326682
-0.0298793
-0.0273355
-0.0251817
-0.0236082
-0.0228345
-0.0230724
-0.0244767
-0.0271019
-0.0308784
-0.0356215
-0.0410535
-0.046826
-0.0525692
-0.0579171
-0.0625667
-0.0663027
-0.0690214
-0.0707132
-0.0714354
-0.071269
-0.0702862
-0.0685352
-0.0660383
-0.0627991
-0.0588298
-0.0541717
-0.0489117
-0.0567184
-0.0559241
-0.0535293
-0.0526578
-0.0497394
-0.0456799
-0.0478219
-0.0517516
-0.050819
-0.0551091
-0.0542281
-0.0431574
-0.0438756
-0.0454449
-0.0405393
-0.0413042
-0.0420136
-0.0427653
-0.0329232
-0.0350949
-0.0364783
-0.0376231
-0.0383555
-0.0390356
-0.0397559
-0.0301202
-0.0274641
-0.0250378
-0.0229722
-0.0214433
-0.0206608
-0.0208329
-0.0221208
-0.024595
-0.0282127
-0.0328114
-0.0381348
-0.0438519
-0.0496052
-0.0550321
-0.0598226
-0.0637387
-0.0666468
-0.0684997
-0.0693243
-0.0691764
-0.0681187
-0.0662006
-0.0634538
-0.0599066
-0.0555893
-0.0505678
-0.0449467
-0.0532664
-0.0524001
-0.0498217
-0.0488809
-0.0457703
-0.0414889
-0.0437318
-0.0479134
-0.0469082
-0.0515225
-0.050561
-0.0388762
-0.0435882
-0.0443838
-0.0451218
-0.0406242
-0.0413707
-0.0420383
-0.0427665
-0.0303713
-0.0324333
-0.0337499
-0.0348394
-0.0355383
-0.0361879
-0.036876
-0.0377032
-0.0384184
-0.0390585
-0.0397563
-0.0277102
-0.0251897
-0.0228828
-0.0209063
-0.0194233
-0.0186289
-0.0187261
-0.0198819
-0.0221833
-0.0256099
-0.0300255
-0.0351979
-0.0408179
-0.0465394
-0.0520064
-0.0569015
-0.060967
-0.064038
-0.0660299
-0.066937
-0.066791
-0.0656452
-0.0635497
-0.0605543
-0.0567039
-0.0520561
-0.0466981
-0.04075
-0.0495351
-0.048594
-0.0458422
-0.0448374
-0.0415475
-0.0371171
-0.0393912
-0.0438063
-0.0427464
-0.0476538
-0.046621
-0.0344243
-0.0436796
-0.0444562
-0.0451494
-0.0279557
-0.0299068
-0.0311554
-0.0321889
-0.0328536
-0.0334722
-0.0341277
-0.0349146
-0.0355977
-0.0362097
-0.0368767
-0.0254385
-0.0230552
-0.0208685
-0.0189839
-0.0175463
-0.0167395
-0.0167576
-0.0177702
-0.0198786
-0.0230851
-0.0272815
-0.0322599
-0.0377354
-0.0433796
-0.0488425
-0.0538009
-0.0579783
-0.0611786
-0.063282
-0.0642498
-0.064092
-0.0628482
-0.0605763
-0.0573374
-0.0531995
-0.0482486
-0.0425826
-0.0363619
-0.0455204
-0.0445238
-0.0416101
-0.0405459
-0.0370784
-0.0326713
-0.0348039
-0.0394582
-0.0383447
-0.0435134
-0.0424328
-0.0298317
-0.0256769
-0.0275163
-0.0286964
-0.0296735
-0.0303034
-0.0308904
-0.0315131
-0.032259
-0.0329092
-0.0334925
-0.0341286
-0.0233044
-0.0210584
-0.0189939
-0.017201
-0.015812
-0.0149929
-0.0149305
-0.0157926
-0.0176926
-0.0206541
-0.0245961
-0.029339
-0.0346234
-0.040141
-0.0455506
-0.050525
-0.0547698
-0.0580614
-0.0602454
-0.0612533
-0.061068
-0.0597247
-0.0572818
-0.0538139
-0.0494184
-0.0441882
-0.0382663
-0.0318473
-0.0412573
-0.0402008
-0.0371471
-0.0360253
-0.0324424
-0.0279693
-0.0303252
-0.0348687
-0.0336865
-0.0391415
-0.0379975
-0.0251914
-0.0235343
-0.0252622
-0.026374
-0.0272938
-0.0278886
-0.0284443
-0.0290339
-0.0297383
-0.0303549
-0.0309091
-0.0315138
-0.021306
-0.0191975
-0.017254
-0.015555
-0.0142154
-0.0133882
-0.0132456
-0.013954
-0.015635
-0.018329
-0.0219852
-0.0264521
-0.0315006
-0.0368414
-0.0421456
-0.0470842
-0.0513491
-0.0546902
-0.0569232
-0.0579466
-0.0577274
-0.0562849
-0.0536825
-0.0500143
-0.0453824
-0.0399276
-0.0338147
-0.0272751
-0.0367768
-0.0356554
-0.0323926
-0.0312264
-0.0277865
-0.0231889
-0.0253814
-0.030113
-0.0292937
-0.0345289
-0.0333029
-0.0205447
-0.0215263
-0.0231437
-0.0241877
-0.0250505
-0.0256101
-0.0261346
-0.026691
-0.0273531
-0.0279358
-0.0284612
-0.0290345
-0.0194408
-0.0174678
-0.0156452
-0.0140399
-0.0127534
-0.0119205
-0.0117021
-0.0122585
-0.0137125
-0.0161249
-0.0194668
-0.0236224
-0.0283892
-0.033503
-0.0386492
-0.0434997
-0.0477344
-0.0510829
-0.053331
-0.0543521
-0.0540886
-0.0525533
-0.0498157
-0.0459689
-0.0411543
-0.0355296
-0.0292947
-0.0226921
-0.0319575
-0.0306615
-0.02778
-0.0264866
-0.0229195
-0.0184689
-0.0205963
-0.0253416
-0.0241501
-0.029283
-0.0293782
-0.0159362
-0.0196505
-0.0211589
-0.022136
-0.0229426
-0.0234675
-0.0239607
-0.0244842
-0.0251043
-0.025653
-0.0261497
-0.0266914
-0.017705
-0.0158653
-0.0141613
-0.0126503
-0.0114185
-0.0105859
-0.0102979
-0.0107044
-0.0119319
-0.0140503
-0.0170577
-0.0208693
-0.0253137
-0.0301545
-0.0350915
-0.0398013
-0.0439572
-0.0472699
-0.0495014
-0.0504987
-0.0501894
-0.0485762
-0.0457204
-0.0417436
-0.0367924
-0.0310575
-0.0247691
-0.018139
-0.027028
-0.0259842
-0.022911
-0.0217297
-0.0181795
-0.013829
-0.0158623
-0.0205684
-0.0193769
-0.0249194
-0.0237363
-0.0296226
-0.011448
-0.0179033
-0.0193053
-0.020217
-0.0209683
-0.021459
-0.0219214
-0.0224123
-0.0229911
-0.0235061
-0.0239741
-0.0244842
-0.0160944
-0.014384
-0.0127966
-0.0113792
-0.0102048
-0.0093773
-0.0090273
-0.00929252
-0.010294
-0.0121126
-0.0147712
-0.0182138
-0.022303
-0.026828
-0.0315085
-0.0360294
-0.0400595
-0.0432947
-0.0454793
-0.046439
-0.0460832
-0.0444017
-0.0414665
-0.037394
-0.0323625
-0.0265883
-0.020279
-0.0137036
-0.0266028
-0.0256425
-0.0224992
-0.021318
-0.0181411
-0.016964
-0.0134898
-0.00932815
-0.0112148
-0.0158078
-0.0146224
-0.0201643
-0.0189527
-0.0245179
-0.0233335
-0.00716804
-0.0162806
-0.0175794
-0.0184276
-0.0191251
-0.0195823
-0.0200144
-0.0204734
-0.0210118
-0.0214934
-0.0219329
-0.0224118
-0.0146035
-0.0130183
-0.0115444
-0.0102192
-0.00910356
-0.00828774
-0.00788409
-0.0080155
-0.00879684
-0.0103186
-0.0126203
-0.0156776
-0.0193857
-0.0235596
-0.0279441
-0.0322316
-0.0360925
-0.0392137
-0.0413251
-0.0422326
-0.0418308
-0.0401028
-0.0371119
-0.0329988
-0.0279462
-0.0221672
-0.0159108
-0.00946854
-0.0220815
-0.0209054
-0.0177064
-0.0165253
-0.0134114
-0.0122539
-0.00892259
-0.0050632
-0.00675491
-0.0111274
-0.00997343
-0.015376
-0.0141786
-0.0197124
-0.0185023
-0.00318121
-0.014777
-0.0159769
-0.0167639
-0.0174094
-0.0178341
-0.0182367
-0.0186645
-0.0191636
-0.0196128
-0.020024
-0.0204722
-0.0132269
-0.0117619
-0.0103973
-0.00916194
-0.00810689
-0.00730737
-0.00685847
-0.00686608
-0.00743876
-0.0086684
-0.0106164
-0.0132827
-0.0165907
-0.0203901
-0.0244445
-0.0284617
-0.0321167
-0.0350916
-0.0371051
-0.0379491
-0.0375052
-0.0357468
-0.0327431
-0.0286263
-0.0235944
-0.0178749
-0.011747
-0.00552478
-0.0172475
-0.0160759
-0.0129523
-0.0117971
-0.00880751
-0.00769376
-0.00467223
-0.00106857
-0.0025852
-0.00662483
-0.00553149
-0.0106785
-0.00951492
-0.0148921
-0.0137002
0.000378637
-0.0133872
-0.0144928
-0.0152212
-0.0158167
-0.0162102
-0.0165843
-0.0169819
-0.0174432
-0.0178607
-0.0182445
-0.0186626
-0.0119585
-0.0106083
-0.00934779
-0.00819907
-0.00720498
-0.00642668
-0.00594042
-0.00583539
-0.00621117
-0.00716538
-0.0087679
-0.0110446
-0.01395
-0.017358
-0.0210586
-0.024777
-0.0281962
-0.0309973
-0.0328925
-0.0336636
-0.0331817
-0.0314147
-0.028421
-0.024346
-0.0193854
-0.0137948
-0.00787075
-0.00198975
-0.0124683
-0.0113248
-0.00833545
-0.00722564
-0.00447471
-0.00353403
-0.000566316
0.00246225
0.00129588
-0.00155874
-0.0061629
-0.00507022
-0.0101741
-0.00901671
0.00336226
-0.0121053
-0.0131216
-0.0137941
-0.0143421
-0.0147058
-0.0150524
-0.0154211
-0.0158462
-0.0162332
-0.0165902
-0.0169792
-0.010792
-0.00955021
-0.00838734
-0.00732178
-0.00638933
-0.0056352
-0.00511777
-0.00491232
-0.00510945
-0.0058051
-0.0070816
-0.00898305
-0.0114895
-0.0145001
-0.0178351
-0.0212349
-0.0243962
-0.0270027
-0.0287635
-0.0294546
-0.0289382
-0.0271748
-0.0242241
-0.0202272
-0.0153942
-0.0100045
-0.00439436
0.00099905
-0.00783575
-0.00674162
-0.00395826
-0.00263166
0.000335479
0.0030465
0.00537503
0.00461005
0.00216058
-0.000430332
-0.00152637
-0.00565531
-0.00458474
0.00563424
-0.0109249
-0.0118576
-0.0124773
-0.0129802
-0.0133154
-0.0136359
-0.0139769
-0.0143675
-0.0147253
-0.0150566
-0.0154176
-0.00972041
-0.00857953
-0.00750755
-0.00652275
-0.00565037
-0.00492185
-0.0043797
-0.00408597
-0.00412401
-0.00458724
-0.00556213
-0.00710904
-0.00922931
-0.011852
-0.0148179
-0.0178905
-0.0207797
-0.0231758
-0.0247896
-0.0253934
-0.0248444
-0.0231008
-0.0202195
-0.0163425
-0.0117028
-0.00660012
-0.00143243
0.00332146
-0.00354108
-0.00256534
0.000592721
0.0015676
0.00388221
0.00604119
0.00753245
0.00724485
0.00541805
0.00335597
0.0024455
0.00696374
-0.00983904
-0.0106942
-0.0112642
-0.011725
-0.0120334
-0.012329
-0.0126438
-0.0130017
-0.0133318
-0.0136384
-0.0139726
-0.00873571
-0.00768775
-0.0067012
-0.00579381
-0.00497986
-0.00427579
-0.00371378
-0.00334691
-0.00324737
-0.00350427
-0.00420847
-0.00542908
-0.00719072
-0.00944032
-0.0120465
-0.0147923
-0.0174033
-0.0195793
-0.0210364
-0.021548
-0.0209701
-0.0192592
-0.0164713
-0.0127587
-0.00838296
-0.00368523
0.000906772
0.00471374
0.00423429
0.00504989
0.00681098
0.00829597
0.0087441
0.00905574
0.00798736
0.0065197
0.00577106
0.0075085
-0.00883916
-0.00962454
-0.0101482
-0.0105701
-0.0108533
-0.0111256
-0.0114157
-0.011743
-0.0120467
-0.0123299
-0.0126387
-0.00783099
-0.00686728
-0.00596302
-0.00512965
-0.00436713
-0.00368638
-0.00311166
-0.00268442
-0.0024692
-0.00254989
-0.00301732
-0.00394874
-0.00538214
-0.00728678
-0.00955186
-0.01198
-0.0143148
-0.016267
-0.0175618
-0.017977
-0.0173704
-0.0157028
-0.0130329
-0.00954775
-0.00552315
-0.00134348
0.00236914
0.00547579
0.00722496
0.00786478
0.0089761
0.00963278
0.00900386
0.009854
0.00970625
0.00895812
0.0084108
0.00551812
-0.00792245
-0.00863941
-0.00912098
-0.00950872
-0.00976831
-0.010019
-0.0102859
-0.0105848
-0.0108639
-0.0111251
-0.0114099
-0.00700318
-0.00611403
-0.00528941
-0.00451958
-0.00380338
-0.00314582
-0.00256291
-0.00208892
-0.00178062
-0.00171549
-0.00198299
-0.0026647
-0.00381104
-0.00540403
-0.00735424
-0.00948359
-0.011551
-0.0132813
-0.0144115
-0.0147275
-0.0140937
-0.0124773
-0.00997172
-0.0067633
-0.00319342
0.000211522
0.00332028
0.00347076
0.00945414
0.00987222
0.0102046
0.00994794
0.00726969
0.00956164
0.0104025
0.0105066
0.010204
0.00677363
-0.00710813
-0.00772486
-0.00817183
-0.00853283
-0.00877022
-0.00900137
-0.00924695
-0.00952029
-0.00977638
-0.0100171
-0.0102794
-0.00623309
-0.00542623
-0.00466904
-0.00395571
-0.00328116
-0.00264571
-0.00206012
-0.00155238
-0.00117216
-0.000991995
-0.00109818
-0.00157398
-0.00247437
-0.00379727
-0.00546677
-0.00732032
-0.00913473
-0.0106505
-0.0116164
-0.0118321
-0.0111742
-0.00963777
-0.00731478
-0.00448317
-0.00152758
0.00130669
0.00164145
0.00608061
0.0107504
0.0109064
0.010346
0.00893131
0.00677208
0.0074346
0.00991193
0.0110132
0.0109832
-0.00631746
-0.00695108
-0.00730802
-0.00762336
-0.00784387
-0.0080632
-0.00829005
-0.00854177
-0.00877628
-0.00899836
-0.00924007
-0.0055268
-0.00479099
-0.00409458
-0.00343131
-0.00279405
-0.0021802
-0.00159684
-0.00106734
-0.000636794
-0.000371185
-0.000353758
-0.000665421
-0.0013675
-0.00246308
-0.00388733
-0.00549522
-0.00707798
-0.00838916
-0.00919535
-0.00930927
-0.00863973
-0.00718063
-0.00513293
-0.00271415
-0.000351873
0.000252634
0.00494368
0.0109838
0.0108286
0.00930039
0.0068013
0.00441781
0.00829368
0.0101676
0.0105704
-0.00558629
-0.00612759
-0.00652907
-0.00690472
-0.0070123
-0.00718289
-0.00739094
-0.00762902
-0.00785045
-0.00806024
-0.00828411
-0.00487683
-0.0042024
-0.00356018
-0.00294091
-0.00233709
-0.00174465
-0.00116873
-0.00062953
-0.000167252
0.000155569
0.000260686
6.94177e-05
-0.000477741
-0.00138902
-0.00260929
-0.00400429
-0.00537523
-0.00649562
-0.00714578
-0.00717223
-0.0064789
-0.00518081
-0.00332473
-0.00154062
-0.00056568
0.00340343
0.00967428
0.00868777
0.00647328
0.00387916
0.00690814
0.00945853
-0.00492691
-0.00542823
-0.00577592
-0.00603714
-0.00622497
-0.00639774
-0.00660285
-0.00704134
-0.00690643
-0.00713515
-0.00737557
-0.00427576
-0.00365517
-0.00306049
-0.00248048
-0.00190707
-0.00133688
-0.000773305
-0.000234998
0.000240515
0.000594732
0.000754501
0.000645342
0.000209435
-0.000561811
-0.00161657
-0.00282887
-0.00401272
-0.00495576
-0.00546698
-0.00538556
-0.00474281
-0.00343279
-0.00224061
-0.000844789
0.00155947
0.00657026
0.0059327
0.00221983
0.00537039
0.00697551
0.0103393
-0.00431856
-0.00478119
-0.00510324
-0.00534852
-0.00552128
-0.00568449
-0.00586524
-0.00604051
-0.00621431
-0.0063649
-0.00648058
-0.00719429
-0.00371837
-0.00314528
-0.00259221
-0.00204774
-0.00150302
-0.000955546
-0.000409855
0.000117572
0.000590392
0.000953494
0.00113763
0.00107432
0.000711385
4.15934e-05
-0.000882657
-0.00194226
-0.00296267
-0.00374947
-0.0041087
-0.00399267
-0.00318285
-0.00251608
-0.000736932
-0.00040859
0.0066054
0.00602868
0.00208138
0.00525739
-0.00375335
-0.00417917
-0.00447711
-0.00470327
-0.00486267
-0.00501707
-0.00518321
-0.00535012
-0.00552036
-0.00568191
-0.00585816
-0.0060429
-0.00621532
-0.00638384
-0.00649039
-0.00319927
-0.00266873
-0.00215349
-0.00164176
-0.00112482
-0.000601442
-7.82255e-05
0.000429043
0.000884427
0.00123559
0.00141838
0.00137072
0.00104783
0.000446216
-0.000379864
-0.00131463
-0.00219385
-0.00282198
-0.00309368
-0.00271964
-0.00247896
-0.00046491
-0.00224172
-0.00322759
-0.00361927
-0.00389515
-0.0041039
-0.00425101
-0.00439491
-0.00454797
-0.00470183
-0.00486002
-0.00501211
-0.00517626
-0.00534717
-0.00551459
-0.00568238
-0.00585524
-0.0027165
-0.0022249
-0.00174412
-0.00126292
-0.000773642
-0.000276195
0.000220459
0.00069848
0.00112364
0.00144568
0.00160539
0.00154858
0.00123813
0.000677567
-7.54323e-05
-0.000908646
-0.00165432
-0.0021777
-0.00217077
-0.00225414
-0.000230262
-0.00368174
-0.00273835
-0.00309863
-0.00335405
-0.00354689
-0.00368289
-0.00381707
-0.00395868
-0.00410049
-0.0042471
-0.00438855
-0.0045404
-0.0046972
-0.00485291
-0.00500943
-0.00517084
-0.00226696
-0.00181199
-0.00136428
-0.000913008
-0.000451335
1.79345e-05
0.000484153
0.000924804
0.00130852
0.00158684
0.00170684
0.00162096
0.00130131
0.000761549
6.28038e-05
-0.000678652
-0.00133103
-0.00160921
-0.0019316
-0.000148234
-0.00454968
-0.00228444
-0.00261469
-0.00285096
-0.00302918
-0.00315473
-0.00327988
-0.00341107
-0.00354195
-0.003678
-0.00380975
-0.00395068
-0.00409477
-0.00423925
-0.00438447
-0.00453406
-0.0018517
-0.00143177
-0.00101571
-0.000593879
-0.000160725
0.000278473
0.000709168
0.00110695
0.00143913
0.00166204
0.00172852
0.00160028
0.00126058
0.000728998
7.38125e-05
-0.000603082
-0.00107279
-0.0015625
-0.000220153
-0.00479677
-0.00186486
-0.00216627
-0.00238398
-0.00254821
-0.00266404
-0.00278072
-0.00290215
-0.00302287
-0.00314901
-0.00327172
-0.00340272
-0.00353532
-0.00366959
-0.00380463
-0.00394364
-0.00146907
-0.0010837
-0.000699623
-0.000307876
9.4947e-05
0.000502004
0.000893342
0.00124297
0.00151578
0.00167491
0.00167911
0.00150053
0.00113216
0.00060338
-2.00606e-05
-0.000583257
-0.00117273
-0.000364003
-0.00450667
-0.00148028
-0.00175286
-0.00195219
-0.00210284
-0.00220917
-0.0023176
-0.00242974
-0.00254085
-0.00265773
-0.00277189
-0.00289352
-0.00301544
-0.00314009
-0.0032657
-0.00339507
-0.00112186
-0.000770671
-0.000418263
-5.74831e-05
0.000313337
0.0006853
0.00103456
0.00132994
0.0015386
0.00162772
0.00156656
0.00133644
0.000940632
0.000410801
-0.000159718
-0.000782157
-0.000481987
-0.00385246
-0.00113086
-0.00137507
-0.00155573
-0.00169278
-0.00178967
-0.00188986
-0.00199282
-0.0020947
-0.00220259
-0.00230843
-0.00242108
-0.00253292
-0.00264849
-0.00276513
-0.00288532
-0.000808931
-0.000492575
-0.000173179
0.000155507
0.000492744
0.000825883
0.00112905
0.00136673
0.00150822
0.00152647
0.00140119
0.00112138
0.000697276
0.000178221
-0.000419069
-0.000511972
-0.0030338
-0.000817904
-0.00103318
-0.00119519
-0.0013189
-0.00140613
-0.00149769
-0.00159127
-0.00168407
-0.00178289
-0.0018805
-0.00198438
-0.00208659
-0.00219337
-0.0023013
-0.00241266
-0.000533782
-0.000252451
3.4088e-05
0.00033037
0.000632195
0.000922839
0.0011747
0.00135332
0.00142771
0.00137823
0.00119172
0.000867277
0.000426626
-0.000111942
-0.000449066
-0.00222267
-0.000542253
-0.00072804
-0.000871199
-0.000980999
-0.00105885
-0.0011418
-0.00122602
-0.0013098
-0.00139913
-0.00148822
-0.00158317
-0.00167586
-0.00177381
-0.00187322
-0.001976
-0.000295584
-4.96473e-05
0.000203799
0.000466776
0.000730203
0.000974722
0.0011727
0.00129201
0.00130266
0.00118864
0.000947593
0.000587044
0.000120486
-0.000330359
-0.00153327
-0.000305551
-0.000461126
-0.000584828
-0.000679813
-0.000748161
-0.000822153
-0.000897113
-0.000971668
-0.00105188
-0.0011323
-0.00121813
-0.00130129
-0.00139009
-0.0014807
-0.00157478
-9.6978e-05
0.00011484
0.000336531
0.00056489
0.000787432
0.000983962
0.00112694
0.00118636
0.00113685
0.000966108
0.000679405
0.000280697
-0.00020023
-0.00101442
-0.000108357
-0.000234197
-0.000337719
-0.000417341
-0.000475746
-0.000540243
-0.000605611
-0.00067034
-0.000741194
-0.000812842
-0.000889483
-0.000963114
-0.00104283
-0.00112454
-0.00120961
6.40525e-05
0.000243633
0.000433177
0.00062515
0.000806189
0.000954783
0.00104309
0.0010433
0.000938115
0.000722097
0.00038272
-8.84587e-05
-0.000658748
4.9368e-05
-4.88452e-05
-0.000131514
-0.000195593
-0.000243569
-0.000297974
-0.000353288
-0.000407817
-0.000468696
-0.000531086
-0.000598241
-0.000661995
-0.000732487
-0.000805134
-0.000881083
0.000188553
0.000338418
0.000495012
0.000650889
0.000790924
0.000890744
0.000922972
0.000869233
0.000721014
0.00044991
2.11657e-06
-0.000430099
0.000169225
9.27334e-05
3.2667e-05
-1.58699e-05
-5.30344e-05
-9.71378e-05
-0.000141972
-0.000186109
-0.000236499
-0.00028901
-0.000346105
-0.000399574
-0.000460307
-0.000523543
-0.000590158
0.000281661
0.000400867
0.000525363
0.000646341
0.000744791
0.000795106
0.000777731
0.000683842
0.000479765
8.03105e-05
-0.00029583
0.000260606
0.00019986
0.000135681
0.000111118
9.1272e-05
5.93095e-05
2.65812e-05
-5.93804e-06
-4.57136e-05
-8.81914e-05
-0.000134829
-0.00017761
-0.000228075
-0.000281367
-0.000338143
0.000343904
0.000433882
0.00052836
0.00061462
0.000670279
0.000675171
0.000621341
0.00047648
0.000140416
-0.000226777
0.000322195
0.000288262
0.000248917
0.000218686
5.28287e-05
0.000119665
0.000133263
0.00010321
7.01938e-05
3.44138e-05
3.05716e-06
-3.69097e-05
-8.00298e-05
-0.000126549
0.00037782
0.000441414
0.000507259
0.000557624
0.000573718
0.000548328
0.000451618
0.00018162
-0.000161195
0.000355626
0.000340924
0.000317647
0.000300193
0.000262184
0.00023959
0.000319241
0.000213782
0.000177068
0.000136771
0.000109949
7.81197e-05
4.29378e-05
0.0003878
0.00042737
0.000463604
0.000480557
0.000472063
0.00041287
0.000204702
-0.00010281
0.000364552
0.000365207
0.000354804
0.00034965
0.000328149
0.00032072
0.000305901
0.00026601
0.000286966
0.000210657
0.00016148
0.000376123
0.000392237
0.000401566
0.000399563
0.000367653
0.000213612
-5.66084e-05
0.000353249
0.000365951
0.000366091
0.000370809
0.000362662
0.000363386
0.000356183
0.00033426
0.000345784
0.000346721
0.00034119
0.000335909
0.000320485
0.000211086
-2.26798e-05
0.000323862
0.000347281
0.000356019
0.000368593
0.000371533
0.000378797
0.00037746
0.000369061
0.000374004
0.000300279
0.000284426
0.00027495
0.000199559
-6.7351e-08
0.000280187
0.000312214
0.000328128
0.000346847
0.000358979
0.000371678
0.000375119
0.000377858
0.000377528
0.000249227
0.000234415
0.000181312
1.2574e-05
0.000228015
0.000263983
0.000285629
0.000309111
0.000328717
0.000345577
0.000352856
0.000365001
0.000360283
0.000199894
0.000157805
1.68952e-05
0.000174574
0.000206896
0.00023224
0.000258924
0.00028424
0.000303959
0.000314184
0.000334039
0.000325733
0.00013116
1.4895e-05
0.000105869
0.000145922
0.000172766
0.000200005
0.00022938
0.0002509
0.000263119
0.000288694
0.000277757
8.84643e-06
2.52142e-06
7.78465e-05
0.000108422
0.000134733
0.000167057
0.000190163
0.000203824
0.00023323
0.000220547
-1.39761e-05
2.27496e-05
6.37055e-05
9.84314e-05
0.00012245
0.000137857
0.000170658
0.00015657
-2.36969e-05
1.76462e-05
4.58049e-05
6.25785e-05
9.98154e-05
8.36419e-05
-2.44877e-05
-2.07106e-05
1.92023e-05
5.41515e-06
)
;

boundaryField
{
    inlet
    {
        type            zeroGradient;
    }
    outlet
    {
        type            fixedValue;
        value           uniform 0;
    }
    wall
    {
        type            zeroGradient;
    }
    front
    {
        type            empty;
    }
    back
    {
        type            empty;
    }
    vanem
    {
        type            zeroGradient;
    }
    vaneu
    {
        type            zeroGradient;
    }
    vanel
    {
        type            zeroGradient;
    }
    procBoundary3to2
    {
        type            processor;
        value           nonuniform List<scalar> 
58
(
-0.047704
-0.0474343
-0.0472284
-0.0472477
-0.047719
-0.0489081
-0.0510413
-0.0542199
-0.0583777
-0.0633064
-0.0687219
-0.0743193
-0.0797783
-0.0847711
-0.0890024
-0.0922786
-0.0945723
-0.096007
-0.0967932
-0.0971494
-0.0972492
-0.0972114
-0.0971083
-0.0969783
-0.0968369
-0.0966901
-0.0965376
-0.0963764
-0.096202
-0.096019
-0.00718306
-0.00705935
-0.00691936
-0.00677359
-0.00664646
-0.00655199
-0.0064954
-0.00647295
-0.00647941
-0.00650787
-0.00654636
-0.00659274
-0.00662134
-0.0459009
-0.0951718
-0.0951718
-0.0951718
-0.00726535
-0.0073217
-0.0470485
-0.0458976
-0.0951552
-0.00726535
-0.00726197
-0.0458976
-0.00738254
-0.0952193
-0.00733116
)
;
    }
}


// ************************************************************************* //
