/*--------------------------------*- C++ -*----------------------------------*\
| =========                 |                                                 |
| \\      /  F ield         | OpenFOAM: The Open Source CFD Toolbox           |
|  \\    /   O peration     | Version:  v1912                                 |
|   \\  /    A nd           | Website:  www.openfoam.com                      |
|    \\/     M anipulation  |                                                 |
\*---------------------------------------------------------------------------*/
FoamFile
{
    version     2.0;
    format      ascii;
    class       surfaceScalarField;
    location    "70";
    object      phi;
}
// * * * * * * * * * * * * * * * * * * * * * * * * * * * * * * * * * * * * * //

dimensions      [0 3 -1 0 0 0 0];
oriented        oriented;


internalField   nonuniform List<scalar> 
7351
(
-3.42684e-06
0.00135627
-1.24989e-05
0.00411633
-2.56167e-06
0.00135889
-3.18052e-05
0.00686742
-1.25447e-05
0.00412638
-3.43365e-06
0.00136252
-5.71417e-05
0.00950274
-3.10878e-05
0.00688606
-1.29012e-05
0.00413602
-2.26642e-06
0.001365
-8.76069e-05
0.011858
-5.55645e-05
0.00952728
-2.91143e-05
0.00690242
-9.99791e-06
0.00414397
-2.21836e-06
0.00136746
-0.000132429
0.0137533
-8.67044e-05
0.0118892
-5.05679e-05
0.00954886
-2.70797e-05
0.0069197
-9.78762e-06
0.00415172
-2.23526e-06
0.00136982
-0.000170479
0.0149909
-0.000125148
0.0137918
-8.31064e-05
0.0119219
-4.967e-05
0.00957159
-2.24726e-05
0.00693254
-9.62022e-06
0.00415924
-1.32007e-06
0.00137123
-0.000219477
0.0154422
-0.000170592
0.0150364
-0.000120402
0.0138292
-7.69663e-05
0.0119493
-3.98442e-05
0.00958907
-1.92844e-05
0.00694231
-7.76367e-06
0.00416573
-1.42018e-06
0.00137262
-0.000258524
0.0150202
-0.000212344
0.015484
-0.000161342
0.0150774
-0.000107931
0.0138603
-6.22215e-05
0.0119718
-3.55609e-05
0.00960541
-1.6433e-05
0.00695102
-5.9434e-06
0.00417023
-1.45363e-06
0.00137404
-0.00029354
0.0137729
-0.00025982
0.0150678
-0.000200366
0.0155231
-0.000135032
0.0151046
-8.71961e-05
0.0138853
-5.49753e-05
0.0119913
-3.14266e-05
0.00962041
-1.51729e-05
0.00696024
-5.30113e-06
0.00417404
-1.59773e-06
0.00137561
-0.000320542
0.0118066
-0.000304043
0.013817
-0.000239514
0.0151069
-0.000168394
0.0155565
-0.000114645
0.0151321
-7.06553e-05
0.013901
-4.35845e-05
0.0120034
-2.23639e-05
0.00962758
-1.25092e-05
0.00696742
-5.97955e-06
0.00417841
-1.6028e-06
0.00137726
-0.000332029
0.0092953
-0.000335677
0.0118385
-0.000259304
0.013837
-0.00018823
0.0151268
-0.000131405
0.0155733
-8.95175e-05
0.015151
-5.76087e-05
0.013915
-3.43121e-05
0.0120154
-2.21245e-05
0.00963717
-9.41242e-06
0.00697086
-3.43861e-06
0.00418029
-1.11024e-06
0.00137846
0.00643028
-0.00018993
-0.000111349
-0.000359999
0.00931954
-0.000272157
0.0118512
-0.000195608
0.0138443
-0.000142703
0.0151381
-9.69546e-05
0.0155807
-6.50041e-05
0.0151583
-4.02129e-05
0.0139208
-2.77075e-05
0.0120209
-1.33474e-05
0.00964111
-9.54463e-06
0.00697701
-5.06323e-06
0.00418434
-3.94937e-07
0.00137893
0.00644026
-0.000173644
-0.000196271
-0.00212249
0.00208219
-0.000149575
-8.26301e-05
-0.000249686
0.00929729
-0.000178562
0.0118344
-0.000136541
0.0138383
-9.50423e-05
0.0151362
-7.22727e-05
0.0155879
-5.15285e-05
0.0151696
-3.45721e-05
0.0139277
-2.30826e-05
0.0120307
-1.79281e-05
0.00964954
-9.04616e-06
0.00698106
-3.75762e-06
0.00418775
-1.15096e-06
0.00138007
0.00637581
-5.82109e-05
-0.000126986
-0.00206613
0.00204353
-0.000151051
-0.000180222
-0.00136454
0.00130805
-6.16533e-05
-3.13998e-05
-2.46388e-05
-0.000133857
0.00925246
-0.000108946
0.0118066
-8.26353e-05
0.0138257
-6.51095e-05
0.015129
-4.83458e-05
0.0155847
-3.32386e-05
0.0151683
-2.90235e-05
0.0139337
-1.81723e-05
0.012031
-1.25628e-05
0.0096531
-9.85082e-06
0.00698718
-4.55019e-06
0.00419113
-2.02883e-06
0.00138205
0.00629604
-1.01036e-05
-4.39409e-05
-0.00199697
0.00197438
-3.55857e-05
-8.03975e-05
-0.00129168
0.00124879
-3.86033e-05
-6.95478e-05
-8.22398e-05
-8.16154e-05
-0.000414114
0.000387427
-3.49513e-05
-0.000427732
-1.77662e-05
-9.59978e-06
-6.21051e-05
0.0092058
-5.61581e-05
0.0117803
-5.03786e-05
0.0138111
-3.77009e-05
0.0151184
-3.00319e-05
0.0155816
-2.54329e-05
0.0151647
-2.17285e-05
0.0139372
-1.76649e-05
0.0120361
-1.69287e-05
0.00966019
-1.09795e-05
0.0069936
-6.71551e-06
0.00419576
-1.13457e-06
0.00138312
0.00624901
9.52142e-08
-1.51399e-05
-0.00194701
0.00194272
-5.8147e-06
-1.65782e-05
-0.00119711
0.0011674
-7.72932e-07
-5.08154e-06
-2.17121e-05
-6.98387e-06
-0.000318968
0.000300224
-1.98601e-05
-0.000341845
-4.66793e-05
0.000362673
-5.74862e-05
-6.07917e-05
-0.000237251
0.00021201
-9.69843e-06
-0.000251122
-3.88086e-06
-1.61502e-06
-3.00344e-05
0.00917952
-3.05187e-05
0.0117603
-2.63366e-05
0.0137996
-2.54213e-05
0.0151138
-1.91056e-05
0.0155752
-2.14104e-05
0.0151644
-1.64252e-05
0.013936
-2.12115e-05
0.0120404
-1.6394e-05
0.00966558
-1.31032e-05
0.00699994
-6.65835e-06
0.00420124
-2.83981e-06
0.00138594
0.00622001
4.55932e-06
-5.57547e-06
-0.00193061
0.00193143
-6.94941e-07
-2.99464e-06
-0.00115218
0.00114627
1.05367e-06
-9.48343e-07
-1.68907e-06
3.2479e-07
-0.000275713
0.000275335
-3.8773e-07
-0.000280297
-4.84347e-07
0.000285172
-6.64919e-06
-2.10053e-06
-0.000107771
8.79106e-05
-0.000154452
0.00017511
-2.05855e-05
-4.01358e-05
-7.0417e-05
6.07216e-05
-7.42958e-05
-1.00234e-05
0.00915919
-1.57865e-05
0.0117499
-1.43626e-05
0.0137887
-1.03974e-05
0.0151051
-1.64549e-05
0.0155703
-1.40529e-05
0.0151621
-2.67036e-05
0.0139415
-2.61723e-05
0.0120501
-2.24986e-05
0.00967494
-1.6297e-05
0.00700956
-9.63517e-06
0.00420803
-1.88704e-06
0.00138784
0.00620875
4.21699e-06
-2.97866e-06
-0.00192607
0.00192938
1.23052e-06
-2.31959e-07
-0.00114324
0.0011422
2.6704e-07
1.13973e-07
-4.15301e-07
4.66334e-07
-0.000273012
0.000273854
2.12329e-07
-0.000274125
1.59135e-07
0.000273672
-2.77335e-08
-1.30311e-07
-7.86815e-05
7.8296e-05
-7.91634e-05
8.1264e-05
4.01358e-05
-1.82597e-06
0.00914509
4.14686e-07
0.011735
-2.59697e-06
0.0137808
-8.12664e-06
0.0150967
-1.2759e-05
0.015569
-2.48449e-05
0.0151602
-2.41685e-05
0.0139394
-2.93287e-05
0.0120569
-2.62974e-05
0.00968493
-1.80992e-05
0.00701802
-1.00508e-05
0.00421621
-2.53585e-06
0.00139041
0.00620416
2.47541e-06
2.9795e-07
-0.00192602
0.00192928
9.58533e-07
3.96854e-07
-0.00114155
0.00114254
-1.4462e-07
3.71546e-07
1.09249e-08
3.96566e-07
-0.000273921
0.000274119
7.64369e-08
-0.000273945
1.51915e-07
0.000273662
-2.11453e-07
1.91509e-07
-7.82956e-05
7.85089e-05
-7.81372e-05
7.82675e-05
4.08965e-06
0.00914157
8.49047e-07
0.0117317
-9.0245e-07
0.0137737
-3.03639e-06
0.015087
-1.51083e-05
0.0155592
-2.88997e-05
0.0151649
-4.02966e-05
0.0139504
-3.62926e-05
0.0120669
-3.20124e-05
0.00969884
-2.34732e-05
0.00703146
-1.04788e-05
0.00422418
-3.31725e-06
0.00139373
0.00620395
2.55477e-06
1.75937e-06
-0.00192922
0.00192994
1.72371e-06
3.43716e-07
-0.00114231
0.00114317
1.56371e-07
-5.00523e-08
3.0575e-07
3.28381e-07
-0.000274803
0.000274607
4.45622e-08
-0.000274412
-2.78392e-08
0.0002741
2.64577e-08
8.06789e-08
-7.86461e-05
7.87246e-05
-7.84915e-05
7.83e-05
3.86643e-06
0.00913842
7.39175e-06
0.0117233
3.48012e-06
0.013767
-1.33513e-05
0.0150852
-2.58687e-05
0.0155562
-3.74637e-05
0.0151621
-4.79688e-05
0.0139621
-4.99174e-05
0.0120848
-4.18453e-05
0.00971723
-2.49721e-05
0.00704597
-1.05641e-05
0.00423143
-2.33387e-06
0.00139606
0.00620371
2.49614e-06
1.62268e-06
-0.00193102
0.00193179
1.79513e-06
7.03128e-07
-0.00114267
0.00114433
2.70979e-07
-2.17406e-07
4.34803e-07
3.93612e-07
-0.000274937
0.000275123
-3.07938e-08
-0.000275157
1.7637e-07
0.000274951
-3.23826e-08
1.27371e-07
-7.88015e-05
7.8845e-05
-7.88305e-05
7.87498e-05
9.62857e-06
0.0091363
7.71389e-06
0.0117191
-2.63595e-07
0.013754
-1.27046e-05
0.0150721
-3.62527e-05
0.015555
-5.39034e-05
0.015168
-6.13078e-05
0.0139735
-5.98786e-05
0.0121029
-4.48523e-05
0.00973712
-2.74521e-05
0.00706287
-1.36517e-05
0.00424274
-3.16078e-06
0.00139919
0.00620716
3.07104e-06
3.09687e-06
-0.00193203
0.00193386
6.50235e-07
1.37215e-06
-0.00114498
0.00114616
2.11588e-07
4.1996e-07
-2.18087e-07
2.73142e-07
-0.000275654
0.000275866
5.03199e-08
-0.000276041
1.58855e-07
0.000275519
3.06075e-08
-1.33982e-07
-7.91192e-05
7.90882e-05
-7.89414e-05
7.88141e-05
6.40902e-06
0.00913746
4.33678e-06
0.0117144
-9.38037e-06
0.0137506
-3.01944e-05
0.015066
-5.56853e-05
0.0155567
-7.73589e-05
0.015184
-8.44209e-05
0.013998
-7.09221e-05
0.012129
-4.97061e-05
0.00975937
-2.80569e-05
0.00707726
-1.18001e-05
0.00425135
-3.58171e-06
0.00140274
0.00620947
1.01799e-06
3.06732e-06
-0.00193524
0.00193682
1.49942e-06
1.73046e-06
-0.00114726
0.00114735
2.78767e-07
2.72608e-07
-6.00142e-08
3.27617e-07
-0.000276133
0.000276581
-2.33715e-07
-0.00027588
1.75998e-07
0.000275708
-5.40065e-08
1.05134e-07
-7.91398e-05
7.91885e-05
-7.89829e-05
7.91169e-05
6.30612e-06
0.00913557
1.22729e-06
0.0117039
-1.28879e-05
0.0137334
-4.56574e-05
0.015056
-7.60666e-05
0.0155554
-9.67453e-05
0.0151964
-9.47126e-05
0.0140218
-7.7877e-05
0.0121571
-5.46816e-05
0.00978598
-3.0915e-05
0.00709635
-1.32896e-05
0.00426102
-3.13954e-06
0.00140582
0.00621014
2.61649e-06
2.99136e-06
-0.00193922
0.0019385
1.70964e-06
6.5814e-07
-0.00114894
0.00115036
-2.65889e-07
3.61046e-07
-1.89646e-07
3.34819e-07
-0.000276831
0.000277065
3.92589e-08
-0.000276674
1.08827e-07
0.000276499
1.70474e-08
1.49956e-07
-7.94188e-05
7.91861e-05
-7.92412e-05
7.91361e-05
3.97717e-06
0.00913269
-6.13401e-06
0.011697
-3.47843e-05
0.0137224
-7.38751e-05
0.0150538
-0.000112351
0.015571
-0.000122942
0.0152246
-0.000116527
0.0140604
-8.70298e-05
0.0121895
-5.45986e-05
0.00980964
-3.03342e-05
0.00711336
-1.14002e-05
0.00426923
-2.27252e-06
0.00140804
0.00621002
1.17702e-06
2.91212e-06
-0.00194019
0.00194203
7.73641e-07
1.29977e-06
-0.00115023
0.00115182
-1.50175e-07
2.47425e-07
4.15037e-07
3.62953e-07
-0.000277332
0.000277321
-2.53606e-07
-0.000277083
1.18683e-07
0.000276859
2.2939e-08
1.1502e-07
-7.94595e-05
7.94981e-05
-7.93519e-05
7.92019e-05
1.7627e-06
0.00912487
-1.65076e-05
0.0116788
-5.85177e-05
0.0137071
-0.000111234
0.0150527
-0.000145985
0.0155941
-0.000154184
0.0152622
-0.000123346
0.0140967
-9.02261e-05
0.0122251
-5.65949e-05
0.00983587
-2.72143e-05
0.00712913
-1.10936e-05
0.004278
-2.12109e-06
0.00141011
0.00620755
1.25618e-06
2.95829e-06
-0.00194333
0.00194371
7.65985e-07
1.58789e-06
-0.00115251
0.00115321
1.90593e-07
-1.2119e-07
4.24595e-07
1.88554e-07
-0.000278029
0.000277828
4.22516e-08
-0.000277865
7.49882e-08
0.000277688
4.30432e-08
1.81521e-07
-7.97577e-05
7.95047e-05
-7.96375e-05
7.95225e-05
-4.29987e-06
0.00911256
-3.74102e-05
0.0116576
-9.71187e-05
0.0136929
-0.000154175
0.0150608
-0.000187002
0.0156269
-0.000166649
0.0153055
-0.000130388
0.0141369
-8.83093e-05
0.0122567
-4.79531e-05
0.00985657
-2.31611e-05
0.00714116
-8.99823e-06
0.00428483
-1.72506e-06
0.0014118
0.0062004
-1.03689e-07
2.94066e-06
-0.00194525
0.00194574
7.68795e-07
1.41849e-06
-0.00115404
0.00115473
3.00152e-07
-2.53764e-07
4.1856e-07
3.25114e-07
-0.00027808
0.000278496
-2.30249e-07
-0.000278301
1.01439e-07
0.000278176
7.7478e-08
6.50727e-08
-7.98011e-05
7.98414e-05
-7.97277e-05
7.95462e-05
-1.34531e-05
0.00908866
-6.82428e-05
0.0116288
-0.000147924
0.0136867
-0.000210638
0.0150845
-0.000211566
0.0156718
-0.000180288
0.0153554
-0.000130363
0.0141789
-7.91439e-05
0.0122879
-4.36918e-05
0.00987706
-1.99761e-05
0.0071521
-6.10816e-06
0.00428918
-6.08278e-07
0.00141237
0.00618574
-1.81851e-06
3.00337e-06
-0.00194697
0.00194637
4.79008e-07
1.6973e-06
-0.00115598
0.00115615
1.88207e-07
4.14508e-07
4.22332e-07
-2.54708e-07
-0.000278668
0.000278972
-1.3633e-08
-0.000279031
9.92297e-08
0.000278833
7.34409e-08
1.20942e-07
-8.00862e-05
7.98546e-05
-7.99844e-05
7.99193e-05
-3.39589e-05
0.00905428
-0.000120986
0.0116017
-0.000218994
0.013695
-0.000256234
0.0151291
-0.000229713
0.0157212
-0.000172284
0.0153973
-0.000115496
0.0142152
-6.71409e-05
0.0123113
-3.62178e-05
0.00989326
-1.65928e-05
0.00716255
-3.75897e-06
0.0042923
-3.80988e-07
0.00141272
0.00615644
-7.65635e-06
2.9862e-06
-0.00194864
0.00194626
5.54158e-07
7.37714e-07
-0.00115756
0.00115793
-1.13646e-07
2.08919e-07
3.87451e-07
-1.06684e-07
-0.000279475
0.00027958
8.16614e-08
-0.000278928
-1.30302e-07
0.000279311
8.3126e-08
1.29794e-07
-8.0144e-05
8.01278e-05
-8.00469e-05
7.99259e-05
-7.19699e-05
0.00900528
-0.000197144
0.0115799
-0.000282075
0.0137208
-0.000276533
0.0151759
-0.000216397
0.0157653
-0.000154607
0.0154364
-9.77094e-05
0.0142458
-5.79745e-05
0.012333
-3.03331e-05
0.00990698
-9.67192e-06
0.00716844
-2.9146e-06
0.00429481
6.69437e-07
0.00141202
0.00610243
-1.80863e-05
8.25638e-08
-0.00194837
0.00194203
-1.33824e-06
8.71008e-07
-0.0011581
0.0011585
-2.59368e-07
4.06498e-07
3.83746e-07
1.85179e-07
-0.000279848
0.000279708
1.96837e-08
-0.000279775
1.30191e-07
0.000279939
2.34005e-08
5.37486e-08
-8.02113e-05
8.02925e-05
-8.03411e-05
8.02113e-05
-0.000140767
0.0089488
-0.000296869
0.0115946
-0.000323519
0.0137678
-0.000265559
0.015225
-0.000192541
0.0158032
-0.000128412
0.015467
-7.88299e-05
0.0142666
-4.35149e-05
0.0123462
-1.83399e-05
0.00991562
-5.88956e-06
0.00717139
1.0701e-06
0.00429438
1.0951e-06
0.0014109
0.00601676
-4.5394e-05
-9.73578e-06
-0.00194329
0.00192899
-3.80456e-06
-1.18826e-06
-0.00115905
0.00115755
-7.34386e-08
2.16481e-07
3.92861e-07
-7.73781e-08
-0.00028067
0.000280337
7.1737e-08
-0.000280141
-1.1973e-07
0.000280068
2.47954e-08
1.13909e-07
-8.04972e-05
8.05154e-05
-8.03683e-05
8.03146e-05
-0.000270341
0.00892228
-0.000355641
0.0116267
-0.000301362
0.0138036
-0.000220864
0.0152533
-0.000154323
0.015829
-9.64074e-05
0.0154846
-5.69648e-05
0.01428
-3.04656e-05
0.0123583
-1.03541e-05
0.00992006
-1.21806e-06
0.00717365
2.69824e-06
0.00429275
1.47071e-06
0.0014094
0.00592026
-0.000120807
-5.30835e-05
-0.00192616
0.00189664
-1.59074e-05
-6.92364e-06
-0.00115621
0.0011522
-2.00316e-07
3.84582e-07
3.75184e-07
-2.25354e-07
-0.000280633
0.000280735
-1.82935e-07
-0.000280554
1.31915e-07
0.000280696
2.96687e-08
6.18045e-08
-8.05353e-05
8.06068e-05
-8.06546e-05
8.05407e-05
-0.00037739
0.00894392
-0.000324036
0.0116493
-0.000237857
0.0138205
-0.000168521
0.0152675
-0.000110858
0.0158435
-7.06e-05
0.0154982
-3.677e-05
0.0142863
-1.46263e-05
0.0123626
-4.11073e-06
0.00992294
2.80414e-06
0.00717353
3.28742e-06
0.00429091
2.78448e-06
0.00140659
0.00592048
-0.00020805
-0.000169609
-0.001873
0.00181541
-6.3238e-05
-2.94545e-05
-0.00114538
0.00113079
-1.52622e-06
1.80658e-07
4.35639e-07
-5.44595e-07
-0.000281048
0.000280758
8.21674e-08
-0.000280743
7.77555e-08
0.000281083
2.52599e-08
1.13895e-07
-8.08278e-05
8.06428e-05
-8.06971e-05
8.06353e-05
-0.000326122
0.008946
-0.000228223
0.0116397
-0.000162657
0.0138146
-0.000116489
0.0152731
-7.77597e-05
0.0158506
-4.77576e-05
0.0155092
-2.47161e-05
0.0142964
-8.48815e-06
0.0123669
4.19095e-06
0.00992153
6.29373e-06
0.0071705
6.90705e-06
0.00428677
3.36152e-06
0.00140321
0.00587039
-9.70183e-05
-0.000179074
-0.00177929
0.00174858
-0.00017738
-0.000133502
-0.00110535
0.00105493
-1.09133e-05
-1.92338e-06
-3.82937e-07
-3.63325e-06
-0.000280666
0.000279368
-2.37773e-07
-0.000280676
1.82153e-07
0.000281121
6.42218e-08
-1.0454e-07
-8.08589e-05
8.09386e-05
-8.07815e-05
8.06676e-05
-0.000177268
0.00889495
-0.000138321
0.0116153
-0.000106175
0.0138042
-7.35438e-05
0.0152688
-4.81808e-05
0.015851
-2.50066e-05
0.0155094
-9.85355e-06
0.0142977
1.47241e-06
0.0123696
8.19278e-06
0.00991962
1.26995e-05
0.00716469
9.87331e-06
0.00428024
3.80977e-06
0.00139938
0.00577184
-1.73262e-05
-6.14301e-05
-0.0017051
0.00166567
-5.76206e-05
-0.000135601
-0.000974243
0.000927715
-6.67394e-05
-6.41413e-05
-1.45905e-05
-3.82345e-05
-0.000274427
0.000265326
-1.81733e-06
-0.000275764
-5.87003e-07
0.000279184
-2.01969e-07
-2.14084e-07
-8.10762e-05
8.08355e-05
-8.08962e-05
8.10007e-05
-8.10987e-05
0.00883772
-7.43203e-05
0.0115834
-6.0459e-05
0.0137911
-4.32234e-05
0.0152639
-2.57558e-05
0.0158517
-9.55748e-06
0.0155091
2.73213e-06
0.0142964
1.32223e-05
0.0123646
1.60062e-05
0.00991629
1.43829e-05
0.00716017
9.51194e-06
0.00427452
4.86104e-06
0.0013945
0.0057078
6.05725e-07
-1.7723e-05
-0.00162711
0.00161678
-7.03186e-06
-2.28872e-05
-0.000861288
0.000811775
-1.35262e-06
-6.77926e-06
-4.93381e-05
-1.9841e-05
-0.000185406
0.000159603
-4.09447e-05
-0.000226865
-2.269e-05
0.000254823
-4.09357e-06
-1.02805e-05
-7.98316e-05
7.80127e-05
-8.0419e-05
8.06331e-05
-3.69136e-05
0.00880021
-3.70566e-05
0.0115599
-3.07811e-05
0.0137787
-2.12946e-05
0.0152594
-9.10083e-06
0.0158513
1.96119e-06
0.0155099
1.55369e-05
0.0142941
1.69669e-05
0.0123636
2.08506e-05
0.00990981
1.75671e-05
0.0071521
1.36808e-05
0.00426569
5.1619e-06
0.00138933
0.00567375
3.75159e-06
-6.65829e-06
-0.00160253
0.00160328
-1.87912e-07
-3.48469e-06
-0.000789573
0.00078248
2.91565e-07
-2.59033e-07
-7.21804e-07
2.57428e-08
-8.36414e-05
8.22856e-05
-9.04219e-05
0.000110263
-4.09456e-05
-6.3637e-05
7.39175e-05
-1.49136e-05
0.00877806
-1.6586e-05
0.0115457
-1.19152e-05
0.0137693
-7.5958e-07
0.015251
6.26064e-06
0.015847
1.67468e-05
0.0155087
1.82723e-05
0.0142928
2.61967e-05
0.0123582
2.51923e-05
0.00990217
2.33593e-05
0.00714241
1.59166e-05
0.00425493
6.04406e-06
0.00138327
0.00565822
4.33794e-06
-3.78918e-06
-0.00159742
0.00159981
1.31311e-06
-8.13791e-07
-0.000778898
0.000778597
1.22634e-07
-3.82835e-08
-3.03669e-08
1.19035e-07
-8.13259e-05
8.16131e-05
-8.15872e-05
8.15615e-05
-1.77523e-06
0.00876316
-3.68742e-06
0.0115374
2.2471e-06
0.0137662
9.38829e-06
0.0152479
1.91671e-05
0.0158445
2.35122e-05
0.0155034
3.36582e-05
0.0142853
3.34736e-05
0.0123499
3.29177e-05
0.0098926
2.81932e-05
0.00713013
1.7881e-05
0.00424309
7.05676e-06
0.0013762
0.00565406
3.90495e-06
-1.55569e-06
-0.00159572
0.00159974
2.72964e-07
2.93536e-07
-0.000777491
0.000778664
2.01706e-07
-9.55994e-08
1.17117e-07
1.62469e-07
-8.16599e-05
8.17777e-05
-8.17e-05
8.15809e-05
2.35591e-06
0.00875712
6.42988e-06
0.0115333
1.07614e-05
0.0137649
1.72283e-05
0.0152498
2.84223e-05
0.0158396
3.38351e-05
0.0155032
3.40049e-05
0.0142848
3.73683e-05
0.0123455
3.57924e-05
0.009885
3.19644e-05
0.00711604
2.14152e-05
0.00422872
8.14983e-06
0.00136804
0.00565367
3.16966e-06
-4.60803e-07
-0.00159761
0.00160042
1.06134e-06
5.57099e-07
-0.000778771
0.0007791
4.25957e-08
-1.27656e-07
1.01592e-07
7.61269e-08
-8.1956e-05
8.21525e-05
-8.20545e-05
8.1892e-05
5.13552e-06
0.00875834
1.27536e-05
0.0115312
2.05049e-05
0.0137615
2.80144e-05
0.0152502
3.13697e-05
0.015842
4.35093e-05
0.0154937
4.82274e-05
0.0142739
4.97676e-05
0.0123315
4.40716e-05
0.00987288
3.72221e-05
0.00710022
2.41813e-05
0.00421268
9.24633e-06
0.00135879
0.00565506
3.17955e-06
5.52599e-07
-0.00159994
0.00160201
1.07928e-06
1.32932e-08
-0.00077951
0.000780591
5.67298e-08
-1.02958e-07
7.30335e-08
6.09473e-08
-8.21985e-05
8.2236e-05
-8.23282e-05
8.22521e-05
9.46581e-06
0.00876165
1.75984e-05
0.0115341
2.28673e-05
0.0137667
3.66862e-05
0.0152449
4.60221e-05
0.0158395
5.01125e-05
0.0154918
5.2048e-05
0.0142716
5.56307e-05
0.0123199
5.26006e-05
0.0098575
4.31868e-05
0.00708121
2.83472e-05
0.00419358
1.02893e-05
0.00134849
0.00566062
3.24898e-06
6.16968e-07
-0.00160171
0.00160409
7.76106e-07
8.41187e-07
-0.000780451
0.00078146
-4.98687e-08
1.04109e-07
7.62139e-08
7.17734e-08
-8.22615e-05
8.23139e-05
-8.23673e-05
8.23063e-05
1.06522e-05
0.00876852
1.88827e-05
0.0115381
3.20886e-05
0.0137713
3.98234e-05
0.015251
4.8258e-05
0.0158414
5.78565e-05
0.015486
6.46137e-05
0.0142626
6.34823e-05
0.0123091
6.09766e-05
0.00983971
4.77742e-05
0.00706178
3.18959e-05
0.00417197
1.18464e-05
0.00133664
0.00566607
3.40348e-06
1.79306e-06
-0.00160384
0.00160627
8.02669e-07
8.64487e-07
-0.000782137
0.000782762
5.98746e-08
7.65551e-08
7.96668e-08
7.65438e-08
-8.25635e-05
8.25108e-05
-8.24607e-05
8.23889e-05
1.25607e-05
0.00877487
2.32141e-05
0.011547
3.32514e-05
0.0137778
4.64276e-05
0.0152529
5.95067e-05
0.0158397
6.68051e-05
0.0154838
7.47172e-05
0.0142514
7.38972e-05
0.0122961
6.95471e-05
0.00981793
5.72989e-05
0.00703637
3.49851e-05
0.00414883
1.30646e-05
0.00132358
0.00567438
3.39214e-06
8.19864e-07
-0.00160716
0.00160959
9.50358e-07
8.9444e-07
-0.000783677
0.00078433
6.38067e-08
7.40698e-08
-1.07412e-07
5.40028e-08
-8.27401e-05
8.27973e-05
-8.26653e-05
8.25887e-05
1.37415e-05
0.00878427
2.51361e-05
0.011555
3.95241e-05
0.0137847
5.15468e-05
0.0152608
6.65491e-05
0.01584
7.71106e-05
0.0154814
8.26528e-05
0.0142427
8.9014e-05
0.0122767
8.02489e-05
0.00979498
6.47866e-05
0.00700657
4.10175e-05
0.00412088
1.38464e-05
0.00130973
0.00568279
3.43083e-06
1.90333e-06
-0.00160949
0.00161197
8.90868e-07
9.21789e-07
-0.000785009
0.000785912
1.01383e-07
-6.78639e-08
8.09518e-08
1.28339e-07
-8.28166e-05
8.28781e-05
-8.27432e-05
8.26892e-05
1.37731e-05
0.00879567
2.77892e-05
0.0115668
4.58493e-05
0.0137904
6.39264e-05
0.0152635
7.76419e-05
0.0158394
9.14794e-05
0.0154726
9.94953e-05
0.0142322
9.90996e-05
0.0122578
9.21694e-05
0.00976759
7.18148e-05
0.00697578
4.45106e-05
0.00409022
1.30841e-05
0.00129665
0.00569276
3.04161e-06
7.31035e-07
-0.00161294
0.00161545
8.97258e-07
9.3098e-07
-0.000786673
0.000787595
5.63655e-08
-9.93592e-08
8.36089e-08
7.42703e-08
-8.30163e-05
8.3115e-05
-8.30858e-05
8.29574e-05
1.50671e-05
0.00880833
3.19032e-05
0.0115807
5.0861e-05
0.0138035
7.10656e-05
0.01527
8.75158e-05
0.0158434
0.000101224
0.0154709
0.000113182
0.0142181
0.000109713
0.0122403
0.000102932
0.00973648
8.24361e-05
0.00693785
4.87618e-05
0.00405453
1.69586e-05
0.00127968
0.00570522
1.3659e-06
1.25007e-06
-0.00161536
0.0016178
5.8793e-07
8.19694e-07
-0.000788369
0.000789288
-1.07319e-07
7.29518e-08
8.01538e-08
7.06651e-08
-8.3172e-05
8.32258e-05
-8.32721e-05
8.31978e-05
1.82518e-05
0.00882203
3.66917e-05
0.0115949
6.06743e-05
0.0138139
7.84923e-05
0.0152791
0.000100439
0.0158442
0.000116793
0.0154673
0.000126662
0.0142011
0.000129787
0.0122134
0.000116452
0.00970246
9.03932e-05
0.00689622
5.17259e-05
0.00401976
3.70328e-05
0.00124264
0.00571821
2.8091e-06
2.43885e-06
-0.00161906
0.00162218
-1.76291e-06
-1.62947e-08
-0.000789951
0.00079031
1.19345e-07
1.03127e-07
7.45804e-08
7.96872e-08
-8.34463e-05
8.33365e-05
-8.3375e-05
8.33043e-05
2.20802e-05
0.00883657
4.38281e-05
0.0116117
6.5183e-05
0.0138272
9.21379e-05
0.0152874
0.000115372
0.0158456
0.000134548
0.0154594
0.000144497
0.0141864
0.000140881
0.012189
0.00013071
0.00966214
9.84619e-05
0.00684948
8.56791e-05
0.00397111
7.97701e-05
0.00573018
5.66135e-06
4.47505e-06
-0.0016282
0.00162596
-1.50837e-06
6.56063e-06
-3.57236e-06
-0.000790375
0.000788585
1.60446e-08
6.27344e-09
4.5618e-08
-1.32329e-07
-8.35929e-05
8.37102e-05
-8.34903e-05
8.34106e-05
2.68289e-05
0.00885361
4.65751e-05
0.0116303
7.41527e-05
0.0138452
0.000100549
0.0153022
0.000127368
0.0158528
0.000148239
0.0154556
0.000160999
0.0141663
0.000162433
0.0121573
0.000142028
0.00961857
0.000130544
0.00680461
0.000148909
0.00574553
5.80812e-06
5.65096e-06
-0.00162903
0.00163092
2.34424e-06
1.42653e-06
1.97082e-06
-5.61171e-07
-0.000490259
0.00049563
-6.87846e-06
-0.000464902
-1.8794e-05
0.000320325
1.65732e-08
-2.27307e-07
-8.36272e-05
8.36417e-05
-8.36222e-05
8.37545e-05
2.69404e-05
0.00887317
5.43877e-05
0.0116501
8.36243e-05
0.0138621
0.0001193
0.0153102
0.000149436
0.0158516
0.000170717
0.0154459
0.000182071
0.0141467
0.00017946
0.0121198
0.00017353
0.00957558
0.000197583
0.00576278
4.76919e-06
4.9443e-06
-0.00163336
0.00163683
1.48841e-06
8.53388e-07
1.89815e-06
1.3131e-06
-0.000501041
0.000502151
1.2311e-06
-0.000500175
5.60368e-07
-0.000497468
-7.38337e-07
-2.40043e-06
-0.000298433
0.000292908
-1.35115e-06
3.09943e-06
8.36593e-05
8.3433e-05
3.08355e-05
0.00889676
6.00942e-05
0.0116736
9.59957e-05
0.0138854
0.000131085
0.0153286
0.000162742
0.0158596
0.000190279
0.0154377
0.000197789
0.0141283
0.000207849
0.0120855
0.000232602
0.00578196
5.34752e-06
6.29056e-06
-0.00163963
0.0016425
1.1474e-06
7.62624e-07
1.42514e-06
7.17277e-07
-0.000504474
0.000505116
8.43601e-07
-0.000503878
2.58464e-07
-0.000502794
8.10864e-07
6.68674e-07
-0.000291715
0.000292847
9.89502e-08
-0.00029121
5.14395e-08
-0.000291574
-3.76128e-07
-1.06638e-06
-8.65324e-05
8.5182e-05
3.42496e-05
0.00892253
6.9664e-05
0.0116999
0.000109555
0.0139069
0.000151238
0.0153401
0.000185668
0.0158642
0.000205211
0.0154303
0.000230797
0.0141054
0.000253437
0.00580337
5.9497e-06
6.91129e-06
-0.00164665
0.00164985
1.28655e-06
8.7572e-07
1.25519e-06
8.82019e-07
-0.000506618
0.000507168
5.96644e-07
-0.000506314
4.58895e-07
-0.000505138
2.46774e-07
6.94658e-07
-0.000293866
0.000294533
1.76555e-07
-0.000293804
1.93781e-07
-0.000293248
2.53066e-07
2.6594e-07
-8.37901e-05
8.38876e-05
-8.37394e-05
-8.41156e-05
4.10805e-05
0.00895115
7.78207e-05
0.0117317
0.000124501
0.0139337
0.000167662
0.0153581
0.000199592
0.0158698
0.000236362
0.0154247
0.000261279
0.00583094
6.8014e-06
6.68825e-06
-0.00165439
0.00165802
1.34986e-06
9.81063e-07
1.37156e-06
9.91853e-07
-0.000508778
0.000509785
2.79179e-07
-0.000508431
5.29938e-07
-0.000507675
4.98522e-07
3.74164e-07
-0.000295675
0.00029614
1.32964e-07
-0.000295345
1.27078e-07
-0.000295061
-3.8579e-08
1.66014e-07
-8.45991e-05
8.47746e-05
-8.44061e-05
-8.41535e-05
4.48257e-05
0.00898408
9.22572e-05
0.0117639
0.000142507
0.0139588
0.000184521
0.0153732
0.000226418
0.0158798
0.000252663
0.00585948
7.61361e-06
8.68549e-06
-0.00166192
0.00166629
1.51093e-06
9.24067e-07
1.69025e-06
1.10089e-06
-0.00051157
0.000512232
6.87254e-07
-0.00051074
1.52597e-07
-0.000509931
5.60671e-07
8.45294e-07
-0.000297296
0.000297419
1.57614e-07
-0.000296738
-2.94505e-08
-0.000296381
1.40946e-07
1.32932e-07
-8.50284e-05
8.5161e-05
-8.49018e-05
-8.49406e-05
5.39088e-05
0.00902246
0.000105532
0.0118009
0.000155985
0.0139874
0.000202228
0.0153974
0.000229853
0.0058939
9.10584e-06
1.03633e-05
-0.00167179
0.00167649
1.75329e-06
1.15919e-06
1.87978e-06
1.30934e-06
-0.000514289
0.000515029
7.70866e-07
-0.000513956
5.93332e-07
-0.000512476
2.10195e-07
8.55812e-07
-0.00029847
0.0002992
-4.09107e-08
-0.000298458
1.38814e-07
-0.000298063
1.64411e-07
2.01216e-07
-8.54052e-05
8.55623e-05
-8.54349e-05
-8.52939e-05
6.46768e-05
0.00906328
0.000124377
0.0118325
0.000171857
0.0140178
0.000192333
0.00593509
1.16772e-05
1.18138e-05
-0.00168314
0.00168881
2.00301e-06
1.44149e-06
2.15272e-06
1.56302e-06
-0.000517411
0.000518543
6.19933e-07
-0.000516966
7.15808e-07
-0.000515784
6.95998e-07
5.54513e-07
-0.00030034
0.000301117
-3.98417e-09
-0.000299963
2.14476e-07
-0.000299898
1.45715e-07
1.57344e-07
-8.60664e-05
8.60251e-05
-8.59279e-05
-8.57635e-05
8.19753e-05
0.0091057
0.000133774
0.0118706
0.000149123
0.00598377
1.72041e-05
1.60795e-05
-0.00169628
0.00170391
1.75318e-06
2.29315e-06
1.89637e-06
2.43875e-06
-0.000521453
0.000522352
1.10267e-06
-0.00052045
4.38555e-07
-0.000519138
8.39418e-07
9.68045e-07
-0.000302525
0.000302937
2.08388e-07
-0.000302007
1.9691e-07
-0.000301498
1.86577e-07
1.73973e-07
-8.65427e-05
8.65386e-05
-8.63283e-05
-8.61825e-05
9.81685e-05
0.00914128
0.000102798
0.00603106
2.81621e-05
2.26924e-05
-0.0017141
0.0017239
3.9916e-06
3.40088e-06
2.93127e-06
2.95824e-06
-0.000526375
0.000526909
1.2159e-06
-0.000525054
9.70663e-07
-0.000523704
5.45355e-07
1.08625e-06
-0.000304668
0.000305548
2.23579e-07
-0.000304441
2.09272e-07
-0.000303654
5.22985e-08
2.5095e-07
-8.7096e-05
8.7304e-05
-8.68993e-05
-8.67126e-05
6.82066e-05
2.41797e-05
4.96415e-05
-0.00173688
0.00175041
8.66559e-06
5.944e-06
4.90827e-06
4.80828e-06
-0.00053264
0.000534428
2.20094e-06
-0.000530698
1.45678e-06
-0.000528591
8.22564e-07
1.27538e-06
-0.000307608
0.000308582
2.40388e-07
-0.000306701
6.24505e-08
-0.000306395
2.38409e-07
2.38188e-07
-8.78162e-05
8.80391e-05
-8.76073e-05
-8.7555e-05
-0.0017712
1.21548e-05
2.44549e-05
1.70402e-05
1.18119e-05
-0.000542481
0.000546801
4.3408e-06
-0.000539481
2.94167e-06
-0.000537202
2.62657e-06
2.03397e-06
-0.000311223
0.000312979
4.42791e-07
-0.00031012
3.52191e-07
-0.000309587
2.8795e-07
2.69155e-07
-8.85776e-05
8.88169e-05
-8.85155e-05
-8.82773e-05
-0.000563225
1.60835e-05
-0.000556087
1.73118e-05
-0.000550748
1.16977e-05
7.86362e-06
-0.000318687
0.000321885
1.14035e-06
-0.000316457
7.09724e-07
-0.000314518
6.86423e-07
4.94658e-07
-8.9725e-05
9.0167e-05
-8.93734e-05
-8.9086e-05
-0.000340235
2.2622e-05
-0.000333916
1.09906e-05
-0.000327448
5.22797e-06
2.30011e-06
-9.2057e-05
9.31962e-05
-9.13477e-05
-9.06616e-05
-0.000111714
-0.000100724
-9.54963e-05
-2.9408e-05
2.94764e-05
1.36381e-05
-4.25006e-05
-0.000123975
0.000114971
3.86095e-05
3.32323e-05
-0.000142769
6.62933e-06
-4.86773e-05
3.34878e-05
8.13078e-05
-0.000244886
0.000238509
4.51978e-05
4.70887e-05
-0.000257928
1.87777e-05
-0.000154014
3.03462e-06
-5.11101e-05
4.22989e-05
0.000229627
1.38258e-05
6.73664e-05
-0.000863769
8.05943e-05
0.000872341
-2.35697e-05
7.60767e-05
-0.000866202
-0.000262371
1.09237e-05
-0.000160873
1.23436e-06
-5.18846e-05
2.61917e-05
0.000217414
4.05667e-06
6.35049e-05
-6.49371e-05
-0.0029326
0.00295073
0.0001317
-1.16037e-05
0.00084603
-1.91913e-05
2.32501e-05
-0.00285266
-1.81962e-05
-0.000862398
-2.98179e-06
-0.000269371
4.02028e-06
-0.000163021
-1.57093e-06
-5.01741e-05
0.000210082
2.13806e-06
6.18955e-05
-3.32824e-05
0.000191037
-0.0034766
0.00351165
9.9841e-05
-6.15408e-06
-4.17271e-06
-8.65576e-05
-0.00336238
1.24989e-05
-0.000117009
-0.00276953
2.91113e-05
-0.000859815
3.63197e-06
7.65715e-06
-0.000268329
-3.67934e-06
-0.000160847
-2.81956e-07
-4.97978e-05
0.00020629
1.64491e-06
6.0762e-05
0.000271447
-0.00310213
0.00316046
4.43227e-05
0.00020398
-0.000214307
-0.00297017
-0.000273508
-0.00320002
-0.00021838
4.83704e-05
-0.00261156
1.67904e-05
-0.000840283
4.30892e-06
5.88564e-06
-0.000268252
3.06326e-06
-0.00026334
-0.000157981
2.3959e-07
-4.97758e-05
2.99748e-07
0.000294013
-0.00189376
0.00199222
-5.18949e-05
-0.000363601
-0.00173909
-0.000461464
-0.00277702
-0.000446855
-0.00296807
-0.000810981
1.22604e-05
7.42315e-06
-0.000317997
4.8201e-05
-0.00237371
2.98821e-05
-0.000788618
-8.75811e-08
-5.60339e-06
-0.000259565
8.93926e-07
-0.00025526
1.558e-06
-0.00015677
5.069e-08
-4.97891e-05
0.000250843
0.000143955
1.77992e-05
-0.000210361
-0.00055514
0.000339703
-0.000660484
-0.00153371
-0.000696344
-0.00252369
-0.000622768
-0.00266208
-0.000249604
6.57711e-06
-0.000244481
2.15487e-06
-0.000741281
-1.93353e-07
-0.000449874
0.000103597
-0.00208289
5.3074e-05
-0.000718858
5.64059e-06
-0.000239618
-4.51099e-06
-0.000228731
-1.65625e-05
-0.000155228
-2.13911e-06
-4.77929e-05
0.000120696
0.00294984
-0.00269183
-0.000466198
-0.000813783
0.00321232
-0.000880296
0.000564695
-0.000938111
-0.00128714
-0.000930971
-0.00221437
-0.000816048
-0.00229633
-0.000150901
-0.000148646
-6.01201e-09
-0.000402058
0.000169165
2.71992e-06
1.96959e-07
-0.000652043
3.58348e-05
-0.000559675
0.000121276
-0.0016965
5.19422e-05
-0.000622276
2.1719e-05
-0.000397657
-1.47787e-06
1.9744e-06
-0.000151955
-1.02068e-06
6.52394e-07
-4.775e-05
-0.000124451
0.00644735
-0.00610358
-0.000808426
-0.00112847
0.00676431
-0.00113016
0.00346697
-0.0011742
0.000804357
-0.00120434
-0.00101171
-0.00116997
-0.0018606
-0.000993381
-0.00186196
-4.54577e-05
4.81167e-05
-4.53411e-05
-0.00036753
4.54874e-06
1.23056e-07
-0.000540253
3.8996e-05
-0.000656901
0.000138745
-0.00124991
7.56231e-05
-0.00050172
1.28157e-05
-0.000348651
-1.29536e-06
3.64673e-06
4.33667e-05
-4.50336e-05
-4.87691e-05
-0.000478337
0.0104813
-0.0100763
-0.00121237
-0.00148236
0.0108376
-0.00140467
0.00704134
-0.00140235
0.00369866
-0.00143993
0.00104108
-0.00146039
-0.000720905
-0.00138876
-0.00146521
-0.00113336
-0.00138461
-4.0541e-05
-4.04841e-05
-0.000314982
5.43905e-06
-7.41845e-07
-0.000398002
3.63006e-05
-0.000692786
0.000160793
-0.000803845
8.81734e-05
-0.000346311
2.5358e-05
-0.000295942
-7.97421e-06
2.08094e-06
3.68374e-05
-3.82864e-05
-0.000913778
0.014825
-0.0143896
-0.00164614
-0.00185099
0.0151945
-0.00169043
0.0111261
-0.00162162
0.00726237
-0.00162963
0.00388997
-0.00167795
0.00125811
-0.00169111
-0.000418711
-0.00155836
-0.00104068
-0.00119349
-0.000885883
-3.28677e-05
-3.36322e-05
-0.000242488
-5.08696e-06
-1.14837e-05
-0.000244458
6.12142e-05
-0.000671321
0.000160006
-0.00037982
8.1593e-05
-0.000199494
4.36605e-05
-0.000207145
-5.66813e-06
-2.80471e-06
3.15513e-05
-3.95467e-05
-0.0013934
0.0191452
-0.018711
-0.00208005
-0.00222148
0.0195168
-0.00198497
0.0154904
-0.00182913
0.0113358
-0.00177593
0.00740893
-0.00181156
0.00402366
-0.00188157
0.00144727
-0.00187304
-0.000105041
-0.00164527
-0.000591273
-0.00117227
-0.00038981
-4.45758e-05
-4.52776e-05
-1.06048e-05
-0.000157861
1.08956e-05
2.64714e-06
-0.000103182
6.37413e-05
-0.000590836
0.000139609
1.29718e-06
6.09575e-05
-6.57814e-05
4.22946e-05
-0.000123333
2.2392e-07
9.86963e-06
4.43303e-05
-4.70434e-05
-2.25399e-06
-3.53876e-06
-0.0018785
0.0230609
-0.0226489
-0.00249167
-0.00257737
0.0234172
-0.0022777
0.0198111
-0.00203187
0.0156939
-0.00189113
0.011452
-0.00187408
0.0074704
-0.00194944
0.00409066
-0.00203575
0.00160797
-0.00197795
0.000225068
-0.00163752
-0.000130305
-0.0010602
7.35315e-05
-1.05717e-05
-3.81002e-05
2.68135e-06
-3.58382e-05
9.63762e-07
-7.46074e-05
1.21966e-05
2.75406e-06
1.82808e-05
5.4092e-05
-0.00044151
0.000103703
0.000301408
2.85846e-05
4.43188e-05
3.28039e-05
-4.32661e-05
3.80188e-07
9.7046e-06
2.76301e-05
-2.7018e-05
1.7891e-07
1.96661e-06
1.41104e-05
-1.61668e-05
-0.00233649
0.0262204
-0.0258477
-0.00286474
-0.00291112
0.0265543
-0.00257008
0.02371
-0.00223669
0.0200172
-0.00199094
0.0157935
-0.00188233
0.0114601
-0.0019153
0.00743433
-0.00203555
0.00408881
-0.00211776
0.00174488
-0.00197626
0.000560006
-0.00150449
0.000308992
-0.000828796
0.000454875
-1.33517e-05
-1.22855e-05
-1.74576e-05
2.93237e-06
-1.574e-05
9.9862e-07
-2.87165e-06
1.07834e-05
1.67421e-06
0.000109282
3.7404e-05
-0.00021843
5.63064e-05
0.000470698
-1.58834e-05
0.0001181
1.75727e-05
2.10667e-05
-4.9932e-07
8.33568e-06
8.03873e-06
-8.30275e-06
2.01009e-07
1.89258e-06
1.03189e-05
-9.95654e-06
-0.00274541
0.0284308
-0.0281086
-0.00318685
-0.00321408
0.0287334
-0.00286396
0.0268487
-0.00245942
0.0239331
-0.00209829
0.0201251
-0.00186677
0.0157769
-0.00180717
0.011351
-0.00190054
0.0072968
-0.00205709
0.00402574
-0.00210361
0.00186857
-0.00182912
0.000880145
-0.00120525
0.000680404
-0.000463376
0.000694464
-7.00426e-06
-6.04439e-06
-2.73217e-07
2.42038e-06
2.33053e-07
7.42111e-07
4.95189e-05
8.1792e-06
-2.58099e-07
0.000157012
1.58512e-05
6.78134e-05
-1.51895e-06
0.000471611
-7.5659e-05
0.00014231
-3.1381e-06
6.17725e-05
-2.03844e-06
6.24257e-06
-6.71415e-06
5.67698e-06
5.39615e-08
1.60741e-06
4.15182e-06
-4.05817e-06
-0.00309091
0.0296413
-0.0293873
-0.00344196
-0.00346842
0.0298949
-0.00315234
0.0290218
-0.00270994
0.0270998
-0.00224218
0.0240767
-0.00186351
0.0201217
-0.00166709
0.015635
-0.00167144
0.0111204
-0.00182677
0.00706361
-0.00199831
0.00391747
-0.00195132
0.00198672
-0.00149278
0.00116293
-0.000713434
0.000925618
2.2538e-05
0.000734596
-1.72452e-06
-1.07121e-06
1.19313e-05
1.74303e-06
1.1044e-05
3.23686e-07
7.38021e-05
5.23564e-06
-2.65451e-06
0.000150402
-1.09965e-05
0.000411062
-8.05636e-05
0.000305901
-0.000173546
0.000105772
-3.30085e-05
7.03817e-05
-4.34044e-06
3.53577e-06
-1.58922e-05
1.35726e-05
-2.44797e-07
1.18943e-06
-5.36198e-07
4.65203e-07
-0.00335817
0.0298986
-0.0297373
-0.0036045
-0.00363847
0.0300677
-0.00341324
0.0301555
-0.00298437
0.0292964
-0.00244
0.0272979
-0.00191303
0.0241254
-0.00154205
0.019996
-0.00139743
0.0153587
-0.00147446
0.0107662
-0.00168377
0.00674606
-0.00182374
0.00378655
-0.00160762
0.00209741
-0.000917487
0.00136233
-2.65011e-05
0.000970181
0.000580469
0.00055955
2.15431e-06
2.40262e-06
1.75279e-05
9.5276e-07
1.46824e-05
-2.18353e-07
6.2888e-05
1.29566e-06
-5.88002e-06
8.04198e-05
-5.70464e-05
0.000695133
-0.000158809
-1.30947e-05
-0.000226477
-2.98899e-07
-9.50058e-05
3.70888e-05
-7.7773e-06
-6.07447e-07
-1.73934e-05
1.32485e-05
-7.17086e-07
5.87972e-07
-3.59205e-06
3.2036e-06
-0.00352505
0.0292682
-0.0292389
-0.0036356
-0.00368363
0.029312
-0.00361104
0.0302651
-0.00326236
0.0304334
-0.0026984
0.0295547
-0.00205319
0.027438
-0.00148785
0.02407
-0.00113793
0.0197355
-0.0010607
0.0149426
-0.00121234
0.0102926
-0.00144896
0.00636824
-0.00147998
0.00365525
-0.0010048
0.00218065
-6.84478e-05
0.00140022
0.0007633
0.000783628
0.00108964
0.000161753
4.07089e-06
3.76305e-06
1.43292e-05
-3.29273e-08
9.11757e-06
-9.86918e-07
-1.70267e-07
-5.67677e-06
-1.54908e-05
-5.24935e-05
-0.000109054
0.000847151
-0.000172373
-0.000477693
-0.000216118
-0.000166456
-0.000115054
-5.36779e-05
-2.73094e-05
-1.57767e-05
-8.63422e-06
1.7745e-06
-1.43605e-06
-3.15015e-07
-4.35102e-06
3.49176e-06
-0.00356302
0.0277973
-0.0279333
-0.00350145
-0.00355746
0.0276698
-0.00369308
0.0293932
-0.00350247
0.0305052
-0.0029978
0.0307328
-0.00228949
0.0297906
-0.00154848
0.0274983
-0.000959455
0.02389
-0.000651646
0.0193254
-0.000653552
0.0143816
-0.000872855
0.00971435
-0.00107951
0.00596476
-0.000889086
0.00353576
-7.18287e-05
0.0021804
0.000930321
0.00122933
0.00151998
0.000349696
0.00147395
-0.000466436
3.39524e-06
2.33342e-06
-2.20272e-06
-2.0654e-06
-1.30625e-05
-5.07267e-06
-0.000113429
-2.28211e-05
-2.82923e-05
-0.000240047
-0.000101186
0.000912632
-0.000155817
-0.00105801
-0.000171979
-0.000360212
-9.73625e-05
-0.000187941
-2.40511e-05
-1.85806e-05
2.10591e-05
-3.6704e-05
-1.23984e-05
-8.13894e-06
-2.01841e-06
4.2591e-07
-0.00344284
0.025577
-0.0258971
-0.00318333
-0.00323601
0.025254
-0.00360363
0.0275796
-0.00364703
0.0295373
-0.00329553
0.0308029
-0.00260799
0.0310512
-0.00174823
0.0299898
-0.000924715
0.0274632
-0.000330055
0.0235668
-8.43824e-05
0.018755
-0.00017334
0.01368
-0.000431786
0.00906428
-0.000503042
0.0055758
3.94354e-05
0.00342112
0.00106501
0.00204289
0.00191372
0.000833533
0.00215296
-0.000331052
0.0017544
-0.00131263
-1.7622e-06
-7.06023e-06
-4.84232e-05
-1.18321e-05
-6.62378e-05
-1.12347e-05
-0.000252264
-1.71694e-05
-2.14829e-05
-0.000439613
-7.75026e-05
0.000971683
-0.000121843
-0.00183344
-7.75112e-05
-0.000550645
-6.0803e-05
-0.000320129
-1.73201e-05
-1.35431e-05
7.72382e-05
-9.36159e-05
-8.70025e-06
-8.12335e-06
1.27956e-05
-2.35026e-05
-2.4353e-06
-2.67354e-06
-0.00315102
0.0227646
-0.0232517
-0.00269841
-0.00272899
0.0222561
-0.00330955
0.0249591
-0.00362848
0.0275608
-0.00352558
0.029767
-0.00296734
0.0311622
-0.00207868
0.0313816
-0.00107119
0.0301356
-0.000174508
0.0273073
0.000393302
0.0230876
0.000551861
0.0180286
0.000381973
0.0128644
0.000159464
0.00839929
0.000362731
0.00524981
0.00121438
0.00326895
0.00222066
0.00173388
0.00276213
0.000224076
0.00264232
-0.00121355
0.00200694
-0.00234015
-3.32395e-05
-2.76542e-06
-4.33482e-05
-1.88102e-06
-0.00010387
-7.74621e-06
-0.000118717
-7.50449e-06
-0.000373347
-1.19179e-05
-1.32774e-05
-0.000635134
-3.69732e-05
0.00124336
-0.000317061
-0.00275584
-0.000673451
-3.86812e-05
-0.000422564
-7.05963e-06
-5.31813e-06
0.000127602
-0.000140469
-5.36196e-06
-5.17472e-06
5.04359e-05
-5.89477e-05
-1.29021e-06
-1.49515e-06
2.67354e-06
-5.30168e-06
-0.00270451
0.01958
-0.0201827
-0.00209763
-0.00208701
0.0189372
-0.00280504
0.0217509
-0.00339597
0.0247259
-0.00361388
0.0276489
-0.00330364
0.030103
-0.00250301
0.0315866
-0.00140211
0.0317125
-0.000247331
0.0302077
0.000682909
0.0270173
0.00118391
0.0224541
0.00124127
0.017168
0.0010272
0.0119948
0.00095388
0.00780566
0.00147634
0.00498573
0.00245435
0.00303345
0.00324057
0.00125354
0.00341992
-0.00055839
0.00302063
-0.00223117
0.00233302
-0.00342807
-8.24309e-06
-1.03125e-05
-6.58234e-05
-1.70768e-06
-7.31894e-05
-9.39506e-07
-0.000148246
-4.78656e-06
-0.000158506
-3.38762e-06
-0.000466368
-2.78178e-06
9.45374e-06
0.000530843
-4.25668e-05
-0.00145468
-2.25081e-05
0.00163368
-0.000685879
-0.00369887
2.50274e-05
0.000163275
-0.000169576
-7.37138e-07
-8.49096e-07
7.80344e-05
-8.40392e-05
-4.15639e-07
-7.813e-07
1.18076e-05
-1.35042e-05
-0.00215331
0.0162767
-0.0169227
-0.00145326
-0.00138698
0.0155756
-0.00213934
0.018271
-0.00293102
0.0212854
-0.00348515
0.0245966
-0.00352876
0.0278741
-0.00295528
0.0305551
-0.00188275
0.0320672
-0.00055785
0.0320231
0.000712028
0.0301778
0.00161457
0.0265861
0.00201085
0.0216832
0.00197074
0.0162229
0.00178285
0.011164
0.00194614
0.00733372
0.00269646
0.00474223
0.00358418
0.00268933
0.00404165
0.000635862
0.00390829
-0.00144001
0.00335953
-0.00325488
0.00266038
-0.0044536
-1.54257e-05
-1.65635e-05
-8.84677e-05
-9.06081e-07
-9.26912e-05
2.82679e-07
-0.000170217
-2.84402e-06
-0.000157067
-4.06647e-06
-0.000267178
0.00023086
-5.29449e-06
-1.3758e-06
-9.30877e-05
-0.00200047
-4.39374e-05
-0.000288666
-2.98712e-06
1.74669e-06
0.00191401
-0.000943178
-0.00466667
0.000101238
-2.19686e-06
-7.49536e-07
9.41309e-05
-9.58902e-05
1.94646e-07
2.9281e-07
1.73448e-05
-1.81326e-05
-0.00156344
0.0130688
-0.0136849
-0.0008385
-0.000709919
0.0123916
-0.0013922
0.0148283
-0.00227065
0.0176105
-0.00310456
0.0209044
-0.00355323
0.0246203
-0.00334343
0.0282624
-0.00245324
0.0311256
-0.00108424
0.0325936
0.000451856
0.0322835
0.00176122
0.0300303
0.00257736
0.026019
0.00284595
0.0208067
0.00273447
0.0152696
0.00265233
0.010456
0.00305219
0.00697613
0.00385277
0.00447282
0.00449106
0.00223861
0.00461491
-7.18584e-05
0.00424891
-0.00232955
0.00361217
-0.00420644
0.00286375
-0.00540323
-1.92037e-05
-1.90553e-05
-9.71976e-05
-1.90355e-06
-1.9082e-07
-2.9595e-05
2.41232e-05
-3.08749e-05
-0.000371181
-8.06993e-06
-1.48211e-06
-0.000120324
-0.00275804
-6.20068e-05
-0.000410427
-5.89166e-06
1.68124e-06
-3.3803e-05
-3.22714e-05
0.00209715
-0.00119251
-0.0055709
-2.33737e-05
2.09844e-05
1.87625e-05
-1.88172e-05
-0.00100381
0.0101059
-0.0106345
-0.000311026
-0.000123342
0.00951957
-0.000652837
0.0116531
-0.00149587
0.014053
-0.00249357
0.0169984
-0.00331439
0.0206651
-0.00356484
0.0248412
-0.00302277
0.0288324
-0.00177028
0.031812
-9.13876e-05
0.0331368
0.00158284
0.032462
0.00284782
0.029759
0.0035225
0.0253417
0.00365589
0.0198841
0.00352457
0.014396
0.00359804
0.00990971
0.00413964
0.0066888
0.00481399
0.00415002
0.0051385
0.00171493
0.00498148
-0.000803869
0.00444705
-0.00316432
0.00371976
-0.00506431
0.00292794
-0.00623743
-2.07936e-05
-4.03301e-05
-4.15935e-05
-0.000516904
-1.03516e-05
-1.73448e-06
-0.000163526
-0.00362018
-0.000166183
-0.000573141
-7.06985e-06
1.67321e-06
-4.73133e-05
-4.58278e-05
0.00214421
-0.00139183
-0.00632669
-0.000525039
0.00747198
-0.00788046
9.66595e-05
0.00033169
0.00701771
-1.44011e-06
0.00886832
-0.000706533
0.0108636
-0.00173337
0.0132919
-0.00281947
0.0165025
-0.00353387
0.0206341
-0.00347736
0.0252957
-0.00252707
0.0295897
-0.000873599
0.0325948
0.00107137
0.0336482
0.0027746
0.0325354
0.0039085
0.0293721
0.00440681
0.0245897
0.00442145
0.0189858
0.0043205
0.0136715
0.00453386
0.00951413
0.00507613
0.00642674
0.00551354
0.00377705
0.00553654
0.00116008
0.00515645
-0.00151601
0.00447788
-0.00392749
0.00367125
-0.00581209
0.00283836
-0.00693461
-5.61003e-05
-5.75219e-05
-0.000720794
-1.14481e-05
-3.22544e-06
-0.000378327
-0.00434573
-0.000287952
-0.000853285
-1.39985e-05
-2.01855e-05
-6.43496e-05
-6.29722e-05
0.00197379
-0.00125141
-0.00705251
-0.000154059
0.0052179
-0.00548797
0.0003666
0.000625363
0.00492486
0.000504843
0.00651281
1.96663e-06
0.00816017
-0.000934977
0.0100647
-0.00215141
0.0126225
-0.00324506
0.0162124
-0.00371824
0.0208753
-0.00323844
0.0260074
-0.00181442
0.0305312
0.000246931
0.0334199
0.00233796
0.0340847
0.00395224
0.0324916
0.00488583
0.0288923
0.00519068
0.0238198
0.00511704
0.0181893
0.00507654
0.0131283
0.00535726
0.00923029
0.00577469
0.00616133
0.00594185
0.00336955
0.00570387
0.000608832
0.00513728
-0.00217992
0.00433798
-0.0045981
0.00346912
-0.00644718
0.00258673
-0.00755194
-7.43587e-05
-7.73609e-05
-0.00106996
-7.62137e-05
-8.50441e-05
-0.000306508
-0.00517062
-0.000120905
-0.00120303
-0.000109772
-4.51972e-05
-9.11851e-05
-0.000111849
0.00167121
-0.000997337
-0.00773062
9.85534e-05
0.00337679
-0.00350097
0.000490094
0.000747604
0.00325622
0.000829126
0.004602
0.000555455
0.00595951
-0.000204934
0.00742826
-0.00142796
0.00933932
-0.00277631
0.0121529
-0.00372373
0.0162174
-0.00379428
0.0214319
-0.00279109
0.0269848
-0.000841062
0.0316199
0.0015403
0.0342182
0.00362567
0.034411
0.00503734
0.0323398
0.00572533
0.0283565
0.00584299
0.0230922
0.00571593
0.0175499
0.00572652
0.0127639
0.0059857
0.00902585
0.00620592
0.00589633
0.0061135
0.00295653
0.00566355
7.78419e-05
0.00493179
-0.00278083
0.0040402
-0.00517594
0.00312414
-0.00698925
0.00221688
-0.00810031
-0.000188226
-0.000222792
-5.01104e-05
-0.00143314
-5.58982e-05
-2.02406e-05
-0.000197348
-0.00590225
-6.9526e-05
-0.00152209
-2.83193e-05
-4.62991e-06
-0.000299746
-3.21693e-05
-0.000330147
-1.48035e-05
0.00134343
-0.000791722
-0.0082852
0.000232291
0.00194082
-0.00192861
0.000479432
0.000706531
0.00198358
0.000956314
0.00313001
0.000909426
0.00424746
0.000376175
0.0053771
-0.000749303
0.00674777
-0.00224028
0.00880168
-0.00356021
0.0119889
-0.00415543
0.0165786
-0.00367713
0.022319
-0.00207304
0.0282178
0.000390586
0.0327701
0.00291313
0.0349314
0.00483557
0.0346125
0.00596596
0.0320991
0.00638662
0.0278134
0.00634055
0.0224673
0.0061789
0.0170921
0.0061958
0.0125454
0.00635556
0.00887364
0.0063662
0.00564129
0.00605038
0.00256401
0.00541872
-0.000415964
0.00455971
-0.00330555
0.00360667
-0.00566169
0.00267001
-0.0074456
0.00179128
-0.00855111
-5.00074e-05
-0.000374379
-1.22899e-05
-0.000389231
-5.32497e-06
-0.00168171
-2.89111e-05
-8.78764e-06
-0.00014912
-0.0064952
-5.07204e-05
-0.00173167
-1.95691e-05
-1.00238e-06
-0.000412085
-5.2278e-06
-0.000415149
-1.84246e-06
-8.20756e-05
-9.7029e-05
0.00102468
-0.000606783
-0.0087056
0.000255978
0.000877889
-0.00076283
0.000363834
0.000535956
0.00104978
0.00089517
0.00204552
0.00104994
0.00298914
0.000760324
0.00386142
-0.000179357
0.00480467
-0.00170631
0.00621155
-0.00330597
0.00854617
-0.00435324
0.0121869
-0.00440685
0.0173088
-0.00328601
0.0235334
-0.00103565
0.0296453
0.0018036
0.0338801
0.00425836
0.035509
0.00588534
0.0346925
0.00668348
0.0318013
0.00684275
0.0273116
0.00666292
0.0219895
0.00647306
0.0168242
0.00644729
0.0124553
0.00645891
0.00877826
0.00626517
0.00542256
0.00575754
0.00222051
0.00498704
-0.000847894
0.00404304
-0.00374713
0.0030631
-0.00605916
0.0021494
-0.00780636
0.00135012
-0.00887751
-0.000109439
-0.000114674
-0.000438604
-6.22379e-06
-0.000444329
-3.0796e-06
-0.00185142
-2.25004e-05
-6.74474e-06
-0.000114496
-0.00695261
-3.56404e-05
-0.00188726
-1.52256e-05
-6.69644e-07
-0.000460094
-3.62643e-06
-0.000460052
-1.30749e-06
-0.000119853
-0.000121905
0.000708755
-0.000430093
-0.00898504
0.000202603
0.000158603
3.50828e-06
0.000205219
0.000301062
0.000394014
0.00068096
0.00126416
0.000985928
0.00210828
0.000934412
0.00281195
0.000247976
0.00343047
-0.00119516
0.00429127
-0.00298166
0.00588568
-0.00441709
0.00860929
-0.00496366
0.012745
-0.00436389
0.0183882
-0.00255404
0.0250532
0.000308968
0.0311411
0.00327141
0.0348674
0.00546384
0.0359312
0.00670968
0.0346674
0.00716146
0.0314829
0.00707921
0.0268903
0.00678118
0.0216735
0.00654761
0.0167218
0.00644177
0.0124707
0.00629275
0.00874696
0.00591993
0.00525625
0.00526056
0.00194167
0.00439081
-0.00120053
0.00340578
-0.00409228
0.00244556
-0.00635576
0.00159591
-0.00805278
0.000909539
-0.00907887
-0.000128282
-0.000131293
-0.000478199
-5.03419e-06
-0.000482789
-2.13124e-06
-0.00198055
-1.67049e-05
-4.41874e-06
-8.09134e-05
-0.00727986
-2.22784e-05
-0.00200485
-1.22654e-05
1.40227e-07
-0.000494542
-3.30486e-06
-0.000494319
-1.16006e-06
-0.000134877
-0.000136377
0.000414754
-0.000260631
-0.00913952
0.000113509
-0.000193632
0.000331648
3.17421e-05
3.77854e-05
1.40723e-05
3.66241e-05
5.83097e-05
0.000382921
0.000690667
0.000754232
0.0014934
0.000907974
0.00213064
0.000513704
0.00254224
-0.000710379
0.00294289
-0.00255886
0.003867
-0.00431817
0.00578661
-0.0053224
0.00896869
-0.00524114
0.0136236
-0.00395495
0.0197904
-0.00143576
0.0267991
0.00184892
0.0325647
0.00465872
0.0356726
0.00644107
0.0361995
0.00726406
0.0345662
0.00738426
0.0311863
0.00709716
0.0265851
0.0066974
0.0215254
0.00639425
0.0167673
0.00617592
0.0125854
0.00587192
0.0087914
0.00534854
0.00516496
0.00458516
0.00174407
0.00366148
-0.00145828
0.00267987
-0.00432816
0.00177732
-0.00653786
0.00103354
-0.0081767
0.000486745
-0.00915032
-0.000141546
-0.000143609
-0.000508212
-3.45886e-06
-0.000510943
-1.67439e-06
-0.00207043
-1.19057e-05
-3.13096e-06
-4.75376e-05
-0.00748443
-8.66292e-06
-0.00208545
-7.8643e-06
-4.87713e-09
-0.000520173
-2.87408e-06
-0.00051935
-8.73966e-07
-0.000146876
-0.000148221
0.000147637
-0.000112646
-0.00917427
2.45436e-05
1.82887e-05
7.40459e-05
-4.85288e-05
2.8201e-06
4.63427e-06
0.000101234
5.65128e-06
5.61519e-06
0.000284278
3.78243e-05
7.46512e-05
5.85137e-06
2.16234e-05
2.73948e-06
6.78336e-06
6.56112e-06
8.90649e-06
0.000424544
0.00101661
0.000710648
0.00168589
0.000601963
0.00203713
-0.000276957
0.00210566
-0.00201214
0.00239477
-0.00400357
0.00355187
-0.00542978
0.00589403
-0.00585049
0.00957908
-0.00511541
0.0147866
-0.00313974
0.0214966
3.96532e-05
0.0286093
0.00341492
0.0338095
0.00584044
0.0362745
0.007134
0.0363305
0.00753272
0.0344133
0.00734822
0.0309288
0.00688386
0.0263988
0.00639255
0.0215277
0.00600479
0.0169365
0.00566265
0.0127922
0.00521808
0.00891864
0.00458069
0.00516645
0.00375496
0.00164705
0.00281898
-0.00159899
0.00188639
-0.00443599
0.00108266
-0.00658465
0.000478994
-0.00816761
9.38227e-05
-0.00909609
-0.000151808
-0.000153422
-0.00052951
-2.23009e-06
-0.000530981
-1.55545e-06
-0.00212563
-6.0421e-06
-9.81713e-07
-1.23053e-05
-0.00758934
4.53961e-06
-0.00213192
-4.74654e-06
2.0142e-06
-0.000536556
-2.0909e-06
-0.000536004
-6.96719e-07
-0.000156253
-0.00015727
-7.88783e-05
-5.40457e-07
-0.00909493
0.000122645
2.61428e-06
2.36312e-06
4.41425e-06
9.67688e-06
-6.45811e-06
2.10556e-07
1.3729e-05
8.55448e-07
1.78562e-05
1.52605e-06
2.23305e-05
1.73635e-06
0.000590111
3.54774e-05
8.12763e-05
-7.72459e-05
0.000104322
2.156e-06
8.27091e-06
6.80071e-06
1.1503e-05
-1.03153e-05
1.29081e-05
2.38844e-07
-4.78164e-06
1.30274e-06
-1.23715e-07
1.80809e-06
2.37616e-06
0.000403825
0.0013172
0.000518777
0.00176315
3.99595e-05
0.00171597
-0.001367
0.00145899
-0.00343029
0.00182117
-0.00523633
0.00335959
-0.00612908
0.00617571
-0.00594117
0.0104076
-0.00456616
0.0162147
-0.00189503
0.0234323
0.00171859
0.0303058
0.00484007
0.0348102
0.00673212
0.0366785
0.0075188
0.0363527
0.00752742
0.0342452
0.00708043
0.0307368
0.00646047
0.0263316
0.00587394
0.0216578
0.00538894
0.017208
0.00492493
0.0130831
0.00436175
0.00913473
0.00364425
0.00527484
0.00279807
0.00166651
0.00188881
-0.00160017
0.00104834
-0.00439954
0.000386094
-0.00649028
-4.73637e-05
-0.00802552
-0.000255627
-0.0089188
-0.000159588
-0.00016107
-0.00054144
-9.96745e-07
-0.000541895
-3.89292e-07
-0.00214426
-1.59688e-06
2.04383e-06
2.09129e-05
-0.00762199
1.09493e-05
-0.00214251
-5.72951e-07
3.12982e-06
-0.000544922
-1.49356e-06
-0.000542641
-3.14776e-07
-0.000163112
-0.000163925
-0.00025556
4.61488e-05
-0.00888535
2.57009e-05
1.83089e-07
2.82026e-05
4.22441e-07
1.26163e-06
3.48101e-06
-3.15855e-06
4.32435e-06
5.91717e-06
7.8415e-06
0.000884648
2.93993e-05
7.6209e-05
-0.000166285
0.000190868
1.51674e-06
8.49627e-06
6.05022e-06
1.24925e-05
-3.24004e-05
3.42069e-05
2.68025e-07
-2.59719e-05
1.65242e-06
-2.14576e-05
1.87713e-06
2.79041e-06
-2.31611e-06
2.5392e-06
-1.04159e-06
7.82392e-07
0.000308479
0.00151985
0.000179714
0.00161875
-0.00074364
0.00109106
-0.00262011
0.000649919
-0.00470316
0.00129044
-0.00604898
0.00328198
-0.00637246
0.00660935
-0.00560212
0.0114459
-0.00359059
0.0179125
-0.000273135
0.0254257
0.00338895
0.0317584
0.00599494
0.0355486
0.00728978
0.0369047
0.00758952
0.0362868
0.00725637
0.0340709
0.00659148
0.0306076
0.00584032
0.0263651
0.00515947
0.0218863
0.00457249
0.0175584
0.00399555
0.0134472
0.00333567
0.00944085
0.00256449
0.00550668
0.00173005
0.00182423
0.000899019
-0.00144939
0.000185839
-0.00419636
-0.00027942
-0.00625607
-0.000519796
-0.0077603
-0.000555257
-0.0086186
-0.000164985
-0.000165296
-0.000544798
3.2714e-07
-0.000542823
2.71107e-07
-0.00212994
4.00143e-06
4.58167e-06
2.50089e-05
-0.00755776
-4.30003e-05
-0.00212678
3.97976e-06
3.66066e-06
-0.000542504
-6.54561e-07
-0.000539399
3.56504e-09
-0.000166727
-0.000167114
-0.000395399
1.58277e-05
-0.00850502
8.16606e-06
8.63457e-06
0.00111051
1.7175e-05
6.09395e-05
-0.000249541
0.000268686
9.47255e-07
7.61828e-06
4.7587e-06
1.16764e-05
-5.40526e-05
5.50316e-05
2.90101e-07
-4.75333e-05
1.76475e-06
-4.36382e-05
1.7241e-06
2.86611e-06
-8.71716e-06
8.91436e-06
-7.15499e-06
-5.32961e-06
0.000145994
0.00154646
-0.000288396
0.00116162
-0.00169659
0.000168834
-0.00383734
-0.000213718
-0.00559696
0.00084166
-0.00640111
0.00331556
-0.00618658
0.00719903
-0.00485256
0.0127108
-0.00219172
0.0198317
0.00154111
0.0272741
0.00485034
0.0329057
0.00680365
0.036043
0.00751741
0.0369867
0.00738405
0.0361634
0.00676018
0.0339041
0.00591479
0.0305342
0.0050507
0.0264732
0.00427764
0.0221801
0.00359093
0.0179611
0.00291219
0.0138689
0.00217042
0.00983309
0.0013661
0.00586984
0.000568631
0.00215523
-0.0001247
-0.0011364
-0.000626357
-0.00384704
-0.000879158
-0.00589542
-0.000932464
-0.00738235
-0.000814128
-0.00819894
-0.000166812
-0.000166455
-0.000537327
1.74303e-06
-0.00053378
1.17909e-06
-0.00211304
8.3064e-06
3.04096e-06
-8.78279e-05
-0.00725663
-0.000197199
-0.00214556
1.97748e-06
-1.23359e-05
-0.000530155
5.31291e-07
-0.000527017
5.26814e-07
-0.000167049
-0.000167101
-0.000555006
0.000120485
-0.00806828
0.00121666
-4.03588e-06
3.99143e-05
-0.000315599
0.000324668
-1.95263e-07
5.89992e-06
2.98446e-06
9.44947e-06
-7.22398e-05
7.23591e-05
2.89338e-07
-6.6633e-05
1.63008e-06
-6.38771e-05
1.38098e-06
2.53033e-06
-1.51126e-05
1.52897e-05
-1.3441e-05
-1.17805e-05
-6.85424e-05
0.00132177
-0.000868171
0.000333717
-0.00271028
-0.000955176
-0.00475779
-0.00104814
-0.00605234
0.000499395
-0.00633038
0.00346453
-0.005617
0.00796631
-0.00370848
0.0142293
-0.000441047
0.0218149
0.00329052
0.0288351
0.00597085
0.0337378
0.00723802
0.0363216
0.00742544
0.0369486
0.00693202
0.0359949
0.00607376
0.0337465
0.00508369
0.0305016
0.00412301
0.0266271
0.00326387
0.0225061
0.00248282
0.0183889
0.00170902
0.014329
0.000894596
0.0103037
8.69357e-05
0.00635157
-0.000602198
0.00263347
-0.00108035
-0.000680718
-0.00134397
-0.00338058
-0.00139012
-0.00543677
-0.00127752
-0.00691792
-0.00103248
-0.00771983
-0.000165378
-0.000164135
-0.000521447
2.63556e-06
-0.000519414
1.10502e-06
-0.00215357
-1.87616e-05
-6.11483e-05
-0.000154996
-0.00692386
-5.57743e-05
-0.00213832
-9.28885e-05
-0.000119215
-0.000516993
-3.21487e-07
-0.000525839
-3.44542e-06
-0.000163555
-0.000163057
-0.000718758
0.000313836
-0.00765945
0.00116447
-3.51525e-05
1.6327e-05
-0.000355477
0.000348011
-2.72305e-06
3.65655e-06
4.59609e-07
6.62114e-06
-8.46583e-05
8.35096e-05
1.33034e-07
-8.06569e-05
1.28374e-06
-7.94617e-05
8.72718e-07
1.88526e-06
-2.05958e-05
2.0682e-05
-1.91003e-05
-1.782e-05
-0.000332677
0.000784314
-0.00153949
-0.000834222
-0.00356927
-0.00213894
-0.00529412
-0.00180141
-0.00610179
0.000276865
-0.00589335
0.00374668
-0.00469572
0.00895705
-0.00218479
0.0159753
0.00145718
0.0236516
0.00475869
0.0300536
0.00669443
0.0342892
0.00732782
0.0364247
0.00706555
0.0368186
0.00627996
0.0357909
0.00523925
0.0335917
0.00413662
0.030488
0.00309642
0.0267937
0.00215581
0.0228322
0.001283
0.0188138
0.000419192
0.0148039
-0.000413914
0.0108045
-0.00114072
0.00689061
-0.00165603
0.00321005
-0.00191073
-0.000112651
-0.00193903
-0.00283029
-0.00180836
-0.00490469
-0.00155215
-0.0063967
-0.00120767
-0.00722832
-0.000160428
-0.000159279
-0.000535407
-9.23346e-06
-0.000563565
-3.29572e-05
-0.00211853
-0.000109109
-6.54958e-05
1.84128e-05
-0.00668105
5.50372e-05
-0.00212296
-4.02729e-05
-9.95224e-06
-0.00058146
-7.49132e-05
-0.000605727
-9.47929e-05
-0.000159564
-0.000163019
-0.000839481
0.000427122
-0.00724159
0.000918561
-7.65856e-05
-1.09809e-05
-0.000362014
0.000330851
-6.84666e-06
9.03713e-07
-3.24725e-06
3.65456e-06
-8.96026e-05
8.63439e-05
-2.77478e-07
-8.7536e-05
7.97947e-07
-8.84328e-05
1.75597e-07
1.09517e-06
-2.43639e-05
2.41979e-05
-2.32813e-05
-2.25673e-05
-0.00064445
-0.000110182
-0.00219896
-0.00220121
-0.00415146
-0.00327636
-0.00545559
-0.00244148
-0.005795
0.000184977
-0.00514459
0.0041989
-0.00344175
0.0102148
-0.000369595
0.0178036
0.00321652
0.0251961
0.00581872
0.0309325
0.00702036
0.0346013
0.00710843
0.0363859
0.00648761
0.0366136
0.00547818
0.0355532
0.00430187
0.0334267
0.00311734
0.030467
0.00200937
0.0269396
0.000990089
0.0231247
3.16586e-05
0.0192011
-0.000854038
0.0152443
-0.00162954
0.0112938
-0.00220977
0.00744498
-0.00252756
0.0038277
-0.00257924
0.000528527
-0.00240674
-0.00223101
-0.00212861
-0.00432708
-0.00175233
-0.0058497
-0.00133445
-0.0067299
-0.000172253
-0.000205177
-0.000624568
-9.00299e-05
-0.000643522
-4.63688e-05
-0.00211452
9.19996e-07
9.69214e-06
7.93545e-05
-0.00640004
6.98191e-05
-0.00208094
1.05397e-05
1.25787e-05
-0.000660478
-2.29829e-05
-0.000662386
-7.70396e-06
-0.00028002
-0.000303775
-7.08594e-05
-0.000895905
0.000465608
-0.00680575
0.000446748
-0.000125807
-4.61655e-05
-0.00032643
0.000263907
-1.23851e-05
-2.6281e-06
-8.29477e-06
3.8051e-07
-8.55133e-05
7.90491e-05
-9.39483e-07
-8.55499e-05
1.99001e-07
-8.91705e-05
-7.5198e-07
2.64007e-07
-2.57897e-05
2.51953e-05
-2.52562e-05
-2.52931e-05
-0.000981963
-0.00132468
-0.00272828
-0.00362062
-0.00442552
-0.00430115
-0.00528312
-0.00294887
-0.00518892
0.000233508
-0.00412454
0.00488626
-0.00187695
0.0117267
0.00151792
0.0195062
0.00461926
0.0264002
0.00644212
0.0315159
0.00699458
0.0347195
0.0066415
0.0362349
0.00574666
0.0363469
0.00457117
0.0352849
0.00330246
0.0332419
0.00206124
0.0304152
0.000894861
0.0270347
-0.000190307
0.0233467
-0.00116788
0.0195151
-0.00200863
0.0156239
-0.00266317
0.0117477
-0.00307008
0.00798797
-0.00320198
0.00445087
-0.00307871
0.00120121
-0.00275494
-0.00160262
-0.00234933
-0.00372703
-0.00188781
-0.0052933
-0.00140562
-0.00621762
-0.000355398
-3.81993e-05
-0.000384617
-1.68272e-05
-0.000662754
1.8658e-06
-0.000656726
3.98938e-06
-0.00203328
1.74059e-05
1.49937e-05
8.82395e-05
-0.00608038
6.09021e-05
-0.00198982
1.5426e-05
1.2796e-05
-0.000649789
4.26943e-06
-0.000641835
5.12554e-06
-0.000401326
-6.05357e-06
-0.000406835
-1.73744e-06
-7.08279e-05
-0.000915101
0.000454579
-0.00634188
-0.000269705
-0.00017221
-9.19991e-05
-0.000235822
0.000136319
-1.8693e-05
-7.33632e-06
-1.45209e-05
-3.92419e-06
-6.99945e-05
5.93081e-05
-1.78903e-06
-7.25656e-05
-5.47751e-07
-7.97059e-05
-1.94318e-06
-6.5617e-07
-2.44441e-05
2.32633e-05
-2.45037e-05
-2.54594e-05
-0.00130763
-0.0027419
-0.00306334
-0.00498032
-0.00440521
-0.00517584
-0.00483199
-0.00330344
-0.00433475
0.000444883
-0.00285397
0.0058659
-0.000100018
0.0133513
0.00318502
0.020948
0.00557001
0.0272779
0.00666226
0.0318526
0.00668137
0.0346833
0.00598861
0.0359953
0.00489241
0.036027
0.0036076
0.0349804
0.00228511
0.0330182
0.00100448
0.0303058
-0.000209088
0.0270537
-0.00130279
0.0234821
-0.0022374
0.0197444
-0.00297862
0.0159398
-0.00348369
0.0121616
-0.0037202
0.00850657
-0.00368748
0.0050605
-0.0034265
0.00187443
-0.00299424
-0.000955244
-0.00248883
-0.00312382
-0.0019656
-0.00473201
-0.00143688
-0.00569184
-0.000108944
-0.000125697
-0.000405887
1.32338e-06
-0.000402229
9.69644e-07
-0.000632255
8.70213e-06
-0.000624091
7.03198e-06
-0.00193163
1.78522e-05
1.2808e-05
7.39635e-05
-0.00573022
3.27898e-05
-0.00188908
1.26357e-05
7.60418e-06
-0.000613679
5.66118e-06
-0.000606178
5.55797e-06
-0.000398628
1.04017e-06
-0.000393982
1.28551e-06
-0.000131629
-0.000133233
-0.000910669
0.000439023
-0.00585466
-0.00122307
-0.000206857
-0.000146438
-7.5805e-05
-5.79516e-05
-2.40604e-05
-1.32017e-05
-2.09732e-05
-9.76226e-06
-3.98916e-05
2.44615e-05
-2.76366e-06
-4.57542e-05
-1.50369e-06
-5.70942e-05
-3.36258e-06
-1.77865e-06
-1.97897e-05
1.79199e-05
-2.05235e-05
-2.26072e-05
-0.00156903
-0.00423278
-0.0031809
-0.00620392
-0.0041295
-0.00587701
-0.00416007
-0.0034755
-0.00327323
0.000868552
-0.00137073
0.00713849
0.00165995
0.0148784
0.00443562
0.0220876
0.00607039
0.0278748
0.00654272
0.0319949
0.00614879
0.0345257
0.00520962
0.0356794
0.0039769
0.0356586
0.00262973
0.0346366
0.0012807
0.0327425
-2.63293e-05
0.0301236
-0.00123559
0.0269869
-0.0022849
0.0235302
-0.00313063
0.0198968
-0.00374204
0.0161985
-0.0040917
0.0125334
-0.00417336
0.0089928
-0.00401004
0.00564488
-0.00364674
0.00252883
-0.00314288
-0.000297981
-0.00256383
-0.00252381
-0.00200328
-0.00416291
-0.00144337
-0.00515006
-0.000131711
-0.0001306
-0.000387246
2.45222e-06
-0.000381039
1.54635e-06
-0.000595612
8.06909e-06
-0.000588868
6.07621e-06
-0.00183243
1.25918e-05
5.46824e-06
4.60333e-05
-0.00533837
9.64817e-06
-0.00179636
2.87158e-06
-4.56685e-06
-0.000580086
4.46342e-06
-0.000575237
2.99451e-06
-0.000376604
1.30841e-06
-0.000371587
1.14025e-06
-0.000129329
-0.00012785
-0.000922066
0.000464668
-0.00537747
-0.00236266
-0.000227559
-0.000202171
0.000159072
-0.000316859
-2.7356e-05
-1.98198e-05
-2.63996e-05
-1.71991e-05
7.64134e-06
-2.70967e-05
-3.67801e-06
-2.47815e-06
-2.65207e-06
-1.81324e-05
-4.80871e-06
-3.14817e-06
-1.1206e-05
8.58061e-06
-1.27528e-05
-1.61412e-05
-0.00172795
-0.00568336
-0.00308921
-0.00724592
-0.00365109
-0.00638756
-0.0033178
-0.00342738
-0.00203738
0.00155334
0.000261595
0.00855367
0.00312678
0.0161951
0.00522068
0.022942
0.00618117
0.02824
0.00616456
0.0319815
0.00546341
0.0342739
0.00435515
0.0353028
0.00304452
0.0352448
0.00167323
0.0342447
0.000316043
0.0324007
-0.000981827
0.0298705
-0.00214103
0.0268437
-0.00310332
0.0235034
-0.00383206
0.0199871
-0.00430551
0.0164125
-0.00451179
0.0128721
-0.00446404
0.00944762
-0.00419587
0.00619605
-0.00376189
0.00315046
-0.00321243
0.00035173
-0.00259417
-0.00192905
-0.00200805
-0.00358309
-0.00143724
-0.004609
-0.000125149
-0.000123528
-0.000365609
2.27559e-06
-0.000360228
1.24083e-06
-0.000566242
4.53532e-06
-0.000562122
1.41907e-06
-0.0017415
-2.80594e-06
-5.34044e-06
5.94188e-05
-0.00496621
4.17826e-05
-0.00170249
-2.75276e-05
-0.000556092
-2.40977e-06
-0.00055506
-5.30899e-06
-0.000356606
7.55356e-07
-0.000353565
6.10195e-07
-0.000122069
-0.000120844
-0.000935941
0.00050023
-0.00490552
-0.00360859
-0.000232559
-0.000251362
0.000460362
-0.000631175
-2.8185e-05
-2.65993e-05
-3.03173e-05
-2.57269e-05
7.31393e-05
-9.47313e-05
-4.38424e-06
5.81279e-05
-3.93371e-06
3.8931e-05
-6.06282e-06
-4.78579e-06
1.79267e-06
-5.1399e-06
-7.34168e-07
-5.43244e-06
-0.00176449
-0.00700685
-0.0028187
-0.00808032
-0.00302119
-0.0066849
-0.00233951
-0.00312495
-0.000711089
0.0025296
0.00177113
0.00991652
0.00415379
0.0172677
0.0055779
0.0235488
0.00598653
0.0284211
0.00559994
0.0318473
0.00468727
0.0339434
0.00347394
0.0348743
0.00212854
0.0347903
0.000761493
0.0338002
-0.000579613
0.0319992
-0.001825
0.0295551
-0.00289797
0.0266388
-0.00374776
0.0234194
-0.00434632
0.0200281
-0.00468363
0.0165845
-0.00476522
0.013174
-0.00461585
0.00986894
-0.00427728
0.00671296
-0.00379503
0.00373389
-0.00322075
0.000982643
-0.00258964
-0.00133147
-0.00199204
-0.00300394
-0.00143802
-0.00408689
-0.000118399
-0.000117158
-0.000349723
9.15162e-07
-0.000347475
-1.71769e-07
-0.00054892
-8.3527e-06
-0.00053133
-2.25123e-05
-0.00164323
3.29553e-06
8.98412e-05
-0.00459874
6.22741e-05
-0.00161195
1.31473e-05
0.00038765
-0.000945622
-1.31939e-06
2.19948e-06
-0.000348847
-1.0719e-06
-0.000352297
-1.41723e-06
-0.00011626
-0.00011556
-0.00097265
0.000540535
-0.00445305
-0.00486968
-0.000221198
-0.000285231
0.000813343
-0.000985091
-2.65795e-05
-3.25892e-05
-3.20579e-05
-3.41734e-05
0.000154529
-0.000176394
-4.86219e-06
0.000134458
-5.2844e-06
0.000112962
-7.04983e-06
-6.61962e-06
1.93999e-05
-2.32533e-05
1.57576e-05
9.92569e-06
-0.00167868
-0.00814621
-0.00241475
-0.00868691
-0.00228268
-0.00673399
-0.00126315
-0.00255383
0.000607878
0.00370572
0.00294729
0.011129
0.00474458
0.0181051
0.00558698
0.023951
0.00556967
0.0284533
0.00491931
0.0316166
0.00386605
0.0335527
0.00260105
0.0344033
0.00125963
0.0342932
-8.2585e-05
0.033304
-0.00137515
0.03155
-0.00253421
0.0291919
-0.00349729
0.0263886
-0.0042234
0.0232966
-0.00469396
0.0200385
-0.00490989
0.0167296
-0.00488924
0.0134483
-0.00466496
0.010258
-0.00427403
0.00719294
-0.00376952
0.00428578
-0.00318795
0.00159592
-0.0025643
-0.000729886
-0.00197122
-0.00244601
-0.00145686
-0.00358644
-0.000114442
-0.000114602
-0.000360772
4.16015e-07
4.51613e-06
-0.000941807
2.37428e-06
-1.29099e-06
-0.00154531
2.80506e-05
0.000103523
-0.00423061
7.63028e-05
-0.00150307
2.65e-05
-0.000927076
-1.3115e-06
2.38054e-06
0.000109578
-0.000110688
0.000111883
-0.000115587
-0.000116916
-0.00103879
0.000598606
-0.00399823
-0.00606122
-0.000194716
-0.00029519
0.00119499
-0.00135616
-2.26859e-05
-3.65618e-05
-3.13347e-05
-4.10713e-05
0.000248173
-0.000268287
-5.05793e-06
0.000223539
-6.53911e-06
0.000201177
-7.64721e-06
-8.41844e-06
4.13826e-05
-4.56183e-05
3.65627e-05
2.9873e-05
-0.00149219
-0.00906719
-0.00192986
-0.00903902
-0.0014805
-0.00651339
-0.000171928
-0.00176382
0.00174942
0.00491176
0.00372618
0.0121514
0.00496176
0.0187331
0.00533832
0.0241842
0.00500565
0.028369
0.00417571
0.0313087
0.00304518
0.0331098
0.00176953
0.0338942
0.000457896
0.0337535
-0.000839702
0.0327694
-0.00205132
0.0310677
-0.00310374
0.0287987
-0.00394444
0.0261097
-0.00454432
0.0231471
-0.00489884
0.0200278
-0.00501068
0.0168517
-0.0049101
0.0136941
-0.00462928
0.010613
-0.00421198
0.00763782
-0.00369914
0.00480963
-0.00312767
0.00218195
-0.00253298
-0.000144879
-0.00196842
-0.00191919
-0.00150987
-0.00311126
-0.000116399
-0.000108072
-0.000109083
-0.000898926
3.28414e-06
-4.41285e-07
-0.00142928
3.63174e-05
0.000120292
-0.00383516
9.28708e-05
-0.00138236
3.33303e-05
-0.000870251
-8.83718e-07
3.21608e-06
0.000106703
-0.00010752
-0.00114762
0.000681353
-0.00353139
-0.00712414
-0.000156992
-0.000276092
0.00157674
-0.00171711
-1.72095e-05
-3.71896e-05
-2.79626e-05
-4.45495e-05
0.000347779
-0.000364655
-4.9548e-06
0.000320047
-7.47652e-06
0.000298556
-7.76772e-06
-9.84165e-06
6.72522e-05
-7.16624e-05
6.12727e-05
5.40368e-05
-0.00125813
-0.00974458
-0.00142261
-0.00910388
-0.0006674
-0.00601877
0.000821281
-0.000831449
0.00261919
0.00602161
0.00413403
0.0129812
0.00489294
0.0191805
0.00491178
0.0242798
0.00435643
0.0281896
0.0034139
0.030941
0.0022516
0.0326289
0.000999096
0.0333543
-0.000266969
0.0331817
-0.00149169
0.0322103
-0.00260117
0.0305654
-0.00353527
0.0283897
-0.00425253
0.025818
-0.00473469
0.0229831
-0.00498264
0.0200001
-0.00501281
0.0169545
-0.00485389
0.0139181
-0.00454109
0.0109436
-0.00411182
0.00806082
-0.00360474
0.00530656
-0.00305485
0.00272526
-0.00250327
0.000407764
-0.00199048
-0.00142985
-0.00160291
-0.00265468
-0.00010388
-0.000103861
-0.0008324
3.42092e-06
1.02032e-07
-0.00130436
4.38519e-05
0.000139653
-0.00340781
0.000110579
-0.00125161
4.2809e-05
-0.000799249
-1.77258e-07
3.15015e-06
0.000100645
-0.000100638
-0.00128814
0.000784194
-0.00303643
-0.00803152
-0.000123211
-0.000230617
0.0019266
-0.00203972
-1.10223e-05
-3.37879e-05
-2.22378e-05
-4.32639e-05
0.000445624
-0.000458135
-4.49763e-06
0.00041717
-7.8091e-06
0.000398038
-7.31616e-06
-1.05143e-05
9.57439e-05
-0.000100214
8.88535e-05
8.15041e-05
-0.00105282
-0.0101104
-0.000907929
-0.00885249
0.000134026
-0.00532149
0.00163273
0.00015894
0.00316969
0.0069881
0.00424303
0.0136332
0.00462006
0.019474
0.00437608
0.0242616
0.00367086
0.0279343
0.00266856
0.0305256
0.00151139
0.0321176
0.000303611
0.0327843
-0.000898288
0.0325888
-0.00203176
0.0316413
-0.0030278
0.0300581
-0.00383914
0.0279764
-0.00443766
0.0255212
-0.00481365
0.0228144
-0.0049741
0.0199612
-0.00493999
0.0170402
-0.00474058
0.0141222
-0.00440711
0.0112533
-0.00398165
0.00845708
-0.00349438
0.00576242
-0.0029845
0.00321932
-0.00248585
0.000912942
-0.00204532
-0.000987567
-0.00173098
-0.00222445
-9.65057e-05
-9.57078e-05
-0.000758273
3.78267e-06
6.8053e-07
-0.00116499
5.29515e-05
0.000154901
-0.00290322
0.00012039
-0.00110706
5.1342e-05
-0.000719721
9.62765e-07
3.62734e-06
9.25576e-05
-9.2e-05
-0.00141284
0.000886774
-0.00252535
-0.00872847
-0.000168889
-0.000197286
0.00221883
-0.00231146
-6.25131e-06
-2.67361e-05
-1.49228e-05
-3.65656e-05
0.000532282
-0.000539932
-3.66651e-06
0.000506256
-7.31663e-06
0.000491034
-6.22996e-06
-1.00843e-05
0.000125112
-0.000129385
0.000117752
0.000110729
-0.000940787
-0.0100845
-0.000341589
-0.00838025
0.000844763
-0.00453457
0.00219905
0.00112886
0.00342948
0.00780221
0.00413128
0.0141233
0.00421531
0.0196365
0.00378339
0.0241507
0.00298486
0.0276192
0.00196343
0.0300743
0.000839372
0.0315827
-0.000309636
0.0321965
-0.00143124
0.0319887
-0.00245814
0.0310718
-0.00333743
0.0295564
-0.00403129
0.0275701
-0.00452105
0.0252287
-0.00480471
0.0226444
-0.00489386
0.0199154
-0.00481275
0.0171163
-0.0045882
0.014309
-0.00425367
0.0115328
-0.00383994
0.00881386
-0.00338433
0.00617385
-0.00291983
0.00366135
-0.0024847
0.00135256
-0.00212497
-0.000606732
-0.00184617
-0.00180627
-8.7934e-05
-8.69842e-05
-0.000672618
4.38372e-06
1.56134e-06
-0.00101363
5.86924e-05
0.000160019
-0.00234193
0.000159409
-0.000941852
4.74687e-05
-0.000628632
1.81442e-06
4.28199e-06
8.33568e-05
-8.24377e-05
-0.00142523
0.00092389
-0.00895613
-0.000389299
-0.000325807
0.00247004
-0.00259636
-2.32246e-05
-2.41011e-05
-1.21767e-05
-2.71439e-05
0.000599378
-0.000603487
-2.73951e-06
0.000578542
-6.02458e-06
0.000568171
-4.52747e-06
-8.38938e-06
0.000152636
-0.000156322
0.00014557
0.00013947
-0.000606586
-0.00980526
0.00027418
-0.00779767
0.0013964
-0.00372794
0.00253887
0.00202033
0.00347103
0.00846427
0.00387009
0.0144707
0.00373334
0.0196883
0.00317313
0.0239637
0.00232638
0.0272575
0.00131629
0.0295986
0.000243269
0.0310305
-0.000835646
0.0316013
-0.00186175
0.0313925
-0.00277869
0.0305132
-0.00354435
0.0290696
-0.00412633
0.0271755
-0.00451948
0.024943
-0.00472677
0.0224764
-0.00476222
0.0198662
-0.00464686
0.0171828
-0.00440685
0.0144787
-0.00407581
0.0117866
-0.00369093
0.00913181
-0.00327661
0.00653695
-0.00286643
0.00404388
-0.00249918
0.00171616
-0.00219535
-0.000273318
-0.00187163
-7.80316e-05
-7.63602e-05
-0.00057933
5.09528e-06
2.39752e-06
-0.000826375
4.02782e-05
0.000209579
0.00021826
-0.000722509
5.07555e-05
-0.000537626
-6.63473e-07
4.19771e-06
7.20782e-05
-7.05928e-05
-0.00895607
-0.0001727
-0.00043338
0.0027697
-0.00281386
-0.000190248
-0.000158585
-9.65536e-05
-5.64658e-05
0.000652699
-0.000669619
-7.21707e-06
0.000633907
-5.9514e-06
0.000624752
-3.40585e-06
-6.09827e-06
0.00017526
-0.000178194
0.000169269
0.000164712
-6.69282e-05
-0.00945672
0.000767738
-0.00716205
0.00176507
-0.00295244
0.00269208
0.00279941
0.00335475
0.00898123
0.00351373
0.0146921
0.00321602
0.0196471
0.00257538
0.0237161
0.00171271
0.0268619
0.000737943
0.0291045
-0.000272738
0.0304681
-0.0012688
0.0310087
-0.00219439
0.0308084
-0.00300082
0.0299699
-0.0036547
0.0285982
-0.00414001
0.0267956
-0.00445229
0.0246687
-0.00459645
0.0223146
-0.00459092
0.0198179
-0.00445617
0.0172385
-0.00421979
0.014623
-0.00391106
0.0120043
-0.00355409
0.00940965
-0.00317997
0.00684998
-0.002823
0.00435969
-0.00250721
0.00201647
-0.00223831
-6.5641e-05
-6.33598e-05
-0.00047841
-3.73697e-06
-1.86689e-05
-0.000615531
9.98418e-05
0.00012033
-0.000405063
-9.87755e-06
-1.56734e-05
5.91621e-05
-6.05423e-05
-0.00894824
3.00294e-05
-0.000102363
0.00291932
-0.00298097
-2.50279e-05
-8.74261e-05
-0.000117328
-0.000210554
0.000804566
-0.00084136
-0.000154278
0.00075436
-0.000109051
0.000706596
-4.9009e-05
-1.96379e-05
0.000193851
-0.000201359
0.000187805
0.000184292
0.000334374
-0.00901475
0.0011055
-0.00649873
0.00197142
-0.00223181
0.00270129
0.003454
0.00313277
0.00936449
0.00310582
0.0148046
0.00269379
0.0195303
0.00200863
0.0234212
0.00115829
0.0264425
0.000233248
0.0285992
-0.00070805
0.0299076
-0.00161449
0.0304289
-0.00243538
0.030243
-0.00313583
0.0294511
-0.00369087
0.0281487
-0.0040907
0.0264329
-0.00433433
0.0244066
-0.0044313
0.0221579
-0.00439483
0.0197606
-0.00425338
0.017277
-0.00402592
0.014747
-0.00373609
0.0121952
-0.00341332
0.00964402
-0.00308461
0.00710398
-0.00277422
0.00461708
-0.00250174
-6.47674e-05
-8.4317e-05
-0.000335002
9.42764e-06
1.88155e-05
2.13553e-05
2.13299e-05
8.30389e-05
-8.81429e-05
-6.36413e-06
-1.75508e-05
-0.00874161
8.96686e-05
4.69512e-05
0.00306253
-0.00304635
1.4241e-05
-1.45602e-06
3.73813e-06
-2.57689e-05
0.000986855
-0.000993295
-1.91005e-05
0.00094276
-4.45185e-05
0.000906562
-8.03233e-05
-0.000145282
0.000379168
-0.000433269
-0.000100833
0.000270091
0.000220997
0.00058821
-0.00848275
0.00131696
-0.00583168
0.00205513
-0.00158008
0.00260696
0.00398233
0.00284478
0.00962806
0.00267524
0.0148249
0.00218885
0.0193514
0.00148705
0.0230935
0.000666916
0.0260094
-0.000198441
0.0280899
-0.00106065
0.029354
-0.00187254
0.0298665
-0.00259428
0.0297019
-0.00319646
0.0289566
-0.00366357
0.0277219
-0.00398935
0.0260912
-0.00417728
0.0241578
-0.00423911
0.022006
-0.00419049
0.0197004
-0.00404657
0.0172983
-0.00383326
0.0148388
-0.00357239
0.0123449
-0.00328567
0.00983491
-0.00299466
0.00731576
-0.00270931
-8.1676e-05
2.41748e-06
-6.85733e-05
5.36408e-06
5.40276e-05
6.953e-06
6.66059e-06
1.75508e-05
-2.42512e-05
-0.00837369
0.000113223
0.000112555
0.00303034
-0.00297226
1.87447e-05
1.54182e-05
1.86984e-05
1.17264e-05
0.00101018
-0.00099957
2.7182e-06
0.00100825
-5.66629e-07
0.00101156
-6.11296e-09
-7.80249e-06
0.000608597
-0.000624118
-5.10326e-06
0.000574833
-1.04586e-05
0.000519718
-2.49452e-05
-5.87757e-05
-0.000100822
0.000736527
-0.00790336
0.00141461
-0.00519526
0.00203318
-0.00100766
0.00243994
0.00438958
0.00251921
0.00978663
0.00224615
0.0147695
0.00171451
0.0191251
0.00102028
0.0227408
0.000244194
0.0255672
-0.00055543
0.027585
-0.0013361
0.0288178
-0.00205477
0.0293272
-0.00268149
0.0291872
-0.00319474
0.0284875
-0.0035854
0.0273178
-0.00385079
0.025766
-0.00399724
0.023918
-0.00403378
0.0218509
-0.00397573
0.0196301
-0.00384117
0.0173072
-0.00364718
0.0149158
-0.00341228
0.0124693
-0.00315526
0.00998908
-0.0028741
-2.19588e-05
-1.66814e-05
1.00208e-05
-0.00790223
0.000125871
0.000149154
0.00290585
-0.00283257
2.05998e-05
2.26938e-05
2.30438e-05
2.37248e-05
0.000974668
-0.000961538
5.94965e-06
0.000984579
5.80942e-06
0.00099504
7.93232e-06
7.21779e-06
0.000631264
-0.000628768
-3.18543e-07
0.000631065
-3.48721e-07
0.000631177
-4.22629e-07
-1.05104e-06
0.000194869
-0.000200193
0.000184519
0.000159598
0.000819732
-0.00729384
0.00144283
-0.00459057
0.00194679
-0.00050596
0.00222612
0.00468679
0.002178
0.00985732
0.00183325
0.0146522
0.0012826
0.0188637
0.000610881
0.0223747
-0.000112556
0.0251246
-0.000841732
0.0270909
-0.00153747
0.0283008
-0.00216735
0.0288128
-0.00270647
0.0286985
-0.00314143
0.0280457
-0.00346773
0.0269388
-0.00368522
0.0254566
-0.00379987
0.0236852
-0.00382113
0.0216967
-0.00376226
0.0195513
-0.0036389
0.0172968
-0.00346494
0.0149607
-0.00325864
0.0125641
-0.00299214
-0.00738062
0.00013106
0.000168439
0.00273946
-0.00266007
2.21241e-05
2.7426e-05
2.58831e-05
3.05189e-05
0.000921069
-0.000907719
7.73162e-06
0.000935955
8.70304e-06
0.000948756
1.06355e-05
1.14389e-05
0.000611381
-0.000604873
7.36284e-07
0.000616612
1.00933e-06
0.00062353
1.33735e-06
2.048e-06
0.000202229
-0.000202494
0.000201832
0.000201244
0.00084063
-0.00670145
0.00139692
-0.00404877
0.00180069
-8.10905e-05
0.00197815
0.00488957
0.00183764
0.00985496
0.00144846
0.0144876
0.000897007
0.0185782
0.00026084
0.0220016
-0.000403485
0.0246866
-0.00105935
0.026613
-0.00167225
0.0278069
-0.00221792
0.0283262
-0.00268046
0.0282379
-0.00304971
0.0276272
-0.00332222
0.0265764
-0.00350222
0.0251598
-0.00359445
0.0234588
-0.00360915
0.0215435
-0.00355357
0.0194653
-0.00344152
0.0172705
-0.00328802
0.014986
-0.00305678
-0.00683751
0.000129509
0.000175017
0.00255368
-0.00247409
2.30249e-05
3.01254e-05
2.76091e-05
3.45247e-05
0.00085968
-0.000846614
9.15848e-06
0.000877036
1.07599e-05
0.000890703
1.24661e-05
1.39282e-05
0.000579056
-0.000571153
1.36461e-06
0.000586653
1.75944e-06
0.000596065
2.15759e-06
3.15385e-06
0.00019789
-0.000196615
0.00019907
0.000200446
0.000828995
-0.00612118
0.00132262
-0.00355714
0.00163521
0.00027055
0.00171781
0.0050134
0.00151138
0.00979393
0.001098
0.0142874
0.000561445
0.018278
-3.04351e-05
0.0216288
-0.000633624
0.0242611
-0.00121488
0.0261555
-0.00175016
0.0273384
-0.00222056
0.0278662
-0.00261391
0.0278043
-0.00292587
0.0272337
-0.00315717
0.0262328
-0.00330905
0.0248746
-0.00338837
0.0232378
-0.00339565
0.0213854
-0.00334883
0.0193711
-0.00325491
0.0172349
-0.00306558
-0.00630044
0.000122051
0.000170141
0.00236349
-0.0022853
2.22502e-05
3.04049e-05
2.78209e-05
3.5942e-05
0.000795517
-0.000783574
1.00869e-05
0.000813769
1.22672e-05
0.000827388
1.37171e-05
1.55023e-05
0.000541154
-0.000532661
1.87473e-06
0.000550039
2.3549e-06
0.000560545
2.74334e-06
3.80586e-06
0.000188931
-0.000187003
0.000191008
0.000193461
0.000782296
-0.00559305
0.0012089
-0.00313979
0.00144647
0.000541461
0.00145584
0.00507121
0.00120593
0.00968718
0.000786318
0.0140631
0.000276208
0.0179715
-0.000265834
0.0212613
-0.000804181
0.0238513
-0.00131389
0.0257215
-0.001776
0.0268964
-0.00217846
0.0274317
-0.00251515
0.0273924
-0.00278258
0.0268577
-0.00298027
0.0259036
-0.00311145
0.0245975
-0.00317847
0.0230206
-0.00319172
0.0212275
-0.00315524
0.0192699
-0.00301441
-0.00578397
0.000112862
0.000159272
0.00217572
-0.00209991
2.02597e-05
2.85165e-05
2.60617e-05
3.45179e-05
0.000733198
-0.000721915
1.012e-05
0.000751088
1.26604e-05
0.000763863
1.40545e-05
1.60105e-05
0.000500976
-0.000492733
2.27131e-06
0.000510224
2.78968e-06
0.000521088
3.16578e-06
4.21444e-06
0.000177557
-0.000175285
0.000180174
0.000183198
0.000727383
-0.00510239
0.00109216
-0.0027749
0.00125857
0.000745524
0.00120469
0.00507539
0.000927657
0.00954685
0.000515143
0.0138245
4.02793e-05
0.0176658
-0.000448659
0.0209058
-0.000922882
0.0234597
-0.00136397
0.0253093
-0.00176017
0.0264786
-0.00210482
0.0270221
-0.00239293
0.0270045
-0.00262321
0.0265022
-0.00279654
0.025589
-0.00291468
0.0243336
-0.00297875
0.022807
-0.00299467
0.021066
-0.00290588
-0.00530702
0.000103624
0.000145518
0.00199531
-0.0019237
1.82134e-05
2.58899e-05
2.34889e-05
3.15783e-05
0.000673458
-0.000662532
9.34917e-06
0.000690586
1.19237e-05
0.000702833
1.33511e-05
1.53069e-05
0.000461783
-0.000453681
2.4476e-06
0.000470712
2.95442e-06
0.00048111
3.3259e-06
4.33981e-06
0.000164858
-0.000162601
0.000167738
0.000171071
0.000654472
-0.00467773
0.00095393
-0.0024789
0.00106324
0.000886176
0.000966625
0.00503756
0.000678291
0.00938396
0.00028409
0.0135805
-0.000148658
0.0173655
-0.000581308
0.0205648
-0.000992814
0.0230901
-0.00137104
0.0249216
-0.00171065
0.0260853
-0.00200619
0.0266353
-0.0022567
0.0266363
-0.00245717
0.026161
-0.00261087
0.0252844
-0.00271854
0.0240729
-0.00278266
0.0225943
-0.0027466
-0.00487607
9.4388e-05
0.00013137
0.00182729
-0.00176253
1.71696e-05
2.37339e-05
2.12961e-05
2.85158e-05
0.000617085
-0.000606739
8.43021e-06
0.000633119
1.07265e-05
0.000644638
1.20206e-05
1.38496e-05
0.000423953
-0.000415923
2.33025e-06
0.000432621
2.85915e-06
0.000442562
3.24366e-06
4.18832e-06
0.000152102
-0.000149772
0.000154964
0.000158261
0.000580122
-0.00429899
0.000820716
-0.00222975
0.000877967
0.000978932
0.000748586
0.00496902
0.000460672
0.00920822
9.41659e-05
0.0133382
-0.000293187
0.0170774
-0.000669545
0.0202416
-0.00102202
0.0227415
-0.00134498
0.0245564
-0.00163451
0.0257138
-0.00188889
0.0262676
-0.00210619
0.0262863
-0.00228565
0.0258367
-0.00242765
0.0249934
-0.00253219
0.0238218
-0.00254221
-0.00449641
8.25292e-05
0.000114992
0.00167701
-0.00162015
1.60185e-05
2.17333e-05
1.97756e-05
2.59207e-05
0.00056539
-0.000556404
8.09534e-06
0.00057983
1.00202e-05
0.000590385
1.09795e-05
1.24522e-05
0.000387981
-0.000380234
2.14323e-06
0.000396243
2.61545e-06
0.000405645
2.96967e-06
3.81871e-06
0.000139518
-0.000137048
0.00014234
0.000145584
0.000494418
-0.0039841
0.000678161
-0.00203752
0.000696853
0.00102927
0.000551093
0.00487883
0.000274902
0.00902725
-5.75399e-05
0.013102
-0.000396197
0.0168033
-0.000718889
0.0199382
-0.00101712
0.0224143
-0.00129033
0.0242128
-0.00153793
0.0253629
-0.00175918
0.0259198
-0.00195207
0.0259509
-0.00211824
0.0255256
-0.00225053
0.0247109
-0.00230125
-0.00416778
6.96204e-05
9.70037e-05
0.00154578
-0.00149527
1.38525e-05
1.88106e-05
1.75548e-05
2.28333e-05
0.000520603
-0.000512959
7.64979e-06
0.000532951
9.37663e-06
0.000542019
1.02617e-05
1.14213e-05
0.000354706
-0.000348098
2.06742e-06
0.000362234
2.46019e-06
0.000370893
2.74497e-06
3.44279e-06
0.000127357
-0.000124862
0.000130106
0.000133229
0.000410641
-0.00371498
0.000545374
-0.00188284
0.000533133
0.00104987
0.000379447
0.00477585
0.000121738
0.00884853
-0.000172281
0.0128782
-0.000462244
0.0165474
-0.000733
0.0196552
-0.000983371
0.022108
-0.00121477
0.0238898
-0.00142811
0.0250314
-0.001622
0.0255892
-0.00179775
0.0256301
-0.00194894
0.0252237
-0.00203513
-0.00389416
5.59259e-05
7.81833e-05
0.00143182
-0.0013881
1.13392e-05
1.53862e-05
1.46074e-05
1.90249e-05
0.00048207
-0.000475076
6.59955e-06
0.0004927
8.211e-06
0.00050058
9.16247e-06
1.01748e-05
0.000326016
-0.000320563
1.96275e-06
0.000332413
2.32114e-06
0.00033983
2.55194e-06
3.12609e-06
0.000115891
-0.000113822
0.000118465
0.000121419
0.000322282
-0.00350087
0.000415911
-0.00177113
0.000385598
0.00104292
0.000233305
0.00466462
4.24058e-07
0.0086757
-0.000252652
0.0126682
-0.000495278
0.0163089
-0.000719537
0.0193909
-0.000927288
0.0218207
-0.00112333
0.0235851
-0.00130801
0.0247169
-0.00148403
0.0252743
-0.00164328
0.0253233
-0.00175369
-0.0036728
4.04787e-05
5.87663e-05
0.00133651
-0.00130136
9.06605e-06
1.21758e-05
1.17088e-05
1.52156e-05
0.000448726
-0.000442549
5.34191e-06
0.000457739
6.70398e-06
0.000464598
7.5993e-06
8.47853e-06
0.000301452
-0.000296471
1.72839e-06
0.000307004
2.0736e-06
0.000313368
2.2949e-06
2.78053e-06
0.000105965
-0.00010432
0.000108161
0.000110696
0.000239891
-0.0033259
0.000307279
-0.00169186
0.000262284
0.00101527
0.000114305
0.00455095
-9.05578e-05
0.0085132
-0.000302231
0.0124752
-0.000499823
0.0160903
-0.000681406
0.0191465
-0.000854215
0.0215521
-0.00102098
0.0232979
-0.00118699
0.0244191
-0.00134281
0.024973
-0.001468
-0.00349412
2.11541e-05
3.71164e-05
0.00126293
-0.00123765
5.8927e-06
8.45487e-06
8.73714e-06
1.14762e-05
0.000421384
-0.000416675
4.30577e-06
0.000428457
5.38144e-06
0.000434084
6.16393e-06
6.80057e-06
0.000279984
-0.000275574
1.42494e-06
0.000284792
1.71208e-06
0.000290361
1.9241e-06
2.34748e-06
9.74708e-05
-9.58972e-05
9.93744e-05
0.000101539
0.000172407
-0.00319568
0.000217514
-0.00164938
0.000159192
0.000969243
2.08556e-05
0.00443851
-0.000153437
0.00836393
-0.00032479
0.0123
-0.000481442
0.0158899
-0.000627806
0.0189195
-0.000769768
0.0213007
-0.000915987
0.0230264
-0.00105868
0.0241343
-0.00118932
-0.00335255
1.20942e-05
1.66065e-05
0.0012112
-0.00119209
-9.09227e-07
2.02391e-06
3.88162e-06
6.4511e-06
0.00040219
-0.000399457
2.63275e-06
0.000406731
3.71773e-06
0.000410554
4.66921e-06
5.21305e-06
0.000262176
-0.000259015
1.14399e-06
0.000265999
1.39303e-06
0.000270617
1.56914e-06
1.90836e-06
8.99578e-05
-8.85098e-05
9.16398e-05
9.35497e-05
0.000128029
-0.00310884
0.000143533
-0.00163642
7.65926e-05
0.000911486
-4.73464e-05
0.00433138
-0.000190138
0.00822896
-0.000323792
0.0121427
-0.000444354
0.0157076
-0.000559248
0.0187103
-0.000679852
0.0210651
-0.000801381
0.022769
-0.000927397
-0.00325647
1.52203e-05
1.47675e-05
0.00117578
-0.00115936
-5.97539e-06
1.64712e-06
-1.77242e-06
0.000392343
-0.000391174
-2.47379e-06
0.000394269
-1.52123e-07
0.000396007
1.75046e-06
2.74538e-06
0.000249965
-0.000248576
6.80087e-07
0.000252246
9.78886e-07
0.000255394
1.17649e-06
1.47202e-06
8.36101e-05
-8.2616e-05
8.4988e-05
8.66014e-05
9.12744e-05
-0.00305852
8.38675e-05
-0.00164519
1.48136e-05
0.000847575
-9.2163e-05
0.00423237
-0.000204242
0.00810928
-0.000303824
0.0120023
-0.000393857
0.0155421
-0.000486438
0.0185167
-0.000580433
0.0208441
-0.000692414
-0.00319769
1.47415e-05
1.36931e-05
0.00114581
-0.00113624
4.46968e-06
7.25107e-07
0.000373704
-0.00065279
4.03782e-07
0.000270432
8.47156e-07
0.000387934
-1.29671e-05
-5.21898e-06
0.000246586
-0.000248991
-5.45643e-07
0.000246003
-2.0842e-08
0.000246864
3.94857e-07
8.02074e-07
7.92196e-05
-7.88754e-05
8.00502e-05
8.1144e-05
5.73532e-05
-0.00303848
3.52485e-05
-0.00167147
-2.88617e-05
0.000781615
-0.000115382
0.00414285
-0.000198631
0.00800408
-0.000269484
0.0118783
-0.000336025
0.0153924
-0.000400877
0.0183378
-0.00049206
-0.00316338
1.17582e-05
9.22807e-06
0.00112812
-0.00112074
5.67555e-06
5.09349e-06
0.000653038
-0.000650238
2.17374e-07
2.58617e-07
4.71585e-07
1.30681e-07
7.57125e-05
-7.55981e-05
0.000254158
2.86629e-06
7.63908e-05
-2.44047e-07
7.80423e-05
-7.88756e-05
7.78412e-05
7.80734e-05
3.10369e-05
-0.00303408
3.84903e-06
-0.00170329
-5.17787e-05
0.000717764
-0.000118874
0.00406291
-0.000177719
0.00791242
-0.000226739
0.0117693
-0.000267732
0.0152597
-0.000334175
-0.00314881
8.32048e-06
4.09596e-06
0.00111632
-0.00111069
4.40038e-06
4.32523e-06
0.000646203
-0.000642348
4.23795e-07
1.73209e-07
3.32562e-07
3.87715e-07
7.49459e-05
-7.49355e-05
7.50999e-05
-7.52306e-05
7.91197e-05
9.39987e-06
-0.00304685
-1.82557e-05
-0.00174284
-5.91507e-05
0.000656099
-0.000105618
0.00399038
-0.00014746
0.00783314
-0.000176273
0.0116782
-0.000221466
-0.00314558
5.71418e-06
1.10798e-07
0.00110946
-0.00110546
2.77449e-06
2.52899e-06
0.000638868
-0.000635917
4.42631e-07
-3.98725e-08
1.4505e-07
4.83472e-07
7.42502e-05
-7.40027e-05
7.43191e-05
-7.47068e-05
-1.98028e-06
-0.00306004
-2.24135e-05
-0.0017763
-4.60114e-05
0.000597241
-8.05436e-05
0.00392367
-0.0001136
0.00777091
-0.000150519
-0.00315141
3.90079e-06
-2.6479e-06
0.00110658
-0.00110353
1.46275e-06
9.22623e-07
0.000633889
-0.000632156
4.31237e-07
-2.46779e-07
-9.16391e-08
4.92324e-07
7.35709e-05
-7.32173e-05
7.34524e-05
-7.39359e-05
-1.01369e-05
-0.00307824
-1.91487e-05
-0.00180836
-2.09192e-05
0.000536312
-5.69728e-05
0.00386741
-0.000106545
-0.00315884
2.70604e-06
-3.96192e-06
0.00110604
-0.00110338
5.60982e-07
-2.30957e-07
0.000631481
-0.000630604
4.02395e-07
-4.0073e-07
-2.78938e-07
4.85848e-07
7.31542e-05
-7.27559e-05
7.28619e-05
-7.33542e-05
-1.15708e-05
-0.00308145
-2.3635e-06
-0.00182288
4.12432e-06
0.000476955
-6.55913e-05
-0.00316504
1.85397e-07
-5.69361e-06
0.00110646
-0.00110392
-8.42771e-08
-9.05559e-07
0.000630802
-0.000630312
3.74191e-07
-5.15515e-07
-4.26285e-07
4.76029e-07
7.30073e-05
-7.2569e-05
7.25777e-05
-7.30636e-05
-1.55077e-05
-0.00306937
7.43784e-06
-0.00182633
-7.54957e-06
-0.00316407
-4.71563e-06
-9.51572e-06
0.00110769
-0.0011059
-1.36419e-06
-1.7571e-06
0.000631003
-0.000630725
3.43142e-07
-5.79303e-07
-5.15199e-07
4.71007e-07
7.3007e-05
-7.25201e-05
7.25054e-05
-7.29815e-05
-1.78281e-05
-0.00304142
7.83222e-06
-0.00315774
-8.34386e-06
-1.35815e-05
0.00111146
-0.00111171
-4.04915e-06
-3.808e-06
0.000632065
-0.000632697
2.71961e-07
-6.58895e-07
-5.91275e-07
4.39787e-07
7.30622e-05
-7.25378e-05
7.25237e-05
-7.29947e-05
-7.39694e-06
-8.32633e-06
-1.04536e-05
0.00111839
-0.0011185
-6.94957e-06
-6.63768e-06
0.00063585
-0.00063877
9.39001e-08
-7.99646e-07
-7.05486e-07
3.08508e-07
7.31976e-05
-7.27172e-05
7.26142e-05
-7.3054e-05
0.0011198
-1.05815e-05
-8.74603e-06
0.000644346
-0.000649299
-1.84547e-07
-9.90251e-07
-8.76075e-07
7.52119e-08
7.37696e-05
-7.34872e-05
7.30422e-05
-7.33507e-05
0.000655991
-3.49674e-06
-2.75054e-06
-1.11328e-06
-6.06071e-07
7.51013e-05
-7.50393e-05
7.41997e-05
-7.4275e-05
7.92728e-05
7.66413e-05
-7.60352e-05
)
;

boundaryField
{
    inlet
    {
        type            calculated;
        value           nonuniform 0();
    }
    outlet
    {
        type            calculated;
        value           nonuniform List<scalar> 
55
(
-0.00314538
-0.00302541
-0.00184083
0.000419214
0.00382675
0.00772711
0.0116074
0.0151471
0.01818
0.0206439
0.022534
0.0238723
0.0246941
0.0250373
0.0249419
0.0244446
0.0235806
0.0223897
0.0209064
0.019161
0.017183
0.0149936
0.0126269
0.010104
0.00747733
0.00482108
0.00227553
8.75783e-05
-0.00136619
-0.002033
-0.00184995
0.00602543
0.00917586
0.0119169
0.014061
0.0154349
0.0159026
0.0154333
0.0140975
0.0120647
0.00954056
0.00675593
0.00390197
0.00116286
-8.26107e-05
-0.000659581
-0.00111662
-0.000518393
-0.00025777
-3.98842e-05
0.000134335
0.000333694
0.00175875
-3.15636e-06
0.000559293
)
;
    }
    wall
    {
        type            calculated;
        value           uniform 0;
    }
    front
    {
        type            empty;
        value           nonuniform 0();
    }
    back
    {
        type            empty;
        value           nonuniform 0();
    }
    vanem
    {
        type            calculated;
        value           uniform 0;
    }
    vaneu
    {
        type            calculated;
        value           uniform 0;
    }
    vanel
    {
        type            calculated;
        value           nonuniform 0();
    }
    procBoundary3to2
    {
        type            processor;
        value           nonuniform List<scalar> 
58
(
0.000402588
8.83874e-05
-0.00070828
-0.00195599
-0.00363607
-0.00574302
-0.0082529
-0.0111147
-0.0142456
-0.0175136
-0.0207352
-0.0236991
-0.0261905
-0.0280543
-0.0292025
-0.0295709
-0.0291211
-0.0277633
-0.0254388
-0.0221909
-0.0182254
-0.0139096
-0.00963982
-0.00574896
-0.00244607
0.000148787
0.00203687
0.00313888
0.00343381
0.0028281
-0.00646095
-0.00928353
-0.0117796
-0.0137377
-0.0149811
-0.0153932
-0.0149528
-0.0137085
-0.0118275
-0.00947746
-0.00684821
-0.00410737
-0.00135303
9.91488e-06
-3.04008e-05
0.000824553
1.00597e-06
-8.59524e-06
-0.00141392
0.000133446
2.97559e-06
6.0935e-05
-0.000442758
-0.00215116
3.15594e-05
-7.59099e-05
0.000203714
-0.000259099
)
;
    }
}


// ************************************************************************* //
