/*--------------------------------*- C++ -*----------------------------------*\
| =========                 |                                                 |
| \\      /  F ield         | OpenFOAM: The Open Source CFD Toolbox           |
|  \\    /   O peration     | Version:  v1912                                 |
|   \\  /    A nd           | Website:  www.openfoam.com                      |
|    \\/     M anipulation  |                                                 |
\*---------------------------------------------------------------------------*/
FoamFile
{
    version     2.0;
    format      ascii;
    class       surfaceScalarField;
    location    "20";
    object      phi;
}
// * * * * * * * * * * * * * * * * * * * * * * * * * * * * * * * * * * * * * //

dimensions      [0 3 -1 0 0 0 0];
oriented        oriented;


internalField   nonuniform List<scalar> 
7351
(
-3.18562e-05
0.000882547
-5.17915e-05
0.00358157
-3.82443e-05
0.00092236
-8.85974e-05
0.00656751
-6.86543e-05
0.00361446
-3.38923e-05
0.000963821
-0.000125651
0.00927778
-0.000103189
0.00660379
-6.69673e-05
0.00365501
-2.07887e-05
0.000993153
-0.000165835
0.0114897
-0.000141443
0.00931893
-9.90705e-05
0.00664224
-5.17288e-05
0.00369243
-1.2155e-05
0.00101042
-0.00020261
0.0131159
-0.000181064
0.0115314
-0.000134264
0.00935971
-8.77097e-05
0.00668445
-3.98369e-05
0.0037246
-7.7924e-06
0.00102195
-0.000228279
0.0141141
-0.000216771
0.0131538
-0.000174964
0.0115765
-0.000126224
0.00940268
-7.32716e-05
0.00672236
-3.26423e-05
0.00375034
-6.97568e-06
0.00102815
-0.000251631
0.014499
-0.000248023
0.0141482
-0.000210479
0.0131941
-0.000161984
0.0116168
-0.000109076
0.00944102
-6.27636e-05
0.00675416
-2.81219e-05
0.00377042
-5.76898e-06
0.00103369
-0.000275154
0.0142423
-0.00027048
0.0145226
-0.000240283
0.0141808
-0.000193218
0.0132276
-0.000142233
0.0116521
-9.84296e-05
0.00947676
-5.51957e-05
0.00678158
-2.41868e-05
0.00378715
-2.19697e-06
0.001034
-0.000295123
0.0133333
-0.00029755
0.0142732
-0.000261492
0.0145479
-0.000210942
0.0142017
-0.000168645
0.0132557
-0.000129171
0.011684
-8.81787e-05
0.00950901
-5.03201e-05
0.00680684
-1.90077e-05
0.00380236
5.68343e-06
0.00102741
-0.000331369
0.0117338
-0.000333344
0.0133672
-0.00028447
0.0142971
-0.000230605
0.0145683
-0.000189384
0.0142231
-0.000148863
0.0132747
-0.000112249
0.0117075
-7.37497e-05
0.00953131
-4.19755e-05
0.00682963
-9.76167e-06
0.00381619
1.41655e-05
0.00100885
-0.000357501
0.00947166
-0.000365947
0.0117699
-0.000293262
0.0133798
-0.000235937
0.014305
-0.000195053
0.0145751
-0.000163033
0.0142377
-0.000130531
0.0132926
-9.60058e-05
0.0117298
-6.61158e-05
0.00955469
-2.95939e-05
0.00684776
5.20505e-06
0.00382156
2.1702e-05
0.000982694
0.00673168
-0.000186684
-0.000162427
-0.000404922
0.00950825
-0.000306325
0.0117821
-0.000234785
0.0133782
-0.000195851
0.0143055
-0.000163167
0.0145744
-0.000135975
0.0142424
-0.000106891
0.0133022
-8.16382e-05
0.0117443
-4.77763e-05
0.00957165
-1.64202e-05
0.00686737
1.61466e-05
0.00382176
2.3187e-05
0.000953822
0.00675361
-0.000159245
-0.000269453
-0.00231221
0.00229879
-0.000171907
-0.000105132
-0.000288702
0.00949072
-0.000214498
0.0117612
-0.000182216
0.0133642
-0.000152712
0.0142953
-0.000137118
0.0145751
-0.000116321
0.0142515
-9.20293e-05
0.0133124
-6.60742e-05
0.0117624
-3.89737e-05
0.00959232
-1.7993e-06
0.00688174
2.53181e-05
0.00381626
1.84961e-05
0.000935685
0.00668562
-3.03761e-05
-0.00019049
-0.00224839
0.00225263
-0.000165221
-0.000219787
-0.00153595
0.00147878
-7.14654e-05
-4.22782e-05
-2.57493e-05
-0.000165797
0.00944152
-0.000147624
0.0117274
-0.00013214
0.013344
-0.000123169
0.0142806
-0.000108978
0.0145669
-8.96623e-05
0.0142486
-7.53931e-05
0.0133206
-4.84321e-05
0.0117701
-1.93855e-05
0.00960753
9.36948e-06
0.00689639
2.53329e-05
0.00380868
7.01268e-06
0.000928609
0.00658947
2.03254e-05
-9.25739e-05
-0.00216617
0.00217152
-3.59929e-05
-0.000104109
-0.00144949
0.00140768
-3.54795e-05
-8.92895e-05
-0.000102704
-8.84074e-05
-0.000480396
0.000451868
-4.25372e-05
-0.000499651
-2.23854e-05
-1.01788e-05
-9.30569e-05
0.00938357
-9.90582e-05
0.0116908
-0.000102073
0.0133206
-9.24222e-05
0.0142635
-8.21925e-05
0.0145588
-7.04176e-05
0.0142431
-5.47018e-05
0.0133262
-3.283e-05
0.0117831
-1.00936e-05
0.00962599
1.33063e-05
0.0069078
1.47551e-05
0.00380156
-3.34386e-06
0.000933587
0.00652373
2.59511e-05
-5.4077e-05
-0.00210893
0.00213031
-2.47958e-06
-3.06205e-05
-0.00133761
0.00131057
5.6189e-06
-1.4745e-05
-3.4069e-05
1.93755e-07
-0.000360211
0.000345984
-2.18747e-05
-0.000395365
-5.47381e-05
0.000416268
-6.74104e-05
-6.7918e-05
-0.000276812
0.000246644
-1.20742e-05
-0.00029423
-4.44868e-06
-1.72806e-06
-5.85649e-05
0.0093444
-6.99741e-05
0.0116611
-7.16665e-05
0.0133014
-7.0843e-05
0.0142519
-5.96694e-05
0.0145477
-5.21162e-05
0.0142404
-3.45459e-05
0.0133272
-2.25892e-05
0.0117948
-1.7591e-06
0.00964114
8.74951e-06
0.00691556
2.26903e-06
0.00379617
-1.43337e-05
0.000944131
0.00647419
2.65078e-05
-3.8033e-05
-0.00208898
0.00211217
2.08489e-06
-1.33057e-05
-0.00128147
0.00127926
5.98409e-06
-7.46195e-06
-8.7249e-06
6.63466e-06
-0.00030989
0.000315619
-1.34617e-07
-0.000322022
-2.37216e-06
0.000321172
-9.16725e-06
-5.36119e-07
-0.000123525
0.000101485
-0.000178454
0.000201235
-2.22351e-05
-4.54014e-05
-7.96816e-05
6.76776e-05
-8.40585e-05
-3.75197e-05
0.00930658
-5.35919e-05
0.0116375
-5.38396e-05
0.0132811
-4.50331e-05
0.014237
-4.22523e-05
0.0145377
-2.97325e-05
0.0142357
-2.95795e-05
0.0133346
-1.71574e-05
0.0118112
-6.31736e-06
0.00965675
-3.98025e-06
0.00692089
-1.40966e-05
0.00379341
-1.61796e-05
0.000957648
0.00644265
2.34642e-05
-3.06489e-05
-0.00208208
0.0021039
3.72579e-06
-8.23272e-06
-0.00126585
0.00126882
4.0105e-06
-5.3763e-06
-5.45077e-06
5.38834e-06
-0.000306127
0.000311438
2.43906e-07
-0.000312866
-1.1605e-06
0.000307754
-1.18093e-06
1.27659e-06
-8.94808e-05
8.93404e-05
-9.18177e-05
9.23538e-05
4.54014e-05
-2.27358e-05
0.00927887
-2.52046e-05
0.0116136
-2.70387e-05
0.0132668
-2.68064e-05
0.0142226
-2.26962e-05
0.0145315
-2.44928e-05
0.0142312
-1.62327e-05
0.0133335
-1.68441e-05
0.0118213
-1.54203e-05
0.00966785
-1.65638e-05
0.00692251
-2.21936e-05
0.003795
-1.70744e-05
0.000969959
0.00642018
2.08786e-05
-2.39905e-05
-0.00207847
0.00209776
3.03247e-06
-6.02797e-06
-0.00125942
0.00126348
3.17991e-06
-4.39202e-06
-3.96212e-06
4.86723e-06
-0.000306336
0.00031031
-2.19958e-08
-0.000310784
-9.08619e-07
0.000306844
-9.34293e-07
1.42966e-06
-8.81294e-05
8.82647e-05
-8.93631e-05
8.80865e-05
-1.21583e-05
0.00925908
-1.86205e-05
0.0115988
-1.5031e-05
0.013252
-7.44029e-06
0.014208
-9.60036e-06
0.0145169
-1.64608e-05
0.0142316
-2.52925e-05
0.0133425
-2.4468e-05
0.011831
-2.82348e-05
0.00967817
-3.07964e-05
0.00692775
-2.55896e-05
0.00380218
-1.34489e-05
0.00098703
0.00640477
2.1984e-05
-1.95103e-05
-0.00207834
0.00209395
4.40003e-06
-4.7368e-06
-0.0012555
0.00125906
3.19524e-06
-4.53046e-06
-3.01464e-06
4.5846e-06
-0.000306477
0.000309481
-1.08601e-07
-0.000310123
-9.67083e-07
0.00030663
-4.47603e-07
1.25062e-06
-8.784e-05
8.77995e-05
-8.87544e-05
8.73247e-05
-1.88507e-06
0.00924849
5.18833e-06
0.0115867
7.94397e-06
0.0132424
-7.46876e-07
0.0142006
-6.89227e-06
0.0145078
-1.63865e-05
0.0142228
-3.10381e-05
0.0133482
-4.21081e-05
0.011843
-4.49018e-05
0.00969054
-3.6404e-05
0.00693859
-2.43931e-05
0.00381364
-1.21569e-05
0.00100084
0.00639525
2.35531e-05
-1.82777e-05
-0.00207649
0.00209216
5.18992e-06
-3.05135e-06
-0.00125215
0.00125697
3.34138e-06
-4.53986e-06
-2.55161e-06
4.55334e-06
-0.000305795
0.000309033
-2.28588e-07
-0.000309834
-6.75577e-07
0.000306632
-3.77839e-07
1.25123e-06
-8.75581e-05
8.73631e-05
-8.8564e-05
8.73134e-05
9.56304e-06
0.00923678
1.14444e-05
0.0115761
1.34195e-05
0.0132241
1.07024e-05
0.0141822
-7.84941e-06
0.0144983
-2.81504e-05
0.0142192
-4.45502e-05
0.0133504
-5.52184e-05
0.0118532
-5.17942e-05
0.00970515
-4.10198e-05
0.00695523
-2.72146e-05
0.00383186
-1.25748e-05
0.00101906
0.00639347
2.64673e-05
-1.51281e-05
-0.00207554
0.00209383
4.94227e-06
-1.5083e-06
-0.00125179
0.00125641
3.31053e-06
-3.58577e-06
-3.00858e-06
4.60279e-06
-0.000306007
0.000309226
-1.11441e-07
-0.000310065
-6.07803e-07
0.000306575
-2.21187e-07
9.84536e-07
-8.74769e-05
8.71907e-05
-8.81947e-05
8.69434e-05
1.68396e-05
0.00924006
2.54402e-05
0.0115736
2.08234e-05
0.0132195
5.07876e-06
0.0141699
-2.02947e-05
0.0144907
-4.80767e-05
0.0142226
-6.78879e-05
0.0133618
-6.95567e-05
0.0118695
-5.99117e-05
0.00972442
-4.28537e-05
0.00697372
-2.68981e-05
0.00384858
-1.68323e-05
0.00103718
0.00639776
2.57508e-05
-1.50503e-05
-0.00207791
0.00209666
6.69232e-06
-2.92985e-07
-0.00125324
0.00125803
3.5266e-06
-3.82721e-06
-2.86982e-06
4.60901e-06
-0.00030606
0.000309629
-4.21422e-07
-0.00030935
-5.77057e-07
0.000306181
-2.65081e-07
1.24184e-06
-8.72948e-05
8.71008e-05
-8.79284e-05
8.69438e-05
2.04165e-05
0.00923624
2.43352e-05
0.0115604
2.05604e-05
0.0131983
-5.4612e-06
0.0141539
-3.65519e-05
0.0144782
-6.63113e-05
0.0142201
-7.95119e-05
0.0133716
-7.85989e-05
0.0118894
-6.74024e-05
0.00975015
-4.94149e-05
0.00699757
-3.3724e-05
0.00386715
-2.00133e-05
0.00105913
0.00640313
2.93932e-05
-1.38475e-05
-0.00208336
0.00210203
7.5007e-06
-1.27075e-06
-0.00125503
0.00126127
2.96709e-06
-3.36137e-06
-2.81145e-06
4.89244e-06
-0.000307057
0.00031056
-6.32226e-08
-0.000310231
-5.9003e-07
0.000306933
-1.53216e-07
1.33966e-06
-8.73718e-05
8.68998e-05
-8.80135e-05
8.67716e-05
2.70279e-05
0.00924323
3.09485e-05
0.0115607
1.02917e-05
0.0131892
-2.68409e-05
0.0141454
-6.90281e-05
0.0144812
-9.12459e-05
0.0142318
-0.000102328
0.013395
-9.13346e-05
0.0119132
-7.24003e-05
0.009774
-5.49344e-05
0.00702065
-3.89898e-05
0.00388636
-2.28367e-05
0.00108099
0.00641242
2.84878e-05
-1.34159e-05
-0.00208738
0.00210906
7.02761e-06
-7.19908e-08
-0.00125795
0.00126624
3.05132e-06
-3.70764e-06
-2.31067e-06
4.67314e-06
-0.000307735
0.000310936
-3.9909e-07
-0.000310908
-5.75665e-07
0.000307528
-1.45016e-07
1.26791e-06
-8.75155e-05
8.74007e-05
-8.80959e-05
8.67562e-05
2.49462e-05
0.00923815
1.6145e-05
0.0115437
-1.63306e-05
0.0131726
-6.34089e-05
0.0141385
-0.000101418
0.0144902
-0.000122859
0.0142518
-0.000112449
0.0134165
-9.93304e-05
0.0119415
-8.10959e-05
0.00980085
-6.07229e-05
0.00704239
-4.63134e-05
0.00390898
-2.34905e-05
0.00110345
0.00641858
2.92682e-05
-1.05011e-05
-0.00209592
0.00211732
7.43069e-06
4.08065e-07
-0.00126312
0.00126999
3.40346e-06
-3.69204e-06
-2.11387e-06
4.68939e-06
-0.000309426
0.000312684
-2.79291e-08
-0.000312313
-5.61619e-07
0.000308881
-1.10933e-07
1.36462e-06
-8.77762e-05
8.73225e-05
-8.84382e-05
8.71702e-05
2.46418e-05
0.00924103
4.64816e-06
0.0115354
-4.80544e-05
0.0131643
-0.000103831
0.0141417
-0.00014224
0.0145099
-0.000137937
0.0142777
-0.000124318
0.0134415
-0.00010509
0.0119653
-8.21113e-05
0.00982211
-6.58593e-05
0.00706189
-4.91276e-05
0.00393336
-2.11266e-05
0.00112278
0.00642231
2.62135e-05
-9.02843e-06
-0.00210434
0.00212432
7.80395e-06
1.29462e-06
-0.00126865
0.00127672
3.4484e-06
-3.92755e-06
-2.22767e-06
4.49531e-06
-0.00031023
0.000314018
-3.6745e-07
-0.000313694
-5.39295e-07
0.000310379
-8.27764e-08
1.18322e-06
-8.81041e-05
8.80946e-05
-8.86207e-05
8.72561e-05
1.04403e-05
0.00922298
-3.73051e-05
0.0115127
-0.000107317
0.0131614
-0.00016365
0.0141621
-0.000169777
0.0145413
-0.000156187
0.0143095
-0.000131484
0.0134682
-0.000104981
0.0119887
-8.70912e-05
0.00984308
-7.0229e-05
0.00708186
-4.76414e-05
0.00395797
-1.54736e-05
0.00113642
0.00641584
2.24942e-05
-5.75335e-06
-0.00211383
0.0021325
7.18424e-06
1.87837e-06
-0.00127495
0.00128085
3.23639e-06
-2.4462e-06
-1.6492e-06
4.04118e-06
-0.000312469
0.00031621
-8.4832e-08
-0.000315577
-4.49218e-07
0.000312137
-6.11101e-08
1.25123e-06
-8.85146e-05
8.81423e-05
-8.91247e-05
8.79415e-05
-9.61709e-06
0.00920807
-8.67169e-05
0.0115055
-0.000177157
0.0131818
-0.000211379
0.0142043
-0.000192369
0.0145776
-0.000155444
0.0143336
-0.000125947
0.0134888
-0.000102883
0.0120036
-8.81358e-05
0.00985981
-7.08967e-05
0.00710392
-4.21474e-05
0.00398292
-9.22053e-06
0.00114402
0.00639694
1.17392e-05
-5.44297e-06
-0.00212348
0.00213723
6.71979e-06
1.68595e-06
-0.00128096
0.00128778
2.63889e-06
-2.74781e-06
-1.61264e-06
3.72454e-06
-0.000314471
0.000317526
-4.03515e-08
-0.000316728
-6.92168e-07
0.000314159
3.71435e-09
1.19098e-06
-8.90323e-05
8.89688e-05
-8.94067e-05
8.81555e-05
-5.93286e-05
0.00916927
-0.000181158
0.0114987
-0.000252931
0.0132185
-0.000238022
0.0142498
-0.000186004
0.014608
-0.000146648
0.014354
-0.000117575
0.013503
-0.000101778
0.0120167
-8.74756e-05
0.00987532
-6.37929e-05
0.0071243
-3.46563e-05
0.0040067
-2.61776e-06
0.00114498
0.00635038
-3.08552e-06
-7.90043e-06
-0.00213104
0.00214029
2.90176e-06
1.2431e-06
-0.0012853
0.00129002
2.08046e-06
-1.66561e-06
-9.03751e-07
4.0859e-06
-0.000316666
0.000319395
-8.98478e-08
-0.000318853
-2.99067e-07
0.000316097
-1.50826e-08
1.09805e-06
-8.92535e-05
8.91321e-05
-9.00549e-05
8.88639e-05
-0.000136212
0.00913886
-0.000285179
0.0115443
-0.000295159
0.013281
-0.000232282
0.0142952
-0.000170847
0.0146311
-0.000129882
0.0143652
-0.000107232
0.0135071
-9.36238e-05
0.0120215
-7.74723e-05
0.00988777
-5.55728e-05
0.0071442
-2.23837e-05
0.00402513
1.59159e-06
0.00114188
0.00627261
-3.81676e-05
-2.12231e-05
-0.00213297
0.0021308
-1.42014e-06
-1.59975e-06
-0.00128965
0.00129346
1.71713e-06
-2.42646e-06
-9.8052e-07
2.98489e-06
-0.000318609
0.000320456
-1.45831e-07
-0.000320444
-5.59945e-07
0.000317816
4.86064e-08
1.05118e-06
-9.00184e-05
8.98739e-05
-9.02661e-05
8.9168e-05
-0.000290802
0.00913511
-0.0003595
0.0116008
-0.000280817
0.0133264
-0.000195497
0.0143194
-0.000141193
0.0146418
-0.000106483
0.0143637
-9.17107e-05
0.0135045
-8.32258e-05
0.0120266
-6.71035e-05
0.00989857
-4.36101e-05
0.0071645
-1.31993e-05
0.00403842
2.54977e-06
0.0011375
0.00618471
-0.000126683
-7.4143e-05
-0.00212057
0.00210139
-1.73078e-05
-9.71227e-06
-0.00128935
0.00128853
9.35563e-07
-1.69173e-06
-8.02552e-07
2.73582e-06
-0.000319988
0.000322499
-4.7801e-07
-0.000321779
-2.45255e-07
0.000319581
8.66662e-08
9.5679e-07
-9.00829e-05
8.97987e-05
-9.08088e-05
8.97576e-05
-0.000407887
0.00919739
-0.000319355
0.0116496
-0.000218414
0.0133513
-0.00015108
0.0143268
-0.000106727
0.01464
-8.71252e-05
0.0143577
-7.53525e-05
0.0134955
-6.71065e-05
0.0120259
-5.54971e-05
0.00990973
-3.15439e-05
0.00718187
-7.90651e-06
0.00404741
7.67686e-07
0.00113497
0.00621592
-0.000217065
-0.000221935
-0.00206358
0.00201012
-7.4155e-05
-3.72501e-05
-0.0012795
0.00126698
-1.0363e-06
-2.6383e-06
-1.06602e-06
1.43437e-06
-0.000321202
0.00032274
-3.45163e-07
-0.000322924
-3.61697e-07
0.000321294
3.55622e-08
8.75542e-07
-9.07377e-05
9.03037e-05
-9.09123e-05
8.99555e-05
-0.000348119
0.00922035
-0.000225573
0.0116523
-0.000150505
0.0133494
-0.000105501
0.0143256
-7.84479e-05
0.0146313
-6.72823e-05
0.0143498
-6.28089e-05
0.0134912
-5.68542e-05
0.0120269
-4.04032e-05
0.00991786
-2.15694e-05
0.00719443
-4.5864e-06
0.00405096
-4.90887e-06
0.00113776
0.00618201
-7.7106e-05
-0.000234919
-0.0019518
0.00193649
-0.000200296
-0.000162765
-0.00123268
0.0011742
-1.29159e-05
-3.72171e-06
-1.34538e-06
-2.28671e-06
-0.000321889
0.000322227
-8.34181e-07
-0.000323492
-2.81783e-07
0.000322231
8.69732e-08
5.73255e-07
-9.06579e-05
9.03783e-05
-9.11175e-05
9.0242e-05
-0.000181618
0.0091863
-0.000131302
0.0116396
-9.70434e-05
0.0133409
-6.78149e-05
0.0143124
-5.25496e-05
0.0146152
-4.55667e-05
0.0143317
-4.56682e-05
0.0134793
-4.16781e-05
0.0120276
-3.02647e-05
0.00992565
-1.28778e-05
0.0072014
-7.0621e-06
0.00405134
-1.23662e-05
0.00114824
0.00608833
1.48905e-05
-0.000103175
-0.0018595
0.00183985
-5.85089e-05
-0.000158486
-0.00107414
0.00102484
-7.21046e-05
-7.80232e-05
-1.8092e-05
-4.41944e-05
-0.000314711
0.000304346
-2.94315e-06
-0.000317903
-1.20034e-06
0.000320719
-2.93258e-07
2.02277e-07
-9.11033e-05
9.03831e-05
-9.12114e-05
9.06382e-05
-8.08945e-05
0.0091338
-7.08934e-05
0.0116133
-5.40755e-05
0.0133287
-3.79192e-05
0.0142994
-2.89934e-05
0.0145998
-2.69385e-05
0.0143137
-2.83405e-05
0.013466
-2.48972e-05
0.0120214
-1.93511e-05
0.00993092
-1.40484e-05
0.00720694
-1.69942e-05
0.00405402
-2.01997e-05
0.00116654
0.00602788
3.57557e-05
-5.4802e-05
-0.00176921
0.00178653
-2.1181e-06
-3.22128e-05
-0.000943388
0.000893234
3.86867e-06
-1.29617e-05
-6.17051e-05
-1.5949e-05
-0.000205415
0.000178631
-4.5146e-05
-0.000258005
-2.50731e-05
0.000290981
-4.57771e-06
-1.10658e-05
-8.88046e-05
8.5698e-05
-9.01487e-05
8.99464e-05
-3.36534e-05
0.00910334
-3.19505e-05
0.011595
-2.4366e-05
0.0133146
-1.5432e-05
0.014284
-9.85386e-06
0.0145813
-1.14054e-05
0.0142953
-1.16605e-05
0.0134513
-1.81316e-05
0.012019
-1.58424e-05
0.00993142
-1.89919e-05
0.00720752
-2.55362e-05
0.00405783
-2.78752e-05
0.00119321
0.00599937
3.84477e-05
-4.2614e-05
-0.00174211
0.00177119
5.67857e-06
-1.09088e-05
-0.00086254
0.000860636
4.52628e-06
-4.92598e-06
-5.74405e-06
4.68215e-06
-8.77028e-05
9.14785e-05
-0.000100806
0.000116755
-4.50973e-05
-7.0117e-05
8.11828e-05
-1.1567e-05
0.00908426
-1.08802e-05
0.0115844
-1.78495e-06
0.013304
1.06365e-05
0.0142652
1.15605e-05
0.014559
8.42457e-06
0.0142752
-5.15649e-06
0.0134375
-9.78901e-06
0.0120115
-1.81492e-05
0.00992921
-2.57061e-05
0.0072065
-3.69671e-05
0.00406566
-3.40566e-05
0.00122648
0.00598966
4.06458e-05
-4.11045e-05
-0.00173633
0.00176788
7.29736e-06
-7.54889e-06
-0.000849716
0.000854646
3.95748e-06
-4.05372e-06
-4.34579e-06
4.19963e-06
-8.56485e-05
9.02706e-05
-9.04954e-05
8.58133e-05
3.67193e-06
0.00907438
5.88785e-06
0.0115788
1.70183e-05
0.0132957
2.61509e-05
0.0142474
2.9128e-05
0.0145353
1.80433e-05
0.0142492
8.54466e-06
0.013417
-8.25989e-06
0.0120003
-2.17767e-05
0.00992423
-3.58516e-05
0.00720469
-4.831e-05
0.00407957
-3.90862e-05
0.00126582
0.00599239
4.19074e-05
-3.96991e-05
-0.00173332
0.00176668
6.62766e-06
-6.62637e-06
-0.000847237
0.000854941
4.09053e-06
-4.17586e-06
-3.85103e-06
4.0291e-06
-8.59614e-05
8.9942e-05
-9.00699e-05
8.58703e-05
1.03343e-05
0.00907279
2.23174e-05
0.011577
3.45413e-05
0.0132895
4.26909e-05
0.014234
4.38378e-05
0.0145088
2.91126e-05
0.0142277
5.10872e-06
0.0134026
-1.42096e-05
0.0119919
-3.3332e-05
0.00992124
-4.80641e-05
0.00720425
-5.77021e-05
0.00409836
-4.40684e-05
0.00131077
0.00600015
4.44309e-05
-4.08045e-05
-0.00173299
0.00176688
8.11025e-06
-6.02728e-06
-0.000848366
0.000854793
4.26279e-06
-4.38636e-06
-4.17317e-06
4.21572e-06
-8.60771e-05
9.03481e-05
-9.01863e-05
8.61572e-05
1.8177e-05
0.00907816
3.52856e-05
0.0115739
5.02969e-05
0.0132763
5.7627e-05
0.0142144
4.79615e-05
0.0144858
3.42615e-05
0.0141959
9.33221e-06
0.0133776
-1.58813e-05
0.0119741
-4.15901e-05
0.00991482
-5.92719e-05
0.00720623
-6.767e-05
0.0041231
-4.98081e-05
0.00136263
0.00601025
4.86293e-05
-3.98621e-05
-0.00173303
0.00176825
9.04617e-06
-6.83344e-06
-0.000848756
0.000857203
4.58696e-06
-4.61219e-06
-4.31969e-06
4.41855e-06
-8.60063e-05
9.02811e-05
-9.03916e-05
8.61759e-05
3.01898e-05
0.00908687
5.0929e-05
0.0115782
6.34361e-05
0.0132728
7.23205e-05
0.0141899
6.14369e-05
0.0144583
3.40117e-05
0.0141713
1.16704e-06
0.0133608
-2.60008e-05
0.0119588
-5.09253e-05
0.00990707
-7.02294e-05
0.00720976
-7.72902e-05
0.00415233
-5.72409e-05
0.00142255
0.00602374
5.28675e-05
-3.91501e-05
-0.00173369
0.00177138
1.01678e-05
-5.4261e-06
-0.00085049
0.000859286
4.95423e-06
-4.76832e-06
-4.80978e-06
4.85073e-06
-8.58071e-05
9.05091e-05
-9.03996e-05
8.5981e-05
3.68943e-05
0.00909562
5.67129e-05
0.0115768
7.51826e-05
0.0132616
7.45135e-05
0.0141712
5.73278e-05
0.0144324
2.96873e-05
0.014142
-2.47157e-06
0.0133373
-3.63381e-05
0.0119447
-6.1472e-05
0.00989932
-8.35517e-05
0.00721759
-8.94037e-05
0.00418706
-6.56886e-05
0.00149173
0.00603912
5.65994e-05
-3.59617e-05
-0.00173635
0.00177499
1.15594e-05
-4.5998e-06
-0.00085372
0.000862843
5.40624e-06
-4.93633e-06
-5.02054e-06
5.17857e-06
-8.5831e-05
9.08098e-05
-9.05746e-05
8.57239e-05
4.81649e-05
0.00911051
7.38372e-05
0.0115868
8.55007e-05
0.0132561
8.12981e-05
0.0141501
5.99562e-05
0.0144041
2.44427e-05
0.0141166
-1.02071e-05
0.0133121
-4.57153e-05
0.0119298
-7.32047e-05
0.00989032
-9.37211e-05
0.00722399
-0.000104084
0.00422847
-7.50287e-05
0.00157036
0.00605802
5.86111e-05
-3.55518e-05
-0.00174116
0.00178108
1.28522e-05
-3.57167e-06
-0.000857996
0.000866661
5.80219e-06
-5.10367e-06
-5.40239e-06
5.4429e-06
-8.60174e-05
9.13894e-05
-9.09608e-05
8.57823e-05
5.30843e-05
0.00912173
7.76886e-05
0.0115852
8.87386e-05
0.0132423
7.70301e-05
0.0141301
5.21647e-05
0.0143752
1.60152e-05
0.0140898
-2.29773e-05
0.0132896
-5.28144e-05
0.0119106
-8.45244e-05
0.00988286
-0.000107724
0.00722991
-0.000116965
0.00427356
-8.33854e-05
0.00165702
0.00608189
6.05545e-05
-3.169e-05
-0.00174716
0.00178801
1.33041e-05
-2.85595e-06
-0.000861722
0.00087088
6.01724e-06
-5.22012e-06
-5.19586e-06
5.74117e-06
-8.61737e-05
9.16488e-05
-9.13538e-05
8.59109e-05
6.56731e-05
0.00914266
9.18195e-05
0.011593
9.54011e-05
0.0132316
7.91926e-05
0.0141071
4.65411e-05
0.0143467
9.53607e-06
0.0140588
-2.93849e-05
0.0132675
-6.64303e-05
0.0118939
-9.63416e-05
0.00987332
-0.000123068
0.00723833
-0.000130941
0.00432381
-9.01697e-05
0.00174954
0.00610867
6.36653e-05
-2.91266e-05
-0.00175643
0.00179881
1.38151e-05
-2.10055e-06
-0.000866759
0.000875902
6.10383e-06
-5.30695e-06
-5.24445e-06
5.80007e-06
-8.65333e-05
9.21554e-05
-9.19743e-05
8.62332e-05
7.66519e-05
0.00915043
9.04899e-05
0.0115914
8.57197e-05
0.0132201
6.70461e-05
0.0140833
3.37039e-05
0.0143208
-5.7041e-06
0.0140345
-4.20816e-05
0.0132436
-8.16979e-05
0.0118806
-0.000110004
0.00986205
-0.000133338
0.00724267
-0.000139672
0.00437524
-8.77869e-05
0.00183882
0.00612992
7.44516e-05
-1.59248e-05
-0.0017698
0.00181498
1.56899e-05
-8.58686e-07
-0.000871854
0.000881996
5.70966e-06
-4.85579e-06
-5.06526e-06
5.75546e-06
-8.70067e-05
9.25467e-05
-9.25129e-05
8.67128e-05
8.86539e-05
0.00916429
9.10636e-05
0.0115976
8.37399e-05
0.0132098
5.57456e-05
0.014064
2.22796e-05
0.0142945
-1.75601e-05
0.0140118
-5.68579e-05
0.01322
-8.9586e-05
0.0118608
-0.000120077
0.00984975
-0.000140907
0.00724514
-0.000142858
0.00443134
-6.29724e-05
0.00190242
0.00614846
7.25733e-05
-8.90062e-07
-0.0017929
0.00184165
2.4089e-05
4.83773e-06
-0.000880093
0.000892841
5.60308e-06
-4.45763e-06
-4.89619e-06
5.5031e-06
-8.7725e-05
9.30085e-05
-9.29097e-05
8.71543e-05
7.86318e-05
0.0091714
7.88459e-05
0.0115948
6.48688e-05
0.0131943
4.1957e-05
0.0140408
6.55765e-06
0.0142686
-3.26889e-05
0.0139866
-7.10923e-05
0.0132017
-0.000105678
0.0118473
-0.000124055
0.00983397
-0.000140123
0.00724366
-0.000105031
0.00447416
1.63075e-05
0.00617611
7.04948e-05
-1.45189e-05
-0.00182622
0.00187728
1.1923e-05
1.17579e-05
1.52901e-05
-0.000895752
0.00091715
4.79507e-06
-2.48081e-06
-3.81342e-06
4.76284e-06
-8.89107e-05
9.40925e-05
-9.34922e-05
8.79891e-05
7.21057e-05
0.00918803
7.02383e-05
0.0115991
5.50341e-05
0.0131867
2.40311e-05
0.0140259
-1.39795e-05
0.0142503
-5.45067e-05
0.0139693
-8.8347e-05
0.0131843
-0.000109092
0.0118332
-0.000122722
0.00981717
-9.95719e-05
0.00723858
-1.41382e-05
0.00620488
6.66143e-05
-2.42641e-05
-0.00185307
0.00190515
1.63209e-05
2.40811e-06
1.3416e-05
-3.80533e-06
-0.000581848
0.000599782
-5.28872e-06
-0.000555989
-1.33548e-05
0.000375442
-1.41868e-06
3.51807e-06
-9.20649e-05
9.67175e-05
-9.47942e-05
9.00314e-05
5.59549e-05
0.00919469
5.44388e-05
0.011591
3.47639e-05
0.0131688
6.36631e-06
0.0140002
-3.33421e-05
0.0142257
-7.36399e-05
0.0139536
-0.000101306
0.0131779
-0.000108756
0.0118211
-8.5048e-05
0.00980363
-1.94868e-05
0.00623598
6.28943e-05
-3.42657e-05
-0.00187201
0.00192515
1.44412e-05
-8.95629e-07
1.24669e-05
-4.10251e-06
-0.000606657
0.000617869
4.26031e-06
-0.00060738
2.82793e-06
-0.000597936
3.94259e-06
-1.92308e-06
-0.000358265
0.000356693
-2.93778e-06
4.21211e-06
9.55548e-05
9.93245e-05
4.88793e-05
0.00920832
4.45559e-05
0.0115888
2.07388e-05
0.0131577
-1.94003e-05
0.0139865
-6.47662e-05
0.0142171
-9.79713e-05
0.0139517
-0.000113558
0.0131844
-8.50418e-05
0.0118221
-2.34994e-05
0.00626227
6.18068e-05
-4.05233e-05
-0.00188707
0.00193975
1.30813e-05
-2.76878e-06
1.06716e-05
-7.37803e-06
-0.000616064
0.000626702
2.87262e-06
-0.000618611
1.48139e-06
-0.000612033
5.26542e-06
1.51841e-06
-0.000360932
0.000364456
3.75642e-07
-0.000359267
9.7335e-07
-0.000356158
7.77275e-07
-1.3071e-06
-0.000103537
0.000100895
3.69423e-05
0.00920697
2.66994e-05
0.0115709
-6.40341e-06
0.0131338
-5.09855e-05
0.0139681
-9.67765e-05
0.0142173
-0.000124611
0.0139658
-0.000100367
0.0132015
-4.62476e-05
0.00628451
6.31293e-05
-4.50358e-05
-0.00189883
0.00195247
1.27197e-05
-4.14956e-06
9.28258e-06
-9.08022e-06
-0.000621328
0.000631635
1.92111e-06
-0.000625143
8.6951e-07
-0.00061878
3.65571e-06
3.20637e-07
-0.000368454
0.000371035
2.00735e-07
-0.000368305
8.21958e-07
-0.000364905
1.53591e-06
9.38848e-07
-0.000101334
0.000101564
-0.000100418
-9.95879e-05
3.62739e-05
0.00920544
1.44398e-05
0.0115575
-3.38043e-05
0.0131195
-9.46195e-05
0.0139682
-0.000140112
0.0142364
-0.000130189
0.0139978
-8.43442e-05
0.00630049
6.64202e-05
-4.85994e-05
-0.00190802
0.00196302
1.30068e-05
-4.4362e-06
9.26869e-06
-1.01783e-05
-0.00062419
0.000635042
1.16869e-06
-0.000628713
3.74759e-07
-0.00062322
3.36242e-06
-8.3982e-07
-0.000373083
0.000374978
-2.3344e-08
-0.000373271
4.60519e-07
-0.00037082
8.53841e-07
4.33337e-07
-0.000104681
0.000104719
-0.000103952
-0.000102503
2.73607e-05
0.00918323
-1.00736e-05
0.011527
-8.08881e-05
0.0131069
-0.000151386
0.0139849
-0.00016895
0.0142784
-0.000133801
0.0063061
7.30243e-05
-4.8068e-05
-0.00191534
0.00197296
1.39842e-05
-4.91809e-06
9.72034e-06
-1.05733e-05
-0.00062662
0.000637489
1.70328e-06
-0.000630917
-2.20112e-07
-0.000625372
3.23498e-06
-7.10224e-07
-0.000375718
0.000376939
-1.04314e-07
-0.000375979
1.56401e-07
-0.000373836
9.46283e-07
2.25758e-07
-0.000106296
0.00010609
-0.000105937
-0.000105153
2.75005e-05
0.00915558
-4.51252e-05
0.0115031
-0.000152668
0.0131166
-0.000214602
0.0140347
-0.000195547
0.00629728
8.2258e-05
-4.80367e-05
-0.0019239
0.00198409
1.60681e-05
-4.07792e-06
1.11306e-05
-1.05215e-05
-0.000629069
0.000640544
2.05409e-06
-0.00063424
3.0757e-07
-0.000627546
2.91463e-06
-7.03663e-07
-0.000376938
0.000379034
-3.27179e-07
-0.000377976
3.11957e-07
-0.00037596
8.76587e-07
1.65868e-07
-0.000107287
0.000107003
-0.00010721
-0.000106316
1.11615e-05
0.00909614
-0.000121152
0.0114712
-0.000255187
0.0131578
-0.00028325
0.00626519
9.39977e-05
-5.08833e-05
-0.00193208
0.00199693
1.8885e-05
-3.10346e-06
1.31616e-05
-1.00317e-05
-0.000632305
0.000644891
2.50087e-06
-0.000637561
8.52497e-07
-0.000630752
3.93077e-06
-9.09315e-07
-0.00037957
0.00038174
-2.69975e-07
-0.000379975
4.53776e-07
-0.000378139
9.49962e-07
1.69393e-07
-0.000108176
0.000107716
-0.000107972
-0.000107168
-3.56555e-05
0.00901425
-0.000261904
0.0114808
-0.000394112
0.00618603
0.000100791
-6.53142e-05
-0.00193901
0.00201129
2.13433e-05
-2.23797e-06
1.5123e-05
-9.08394e-06
-0.000636893
0.000650235
3.94519e-06
-0.000641902
1.14896e-06
-0.000634415
4.88258e-06
9.13602e-08
-0.000382908
0.000384673
1.25533e-07
-0.000383031
5.50194e-07
-0.000380507
1.06446e-06
2.02652e-07
-0.000109231
0.000108798
-0.00010882
-0.000107886
-0.000183045
0.00892657
-0.000501217
0.00604291
7.58645e-05
-0.00012504
-0.00193966
0.0020204
2.39358e-05
-7.53954e-06
1.71202e-05
-1.18765e-05
-0.000642551
0.00065708
5.34818e-06
-0.000648225
2.71871e-06
-0.000639824
5.68473e-06
9.06527e-07
-0.000386812
0.000389498
3.70531e-07
-0.000387176
7.40431e-07
-0.000384055
1.09854e-06
4.45686e-07
-0.000110405
0.000110209
-0.000109977
-0.000109001
-0.000526929
-6.18905e-05
-0.0002724
-0.00190687
0.00198256
2.12543e-05
-2.78966e-05
1.35919e-05
-2.62566e-05
-0.000643749
0.000662281
4.14481e-06
-0.000653496
1.39799e-06
-0.000643653
6.33584e-06
1.14056e-06
-0.000393054
0.000396314
1.1698e-06
-0.000392481
1.17024e-06
-0.000389359
1.83346e-06
7.57688e-07
-0.000112063
0.000112001
-0.000111558
-0.000110655
-0.00176555
-4.71063e-05
-6.80442e-05
-4.59077e-07
-5.76536e-05
-0.00063515
0.000664503
-1.02636e-05
-0.000652534
-1.13078e-05
-0.000640701
9.92851e-07
-4.88527e-06
-0.00039735
0.000399836
1.15656e-06
-0.000398616
1.87458e-06
-0.000395677
2.6573e-06
1.46574e-06
-0.000115311
0.000115956
-0.000114375
-0.000112758
-0.000614928
-5.78043e-05
-0.000647689
-3.78534e-05
-0.000632207
-1.76444e-05
-2.59959e-05
-0.00038711
0.000384066
-8.26395e-06
-0.000395083
-3.79644e-06
-0.000394609
2.15781e-07
2.39667e-07
-0.000121467
0.000122336
-0.00011984
-0.000117422
-0.000356316
-3.37443e-05
-0.000369597
-2.55581e-05
-0.000371297
-1.70747e-05
-1.36364e-05
-0.000118848
0.000110139
-0.000122712
-0.000122576
-5.31565e-05
-7.90967e-05
-9.65031e-05
1.76101e-05
-1.92895e-05
-1.00998e-05
3.00403e-05
8.63982e-05
-7.48799e-05
-3.44089e-05
-3.18673e-05
0.000111722
-3.892e-06
3.61572e-05
-2.73196e-05
-5.37646e-05
0.00018443
-0.00016539
-5.7786e-05
-4.57969e-05
0.000202406
-1.67958e-05
0.000130075
1.32116e-06
3.90794e-05
-4.07735e-05
-0.000157322
-1.55294e-05
-4.34101e-05
0.000616796
-0.000154315
-0.000561405
3.3122e-05
-9.05007e-05
0.000641825
0.000220983
-1.78021e-06
0.000140045
1.81911e-06
4.06681e-05
-3.51039e-05
-0.000142031
-5.95699e-06
-3.88613e-05
5.15882e-05
0.00222976
-0.00215927
-0.000304262
7.55973e-06
-0.000554556
0.00010249
-0.000308405
0.00238604
1.36628e-05
0.000726605
1.53534e-05
0.000234592
-1.57791e-06
0.000147411
-6.33679e-07
4.19578e-05
-0.000139529
7.23483e-08
-3.59263e-05
5.3661e-05
-0.000167224
0.00416682
-0.0041042
-0.000377933
8.75005e-06
-3.7877e-06
-0.000396917
0.00427596
9.12785e-06
-0.000224144
0.00257382
7.52021e-05
0.000730234
1.80881e-06
9.84438e-06
0.00024825
-3.04428e-06
0.000149814
-1.10141e-07
4.2306e-05
-0.000129513
3.26335e-06
-3.63839e-05
-0.000287193
0.0062791
-0.00620539
-0.000463283
-0.000129363
-0.000480523
0.00638046
-0.000349273
0.00443601
-0.000151198
-2.62271e-05
0.00273603
5.53249e-05
0.000795999
-3.13632e-07
1.3472e-05
0.0002476
3.67668e-06
0.000255061
0.000153643
8.95137e-07
4.22344e-05
4.19797e-07
-0.000406178
0.00823456
-0.00815848
-0.000549177
-0.000560674
0.00832988
-0.00045627
0.00651835
-0.000298184
0.00461199
0.000767825
-5.05004e-06
1e-05
-0.000117296
-8.4823e-05
0.00289366
6.00546e-05
0.000817428
-2.07701e-06
1.03569e-05
0.000256913
-8.5561e-07
0.000266981
3.28887e-06
0.000153945
-2.39124e-07
4.24845e-05
-0.000516383
0.00988649
-0.00982339
-0.00062181
-0.000628787
0.00996665
-0.000548369
0.00844946
-0.000428969
0.00667717
-0.000280349
0.00479109
0.000259426
2.33268e-06
0.000264532
4.36351e-06
0.000773677
-4.16928e-05
-0.000170193
-5.88283e-05
0.00302406
0.000102674
0.000826644
3.69428e-06
0.000260868
3.52505e-06
0.000251571
2.00484e-05
0.000156697
-1.86058e-06
4.37207e-05
-0.000604667
0.0111903
-0.0111495
-0.000672051
-0.000674163
0.0112464
-0.000617946
0.0100608
-0.000532176
0.00857838
-0.000421713
0.00683536
-0.000315789
0.0049456
0.000156742
0.000160238
1.24769e-06
0.000395629
-0.000182447
-9.2757e-06
4.3504e-06
0.000777177
-1.09859e-05
-0.000267184
-3.10414e-05
0.00315702
0.000174953
0.000850018
2.61604e-05
0.000398769
6.83401e-06
-7.41475e-06
0.000162919
1.72737e-06
7.97766e-07
4.51734e-05
-0.000665784
0.012173
-0.0121578
-0.00069675
-0.000693112
0.0122006
-0.000660099
0.0113112
-0.000604158
0.0101572
-0.000528548
0.008702
-0.000444424
0.00697359
-0.000381798
0.00507109
3.85421e-05
-4.77877e-05
4.27669e-05
0.00038579
-8.10775e-06
7.70347e-06
0.000808539
1.07993e-05
-0.000343834
3.13699e-05
0.00325909
0.000228556
0.000909793
7.30496e-05
0.000409684
9.87277e-06
-8.3907e-06
-3.53522e-05
4.18304e-05
4.699e-05
-0.000697064
0.0128929
-0.0129018
-0.000697546
-0.000690764
0.0128991
-0.000677821
0.0122388
-0.000645348
0.0113754
-0.000599394
0.0102449
-0.000539748
0.00880775
-0.000482007
0.00708265
-0.00042695
0.00516687
3.36309e-05
4.11783e-05
0.000417953
-9.76532e-06
1.10879e-05
0.000867219
7.78622e-05
-0.000303739
6.07569e-06
0.00341186
0.000163333
0.000977861
0.000123343
0.000476022
2.4041e-05
-7.65153e-06
-3.27876e-05
4.22913e-05
-0.000702469
0.0134253
-0.0134536
-0.000678064
-0.000668088
0.0134094
-0.000671127
0.012912
-0.000660266
0.0122756
-0.000637289
0.0114297
-0.000600604
0.0103159
-0.000556909
0.00889112
-0.000503998
0.00716836
-0.000407751
0.00527764
3.25431e-05
4.36179e-05
0.000495993
8.49567e-06
5.10792e-05
0.00095024
4.02662e-05
-0.000225764
-4.99802e-05
0.00355758
0.000132016
0.00106339
5.39832e-05
0.000565458
3.58325e-05
2.2233e-05
-3.59664e-05
5.99865e-05
-0.000685654
0.0138301
-0.0138749
-0.000642681
-0.000632767
0.0138017
-0.000649717
0.013406
-0.000652194
0.012925
-0.000646566
0.0123009
-0.0006312
0.0114705
-0.000604211
0.0103702
-0.000563479
0.00895764
-0.000490151
0.00725589
-0.000353239
0.00540406
6.85711e-05
9.6975e-05
2.31141e-05
0.000597277
-5.62433e-06
1.89256e-05
0.00101537
-3.75699e-07
-0.000183174
-5.8334e-05
0.0036703
0.000119045
0.00111015
3.57206e-05
0.000649927
1.70306e-05
-1.24191e-05
-0.00011106
0.000139875
9.02418e-06
8.7672e-06
-0.000652264
0.0141578
-0.0142142
-0.000595199
-0.00058564
0.0141165
-0.000613202
0.013783
-0.000628044
0.0134017
-0.000636677
0.0129308
-0.000637568
0.0123171
-0.000626428
0.0114993
-0.000602921
0.0104146
-0.00055336
0.00902405
-0.000456538
0.00735826
-0.000313802
0.00552764
2.32112e-05
0.0001361
1.90404e-07
0.000152885
4.0733e-06
0.000649469
-1.50782e-05
1.6162e-05
0.0010554
-5.1898e-06
-0.000172304
-4.6182e-05
0.00376399
0.000110079
0.00114113
3.06008e-05
0.000680581
1.70247e-05
-1.33563e-05
-0.000143894
0.000160034
2.93521e-06
-2.3427e-06
-3.19784e-05
4.15694e-05
-0.000604882
0.0144331
-0.0144999
-0.000537663
-0.000528174
0.014382
-0.000566082
0.0140856
-0.000590515
0.0137649
-0.000610754
0.0133909
-0.00062424
0.0129271
-0.000627279
0.0123236
-0.000619249
0.0115197
-0.000591664
0.010455
-0.000531532
0.0090977
-0.000425287
0.00746394
-0.000297626
0.00564297
4.21849e-05
4.66262e-05
0.000147839
-2.01415e-06
0.000161096
3.14419e-06
0.000671839
-1.2726e-05
1.4666e-05
0.00109605
-3.1806e-06
-0.000190976
-2.34372e-05
0.00385114
0.00011039
0.00117301
2.90792e-05
0.000696833
1.4562e-05
-1.02842e-05
-0.000150281
0.000164023
2.72196e-06
-2.58287e-06
-4.42835e-05
4.78229e-05
-0.00054658
0.0146799
-0.0147543
-0.000471244
-0.00046408
0.0146208
-0.000510501
0.0143428
-0.000544148
0.0140576
-0.000573149
0.0137421
-0.000596439
0.0133722
-0.00061084
0.0129161
-0.000615578
0.012323
-0.000607386
0.0115367
-0.000575801
0.0104979
-0.000506864
0.00917417
-0.000406975
0.00756476
-0.000306019
0.00574793
4.59097e-05
4.90392e-05
0.000152548
-1.82169e-06
0.000164074
2.5218e-06
0.000690002
-9.80512e-06
1.18243e-05
0.00114315
3.89737e-06
-0.000248295
1.98257e-05
0.00391834
0.000148552
0.00121614
3.33634e-05
0.000712148
1.18084e-05
-6.95802e-06
-0.000155465
0.000167251
2.20548e-06
-2.00523e-06
-4.64563e-05
4.90372e-05
-0.00047964
0.0149058
-0.0149876
-0.000398245
-0.000393421
0.0148407
-0.000448836
0.0145742
-0.000490373
0.0143073
-0.000527477
0.0140259
-0.000558243
0.0137129
-0.000582559
0.0133488
-0.00059789
0.0129011
-0.00060343
0.0123198
-0.000593311
0.0115528
-0.000555462
0.0105422
-0.000487791
0.0092481
-0.000402282
0.0076528
-0.000332358
0.00582573
4.70785e-05
4.94803e-05
0.000158561
-1.34832e-06
0.000167819
1.9912e-06
0.000710486
-6.02816e-06
9.31298e-06
0.00120645
2.63116e-05
-0.000305197
0.000103151
0.00393468
0.000184273
0.00127736
7.13124e-05
0.000736861
9.42818e-06
-4.26176e-06
-0.000161754
0.000170703
1.66882e-06
-1.3219e-06
-4.7475e-05
4.95196e-05
-0.000405116
0.0151172
-0.0152041
-0.000319687
-0.000316808
0.0150453
-0.000379886
0.0147872
-0.000430481
0.0145314
-0.00047386
0.0142675
-0.000511641
0.0139877
-0.000544644
0.0136797
-0.000568316
0.0133213
-0.000584545
0.0128827
-0.000589722
0.0123147
-0.000574631
0.0115682
-0.00053527
0.010584
-0.00047092
0.00931046
-0.000402733
0.00771983
-0.00034472
0.00587038
4.80761e-05
4.99078e-05
0.000164809
-8.65717e-07
0.000171825
1.53562e-06
0.000752131
-3.01883e-06
1.10483e-05
0.00127241
0.000104652
-0.000258242
0.000109599
0.00399375
0.000106812
0.00131781
0.000136731
0.000793931
2.25196e-05
2.76963e-06
-0.000168015
0.000175395
1.31182e-06
-8.51128e-07
-4.85859e-05
4.99174e-05
-0.000323723
0.0153152
-0.015408
-0.000235453
-0.000234926
0.0152389
-0.000307004
0.0149865
-0.00036456
0.0147384
-0.000415495
0.0144861
-0.000461056
0.0142253
-0.000499751
0.0139471
-0.000530705
0.0136441
-0.000554913
0.0132919
-0.000570634
0.0128622
-0.000572476
0.0123093
-0.000553634
0.0115819
-0.00051114
0.0106193
-0.000452372
0.00935805
-0.000388769
0.00776851
-0.000303779
0.00592978
4.88804e-05
5.02632e-05
0.000172175
-1.6594e-07
0.000180269
1.84824e-06
0.000817031
2.50239e-05
5.21549e-05
0.00133047
0.000101045
-0.000155662
2.80722e-05
0.00409854
4.76411e-05
0.00138185
6.17389e-05
0.000838794
5.95178e-05
5.59299e-05
-0.000181016
0.000195146
5.48394e-06
1.1633e-06
-4.94121e-05
5.05123e-05
-0.000236896
0.0154954
-0.0155914
-0.000146429
-0.000149367
0.0154142
-0.000228365
0.0151748
-0.000294178
0.0149322
-0.000352218
0.0146881
-0.000404661
0.0144374
-0.000449002
0.0141787
-0.000486132
0.0139042
-0.000516995
0.0136064
-0.000540954
0.0132608
-0.000553556
0.0128404
-0.0005502
0.0123018
-0.000525732
0.0115927
-0.000481661
0.0106472
-0.000424198
0.0093975
-0.000348139
0.00782107
-0.000230309
0.0060128
5.01643e-05
5.1671e-05
0.000205026
1.33074e-05
0.000223984
3.10378e-05
0.000875802
4.18411e-05
2.39742e-05
0.00139569
2.35274e-05
-8.71809e-05
-1.78776e-05
0.00417393
3.57117e-05
0.00143386
1.65158e-05
0.000921427
6.93497e-06
1.54434e-05
-0.000239229
0.000256579
3.89474e-05
3.98413e-05
-5.28343e-05
5.74464e-05
-0.000146162
0.0156536
-0.0157533
-5.47132e-05
-6.00094e-05
0.0155696
-0.000145783
0.0153452
-0.000218926
0.0151159
-0.000285123
0.0148773
-0.000343371
0.0146346
-0.00039366
0.0143859
-0.000437058
0.0141313
-0.000473493
0.0138607
-0.000503075
0.0135673
-0.000523634
0.0132283
-0.00053083
0.0128177
-0.000520302
0.0122932
-0.000492236
0.0116025
-0.000446928
0.010673
-0.000382754
0.0094393
-0.00029024
0.007888
-0.00016646
0.00609455
6.99817e-05
0.000100483
0.000276408
2.33772e-05
0.000287886
1.17696e-05
0.000946126
2.63322e-06
2.75753e-06
0.00142161
-9.46936e-07
-1.66477e-05
-4.48647e-05
0.00423116
6.51061e-07
0.00144826
8.59545e-06
0.000970382
7.55919e-07
-2.66915e-06
-0.000297803
0.000302673
2.30456e-06
5.93432e-06
-0.000114385
0.000140559
1.23384e-05
2.53682e-05
-5.27015e-05
0.015781
-0.0158816
3.8771e-05
3.06287e-05
0.015695
-6.00564e-05
0.0154982
-0.00013989
0.0152815
-0.000212573
0.0150556
-0.000277874
0.0148191
-0.000334249
0.014579
-0.000383187
0.0143335
-0.000424497
0.0140825
-0.000460039
0.0138165
-0.00048634
0.0135277
-0.000501152
0.0131956
-0.000500692
0.0127956
-0.00048443
0.0122848
-0.000452262
0.0116102
-0.000405134
0.0106986
-0.000336451
0.00948719
-0.000240258
0.00796033
-0.000114079
0.00618776
0.000157172
5.89697e-06
0.000166902
2.1584e-06
0.00030652
1.59627e-06
0.000310489
9.87971e-07
0.000974982
-5.4353e-06
2.89466e-06
0.00140759
-6.68219e-06
2.74628e-05
-9.91582e-05
0.00429788
0.00136696
3.85744e-05
0.000984457
5.48849e-06
-6.46068e-06
-0.000310061
0.0003146
-3.03754e-07
-9.33194e-07
-0.0001723
0.000176121
2.33993e-07
8.41703e-07
-2.53682e-05
3.7458e-05
4.27633e-05
0.0158562
-0.0159554
0.000131343
0.000121945
0.0157714
2.77654e-05
0.0156205
-5.78172e-05
0.0154315
-0.000137524
0.0152183
-0.000208775
0.0149938
-0.000271796
0.0147602
-0.000326049
0.0145234
-0.000372842
0.0142818
-0.000412347
0.0140338
-0.000443827
0.0137718
-0.000463963
0.013488
-0.0004714
0.0131641
-0.000464688
0.0127755
-0.000445662
0.0122799
-0.000412319
0.0116201
-0.000363487
0.0107267
-0.00029435
0.00954042
-0.000200606
0.00804674
-8.6225e-05
0.00630184
4.33153e-05
4.55996e-05
0.00017835
7.90241e-07
0.000180727
2.64316e-07
0.000311784
-1.21057e-06
0.000315315
6.86551e-07
0.000978652
-5.44959e-06
2.62343e-06
-0.00103787
-5.26397e-05
0.00233139
2.19458e-05
-1.66068e-05
-4.35396e-05
0.00435846
-2.18113e-05
-0.000310363
0.000314434
1.8937e-06
-1.25093e-06
-0.000180785
0.000182765
-6.19237e-08
-2.73384e-09
-4.64413e-05
4.71285e-05
0.00013669
0.0158525
-0.0159467
0.00022122
0.000209274
0.0157709
0.000116197
0.0156965
2.66189e-05
0.0155511
-5.78622e-05
0.0153637
-0.000136098
0.0151526
-0.000205561
0.0149312
-0.000265057
0.0147006
-0.00031679
0.0144675
-0.000360896
0.0142294
-0.000396999
0.0139851
-0.000423118
0.0137286
-0.000435214
0.01345
-0.000435876
0.0131348
-0.000425262
0.0127562
-0.000405813
0.0122733
-0.000375491
0.011629
-0.000331331
0.0107579
-0.000269685
0.00960386
-0.000187768
0.00814762
-0.000117725
0.00640736
4.82984e-05
4.89985e-05
0.000182511
4.69418e-07
0.000183798
5.71898e-08
0.000304945
3.75638e-06
0.00028998
1.69091e-05
0.000420187
-0.000470894
-6.17882e-06
1.66578e-06
-4.88565e-05
0.00230155
3.49928e-05
0.00043985
-3.27698e-06
4.76637e-06
-0.000101449
4.13215e-05
0.00442653
-0.000202808
-5.47306e-06
4.50719e-06
-0.000182768
0.000184074
7.289e-07
1.03039e-08
-4.89957e-05
4.97473e-05
0.000228344
0.0157265
-0.0158119
0.000302858
0.000289256
0.0156541
0.000200675
0.0157
0.000111035
0.0156273
2.31035e-05
0.0154818
-6.05533e-05
0.0152951
-0.00013527
0.015086
-0.000201004
0.0148687
-0.000257615
0.0146416
-0.000306278
0.0144121
-0.000346727
0.0141774
-0.000376137
0.0139361
-0.000393923
0.0136856
-0.000400724
0.0134146
-0.000397944
0.0131083
-0.000388045
0.0127384
-0.000371942
0.0122665
-0.00034727
0.0116394
-0.0003114
0.0107967
-0.000260344
0.00967738
-0.000208459
0.00824244
-0.000180828
0.00649387
5.04407e-05
5.06024e-05
0.000185739
1.68897e-06
-4.73802e-07
4.48109e-05
-5.12295e-05
4.61969e-05
0.000393931
-6.21223e-06
2.11341e-06
-4.66883e-05
0.00234203
5.11186e-05
0.000426407
-3.20157e-06
5.78934e-06
4.27113e-05
4.76251e-05
-0.000201072
0.000158257
0.0044814
4.67223e-05
-5.24521e-05
-5.06127e-05
5.13756e-05
0.00031175
0.0154145
-0.0154836
0.000370011
0.000352547
0.015359
0.000277482
0.0155916
0.000192262
0.0156334
0.000103781
0.0155575
1.721e-05
0.0154113
-6.26132e-05
0.0152262
-0.00013407
0.0150207
-0.00019565
0.0148071
-0.000249229
0.0145839
-0.000293535
0.0143575
-0.000327235
0.0141266
-0.000349704
0.0138904
-0.000361483
0.0136459
-0.000364551
0.0133814
-0.000362258
0.0130804
-0.000357339
0.0127174
-0.000348629
0.0122588
-0.000332631
0.0116534
-0.00030639
0.0108417
-0.000273744
0.00974783
-0.000249359
0.00831891
-0.000248577
0.00655014
5.29259e-05
4.1333e-05
4.31939e-05
0.000383517
-6.77595e-06
2.9264e-06
-3.07044e-05
0.00242813
0.000109564
0.000432135
-3.75703e-06
7.3775e-06
3.98203e-05
4.58559e-05
-0.00026508
0.000250153
0.00450976
0.000381022
0.0148299
-0.0148727
0.000412048
0.000393355
0.0147984
0.00033895
0.0153105
0.000265733
0.0155317
0.000182124
0.0155667
9.52739e-05
0.0154866
1.22968e-05
0.0153403
-6.39777e-05
0.0151579
-0.000130947
0.0149566
-0.000189171
0.0147467
-0.000237697
0.0145268
-0.000275659
0.0143043
-0.000302489
0.0140779
-0.000318186
0.0138469
-0.000326218
0.0136077
-0.000330228
0.0133477
-0.000333244
0.0130503
-0.000335827
0.0126959
-0.000335107
0.0122554
-0.000330253
0.0116771
-0.000315159
0.0108885
-0.00030026
0.0098078
-0.000292329
0.00837219
-0.000286422
0.00657986
3.90902e-05
4.18638e-05
0.000405245
-7.69179e-06
5.27884e-06
4.37888e-05
0.00248384
0.000157248
0.000496409
-1.11679e-06
2.13481e-05
3.80352e-05
4.57507e-05
-0.000239514
0.000194634
0.00456663
0.000430241
0.0138649
-0.0138721
0.000421802
0.000397632
0.013869
0.000376879
0.0147737
0.000325466
0.0152652
0.000252867
0.0154717
0.000170455
0.0154986
8.64187e-05
0.0154161
7.93314e-06
0.0152706
-6.36999e-05
0.0150915
-0.000126155
0.0148935
-0.000179103
0.0146871
-0.000221648
0.0144713
-0.000251901
0.0142525
-0.00027247
0.0140318
-0.000285344
0.0138057
-0.000294883
0.0135689
-0.000303681
0.0133094
-0.000314825
0.0130176
-0.000326105
0.0126782
-0.000334371
0.0122589
-0.000334887
0.0117039
-0.000330989
0.0109293
-0.000324933
0.00985056
-0.000315226
0.00840961
-0.000275368
0.00662212
3.81904e-05
4.34779e-05
0.000485931
1.53846e-05
4.05265e-05
4.3511e-06
0.00259973
8.04848e-05
0.000578388
3.44703e-05
3.17328e-05
4.24304e-05
6.4136e-05
-0.000183254
0.000113299
0.00464577
0.000444484
0.0124245
-0.0123874
0.000386948
0.000362999
0.012471
0.00038245
0.0138766
0.000362472
0.014749
0.000310221
0.015218
0.000237938
0.0154103
0.000159506
0.0154301
8.00915e-05
0.0153464
5.76296e-06
0.0152024
-6.13046e-05
0.0150267
-0.000118211
0.014832
-0.000164162
0.0146284
-0.000199064
0.0144174
-0.000224452
0.0142042
-0.000241199
0.0139874
-0.000255126
0.0137631
-0.000269081
0.0135263
-0.000286488
0.0132698
-0.000306163
0.0129899
-0.000324485
0.0126686
-0.000338325
0.0122699
-0.000345247
0.0117293
-0.000345543
0.0109605
-0.000337693
0.00988124
-0.000308618
0.00844931
-0.000240729
0.00668453
7.98103e-05
9.79912e-05
2.24879e-05
0.000575565
-2.4689e-07
9.17785e-06
-4.31559e-05
0.00269662
6.45348e-05
0.000647444
-2.90172e-06
1.29739e-05
0.000121107
1.14613e-05
0.000144907
8.34589e-06
-0.000143705
8.01185e-05
0.00471656
0.000425272
0.0104634
-0.0103771
0.000312236
0.000288077
0.0105504
0.000349585
0.012516
0.00036819
0.0138823
0.000345381
0.0147226
0.000294275
0.015169
0.000224676
0.0153492
0.000149466
0.0153632
7.48499e-05
0.0152783
5.77715e-06
0.0151359
-5.4625e-05
0.0149628
-0.000105047
0.0147719
-0.000144782
0.0145733
-0.000173463
0.0143661
-0.000195008
0.0141574
-0.000213342
0.0139412
-0.000232318
0.0137159
-0.000254176
0.0134806
-0.000280036
0.0132341
-0.000306605
0.0129718
-0.000330038
0.012669
-0.000346542
0.0122834
-0.000353906
0.0117492
-0.000352042
0.0109839
-0.000333797
0.00991278
-0.000285761
0.00849887
-0.000208449
0.00675254
2.24856e-05
0.000144144
1.1006e-06
0.000151905
1.79612e-06
0.000610946
-1.13362e-05
6.2353e-06
-5.19411e-05
0.00276767
6.49665e-05
0.000669844
-6.02343e-06
1.28423e-05
0.000150114
-7.30286e-07
0.000161295
2.26057e-06
3.39967e-05
4.24791e-05
-0.000130733
6.93346e-05
0.00478378
0.000354722
0.00804186
-0.00792331
0.000197809
0.00018847
0.00815439
0.000282112
0.0106299
0.000338652
0.012556
0.000353586
0.0138834
0.000329373
0.014693
0.000279276
0.0151182
0.000213238
0.0152875
0.00014275
0.0152974
7.33054e-05
0.0152118
1.01124e-05
0.0150712
-4.39132e-05
0.0149009
-8.67332e-05
0.0147132
-0.00012027
0.0145199
-0.000146339
0.0143168
-0.000168536
0.0141087
-0.000191475
0.0138909
-0.000217528
0.0136663
-0.000248318
0.0134398
-0.000281167
0.0132091
-0.00031141
0.0129626
-0.0003353
0.0126715
-0.000350489
0.0122927
-0.000356429
0.0117629
-0.000349088
0.0110051
-0.000318766
0.00994925
-0.000263957
0.00855734
-0.000193407
0.00681823
4.36988e-05
4.55823e-05
0.00015158
-1.14528e-06
0.000157072
1.11386e-06
0.000624622
-1.228e-05
6.93426e-06
-5.27645e-05
0.00282893
6.44692e-05
0.000683582
-6.44665e-06
1.33304e-05
0.000152756
-1.32272e-06
0.000163806
2.18707e-06
4.49624e-05
4.73503e-05
-0.000128195
6.74378e-05
0.00485012
0.000259859
0.00537708
-0.0052459
9.05472e-05
9.19296e-05
0.00548643
0.000194199
0.00825517
0.000276234
0.0107027
0.000326096
0.0125905
0.000337317
0.0138807
0.000313515
0.014662
0.000265619
0.0150692
0.00020401
0.0152281
0.000138769
0.015233
7.54978e-05
0.0151464
1.97662e-05
0.0150074
-2.72006e-05
0.014841
-6.49103e-05
0.0146578
-9.49028e-05
0.0144675
-0.00012164
0.0142648
-0.000148575
0.0140543
-0.00017893
0.0138377
-0.000213495
0.0136215
-0.000249676
0.0134088
-0.000286017
0.0131943
-0.000316999
0.0129592
-0.000339425
0.0126741
-0.000351176
0.0122972
-0.000352562
0.0117721
-0.000338997
0.0110291
-0.000305564
0.00999365
-0.00024942
0.00861573
-0.000192874
0.00688524
4.63088e-05
4.75203e-05
0.00015314
-1.26911e-06
0.000159379
1.04065e-06
0.00063779
-1.25529e-05
6.91042e-06
-5.10385e-05
0.00288782
6.30119e-05
0.000696206
-6.22635e-06
1.31286e-05
0.00015458
-1.25897e-06
0.000166064
2.19989e-06
4.63069e-05
4.85877e-05
-0.000139871
7.04301e-05
0.00492469
0.000128777
0.00287969
-0.00277709
3.22431e-05
-2.56686e-05
0.00296222
4.86912e-05
-2.53149e-05
0.00010474
0.00558505
0.000193165
0.00834845
0.000266453
0.0107697
0.000311878
0.0126207
0.000321795
0.0138764
0.000298924
0.0146309
0.000254245
0.0150205
0.000198033
0.0151697
0.000139615
0.0151699
8.37238e-05
0.0150827
3.45875e-05
0.0149456
-6.49836e-06
0.0147826
-4.09433e-05
0.014603
-7.19212e-05
0.0144133
-0.000102893
0.0142086
-0.000137197
0.0139983
-0.000175198
0.0137894
-0.000215797
0.0135884
-0.000256293
0.0133902
-0.000291953
0.0131853
-0.000319765
0.0129543
-0.000338581
0.012672
-0.00034865
0.0122997
-0.000346536
0.0117832
-0.000328751
0.0110541
-0.000296556
0.0100419
-0.000252324
0.00867714
-0.00020635
0.00695453
4.73993e-05
4.85441e-05
0.000155256
-1.46818e-06
0.000161528
1.02483e-06
0.000651709
-1.20376e-05
6.97035e-06
-4.7132e-05
0.0029482
6.06219e-05
0.000708775
-6.11162e-06
1.2802e-05
0.000156917
-1.17185e-06
0.000168284
2.11979e-06
4.74001e-05
4.96778e-05
-0.00016247
8.28557e-05
0.00500953
2.10862e-05
-3.57939e-06
-0.000674772
0.000716652
4.92377e-06
-4.64045e-06
-0.000688132
2.93577e-06
-8.84162e-06
0.0030388
6.03327e-05
-2.32266e-05
-0.000695265
0.000741201
9.77806e-06
-2.71555e-06
5.10962e-06
-7.43822e-06
0.000106554
0.0056787
0.000186497
0.00843619
0.000255935
0.0108307
0.000298291
0.0126467
0.000307405
0.0138699
0.000286947
0.0145997
0.000247231
0.0149735
0.000197211
0.0151132
0.00014476
0.0151092
9.61324e-05
0.015021
5.30165e-05
0.0148864
1.48806e-05
0.0147256
-2.01565e-05
0.0145456
-5.54215e-05
0.0143534
-9.30008e-05
0.0141492
-0.000134177
0.013947
-0.000178097
0.0137524
-0.000221831
0.0135657
-0.00026173
0.0133769
-0.000295003
0.0131764
-0.0003197
0.0129468
-0.000335682
0.0126657
-0.000342435
0.0122988
-0.000338361
0.0117942
-0.000323315
0.0110823
-0.000293713
0.0100852
-0.000262835
0.00873578
-0.000234427
0.00702893
4.82882e-05
4.94374e-05
0.000157963
-1.46177e-06
0.000164283
1.10243e-06
0.000667994
-1.14271e-05
6.67114e-06
-4.23957e-05
0.00301824
5.81608e-05
0.000723077
-5.42358e-06
1.17217e-05
0.00015981
-1.12523e-06
0.000170958
2.02655e-06
4.83949e-05
5.05845e-05
-0.000202367
0.000110847
0.00510566
-0.000651348
1.26504e-06
-5.13925e-06
1.79871e-06
-0.000170619
0.00017965
6.59226e-07
-0.000171962
-9.11164e-07
-0.000168604
7.14787e-07
-0.000172108
-9.19388e-07
0.00311554
6.7736e-05
-3.11319e-05
-0.000713851
0.000764202
1.24537e-05
-1.55189e-06
7.93237e-06
-6.14878e-06
-0.000177166
0.000186239
1.29045e-06
-0.000178491
-6.16224e-07
-0.000173919
1.37986e-06
-5.52105e-07
0.000102561
0.0057675
0.000179498
0.00851802
0.00024544
0.0108868
0.000285552
0.0126706
0.000295052
0.013864
0.000277425
0.0145706
0.000242886
0.0149285
0.000200391
0.0150578
0.000156355
0.01505
0.000113166
0.0149614
7.27495e-05
0.0148275
3.40493e-05
0.0146662
-4.56958e-06
0.0144835
-4.59012e-05
0.0142912
-9.11239e-05
0.0140956
-0.000137723
0.0139076
-0.00018437
0.0137272
-0.000228056
0.0135498
-0.000265405
0.0133641
-0.000295143
0.013164
-0.000316887
0.0129352
-0.000331133
0.012658
-0.000336346
0.0122987
-0.00033411
0.0118061
-0.000322828
0.0111121
-0.000305421
0.0101286
-0.000288338
0.00879184
-0.000275354
0.00710515
4.92041e-05
5.04569e-05
0.000161178
-1.40657e-06
0.000167497
8.86884e-07
0.000686553
-1.01593e-05
6.09443e-06
-3.5732e-05
0.00310898
5.9067e-05
0.000739229
-4.85732e-06
1.087e-05
0.000163655
-9.78176e-07
0.000173903
1.88072e-06
4.94831e-05
5.15783e-05
-0.000266874
0.000176397
0.00520127
-0.000164952
2.17119e-07
-0.000165556
-8.16772e-07
9.44085e-07
-4.88036e-05
5.05152e-05
-4.95632e-05
-4.82423e-05
-4.79145e-05
0.00319056
7.58265e-05
-4.33434e-05
-0.000729198
0.000785525
1.422e-05
-2.69217e-06
8.77676e-06
-7.63638e-06
-0.000182409
0.0001924
1.83265e-06
-0.000184548
-3.55964e-07
-0.000179989
1.84064e-06
-4.42393e-07
-5.11851e-05
5.25106e-05
-5.17043e-05
-4.99631e-05
9.87245e-05
0.00585133
0.000173417
0.00859411
0.000235717
0.0109391
0.000274235
0.0126925
0.000284563
0.0138576
0.000272265
0.0145421
0.000245451
0.014885
0.000209706
0.0150054
0.000171004
0.0149922
0.000130744
0.0149016
9.01581e-05
0.0147653
4.81494e-05
0.0146005
2.61812e-06
0.0144195
-4.46328e-05
0.0142347
-9.44479e-05
0.0140536
-0.000144252
0.01388
-0.000190958
0.0137085
-0.000232268
0.0135342
-0.000266552
0.0133485
-0.000293447
0.0131483
-0.000313506
0.0129215
-0.000326827
0.01265
-0.000333906
0.0122988
-0.000333281
0.0118167
-0.000329178
0.011137
-0.000325103
0.0101677
-0.000322775
0.00884202
-0.00032871
0.00717044
5.02638e-05
5.13322e-05
0.000165289
-1.29934e-06
0.000171169
8.32111e-07
0.000708437
-8.96892e-06
5.84363e-06
-1.89286e-05
0.00322133
8.51307e-05
0.000761579
-4.25705e-06
1.04853e-05
0.000167811
-8.38227e-07
0.000177271
1.78239e-06
5.05311e-05
5.24826e-05
-0.000338801
0.00028907
0.00525642
-4.67625e-05
-4.72331e-05
0.00326285
8.46946e-05
-5.49295e-05
-0.000740253
0.000803498
1.61085e-05
-3.97833e-06
9.40434e-06
-1.02946e-05
-0.000186405
0.000197726
2.11647e-06
-0.000189614
-5.50698e-07
-0.00018463
2.03636e-06
-6.64228e-07
-5.30086e-05
5.4466e-05
-5.37343e-05
-5.20682e-05
9.63118e-05
0.00593008
0.00016784
0.00866492
0.000226789
0.0109882
0.00026381
0.0127143
0.000278153
0.0138531
0.000271868
0.0145162
0.000252104
0.0148426
0.000222477
0.0149537
0.000187397
0.0149348
0.000147022
0.0148395
0.000102455
0.0146994
5.42352e-05
0.0145338
3.50713e-06
0.014361
-4.89388e-05
0.0141905
-0.000100698
0.0140231
-0.000150507
0.0138584
-0.000195201
0.0136897
-0.000233657
0.013515
-0.000265434
0.0133289
-0.000290604
0.0131297
-0.000309394
0.0129058
-0.00032287
0.0126395
-0.000332
0.0122981
-0.000336891
0.0118252
-0.000340352
0.0111531
-0.000344197
0.0101905
-0.000358601
0.00887492
-0.000370174
0.00720522
5.12855e-05
5.2324e-05
0.000169642
-1.17712e-06
0.000175334
7.80292e-07
0.000744571
-7.3389e-06
7.34131e-06
4.59522e-05
0.00329529
0.000172032
0.000813872
-1.2927e-06
1.68292e-05
0.000172484
-7.33763e-07
0.000181575
1.72802e-06
5.16764e-05
5.35092e-05
-0.000350415
0.000308334
0.0053018
0.00333209
9.20586e-05
-6.27554e-05
-0.000748701
0.000819093
1.80765e-05
-4.93587e-06
1.00827e-05
-1.28993e-05
-0.000188811
0.000201611
2.41335e-06
-0.000193194
-7.98498e-07
-0.000187734
2.12916e-06
-1.13521e-06
-5.46117e-05
5.63126e-05
-5.55748e-05
-5.38017e-05
9.40494e-05
0.00600479
0.000161715
0.00873251
0.00021749
0.0110358
0.00025587
0.0127367
0.000274605
0.0138501
0.000276252
0.0144922
0.000263239
0.0148029
0.000237569
0.014902
0.00020134
0.0148734
0.000156852
0.0147713
0.000107449
0.0146311
5.39757e-05
0.0144743
-6.07877e-07
0.014315
-5.52006e-05
0.0141585
-0.000107433
0.0139993
-0.000155431
0.0138373
-0.000197628
0.0136679
-0.000233262
0.0134919
-0.000263071
0.0133062
-0.00028713
0.0131096
-0.000306864
0.0128905
-0.000321656
0.0126293
-0.000332916
0.0122939
-0.000343549
0.0118287
-0.000352272
0.011163
-0.00037003
0.0102052
-0.000385305
0.00889327
-0.000376008
0.00723318
5.24216e-05
5.34165e-05
0.000175153
-8.1679e-07
0.000181956
1.18212e-06
0.000821481
6.17944e-06
3.41608e-05
0.000111633
0.00336112
0.00013207
0.000886206
4.05615e-05
6.69997e-05
0.000181101
1.82792e-07
0.000194502
3.52272e-06
5.28806e-05
5.46402e-05
-0.000294324
0.000215977
0.0053801
0.00339803
9.63436e-05
-6.66528e-05
-0.000757291
0.000833804
1.9485e-05
-5.3697e-06
1.08739e-05
-1.46895e-05
-0.00019038
0.000204531
2.72156e-06
-0.000195611
-9.67681e-07
-0.000189494
2.22842e-06
-1.58391e-06
-5.57926e-05
5.77563e-05
-5.70246e-05
-5.51774e-05
9.0687e-05
0.00607616
0.000154422
0.00879723
0.000209323
0.0110828
0.000250929
0.0127605
0.000277144
0.0138497
0.000285404
0.0144694
0.000276476
0.0147609
0.000251139
0.014845
0.000211741
0.0148073
0.000162085
0.0147032
0.000106571
0.0145702
5.00141e-05
0.0144267
-6.98299e-06
0.0142807
-6.19913e-05
0.0141321
-0.000113197
0.0139758
-0.00015886
0.0138132
-0.000198378
0.0136425
-0.000232303
0.0134665
-0.000260632
0.0132822
-0.000284407
0.0130881
-0.000303775
0.0128729
-0.000320576
0.0126171
-0.000335502
0.0122867
-0.000348746
0.0118267
-0.000365402
0.0111601
-0.000382493
0.0102042
-0.000384092
0.0089037
-0.000339933
0.00728043
5.39002e-05
5.52922e-05
0.000195978
4.62669e-06
0.000215834
1.50402e-05
0.000897913
5.40285e-05
4.8732e-05
3.68296e-05
0.00347727
6.27215e-05
0.000974852
2.90593e-05
2.58098e-05
0.000226769
2.99405e-05
0.000251355
4.31726e-05
5.56307e-05
5.91239e-05
-0.000218719
0.00013375
0.00546454
0.00345952
9.66865e-05
-6.64215e-05
-0.000768954
0.000848843
2.02941e-05
-5.49671e-06
1.13295e-05
-1.57469e-05
-0.000191859
0.000207189
2.99308e-06
-0.000197564
-1.00713e-06
-0.000190865
2.32095e-06
-1.91991e-06
-5.67311e-05
5.89317e-05
-5.8122e-05
-5.61724e-05
8.57092e-05
0.00614472
0.000146974
0.00886064
0.00020262
0.0111307
0.000249947
0.012786
0.000283341
0.0138492
0.000298163
0.0144439
0.000290597
0.0147142
0.000260898
0.0147827
0.00021599
0.01474
0.000161104
0.0146422
0.000102287
0.0145221
4.31027e-05
0.0143904
-1.40379e-05
0.0142521
-6.74855e-05
0.0141054
-0.000116765
0.0139485
-0.000160031
0.0137848
-0.000198278
0.0136142
-0.000230837
0.0134397
-0.00025881
0.0132579
-0.000282089
0.0130669
-0.00030312
0.0128556
-0.000320589
0.0126024
-0.000336246
0.0122745
-0.000354245
0.0118165
-0.000369646
0.0111498
-0.000379186
0.0102026
-0.000359289
0.00892528
-0.000279499
0.00734251
6.38128e-05
7.89575e-05
0.000263114
4.22316e-05
0.000285994
2.73384e-05
0.000993306
8.12586e-06
1.17817e-05
4.56725e-07
0.00357251
3.74381e-05
0.00104058
3.91856e-06
1.03172e-05
0.000300583
1.48033e-05
0.000316556
1.07578e-05
0.000109443
0.000124049
2.86946e-05
-0.000159689
7.81975e-05
0.00554553
0.00351533
9.3605e-05
-6.32611e-05
-0.000784097
0.000864093
2.02512e-05
-5.26092e-06
1.15642e-05
-1.58444e-05
-0.000194219
0.000210109
3.14528e-06
-0.00020001
-9.98168e-07
-0.000192742
2.35993e-06
-2.11617e-06
-5.75542e-05
6.00297e-05
-5.90131e-05
-5.70118e-05
7.97411e-05
0.00621085
0.00013937
0.0089233
0.000198713
0.0111797
0.000254208
0.0128124
0.000295907
0.0138472
0.000313529
0.0144124
0.000303209
0.0146601
0.000267349
0.0147197
0.000215273
0.0146803
0.000156028
0.0145934
9.54721e-05
0.0144846
3.57872e-05
0.0143599
-2.02483e-05
0.0142234
-7.30303e-05
0.0140761
-0.000120171
0.0139185
-0.000161697
0.0137544
-0.000197975
0.0135847
-0.000229131
0.0134117
-0.00025693
0.0132335
-0.000280456
0.0130446
-0.000300478
0.0128358
-0.000317997
0.0125849
-0.000335257
0.0122572
-0.000350665
0.0117998
-0.000364306
0.0111366
-0.000361333
0.0102059
-0.000314487
0.00896265
-0.000223639
0.00740969
0.000150935
1.59143e-05
0.000170661
7.78617e-06
0.000319399
4.69217e-06
0.000327494
4.58606e-06
0.00103905
-1.19837e-06
5.25459e-06
-1.21855e-05
0.0036402
2.24724e-05
0.00107095
-9.62945e-07
5.53534e-06
0.000329153
1.81099e-06
0.000336451
3.2957e-06
0.000183238
3.50279e-06
0.000191856
2.01839e-06
2.87453e-05
-0.000107161
3.95647e-05
0.00561455
0.00356449
8.784e-05
-5.77255e-05
-0.000802359
0.000879194
1.9642e-05
-4.85119e-06
1.13899e-05
-1.52921e-05
-0.000197496
0.00021338
3.17595e-06
-0.00020313
-9.26698e-07
-0.000195616
2.34048e-06
-2.1815e-06
-5.85527e-05
6.11654e-05
-5.99753e-05
-5.79135e-05
7.37019e-05
0.00627405
0.00013382
0.00898611
0.000199389
0.01123
0.000264142
0.012837
0.000312505
0.0138378
0.000329653
0.0143733
0.000312356
0.0146057
0.000269128
0.0146638
0.000211824
0.0146316
0.000149451
0.0145542
8.74174e-05
0.0144515
2.75684e-05
0.0143295
-2.76054e-05
0.014192
-7.7708e-05
0.0140439
-0.000122394
0.0138855
-0.000162357
0.0137225
-0.000197746
0.0135553
-0.000228414
0.0133844
-0.000254691
0.0132084
-0.000277281
0.0130219
-0.000296759
0.0128152
-0.0003144
0.0125648
-0.000330088
0.0122374
-0.000345484
0.0117821
-0.00035018
0.011128
-0.000325587
0.0102212
-0.000268118
0.00901196
-0.000172689
0.00747574
4.46946e-05
5.27909e-05
0.000195915
1.02547e-06
0.000199374
6.61604e-07
0.000333874
5.35131e-07
0.000338719
1.67207e-06
0.00106313
-3.83068e-06
2.14357e-06
-1.90291e-05
0.00369177
8.38341e-06
0.00108465
-2.78876e-06
2.98112e-06
0.000337907
-1.26154e-07
0.000343231
1.30273e-06
0.000201283
4.64665e-07
0.000203339
4.45257e-07
5.63869e-05
5.85036e-05
-7.03426e-05
5.47054e-06
0.00566545
0.00360661
8.08802e-05
-5.11486e-05
-0.000822003
0.000893389
1.84269e-05
-4.21872e-06
1.10476e-05
-1.40667e-05
-0.000201728
0.000216927
3.07162e-06
-0.000207012
-8.44992e-07
-0.000199458
2.26173e-06
-2.12517e-06
-5.96557e-05
6.23138e-05
-6.10135e-05
-5.89839e-05
6.86076e-05
0.00633439
0.000131244
0.00904856
0.000206258
0.0112786
0.000282833
0.0128553
0.000335185
0.0138207
0.000345155
0.014331
0.000317253
0.0145551
0.000265853
0.014617
0.000204139
0.0145916
0.000139302
0.0145196
7.7582e-05
0.0144183
1.97627e-05
0.0142961
-3.40101e-05
0.0141579
-8.2053e-05
0.0140096
-0.000125458
0.0138523
-0.000163463
0.0136906
-0.000196948
0.0135254
-0.000226564
0.0133572
-0.000251341
0.0131831
-0.00027252
0.0129983
-0.000290169
0.0127917
-0.000306334
0.0125422
-0.000320814
0.0122148
-0.00032783
0.0117624
-0.000321974
0.0111275
-0.000287813
0.0102453
-0.000221535
0.00906148
-0.000129404
0.00752506
5.94079e-05
6.01839e-05
0.000203759
2.68852e-07
0.000204945
9.91062e-08
0.000339762
-8.1347e-07
0.000343537
2.16232e-07
0.00107403
-5.33553e-06
-8.86149e-07
-2.49525e-05
0.00371153
2.43067e-06
0.00108931
-5.13382e-06
-1.34354e-06
0.000342222
-1.46603e-06
0.000346122
6.53031e-08
0.000206021
1.21003e-07
0.000206951
1.53769e-07
6.04896e-05
6.08745e-05
-3.62537e-05
-2.0853e-05
0.00569875
0.00364132
7.37447e-05
-4.39001e-05
-0.000841907
0.000906321
1.71113e-05
-3.55289e-06
1.04686e-05
-1.25775e-05
-0.000206412
0.000220548
2.88102e-06
-0.000211252
-7.26061e-07
-0.000204012
2.14574e-06
-1.96662e-06
-6.09081e-05
6.34196e-05
-6.21607e-05
-6.01886e-05
6.55022e-05
0.00639151
0.000134189
0.00911096
0.000223844
0.011325
0.000312331
0.012867
0.000362604
0.0137997
0.000360444
0.0142926
0.000319205
0.0145122
0.000258537
0.0145771
0.000192441
0.0145556
0.000128126
0.0144851
6.65553e-05
0.0143837
1.00447e-05
0.0142604
-4.02622e-05
0.0141217
-8.62183e-05
0.0139744
-0.000127479
0.013819
-0.000164244
0.0136597
-0.000196117
0.0134962
-0.000223318
0.0133302
-0.00024651
0.0131579
-0.000266318
0.0129753
-0.000282944
0.0127692
-0.000297066
0.0125194
-0.000306952
0.0121949
-0.000310476
0.0117535
-0.000293101
0.0111384
-0.00025176
0.0102783
-0.000179626
0.00910158
-9.84216e-05
0.0075619
6.09658e-05
6.13557e-05
0.000207148
-4.1508e-08
0.00020752
-2.2272e-07
0.000341717
-1.85929e-06
0.000343249
-1.07615e-06
0.00108418
-8.10071e-06
-9.65162e-06
-1.43459e-05
0.00370086
-5.87686e-06
0.00108262
5.78872e-06
0.000339916
-2.11803e-06
0.000340617
-9.4443e-07
0.000207779
-1.40519e-07
0.000207716
-3.42262e-07
6.15217e-05
6.18948e-05
-2.27547e-05
-2.91872e-05
0.00570861
0.00366859
6.77607e-05
-3.68264e-05
-0.000860402
0.000917321
1.57009e-05
-2.71414e-06
9.98175e-06
-1.07889e-05
-0.00021135
0.000224077
2.64121e-06
-0.000215704
-6.16677e-07
-0.000208896
2.0159e-06
-1.72913e-06
-6.21189e-05
6.44165e-05
-6.32783e-05
-6.1453e-05
6.5616e-05
0.00644607
0.000146232
0.00917455
0.000256026
0.0113684
0.000351332
0.0128717
0.00038732
0.0137744
0.000365191
0.0142558
0.000310804
0.0144743
0.000244787
0.0145402
0.000177271
0.0145201
0.000113407
0.0144489
5.52763e-05
0.0143465
2.24532e-06
0.0142239
-4.66589e-05
0.0140859
-9.07257e-05
0.01394
-0.000129796
0.0137863
-0.000164268
0.0136294
-0.00019388
0.013468
-0.000218675
0.0133034
-0.000239358
0.0131318
-0.00025696
0.01295
-0.000271929
0.0127448
-0.000284026
0.0124977
-0.000290489
0.0121782
-0.000285491
0.0117512
-0.000262033
0.0111497
-0.00021772
0.0103039
-0.00014954
0.009129
-7.39936e-05
0.00759533
6.18457e-05
6.2061e-05
0.000206696
-3.24628e-07
0.000205707
-6.22315e-07
0.000334448
-1.50485e-06
0.000324471
1.43385e-06
0.00107143
-5.304e-06
-3.46202e-06
0.00365757
-9.94092e-06
0.00106872
-5.32825e-06
-0.000211855
0.000541259
-2.24899e-07
1.70548e-06
0.000205328
-4.4032e-07
0.000205168
-4.25495e-07
6.19527e-05
6.17214e-05
-1.35884e-05
-2.99844e-05
0.00573251
0.00368946
6.34591e-05
-2.97457e-05
-0.000876696
0.000926147
1.46728e-05
-1.82127e-06
9.55183e-06
-8.99514e-06
-0.000216057
0.000227288
2.4031e-06
-0.000219948
-4.73804e-07
-0.000213782
1.8999e-06
-1.44741e-06
-6.33254e-05
6.52825e-05
-6.43798e-05
-6.26873e-05
7.15616e-05
0.00650448
0.000176462
0.0092467
0.000311538
0.0114111
0.000399564
0.0128722
0.000405407
0.0137496
0.00035987
0.0142218
0.000294468
0.0144394
0.000225264
0.0145049
0.0001597
0.0144841
9.93409e-05
0.0144125
4.32712e-05
0.01431
-7.21204e-06
0.014187
-5.34299e-05
0.0140507
-9.40302e-05
0.0139064
-0.00013102
0.0137548
-0.000162511
0.0135995
-0.000189638
0.01344
-0.000212488
0.0132774
-0.000231475
0.0131069
-0.000247234
0.0129259
-0.000260612
0.0127225
-0.000270601
0.0124805
-0.000272786
0.0121702
-0.000262669
0.0117537
-0.000236247
0.0111573
-0.000186647
0.0103186
-0.000123927
0.00916012
-6.28837e-05
0.00763252
6.12209e-05
6.08993e-05
0.00020578
-1.20974e-06
-4.22213e-06
0.000536842
-2.47508e-07
-3.72019e-07
0.0010635
-4.71631e-06
7.88676e-06
0.00363208
-1.88512e-05
0.00105061
-5.96391e-06
0.000528806
-7.39175e-07
7.50205e-08
-5.73364e-05
5.77179e-05
-5.53398e-05
6.063e-05
6.04933e-05
-1.90465e-05
-1.98413e-05
0.00576129
0.00370963
6.13289e-05
-2.32552e-05
-0.000889745
0.000932547
1.39176e-05
-7.16267e-07
9.49058e-06
-7.05735e-06
-0.000220372
0.000230045
2.20327e-06
-0.000223849
-3.20489e-07
-0.000218322
1.82046e-06
-1.12499e-06
-6.43569e-05
6.59489e-05
-6.53421e-05
-6.38351e-05
8.68139e-05
0.0065781
0.000231717
0.00932414
0.000378689
0.0114376
0.00042898
0.0128595
0.000400134
0.0137225
0.000337873
0.0141908
0.000269229
0.0144065
0.000203035
0.0144703
0.000140757
0.0144482
8.38713e-05
0.0143753
3.2218e-05
0.0142733
-1.51431e-05
0.0141515
-5.80539e-05
0.0140165
-9.68825e-05
0.0138736
-0.000130765
0.0137243
-0.00015956
0.0135706
-0.000183894
0.0134124
-0.000204263
0.0132508
-0.000222552
0.0130827
-0.000236984
0.0129033
-0.000248389
0.0127034
-0.000254173
0.0124673
-0.000251402
0.0121602
-0.000237673
0.0117425
-0.000209167
0.0111569
-0.000161199
0.0103366
-0.000108261
0.00919472
-5.8245e-05
0.00767468
5.9562e-05
5.73257e-05
5.67032e-05
0.000520578
1.14325e-06
-1.13578e-06
0.00105285
-3.14986e-06
8.36345e-06
0.00361507
-2.40852e-05
0.00103793
-7.83177e-06
0.000508303
-1.74969e-06
1.61919e-06
-5.67783e-05
5.57473e-05
-3.91178e-05
9.70858e-06
0.00579544
0.00374773
6.03676e-05
-1.80009e-05
-0.000899556
0.000937252
1.37307e-05
4.13642e-07
9.66883e-06
-5.24924e-06
-0.000223981
0.000232243
2.08317e-06
-0.000227119
-1.12452e-07
-0.000222319
1.80316e-06
-7.80844e-07
-6.52661e-05
6.64068e-05
-6.61817e-05
-6.48239e-05
0.000128437
0.00668586
0.000330547
0.00939703
0.000442861
0.0114473
0.000431663
0.0128449
0.000373422
0.0137008
0.000306941
0.0141641
0.000241519
0.0143757
0.000179151
0.0144371
0.00012218
0.0144136
6.98304e-05
0.0143405
2.14809e-05
0.014238
-2.30584e-05
0.0141172
-6.30395e-05
0.0139839
-9.79461e-05
0.0138424
-0.000128339
0.0136945
-0.00015473
0.0135425
-0.000177166
0.0133859
-0.000196375
0.013225
-0.00021286
0.0130596
-0.000226384
0.0128847
-0.000235542
0.0126911
-0.000238413
0.0124572
-0.000234482
0.0121457
-0.000220018
0.0117293
-0.00018819
0.0111606
-0.000143176
0.0103567
-9.54339e-05
0.0092274
-6.87079e-05
0.00770532
5.6378e-05
5.45898e-05
0.000498729
3.08699e-06
-2.90981e-06
0.00104892
-3.30625e-06
1.14605e-05
0.00363985
-1.60672e-05
0.00103284
-1.00893e-05
0.000488453
-3.56744e-06
3.20494e-06
-5.62089e-05
5.32283e-05
-7.64807e-05
7.85016e-05
0.0058099
0.00383366
6.28567e-05
-1.67116e-05
-0.000906104
0.000943158
1.32785e-05
1.2732e-06
1.00554e-05
-3.63012e-06
-0.000226863
0.000233897
2.04479e-06
-0.000229764
1.13359e-07
-0.000225593
1.84724e-06
-4.22101e-07
-6.59097e-05
6.66252e-05
-6.68024e-05
-6.56259e-05
0.00022082
0.00679923
0.000425588
0.00942397
0.000443998
0.0114455
0.000392111
0.0128356
0.000331559
0.0136839
0.00027084
0.0141406
0.000211629
0.0143475
0.000156409
0.0144057
0.000104633
0.0143799
5.62398e-05
0.0143062
1.17741e-05
0.0142043
-2.86354e-05
0.0140846
-6.50056e-05
0.0139523
-9.75234e-05
0.0138126
-0.000125066
0.0136656
-0.000148616
0.0135145
-0.000169332
0.0133592
-0.000187543
0.0132009
-0.000203163
0.0130402
-0.000215516
0.0128682
-0.000224792
0.0126698
-0.000229196
0.0124282
-0.000225164
0.0121219
-0.00020186
0.0117206
-0.000170385
0.0111724
-0.000131288
0.0103828
-9.39475e-05
0.00925478
-7.59984e-05
0.00772454
5.54416e-05
5.17195e-05
0.000484471
3.71004e-06
-3.94159e-06
0.00104836
-2.46166e-06
3.10261e-05
0.00366631
2.98982e-05
0.00104287
-6.45087e-06
0.000476903
-4.63376e-06
3.35073e-06
-5.49244e-05
5.0513e-05
-7.75522e-05
0.000126333
0.00578575
0.00399088
9.54546e-05
-1.06233e-05
-0.00091373
0.000959785
1.24432e-05
6.96205e-07
9.62751e-06
-3.38542e-06
-0.000228683
0.000235284
2.00149e-06
-0.000231534
3.07883e-07
-0.000228046
1.9011e-06
-1.14975e-07
-6.63598e-05
6.66332e-05
-6.7244e-05
-6.62031e-05
0.000380309
0.00686445
0.000438715
0.00944497
0.000389279
0.0114608
0.000338044
0.0128386
0.000287019
0.0136743
0.000235496
0.0141211
0.000184487
0.0143216
0.00013521
0.0143763
8.86048e-05
0.0143488
4.50018e-05
0.0142744
4.25313e-06
0.014172
-3.30879e-05
0.0140528
-6.63916e-05
0.0139218
-9.49185e-05
0.0137835
-0.000120172
0.0136378
-0.000142198
0.0134878
-0.000161729
0.0133346
-0.000179088
0.0131807
-0.000193813
0.0130224
-0.000206297
0.012847
-0.000213083
0.0126456
-0.000213058
0.0124047
-0.000204372
0.0121086
-0.000185942
0.0117207
-0.000153434
0.011184
-0.000117388
0.0104062
-8.69436e-05
0.00928172
-5.49558e-05
0.00772214
5.40249e-05
4.99318e-05
0.000476235
3.45037e-06
-4.07595e-06
0.0010728
7.44777e-06
0.000101889
0.00362762
7.52897e-05
0.00108298
2.26202e-05
0.000475012
-4.46724e-06
3.06375e-06
-5.32825e-05
4.9103e-05
2.08633e-05
1.2226e-05
0.00410762
0.000216984
6.52141e-05
-0.000940792
0.00102818
1.71617e-05
-5.16593e-07
9.54238e-06
-4.91371e-06
-0.000229881
0.000237576
1.85902e-06
-0.000232835
2.45107e-07
-0.000229623
1.8166e-06
-6.11805e-09
-6.63828e-05
6.65189e-05
-6.73621e-05
-6.65182e-05
0.00040067
0.00691367
0.000351586
0.00949273
0.000316846
0.0114887
0.00028194
0.0128467
0.000244149
0.0136674
0.00020254
0.0141041
0.000159425
0.0142982
0.000116447
0.0143492
7.48376e-05
0.0143188
3.47318e-05
0.0142436
-1.97173e-06
0.0141415
-3.5467e-05
0.0140233
-6.51086e-05
0.0138929
-9.16081e-05
0.0137552
-0.000115268
0.013611
-0.000135208
0.0134624
-0.000153699
0.013313
-0.000171165
0.0131613
-0.000186634
0.0129973
-0.000198825
0.0128143
-0.000206568
0.0126082
-0.00020403
0.012373
-0.000190332
0.0120934
-0.000166051
0.011722
-0.00013521
0.0111996
-9.76871e-05
0.0104303
-5.41513e-05
0.00929889
2.754e-05
5.27358e-05
4.86813e-05
0.000487497
2.98293e-06
-3.42836e-06
0.00111575
7.83148e-05
5.49583e-05
-3.91366e-05
0.00110845
9.24526e-05
0.000512712
-4.37438e-07
3.24737e-06
-5.1745e-05
4.82482e-05
0.00420415
0.000155335
0.000154651
-0.00104816
0.00113661
8.61993e-05
5.28942e-05
4.25071e-05
6.19042e-06
-0.000234937
0.000252831
3.40586e-06
-0.000236479
3.54512e-07
-0.000231453
1.84578e-06
-1.36619e-07
-6.62098e-05
6.67892e-05
-6.72721e-05
-6.65127e-05
0.000264726
0.00700521
0.000260262
0.00955343
0.00025227
0.0115226
0.000234797
0.0128592
0.000207851
0.0136641
0.000174472
0.0140902
0.000138287
0.0142767
0.000100785
0.0143232
6.31458e-05
0.0142911
2.78138e-05
0.0142149
-5.60063e-06
0.0141118
-3.60419e-05
0.0139939
-6.33226e-05
0.0138646
-8.71211e-05
0.0137273
-0.00010803
0.0135845
-0.000127739
0.0134395
-0.000146973
0.013292
-0.000164299
0.0131344
-0.000179832
0.0129649
-0.000190074
0.0127855
-0.000191037
0.0125946
-0.000183051
0.0123708
-0.000169636
0.0120968
-0.000147664
0.0117351
-0.000114453
0.0112279
-6.69711e-05
0.0104579
1.43481e-05
5.1638e-05
4.85528e-05
0.000558392
1.41791e-05
2.61991e-05
0.00112933
3.9689e-05
-1.81692e-05
0.000583648
3.09376e-05
4.26266e-05
-5.18001e-05
5.30959e-05
0.00435826
7.71898e-05
3.78624e-05
-0.00115888
0.00125468
2.6508e-05
3.6188e-05
5.85096e-05
7.64181e-05
-0.0002999
0.000332699
5.72272e-05
-0.000281776
3.71731e-05
-0.000255248
1.8697e-05
5.37106e-06
-6.74559e-05
7.19322e-05
-6.78583e-05
-6.66525e-05
0.000173464
0.00710468
0.000199335
0.00961601
0.000204095
0.0115558
0.000195059
0.0128712
0.000176671
0.0136612
0.000151024
0.0140769
0.000120185
0.0142573
8.77062e-05
0.0142989
5.45186e-05
0.0142639
2.21019e-05
0.0141864
-8.40267e-06
0.0140845
-3.57301e-05
0.0139669
-5.98597e-05
0.0138369
-8.19061e-05
0.0137006
-0.000101962
0.013561
-0.000121577
0.0134169
-0.000140792
0.0132638
-0.000158574
0.0131014
-0.000170906
0.0129358
-0.000178038
0.0127636
-0.000178724
0.0125734
-0.000170986
0.012354
-0.000152298
0.0120974
-0.000122711
0.0117552
-8.29351e-05
0.0112581
-1.4397e-05
6.84087e-05
9.66049e-05
0.000611772
1.82031e-05
-3.42977e-06
-1.42763e-05
-1.16082e-05
-0.000116391
0.000138346
1.2529e-05
2.41961e-05
0.00447309
6.22689e-05
-6.21971e-06
-0.00127126
0.00133172
1.23e-05
4.40115e-06
1.24274e-05
9.28395e-06
-0.000401202
0.000417811
1.08411e-05
-0.000381699
1.73842e-05
-0.000355894
3.42383e-05
5.41839e-05
-0.000134967
0.000160208
3.50176e-05
-9.68971e-05
-7.73032e-05
0.000120497
0.00718087
0.000151412
0.00966591
0.000164661
0.0115858
0.000164372
0.0128839
0.000152583
0.0136599
0.000131735
0.0140656
0.000106283
0.0142384
7.68331e-05
0.0142763
4.73174e-05
0.0142392
1.84446e-05
0.0141604
-8.83099e-06
0.0140569
-3.4057e-05
0.0139392
-5.64333e-05
0.0138104
-7.60761e-05
0.0136766
-9.59952e-05
0.0135365
-0.000116474
0.0133865
-0.000135449
0.0132297
-0.000151109
0.0130735
-0.00016138
0.0129145
-0.00016389
0.0127482
-0.000156871
0.01257
-0.000142926
0.0123639
-0.000124536
0.0121197
-9.76808e-05
0.0117854
-4.06502e-05
0.000153541
4.18254e-06
0.000151982
-1.13886e-06
-0.000146328
-7.50777e-06
-5.6957e-06
-2.41961e-05
3.74844e-05
0.00455456
5.82486e-05
-1.82894e-05
-0.00131862
0.00136618
1.23318e-05
1.68637e-07
9.12991e-06
-2.67179e-06
-0.000430691
0.000439656
3.51986e-06
-0.000428724
2.07605e-06
-0.000421301
5.59239e-06
5.88815e-06
-0.000236626
0.000245979
1.65858e-06
-0.000222112
3.37856e-06
-0.000195503
8.50874e-06
1.96227e-05
3.51644e-05
9.52769e-05
0.00724905
0.00012549
0.00971336
0.00013809
0.0116128
0.000139941
0.0128946
0.000132409
0.0136579
0.000116425
0.0140546
9.41914e-05
0.0142209
6.9327e-05
0.0142543
4.24488e-05
0.0142141
1.55788e-05
0.0141341
-9.7258e-06
0.014031
-3.21905e-05
0.0139133
-5.24418e-05
0.0137855
-7.11148e-05
0.01365
-9.1074e-05
0.0135041
-0.000111447
0.0133517
-0.00012971
0.013201
-0.000142422
0.0130517
-0.000148637
0.0128989
-0.000148165
0.0127377
-0.000142007
0.0125635
-0.000129085
0.0123719
-0.00010475
0.0121389
-6.2805e-05
4.19358e-05
4.09789e-05
-3.52832e-05
0.0046141
5.52864e-05
-2.49576e-05
-0.00134249
0.00138706
1.17985e-05
-9.7436e-07
8.88831e-06
-4.7018e-06
-0.000439434
0.000447834
2.92152e-06
-0.000440813
6.75383e-07
-0.0004353
3.65081e-06
1.56074e-06
-0.00025634
0.000258817
3.94201e-07
-0.000254713
6.41947e-07
-0.000250368
1.28829e-06
1.52776e-06
-6.71399e-05
6.88666e-05
-6.35958e-05
-5.4787e-05
7.34383e-05
0.00729585
9.81514e-05
0.00974829
0.000114361
0.0116364
0.000121232
0.0129053
0.000117281
0.0136569
0.000104504
0.0140443
8.57055e-05
0.0142041
6.28258e-05
0.0142331
3.83546e-05
0.0141908
1.39916e-05
0.0141094
-9.11392e-06
0.014006
-2.94209e-05
0.0138877
-4.82474e-05
0.0137539
-7.02278e-05
0.0136108
-9.19443e-05
0.0134661
-0.000108729
0.0133217
-0.000122604
0.013179
-0.000132162
0.0130353
-0.000135608
0.0128866
-0.000131812
0.0127319
-0.000121138
0.0125727
-0.000107538
0.0123935
-7.72403e-05
0.00466242
5.40042e-05
-2.86956e-05
-0.00135906
0.00140121
1.14209e-05
-1.73568e-06
8.04958e-06
-5.84504e-06
-0.00044485
0.000452983
2.55944e-06
-0.000446977
3.56538e-07
-0.000441978
3.12568e-06
8.10193e-07
-0.000262136
0.000263797
1.75745e-07
-0.000261872
3.32406e-07
-0.000259397
9.29069e-07
8.13706e-07
-7.23262e-05
7.26058e-05
-7.16975e-05
-7.03944e-05
6.37331e-05
0.00734349
8.64594e-05
0.00978453
0.000100659
0.0116574
0.000107112
0.0129136
0.000104755
0.0136554
9.48928e-05
0.0140342
7.82492e-05
0.0141881
5.7928e-05
0.0142127
3.56459e-05
0.0141674
1.28778e-05
0.014085
-8.41837e-06
0.0139785
-2.79504e-05
0.0138544
-4.5785e-05
0.0137195
-6.37484e-05
0.0135793
-8.31531e-05
0.0134381
-0.000101514
0.0132991
-0.000114709
0.013162
-0.000122215
0.0130229
-0.000122326
0.0128782
-0.000116078
0.0127325
-0.000104478
0.0125786
-8.3991e-05
0.00469966
5.24269e-05
-3.2149e-05
-0.00137015
0.0014113
1.14094e-05
-2.42881e-06
7.7783e-06
-6.62319e-06
-0.0004482
0.000455898
2.60618e-06
-0.000451053
2.17108e-07
-0.000446414
2.82455e-06
3.85568e-07
-0.000265419
0.000266951
1.76007e-07
-0.000265692
1.67468e-07
-0.000263765
7.15319e-07
5.50887e-07
-7.4504e-05
7.44416e-05
-7.42573e-05
-7.34195e-05
4.8805e-05
0.00737286
6.88128e-05
0.0098084
8.59483e-05
0.0116754
9.55897e-05
0.0129219
9.59151e-05
0.013654
8.72633e-05
0.0140246
7.25697e-05
0.0141721
5.38229e-05
0.014193
3.29858e-05
0.0141466
1.309e-05
0.0140608
-6.26041e-06
0.0139464
-2.63748e-05
0.0138141
-4.83051e-05
0.0136743
-6.86949e-05
0.01354
-8.43212e-05
0.0134118
-9.6581e-05
0.0132814
-0.00010702
0.0131485
-0.000110566
0.0130114
-0.0001095
0.0128745
-0.000102904
0.0127369
-8.75018e-05
0.00473216
5.0982e-05
-3.41482e-05
-0.00137805
0.00141889
1.12961e-05
-3.18328e-06
7.63012e-06
-7.56997e-06
-0.000449533
0.000457458
2.5319e-06
-0.00045313
-8.34734e-08
-0.000448604
2.7194e-06
2.18309e-07
-0.000267596
0.000268643
2.08363e-07
-0.000268171
1.72321e-07
-0.000266573
6.6641e-07
4.74542e-07
-7.55865e-05
7.54774e-05
-7.55456e-05
-7.49925e-05
4.59692e-05
0.00740856
6.58343e-05
0.00983688
7.90182e-05
0.0116926
8.63703e-05
0.0129296
8.73797e-05
0.013652
8.06716e-05
0.0140149
6.81544e-05
0.0141579
5.17071e-05
0.0141759
3.2825e-05
0.0141235
1.27454e-05
0.0140267
-6.20233e-06
0.0139046
-2.40751e-05
0.013776
-4.12487e-05
0.0136494
-5.78774e-05
0.0135229
-7.49345e-05
0.0133951
-8.97598e-05
0.0132657
-9.77601e-05
0.0131356
-0.00010098
0.0130043
-9.78934e-05
0.0128733
-8.60434e-05
0.00475601
4.94207e-05
-3.47893e-05
-0.00138441
0.00142447
1.08308e-05
-3.37715e-06
7.27351e-06
-8.05427e-06
-0.000450777
0.000458896
2.15198e-06
-0.000454495
-4.52493e-07
-0.000449706
2.42513e-06
-1.24722e-07
-0.000268666
0.000269683
1.55347e-07
-0.000269327
1.96338e-07
-0.000267988
6.92752e-07
4.61782e-07
-7.64536e-05
7.62055e-05
-7.64538e-05
-7.5952e-05
3.70173e-05
0.00742751
5.28886e-05
0.00985424
6.82105e-05
0.0117072
7.88375e-05
0.0129366
8.11236e-05
0.0136505
7.56955e-05
0.0140076
6.50527e-05
0.0141462
5.06239e-05
0.0141572
3.3674e-05
0.0140918
1.45211e-05
0.0139859
-4.33706e-06
0.0138657
-2.21933e-05
0.0137426
-4.13162e-05
0.0136165
-6.08504e-05
0.0134949
-7.55405e-05
0.0133772
-8.49177e-05
0.0132532
-9.02444e-05
0.0131262
-9.0031e-05
0.0129994
-8.09659e-05
0.00477941
4.8389e-05
-3.3516e-05
-0.00138987
0.00142822
1.0537e-05
-3.08158e-06
6.92063e-06
-7.87715e-06
-0.000452123
0.000459898
1.9892e-06
-0.000455718
-5.36905e-07
-0.000451119
2.02568e-06
-5.14561e-07
-0.000269644
0.000270835
3.0947e-08
-0.000270289
6.42149e-08
-0.00026889
6.05498e-07
3.6515e-07
-7.71214e-05
7.69439e-05
-7.71206e-05
-7.66673e-05
3.88977e-05
0.00745654
5.30379e-05
0.00987826
6.39653e-05
0.0117221
7.17739e-05
0.0129439
7.49031e-05
0.0136517
7.16393e-05
0.0140021
6.24176e-05
0.0141272
4.70232e-05
0.0141231
3.07256e-05
0.0140515
1.63007e-05
0.0139488
-6.46e-07
0.0138331
-1.90607e-05
0.0137156
-3.58156e-05
0.0136024
-5.06508e-05
0.013487
-6.57977e-05
0.0133651
-7.65745e-05
0.0132414
-8.00173e-05
0.013119
-7.36776e-05
0.00479771
4.66759e-05
-3.28622e-05
-0.00139453
0.00143239
1.019e-05
-3.08752e-06
6.77308e-06
-7.51064e-06
-0.000452852
0.000460171
2.234e-06
-0.000456514
-2.51108e-07
-0.000452205
2.04972e-06
-4.91122e-07
-0.000270422
0.000271523
4.68761e-08
-0.000271217
-5.64535e-08
-0.000269929
4.34316e-07
1.99863e-07
-7.76937e-05
7.75601e-05
-7.7735e-05
-7.7309e-05
3.04594e-05
0.00746917
4.12605e-05
0.0098918
5.4278e-05
0.0117362
6.56336e-05
0.0129539
7.04244e-05
0.0136535
6.87784e-05
0.013991
6.16418e-05
0.0141054
5.14877e-05
0.0140936
3.70993e-05
0.014018
2.05771e-05
0.0139165
3.94067e-06
0.0138066
-1.46324e-05
0.0136929
-3.61323e-05
0.0135775
-5.56136e-05
0.0134637
-6.63994e-05
0.0133515
-6.98826e-05
0.0132339
-6.4373e-05
0.00481543
4.55135e-05
-3.0854e-05
-0.00140019
0.00143736
9.96857e-06
-3.3082e-06
6.54423e-06
-7.64089e-06
-0.000453057
0.000460616
2.2422e-06
-0.000456841
-2.79338e-07
-0.000452569
2.11278e-06
-2.82047e-07
-0.000270788
0.000271573
1.48251e-07
-0.000271646
3.51228e-08
-0.00027057
4.4781e-07
1.94803e-07
-7.79547e-05
7.77475e-05
-7.80787e-05
-7.776e-05
3.23282e-05
0.00749349
4.09399e-05
0.00991466
4.99758e-05
0.0117547
6.0468e-05
0.012965
6.78188e-05
0.0136508
6.72022e-05
0.013971
5.91307e-05
0.014071
4.78964e-05
0.0140556
3.74725e-05
0.0139858
2.48921e-05
0.0138898
8.20404e-06
0.0137831
-1.10568e-05
0.0136753
-3.00551e-05
0.0135695
-4.6626e-05
0.013461
-5.62087e-05
0.0133457
-5.37638e-05
0.00482623
4.3434e-05
-2.8585e-05
-0.00140668
0.00144194
9.76356e-06
-2.88564e-06
6.49181e-06
-7.32591e-06
-0.000454381
0.000462051
2.01604e-06
-0.000457879
-4.76736e-07
-0.00045322
1.94099e-06
-3.6379e-07
-0.000271013
0.000272017
1.57164e-07
-0.000271654
1.47406e-07
-0.000270658
5.3195e-07
2.68878e-07
-7.80921e-05
7.77953e-05
-7.82256e-05
-7.79423e-05
2.35467e-05
0.00750356
2.84317e-05
0.0099324
4.11795e-05
0.0117744
5.65177e-05
0.0129716
6.5928e-05
0.01364
6.75308e-05
0.013951
6.52957e-05
0.0140515
5.98369e-05
0.014036
4.78382e-05
0.0139625
3.07951e-05
0.0138668
1.16586e-05
0.0137641
-9.24288e-06
0.0136607
-2.98931e-05
0.0135579
-4.2653e-05
0.013451
-4.22812e-05
0.0048395
4.06775e-05
-2.63687e-05
-0.00141269
0.00144517
9.49226e-06
-2.19161e-06
6.45849e-06
-6.45883e-06
-0.000456496
0.000463615
2.01772e-06
-0.000459687
-3.79813e-07
-0.000455124
1.74398e-06
-4.68571e-07
-0.000272146
0.000273351
6.19893e-08
-0.000272479
9.31883e-08
-0.000271211
5.12833e-07
2.56203e-07
-7.83439e-05
7.8271e-05
-7.83678e-05
-7.80642e-05
2.1332e-05
0.00753154
2.53879e-05
0.00996203
3.89098e-05
0.0117908
5.63043e-05
0.0129717
6.85479e-05
0.0136297
7.2614e-05
0.0139329
6.93404e-05
0.0140233
6.0867e-05
0.0140055
5.00772e-05
0.0139382
3.50732e-05
0.0138479
1.52828e-05
0.0137507
-6.74849e-06
0.0136549
-2.44955e-05
0.0135538
-2.91925e-05
0.00485085
3.54624e-05
-2.78505e-05
-0.00141745
0.00144857
8.55937e-06
-2.20782e-06
6.14604e-06
-5.74426e-06
-0.000458321
0.000464776
2.18456e-06
-0.000461384
-4.0841e-08
-0.000457152
1.8877e-06
-2.27994e-07
-0.000273529
0.000274513
6.89035e-08
-0.000273886
1.5458e-08
-0.000272625
3.95988e-07
1.52265e-07
-7.8977e-05
7.90009e-05
-7.89212e-05
-7.85272e-05
3.42965e-06
0.00754678
8.36961e-06
0.00997756
3.34114e-05
0.0117998
5.91318e-05
0.0129733
7.44612e-05
0.0136214
8.03218e-05
0.0139174
8.05147e-05
0.0140093
7.46032e-05
0.0139913
5.95196e-05
0.0139203
3.90572e-05
0.0138332
1.62582e-05
0.013745
-4.16333e-06
0.0136503
-1.42455e-05
0.00486904
2.55836e-05
-3.39215e-05
-0.00142153
0.00145139
7.22501e-06
-3.39894e-06
5.0709e-06
-6.23783e-06
-0.00045968
0.000466082
1.85089e-06
-0.000462678
-1.88279e-07
-0.000458726
1.81933e-06
-1.79645e-08
-0.000274469
0.00027509
1.0674e-07
-0.000274906
7.71039e-08
-0.000273866
4.06514e-07
1.63795e-07
-7.94782e-05
7.93461e-05
-7.94801e-05
-7.91531e-05
-1.0026e-05
0.00758337
1.43665e-05
0.0100045
4.29475e-05
0.0118127
6.65746e-05
0.0129754
8.22842e-05
0.013615
8.91864e-05
0.0139027
8.61662e-05
0.0139852
7.50105e-05
0.0139653
5.97583e-05
0.0139036
3.96581e-05
0.0138267
1.7645e-05
0.0137392
2.19971e-06
0.00488676
1.08641e-05
-4.98573e-05
-0.00142161
0.00144683
5.09588e-06
-6.03742e-06
3.39245e-06
-7.93134e-06
-0.000461024
0.000467209
1.09173e-06
-0.000464104
-8.18105e-07
-0.000460177
1.27132e-06
-3.64055e-07
-0.000275082
0.000275908
4.82257e-08
-0.000275415
1.00865e-07
-0.000274528
4.17162e-07
1.94646e-07
-7.96666e-05
7.93672e-05
-7.9746e-05
-7.95099e-05
-2.31245e-05
0.00759216
8.78665e-06
0.0100132
4.52878e-05
0.0118247
7.59229e-05
0.0129798
9.30283e-05
0.0136084
9.90026e-05
0.0138896
9.71922e-05
0.0139734
8.64835e-05
0.0139562
6.5504e-05
0.0138966
4.05183e-05
0.0138186
2.06082e-05
0.00489928
1.79532e-05
-5.13793e-05
-0.00141615
0.00143341
-5.83397e-06
-6.26225e-06
-1.25508e-05
-0.000458306
0.000461606
1.59767e-06
-0.000463533
-1.33466e-06
-0.000460569
5.06852e-07
-1.21344e-06
-0.000275941
0.00027676
-1.41727e-07
-0.00027627
-4.39722e-08
-0.000275303
3.18272e-07
1.2966e-07
-7.96916e-05
7.96179e-05
-7.97417e-05
-7.95619e-05
-5.85249e-06
0.00762328
2.84144e-05
0.0100434
6.09117e-05
0.0118411
8.63227e-05
0.012983
0.000102812
0.0136023
0.000108305
0.0138759
0.00010182
0.0139541
8.54021e-05
0.0139414
6.32227e-05
0.0138855
4.10393e-05
0.00489767
2.50892e-05
-4.12839e-05
-0.00139983
0.00142006
-4.57781e-06
-1.78708e-05
-0.000428713
0.000720103
3.13956e-06
-0.000294744
-4.07243e-06
-0.00044771
1.3136e-05
1.48302e-06
-0.00027555
0.000276757
5.55452e-08
-0.0002763
-2.00087e-07
-0.000275684
8.2547e-08
-1.15746e-07
-7.99743e-05
7.99729e-05
-7.99888e-05
-7.97476e-05
-3.16404e-06
0.00762791
2.76403e-05
0.0100556
6.62635e-05
0.0118554
9.72759e-05
0.0129884
0.000113814
0.0135959
0.000116828
0.0138636
0.0001083
0.0139444
8.86994e-05
0.0139303
6.39861e-05
0.00490404
3.04814e-05
-3.36653e-05
-0.00138974
0.00141082
5.35678e-07
-1.1417e-05
-0.000704156
0.00069991
3.38756e-06
-4.54513e-06
-4.71069e-06
3.06275e-06
-7.35066e-05
7.71219e-05
-0.000278103
-3.04361e-06
-7.7347e-05
2.40251e-07
-7.98388e-05
8.00756e-05
-7.99551e-05
-7.98571e-05
1.60558e-05
0.00766092
4.91082e-05
0.0100893
8.24565e-05
0.0118737
0.000108173
0.0129923
0.000122763
0.0135892
0.000123394
0.0138525
0.000110311
0.0139295
8.76728e-05
0.00490686
3.40488e-05
-3.00037e-05
-0.00138392
0.00140801
3.40301e-06
-7.31464e-06
-0.000689657
0.000688903
3.64215e-06
-4.25791e-06
-4.54696e-06
3.53257e-06
-7.09997e-05
7.45166e-05
-7.55093e-05
7.24465e-05
-8.03159e-05
1.71639e-05
0.00766871
4.87158e-05
0.0101046
8.83823e-05
0.0118894
0.000118485
0.0129969
0.000130979
0.0135836
0.000128127
0.0138386
0.000110384
0.00492034
3.7972e-05
-2.65394e-05
-0.00138286
0.00140858
5.31364e-06
-5.03926e-06
-0.000682716
0.000685051
3.70963e-06
-4.15068e-06
-4.3086e-06
3.72169e-06
-6.92014e-05
7.30705e-05
-7.34808e-05
6.99482e-05
3.37848e-05
0.00770692
6.83045e-05
0.0101423
0.000103432
0.0119089
0.000127573
0.0130011
0.000138111
0.0135757
0.00012909
0.00493337
3.97648e-05
-2.57451e-05
-0.0013845
0.00141214
6.76175e-06
-3.40676e-06
-0.000680915
0.000684226
3.92294e-06
-4.09892e-06
-4.2512e-06
3.87955e-06
-6.84832e-05
7.2612e-05
-7.25585e-05
6.88369e-05
3.30045e-05
0.00772303
6.77336e-05
0.0101634
0.000107537
0.0119266
0.000136091
0.013005
0.000140128
0.0049592
4.2326e-05
-2.55958e-05
-0.00138846
0.00141859
7.54419e-06
-2.54521e-06
-0.000681052
0.000685003
4.04853e-06
-3.9888e-06
-4.11356e-06
4.02514e-06
-6.83203e-05
7.24894e-05
-7.23296e-05
6.845e-05
4.47907e-05
0.00776597
8.15008e-05
0.0102033
0.00011924
0.0119482
0.000137371
0.00498834
4.44159e-05
-2.7791e-05
-0.00139471
0.00142782
8.08907e-06
-2.17666e-06
-0.000682718
0.000688181
4.14109e-06
-4.06623e-06
-4.11372e-06
4.10482e-06
-6.83268e-05
7.25309e-05
-7.23584e-05
6.83333e-05
4.54064e-05
0.00779915
8.59683e-05
0.0102359
0.000117663
0.00502501
4.77677e-05
-3.06197e-05
-0.00140253
0.00143915
8.57004e-06
-2.24801e-06
-0.000686422
0.000693489
4.36445e-06
-4.30385e-06
-4.30209e-06
4.293e-06
-6.85042e-05
7.2946e-05
-7.25461e-05
6.84413e-05
5.0445e-05
0.00784391
8.32857e-05
0.00506913
4.83889e-05
-3.45014e-05
-0.00141141
0.00145146
8.74255e-06
-2.68691e-06
-0.000692043
0.000700583
4.80881e-06
-4.76524e-06
-4.71935e-06
4.62217e-06
-6.87734e-05
7.36155e-05
-7.30069e-05
6.87139e-05
4.57206e-05
5.36018e-05
-3.60733e-05
-0.00142089
0.0014633
9.55372e-06
-3.37829e-06
-0.000698689
0.000707563
5.37888e-06
-5.26303e-06
-5.25347e-06
5.13084e-06
-6.91374e-05
7.45186e-05
-7.37101e-05
6.90879e-05
-0.00142997
1.10491e-05
-2.00333e-06
-0.000704971
0.00071553
5.89384e-06
-5.59837e-06
-5.75837e-06
5.57831e-06
-6.94802e-05
7.53135e-05
-7.45692e-05
6.94384e-05
-0.000714274
8.26506e-06
-4.28226e-06
-5.99137e-06
5.63136e-06
-6.99504e-05
7.62492e-05
-7.53406e-05
6.97623e-05
-7.19519e-05
-7.60604e-05
7.0429e-05
)
;

boundaryField
{
    inlet
    {
        type            calculated;
        value           nonuniform 0();
    }
    outlet
    {
        type            calculated;
        value           nonuniform List<scalar> 
55
(
0.00510048
0.00788425
0.010273
0.0119684
0.0130085
0.0135655
0.013821
0.0139087
0.0139097
0.0138676
0.0138033
0.0137261
0.0136395
0.0135443
0.0134423
0.0133357
0.0132249
0.013111
0.0129934
0.0128698
0.0127375
0.0125851
0.0124045
0.01216
0.0118133
0.0112898
0.0104923
0.00931831
0.0077231
0.00576798
0.00363256
0.00584459
0.00894798
0.0115855
0.0132691
0.0141227
0.0143412
0.0140479
0.0132401
0.0118453
0.00980788
0.00724413
0.00450484
0.00188626
8.04715e-05
0.000722737
0.00147516
0.00110999
0.00062033
0.000140087
1.91123e-05
0.000330377
0.00181293
2.79612e-05
0.000624143
)
;
    }
    wall
    {
        type            calculated;
        value           uniform 0;
    }
    front
    {
        type            empty;
        value           nonuniform 0();
    }
    back
    {
        type            empty;
        value           nonuniform 0();
    }
    vanem
    {
        type            calculated;
        value           uniform 0;
    }
    vaneu
    {
        type            calculated;
        value           uniform 0;
    }
    vanel
    {
        type            calculated;
        value           nonuniform 0();
    }
    procBoundary3to2
    {
        type            processor;
        value           nonuniform List<scalar> 
58
(
-0.00266197
-0.00512818
-0.0078196
-0.0103194
-0.0123708
-0.0138967
-0.0149283
-0.0155614
-0.0159036
-0.0160469
-0.0160589
-0.0159861
-0.0158571
-0.0156919
-0.0155052
-0.0152957
-0.0150732
-0.014832
-0.0145693
-0.0142731
-0.0139206
-0.0134831
-0.0129102
-0.0121405
-0.0111049
-0.00975168
-0.00806926
-0.0061117
-0.00401547
-0.0020744
-0.00674018
-0.00944055
-0.0117034
-0.0133073
-0.0142249
-0.0144738
-0.0140959
-0.0130804
-0.0114584
-0.00924539
-0.00654552
-0.00357278
-0.000870001
-4.61241e-05
-5.31624e-06
-0.000500875
-3.32024e-06
-1.39259e-05
-0.00160121
-0.000653722
-2.94533e-06
-3.55482e-05
-0.000514743
-0.00236867
-0.000163111
-8.5775e-05
-0.000125816
-0.000302418
)
;
    }
}


// ************************************************************************* //
