/*--------------------------------*- C++ -*----------------------------------*\
| =========                 |                                                 |
| \\      /  F ield         | OpenFOAM: The Open Source CFD Toolbox           |
|  \\    /   O peration     | Version:  v1912                                 |
|   \\  /    A nd           | Website:  www.openfoam.com                      |
|    \\/     M anipulation  |                                                 |
\*---------------------------------------------------------------------------*/
FoamFile
{
    version     2.0;
    format      ascii;
    class       volScalarField;
    location    "280";
    object      p;
}
// * * * * * * * * * * * * * * * * * * * * * * * * * * * * * * * * * * * * * //

dimensions      [0 2 -2 0 0 0 0];


internalField   nonuniform List<scalar> 
3753
(
-0.00646262
-0.00643487
-0.00622264
-0.00638941
-0.00619587
-0.00598089
-0.00634937
-0.00614935
-0.00595536
-0.00575381
-0.00632152
-0.00610866
-0.00591244
-0.00572939
-0.00553085
-0.00631228
-0.006078
-0.00587506
-0.00568586
-0.00550707
-0.00531494
-0.0063306
-0.00606458
-0.00584358
-0.00564544
-0.00546573
-0.00529105
-0.00510894
-0.00638624
-0.00607492
-0.00582479
-0.00561365
-0.00543008
-0.00525058
-0.00508567
-0.00490744
-0.00648071
-0.00611688
-0.00582735
-0.00559591
-0.0054017
-0.00521581
-0.00504529
-0.00488496
-0.00471225
-0.00661475
-0.00619608
-0.00585693
-0.00559862
-0.00538509
-0.00518768
-0.00500968
-0.00484603
-0.0046906
-0.00452467
-0.0067855
-0.00631442
-0.00591555
-0.00562537
-0.00538832
-0.0051741
-0.0049822
-0.00481309
-0.00465225
-0.00450215
-0.00434326
-0.00697767
-0.00647166
-0.00599837
-0.00567746
-0.00541747
-0.00518134
-0.00496956
-0.00478811
-0.00461785
-0.00446506
-0.00432208
-0.00416306
-0.00714368
-0.00667587
-0.0061034
-0.00575559
-0.00547703
-0.0052131
-0.00497816
-0.00477548
-0.00459296
-0.00443532
-0.00428502
-0.00414248
-0.00399046
-0.006908
-0.00724873
-0.00722781
-0.00622851
-0.00585756
-0.00556645
-0.00527379
-0.00501267
-0.00478347
-0.00458311
-0.00441106
-0.00425137
-0.0041069
-0.00397065
-0.00381994
-0.00638272
-0.0068408
-0.00720095
-0.0072302
-0.0072755
-0.00598055
-0.00568072
-0.00536326
-0.00507529
-0.00481683
-0.00459253
-0.00439873
-0.00422781
-0.00407796
-0.00393543
-0.00380124
-0.00365534
-0.00613148
-0.00644988
-0.00659272
-0.00693889
-0.00742619
-0.00723189
-0.00722326
-0.00733928
-0.00581119
-0.00547875
-0.00516573
-0.004879
-0.00462774
-0.00440789
-0.00421953
-0.00405619
-0.00390522
-0.00376787
-0.00363587
-0.00349791
-0.00595365
-0.0062194
-0.00636397
-0.00655284
-0.00665373
-0.00688994
-0.00698292
-0.00714411
-0.00777733
-0.00717261
-0.00727325
-0.00737209
-0.005614
-0.00527884
-0.00496937
-0.00469125
-0.00444291
-0.00422956
-0.00404726
-0.00388332
-0.00374047
-0.00360324
-0.00348003
-0.00333807
-0.00575415
-0.00601067
-0.00613866
-0.00631435
-0.00644598
-0.00660408
-0.00667982
-0.00678903
-0.00670603
-0.00685991
-0.0064706
-0.00672638
-0.00832068
-0.0072889
-0.00734065
-0.00741898
-0.00540979
-0.00508414
-0.00478056
-0.00450463
-0.00426437
-0.0040574
-0.00387454
-0.00372028
-0.0035769
-0.00344683
-0.00332032
-0.003187
-0.00555167
-0.00580185
-0.00592254
-0.00609248
-0.00621128
-0.00634022
-0.00641748
-0.0065437
-0.00647126
-0.00665969
-0.00671559
-0.00681998
-0.00677499
-0.00681231
-0.00905161
-0.0052142
-0.00488935
-0.00459286
-0.00432601
-0.00409066
-0.0038854
-0.00371294
-0.00355836
-0.00341995
-0.00329032
-0.00316935
-0.00303501
-0.00535279
-0.00560281
-0.00571538
-0.00588155
-0.00599019
-0.00611951
-0.00618449
-0.00630141
-0.00623008
-0.00638438
-0.00644386
-0.00657527
-0.00651201
-0.00501521
-0.00470506
-0.0044129
-0.00414926
-0.00392047
-0.00372452
-0.00355286
-0.00340309
-0.00326678
-0.0031378
-0.00301861
-0.00288502
-0.00515289
-0.00540481
-0.00551143
-0.00568042
-0.0057809
-0.00591163
-0.0059712
-0.00606943
-0.00601681
-0.0061542
-0.00621994
-0.0063337
-0.00626459
-0.00483225
-0.00451913
-0.0042339
-0.00398135
-0.00375719
-0.00356463
-0.00339907
-0.00325023
-0.00311304
-0.00298955
-0.00287037
-0.00274402
-0.00496562
-0.00520738
-0.00531213
-0.00547656
-0.00557925
-0.00571041
-0.00576507
-0.00586125
-0.00580788
-0.00594425
-0.00600858
-0.00610231
-0.00605058
-0.00464022
-0.00434056
-0.00406475
-0.00381452
-0.00359901
-0.00341229
-0.0032478
-0.00309854
-0.00296704
-0.00284246
-0.00272733
-0.00260091
-0.00477177
-0.0050198
-0.00511578
-0.00527873
-0.00538346
-0.00550468
-0.00556281
-0.00565621
-0.00561166
-0.00574521
-0.00579943
-0.00589783
-0.00584058
-0.00446303
-0.00416821
-0.00389704
-0.00365566
-0.00344685
-0.00326397
-0.00309885
-0.00295356
-0.00282066
-0.00269796
-0.00258657
-0.00246117
-0.0045935
-0.00482767
-0.00492338
-0.00508806
-0.00518381
-0.00531221
-0.00536003
-0.00546231
-0.00540836
-0.00554031
-0.00559594
-0.00569063
-0.00564732
-0.00428647
-0.00399958
-0.00373374
-0.00350315
-0.00329963
-0.00311787
-0.0029555
-0.00280883
-0.00267649
-0.00255876
-0.00244638
-0.00232566
-0.00441241
-0.00464679
-0.0047384
-0.00489779
-0.00499353
-0.00511517
-0.00516926
-0.00526094
-0.00521163
-0.00534736
-0.00539511
-0.00549564
-0.00544044
-0.00411587
-0.00383305
-0.00358104
-0.00335687
-0.0031588
-0.00297743
-0.00281113
-0.00266344
-0.00253663
-0.00241904
-0.00231203
-0.00219196
-0.00424103
-0.00446801
-0.00455546
-0.00471386
-0.0048033
-0.00493169
-0.00497091
-0.00507079
-0.00502167
-0.00514851
-0.00520402
-0.00529286
-0.00524478
-0.00394832
-0.00367659
-0.00343318
-0.00321884
-0.00302086
-0.00283404
-0.00266676
-0.00252362
-0.0023974
-0.00228573
-0.00217871
-0.00206041
-0.00407146
-0.00429637
-0.00437824
-0.00453513
-0.00462012
-0.00474378
-0.0047891
-0.00487679
-0.00483213
-0.00496387
-0.00499948
-0.00510137
-0.00505992
-0.0037875
-0.00352567
-0.00329526
-0.00308472
-0.00288265
-0.00269094
-0.00252425
-0.00238444
-0.00226611
-0.00215305
-0.00204741
-0.00193082
-0.00390867
-0.00412595
-0.00420803
-0.00436103
-0.0044411
-0.00456547
-0.00460533
-0.00469507
-0.004648
-0.00477439
-0.00481935
-0.00490995
-0.00486662
-0.0036321
-0.00338399
-0.0031652
-0.00295515
-0.00273958
-0.00254526
-0.00238454
-0.00225404
-0.00213468
-0.00202319
-0.00191891
-0.00180573
-0.00374967
-0.00396422
-0.0040399
-0.00418782
-0.00427318
-0.00438745
-0.00443114
-0.00451567
-0.00446805
-0.00459804
-0.00463141
-0.00473167
-0.00467932
-0.00348423
-0.00325525
-0.00304619
-0.00281555
-0.00259019
-0.00240181
-0.00225361
-0.00212423
-0.00200609
-0.00189545
-0.0017944
-0.0016801
-0.00359826
-0.00380708
-0.00387937
-0.00402503
-0.00410306
-0.00421525
-0.00426008
-0.00434423
-0.00430044
-0.0044191
-0.00445739
-0.00455197
-0.00449761
-0.00334929
-0.00314283
-0.00291618
-0.00266204
-0.00243914
-0.00226907
-0.00212711
-0.00199748
-0.00187896
-0.00177214
-0.00166877
-0.00155773
-0.00345285
-0.00365983
-0.00372102
-0.00386711
-0.00394101
-0.0040541
-0.00409024
-0.00417009
-0.00413213
-0.00424873
-0.0042898
-0.0043798
-0.00432762
-0.00323023
-0.00303664
-0.00276165
-0.00249741
-0.00230182
-0.00214525
-0.00200251
-0.00187368
-0.0017584
-0.00164721
-0.00154743
-0.00143249
-0.00331475
-0.00351799
-0.0035707
-0.00371537
-0.00378372
-0.00389426
-0.00393348
-0.0040084
-0.00396675
-0.00408659
-0.00411718
-0.00420054
-0.00416043
-0.0031513
-0.00289224
-0.00257314
-0.00235095
-0.00218133
-0.00202561
-0.00188254
-0.00175431
-0.001636
-0.00152688
-0.00142419
-0.00130899
-0.00322028
-0.00338445
-0.00342546
-0.00356998
-0.00363585
-0.00374454
-0.00377408
-0.00384841
-0.00381292
-0.00392463
-0.00396271
-0.00403864
-0.00399318
-0.00305934
-0.00266459
-0.00241376
-0.00223451
-0.00206733
-0.0019092
-0.00176542
-0.00163606
-0.0015156
-0.00140589
-0.00130052
-0.00118632
-0.00323669
-0.00326234
-0.00329443
-0.00343254
-0.00349449
-0.00359854
-0.00362864
-0.00369858
-0.00366379
-0.0037764
-0.00379888
-0.00387809
-0.00384015
-0.00277808
-0.00248401
-0.00230286
-0.00212738
-0.00195447
-0.00179523
-0.00165085
-0.00151717
-0.00139777
-0.00128318
-0.0011797
-0.00106165
-0.00290653
-0.00337222
-0.00325399
-0.00326671
-0.00335685
-0.00346585
-0.00348691
-0.00355623
-0.00352967
-0.00362733
-0.00365468
-0.00372711
-0.00368834
-0.00256118
-0.00238547
-0.00220433
-0.00201777
-0.00184348
-0.00168341
-0.00153601
-0.00140277
-0.0012783
-0.00116475
-0.00105715
-0.000935896
-0.00266668
-0.00287353
-0.00307142
-0.00359072
-0.00320531
-0.00333075
-0.00334191
-0.00342223
-0.00340277
-0.00349024
-0.00351623
-0.00358498
-0.00355474
-0.00247565
-0.00229468
-0.0020964
-0.00190973
-0.00173612
-0.00157436
-0.00142475
-0.0012882
-0.00116242
-0.00104359
-0.000931447
-0.000808904
-0.00257634
-0.00275815
-0.00283987
-0.0029133
-0.00311676
-0.00394541
-0.00302601
-0.00322761
-0.00316893
-0.00336493
-0.00339171
-0.00345467
-0.00342719
-0.0023932
-0.00218662
-0.00199008
-0.00180578
-0.00163127
-0.00146745
-0.00131678
-0.00117408
-0.0010434
-0.000919363
-0.000807155
-0.000679687
-0.00249009
-0.00263839
-0.00271744
-0.00283279
-0.0029011
-0.00298192
-0.0030228
-0.00284449
-0.00302671
-0.00460327
-0.00306871
-0.00330729
-0.003213
-0.00228519
-0.00208019
-0.00188856
-0.00170331
-0.00152867
-0.00136399
-0.00120584
-0.00106134
-0.00092357
-0.000797984
-0.000679008
-0.000545056
-0.00238326
-0.00252845
-0.00259961
-0.00269819
-0.00276869
-0.00285118
-0.00290309
-0.00298057
-0.00293523
-0.00217493
-0.00197925
-0.00178747
-0.00160506
-0.00142948
-0.00125973
-0.00110036
-0.000946982
-0.000805846
-0.000672144
-0.000547038
-0.000408268
-0.00227272
-0.00242154
-0.00248588
-0.00258358
-0.00264349
-0.00271699
-0.0027532
-0.00282077
-0.00278281
-0.00207353
-0.00187848
-0.00169155
-0.00151006
-0.00133225
-0.00116088
-0.00099243
-0.000833107
-0.000683679
-0.000542763
-0.000412578
-0.000266266
-0.00216937
-0.00231413
-0.00237473
-0.0024747
-0.00252923
-0.00260692
-0.00263769
-0.00268875
-0.00266008
-0.00197287
-0.00178236
-0.00159794
-0.00141774
-0.00123945
-0.00106017
-0.000885721
-0.000717752
-0.000559165
-0.000411318
-0.000273127
-0.000120348
-0.0020664
-0.00221088
-0.00226931
-0.00236547
-0.00241932
-0.00249456
-0.00252402
-0.00257686
-0.002548
-0.00187453
-0.00168909
-0.00151044
-0.00132938
-0.00114765
-0.000963137
-0.000779217
-0.000600604
-0.000432516
-0.000275236
-0.000129394
3.34349e-05
-0.0019671
-0.00210871
-0.00216257
-0.00226117
-0.00231498
-0.00238639
-0.00241641
-0.00246677
-0.00243964
-0.00178128
-0.00160356
-0.00142423
-0.00124579
-0.00105908
-0.000865209
-0.000671205
-0.000481631
-0.000302392
-0.000133963
2.07663e-05
0.000192549
-0.00187162
-0.00200985
-0.00206201
-0.00215595
-0.0022077
-0.00228777
-0.00230864
-0.00235979
-0.00233479
-0.00169353
-0.00151842
-0.00134712
-0.00116498
-0.00097102
-0.000768568
-0.000561911
-0.000359289
-0.000166436
1.17041e-05
0.000177886
0.000358544
-0.00178165
-0.00191437
-0.0019635
-0.00205656
-0.00210735
-0.00217635
-0.00220352
-0.00225407
-0.00222827
-0.00160857
-0.00144361
-0.00127192
-0.00108644
-0.000884807
-0.000671759
-0.000450784
-0.000233977
-2.71082e-05
0.000165508
0.000341554
0.000531619
-0.00169368
-0.00182257
-0.00187035
-0.00196126
-0.00200713
-0.00207717
-0.00210224
-0.00215305
-0.00212611
-0.00153286
-0.00137358
-0.00120057
-0.00100888
-0.000800332
-0.000574279
-0.000339528
-0.000103705
0.000119457
0.000326147
0.000515161
0.000709057
-0.00161462
-0.00173409
-0.00177959
-0.00186758
-0.00191204
-0.00198254
-0.00200748
-0.00205145
-0.00202638
-0.00146463
-0.00130819
-0.00113033
-0.000934915
-0.000717939
-0.000477558
-0.000222717
3.24571e-05
0.000274378
0.000495695
0.000699453
0.000904496
-0.00154531
-0.0016501
-0.00169444
-0.0017781
-0.0018214
-0.00188635
-0.00191169
-0.00195525
-0.00193095
-0.00140424
-0.00124259
-0.00106208
-0.0008659
-0.000636505
-0.000378659
-0.00010108
0.000174559
0.000435939
0.000681015
0.000901204
0.00108731
-0.00148373
-0.00157708
-0.00161334
-0.00169121
-0.00173377
-0.00179917
-0.00181889
-0.00186296
-0.00184074
-0.00134379
-0.00117413
-0.00100307
-0.000798678
-0.00055633
-0.00027704
2.3201e-05
0.000325096
0.000617192
0.000870647
0.0011855
0.000448424
-0.00142366
-0.00163496
-0.00156629
-0.00159177
-0.00164699
-0.00171583
-0.0017347
-0.0017744
-0.00175428
-0.00127173
-0.00111984
-0.000947487
-0.000736481
-0.000476161
-0.000172111
0.000155894
0.000493136
0.000786913
0.00120389
0.000540459
-0.00135509
-0.00145054
-0.00148622
-0.00183834
-0.0023289
-0.00152867
-0.00162963
-0.00165141
-0.00169193
-0.00167291
-0.00121595
-0.0010713
-0.000899054
-0.000675054
-0.000393619
-6.37556e-05
0.000303559
0.000641019
0.00111696
0.000570724
-0.00129515
-0.00138963
-0.00142313
-0.00148271
-0.00152036
-0.00155571
-0.00163394
-0.00155466
-0.000829799
-0.00160717
-0.00159039
-0.00116886
-0.0010317
-0.000853407
-0.000615866
-0.000311144
5.84966e-05
0.000428415
0.000944339
0.000513102
-0.00124587
-0.00133212
-0.00135901
-0.00140287
-0.00142633
-0.00143767
-0.00146433
-0.00151107
-0.00154349
-0.00157818
-0.00161728
-0.00161758
-0.00141132
-0.00113299
-0.00099699
-0.000813533
-0.000556894
-0.000218095
0.000159696
0.000690029
0.000396585
-0.0012082
-0.00128426
-0.00130516
-0.00134753
-0.00136229
-0.00137481
-0.00138995
-0.00142133
-0.00144182
-0.00145682
-0.00148279
-0.0015343
-0.0015651
-0.00160422
-0.00164191
-0.00110279
-0.000971439
-0.000774995
-0.000493355
-0.000140619
0.000367608
0.000239886
-0.00117878
-0.00124474
-0.00126113
-0.00130129
-0.00131229
-0.00132182
-0.00133592
-0.00136374
-0.00137725
-0.00139326
-0.0014048
-0.00143755
-0.0014553
-0.00147394
-0.00149788
-0.00108479
-0.000948221
-0.000737064
-0.000436801
7.19785e-06
6.11703e-05
-0.00116046
-0.00121501
-0.00122649
-0.00125912
-0.00127104
-0.00127716
-0.00128796
-0.0013168
-0.00132825
-0.00133753
-0.0013515
-0.00137888
-0.00139181
-0.0014082
-0.00141965
-0.00107151
-0.00093097
-0.000697505
-0.000350924
-0.000119999
-0.00115037
-0.00119598
-0.00120081
-0.00122863
-0.00123687
-0.00124323
-0.00124942
-0.00127435
-0.00128412
-0.00129223
-0.00130331
-0.0013294
-0.00134297
-0.00135195
-0.00136539
-0.00107026
-0.000904042
-0.000667448
-0.000284921
-0.00115731
-0.00118615
-0.00118483
-0.00120932
-0.00121418
-0.00121568
-0.00122289
-0.00124266
-0.00124775
-0.0012576
-0.00126219
-0.00128744
-0.00129552
-0.00130583
-0.00132024
-0.00105854
-0.000918807
-0.000419694
-0.00116544
-0.00119306
-0.00118281
-0.00119618
-0.00120135
-0.00119926
-0.00120314
-0.00122126
-0.00122408
-0.00122844
-0.00123482
-0.0012554
-0.00125913
-0.00126828
-0.00127531
-0.00110824
-0.000521276
-0.00126672
-0.00120017
-0.00119111
-0.00120238
-0.00119826
-0.00119778
-0.0011931
-0.0012056
-0.00120908
-0.00121138
-0.00121479
-0.0012303
-0.00123453
-0.00123961
-0.00124522
-0.00059438
-0.000707375
-0.00130718
-0.00123397
-0.00121064
-0.0012068
-0.00120763
-0.00120025
-0.00120657
-0.00120607
-0.00120483
-0.00120358
-0.00121438
-0.00121625
-0.00122144
-0.00122658
-0.000661359
-0.00134583
-0.00129627
-0.00127201
-0.00123966
-0.00122197
-0.00121673
-0.00121334
-0.00121221
-0.00120768
-0.00121226
-0.00121348
-0.00121049
-0.00121189
-0.00056292
-0.00136615
-0.00140538
-0.0013312
-0.00129268
-0.00126923
-0.00124251
-0.00122893
-0.00121882
-0.00121619
-0.00121487
-0.00121319
-0.000578327
-0.00152235
-0.00141977
-0.00131843
-0.00128985
-0.00126387
-0.00124016
-0.00122777
-0.000726465
-0.0016594
-0.00141123
-0.0013178
-0.0938017
-0.0927637
-0.0936577
-0.0928329
-0.0926789
-0.0933485
-0.0934931
-0.0930747
-0.0927011
-0.0924395
-0.0935543
-0.0936806
-0.093588
-0.0930452
-0.0927799
-0.0924901
-0.092196
-0.0937795
-0.0939474
-0.0939402
-0.0940036
-0.0929243
-0.0924859
-0.0925468
-0.0922421
-0.0919152
-0.0940181
-0.0942495
-0.0948717
-0.0941052
-0.09448
-0.0931067
-0.091878
-0.0919871
-0.092283
-0.0919731
-0.0916835
-0.0942913
-0.0945042
-0.0950762
-0.0942853
-0.0945424
-0.0932884
-0.0920859
-0.0908714
-0.0914785
-0.0920364
-0.0917837
-0.0917302
-0.0914434
-0.0947313
-0.095277
-0.0944747
-0.0947878
-0.0934765
-0.0922815
-0.0910752
-0.0909769
-0.0898642
-0.0905352
-0.0915457
-0.0912901
-0.0915
-0.0911933
-0.0954714
-0.0946668
-0.0936696
-0.0924734
-0.0912736
-0.0900651
-0.0910347
-0.0908017
-0.0899674
-0.0888664
-0.0894765
-0.0906318
-0.0905489
-0.0912455
-0.090922
-0.0956619
-0.0948595
-0.0938659
-0.0926685
-0.0914674
-0.090264
-0.0890638
-0.0909774
-0.090743
-0.0898033
-0.0889731
-0.087893
-0.0884881
-0.0893723
-0.090503
-0.0898861
-0.0907003
-0.0958499
-0.0950477
-0.0940598
-0.0928682
-0.0916638
-0.0904587
-0.0892597
-0.0880797
-0.0898817
-0.0896531
-0.0888764
-0.0879798
-0.0869852
-0.0875104
-0.08839
-0.0891928
-0.0894331
-0.090464
-0.0900757
-0.0960314
-0.0952198
-0.094238
-0.0930667
-0.0918655
-0.0906553
-0.0894516
-0.0882651
-0.087133
-0.0889178
-0.0886864
-0.0878705
-0.087125
-0.0859716
-0.0865919
-0.0873834
-0.0882087
-0.0884466
-0.0961964
-0.0953549
-0.0943776
-0.0932503
-0.0920673
-0.0908577
-0.0896457
-0.0884496
-0.0872905
-0.086148
-0.0879277
-0.0876915
-0.0871241
-0.0860785
-0.0849978
-0.0855883
-0.0864801
-0.0871642
-0.0874177
-0.0963263
-0.0954045
-0.0944247
-0.0933924
-0.0922549
-0.0910615
-0.0898467
-0.0886377
-0.0874582
-0.0863094
-0.0851736
-0.0869044
-0.0871147
-0.0859574
-0.0851166
-0.0840489
-0.0846385
-0.0854965
-0.0862299
-0.0864329
-0.0963764
-0.0952801
-0.0942845
-0.0934346
-0.0923984
-0.0912518
-0.0900507
-0.0888347
-0.0876351
-0.0864692
-0.0853349
-0.0842164
-0.0872912
-0.0860119
-0.0857734
-0.0850286
-0.0841732
-0.0831095
-0.0837023
-0.0845568
-0.0853211
-0.0855659
-0.0862152
-0.0863258
-0.0962641
-0.094839
-0.0938054
-0.0932755
-0.0924346
-0.0913952
-0.0902419
-0.0890371
-0.0878252
-0.0866377
-0.0854895
-0.0843734
-0.0832723
-0.0859662
-0.0857419
-0.0850823
-0.0848464
-0.0840913
-0.0832382
-0.0821711
-0.0827713
-0.0836249
-0.0843836
-0.0846174
-0.0852784
-0.0855214
-0.0958565
-0.0938794
-0.0927742
-0.0927526
-0.0922529
-0.0914221
-0.0903831
-0.0892281
-0.0880246
-0.0868217
-0.0856515
-0.0845241
-0.0834269
-0.0823343
-0.085032
-0.0848043
-0.0841417
-0.0839126
-0.0831596
-0.0823064
-0.0812386
-0.0818368
-0.0826971
-0.0834548
-0.0836841
-0.0843397
-0.0845708
-0.0949622
-0.0921602
-0.0909386
-0.0916415
-0.0916799
-0.0912128
-0.0903983
-0.0893648
-0.0882139
-0.0870182
-0.0858308
-0.0846823
-0.083576
-0.0824924
-0.0814039
-0.0840928
-0.0838709
-0.083214
-0.082985
-0.0822324
-0.0813671
-0.0803337
-0.0808815
-0.0817653
-0.0825291
-0.0827599
-0.0834109
-0.0836395
-0.0933503
-0.0894598
-0.0880714
-0.0896804
-0.0904804
-0.0905844
-0.0901578
-0.0893638
-0.0883439
-0.0872048
-0.0860252
-0.0848594
-0.0837338
-0.0826462
-0.0815686
-0.0804884
-0.0831701
-0.0829431
-0.0822908
-0.0820638
-0.0812896
-0.0804429
-0.0793491
-0.0799914
-0.0807984
-0.0816056
-0.0818332
-0.0824878
-0.082717
-0.0908083
-0.0856625
-0.0840584
-0.0866364
-0.0883828
-0.0892883
-0.0894654
-0.089085
-0.0883231
-0.0873257
-0.0862078
-0.0850528
-0.0839125
-0.0828099
-0.0817344
-0.0806565
-0.0795393
-0.0822485
-0.0820238
-0.0813608
-0.08113
-0.0803783
-0.0795007
-0.0783162
-0.0789469
-0.0799816
-0.0806343
-0.0808781
-0.081566
-0.081794
-0.0872208
-0.0808259
-0.0789674
-0.0823992
-0.085151
-0.0870427
-0.08806
-0.0883202
-0.0880001
-0.0872805
-0.0863167
-0.0852304
-0.0841066
-0.0829955
-0.081912
-0.0808395
-0.0797383
-0.078553
-0.0813239
-0.0810935
-0.0804031
-0.0801694
-0.0793852
-0.0784733
-0.0772373
-0.0779119
-0.0788615
-0.0796742
-0.0801703
-0.080586
-0.0808454
-0.0826353
-0.0751868
-0.0730537
-0.0770506
-0.0806812
-0.08361
-0.0856534
-0.0867962
-0.0871532
-0.0869057
-0.0862417
-0.0853242
-0.0842789
-0.0831929
-0.0821108
-0.0810394
-0.0799532
-0.0788026
-0.0775181
-0.0803067
-0.0798922
-0.0794388
-0.0791616
-0.0783733
-0.0774018
-0.0761768
-0.0768037
-0.0778383
-0.0786881
-0.0789591
-0.0794544
-0.0803582
-0.0772725
-0.0690883
-0.0666816
-0.0708656
-0.0750711
-0.0788977
-0.0820087
-0.0842157
-0.0854953
-0.0859653
-0.0858059
-0.0852129
-0.0843539
-0.0833595
-0.0823145
-0.0812586
-0.0801871
-0.0790665
-0.0778335
-0.0764331
-0.0793386
-0.0791338
-0.0784639
-0.0781851
-0.0772946
-0.0763452
-0.0747825
-0.0758954
-0.0767122
-0.0776579
-0.0779456
-0.0786711
-0.0789179
-0.079423
-0.0806432
-0.0714552
-0.062905
-0.0602495
-0.06423
-0.068618
-0.073023
-0.0770458
-0.0803442
-0.0827237
-0.0841582
-0.0847579
-0.0847055
-0.0841986
-0.0834113
-0.0824746
-0.0814713
-0.0804338
-0.0793472
-0.0781644
-0.0768128
-0.0752227
-0.0793291
-0.0791177
-0.0784279
-0.0781646
-0.0774024
-0.0771025
-0.0761529
-0.0742733
-0.0732915
-0.0748667
-0.0765561
-0.0768452
-0.0776372
-0.0779077
-0.0786417
-0.0788822
-0.0655354
-0.0570048
-0.0541484
-0.0575671
-0.0617304
-0.0663067
-0.0709039
-0.0751199
-0.0786111
-0.0811778
-0.0827841
-0.0835333
-0.0836059
-0.0832025
-0.0824978
-0.0816239
-0.0806588
-0.0796266
-0.078503
-0.0772221
-0.0757
-0.073856
-0.078384
-0.0781334
-0.0773696
-0.077085
-0.0763938
-0.0763555
-0.0746201
-0.0728143
-0.0738253
-0.0716238
-0.0751543
-0.0765175
-0.0768111
-0.0776016
-0.0778607
-0.0598567
-0.0517333
-0.0487423
-0.05129
-0.0548578
-0.059182
-0.0639308
-0.0687093
-0.0731172
-0.0768084
-0.0795762
-0.0813715
-0.0822911
-0.0825095
-0.0822243
-0.0816118
-0.0808016
-0.0798665
-0.0788209
-0.0776301
-0.076208
-0.0744678
-0.0723265
-0.0773253
-0.077055
-0.0761654
-0.0752264
-0.0747615
-0.074367
-0.0730664
-0.0710562
-0.0722098
-0.0739737
-0.0735633
-0.0698031
-0.0754323
-0.0750901
-0.0764855
-0.0767727
-0.0547451
-0.0473915
-0.0443382
-0.04578
-0.0484329
-0.0521218
-0.0565852
-0.0614882
-0.0664372
-0.0710348
-0.074932
-0.0779131
-0.0799187
-0.0810295
-0.0814111
-0.0812591
-0.0807452
-0.0799954
-0.0790759
-0.077991
-0.0766941
-0.0750901
-0.073083
-0.0706218
-0.0761492
-0.0756287
-0.0731651
-0.0727656
-0.0713172
-0.0691443
-0.0703541
-0.0723673
-0.0718887
-0.0678645
-0.0504935
-0.0441687
-0.0411117
-0.0413453
-0.0428524
-0.0455803
-0.0493638
-0.0539408
-0.0589781
-0.0640859
-0.0688685
-0.0729768
-0.0761856
-0.0784179
-0.079739
-0.0803038
-0.0802961
-0.0798834
-0.079186
-0.0782621
-0.0771035
-0.0756576
-0.0738262
-0.071512
-0.0687223
-0.0714217
-0.0709794
-0.0693051
-0.067266
-0.0682912
-0.0705229
-0.0700085
-0.0654968
-0.0472996
-0.042079
-0.0390537
-0.0381459
-0.0384216
-0.0399654
-0.0427403
-0.0465881
-0.0512514
-0.0564014
-0.0616529
-0.0666159
-0.070938
-0.0743849
-0.0768603
-0.0784104
-0.0791714
-0.0793163
-0.0790032
-0.0783445
-0.077388
-0.07612
-0.0744761
-0.0723711
-0.069716
-0.066527
-0.0694562
-0.0689437
-0.0675935
-0.0645966
-0.0661069
-0.068384
-0.0677762
-0.0628452
-0.0452007
-0.0409611
-0.0379787
-0.0361447
-0.0352785
-0.0355738
-0.0371292
-0.03992
-0.0438002
-0.0485204
-0.0537591
-0.0591382
-0.0642727
-0.0688097
-0.0725002
-0.0752317
-0.0770234
-0.0779927
-0.0782934
-0.0780732
-0.077433
-0.0764139
-0.0749938
-0.0731059
-0.0706777
-0.0676433
-0.0640316
-0.0671845
-0.0674255
-0.0647538
-0.0618055
-0.0633969
-0.0660811
-0.0654379
-0.0599031
-0.0440613
-0.040548
-0.0376026
-0.0351289
-0.0333548
-0.0325167
-0.0328121
-0.0343523
-0.037128
-0.0410069
-0.0457529
-0.0510539
-0.0565412
-0.0618351
-0.0665799
-0.0705187
-0.0735119
-0.0755548
-0.0767372
-0.0771929
-0.077053
-0.0764073
-0.0752892
-0.0736758
-0.0714994
-0.0687029
-0.0652717
-0.0612252
-0.0677963
-0.0648513
-0.0641925
-0.0620027
-0.0587461
-0.060498
-0.0635651
-0.0628476
-0.0658598
-0.0653615
-0.056663
-0.0436285
-0.0405582
-0.0376378
-0.0347977
-0.0324101
-0.0306895
-0.0298672
-0.0301448
-0.0316445
-0.0343728
-0.0382167
-0.0429553
-0.0482898
-0.0538611
-0.0592967
-0.0642408
-0.0684216
-0.0716779
-0.0739738
-0.0753676
-0.0759712
-0.0758945
-0.0752163
-0.0739641
-0.0721149
-0.0696109
-0.0664265
-0.062579
-0.0581063
-0.0646799
-0.0640525
-0.0621231
-0.0613862
-0.0589287
-0.0553881
-0.0572849
-0.0606436
-0.0598506
-0.063428
-0.0627049
-0.0531312
-0.043627
-0.0407629
-0.0378551
-0.034858
-0.0321276
-0.0298248
-0.0281538
-0.027338
-0.0275815
-0.0290152
-0.0316653
-0.0354396
-0.0401359
-0.0454712
-0.0510985
-0.0566532
-0.0617788
-0.0661906
-0.0697031
-0.0722453
-0.0738451
-0.0745819
-0.0745473
-0.0738072
-0.0723858
-0.0702647
-0.0674133
-0.0638315
-0.0595636
-0.0546836
-0.0619191
-0.0611974
-0.0590369
-0.0582315
-0.0555456
-0.0517385
-0.0537677
-0.0574127
-0.0565492
-0.0604728
-0.0596665
-0.0493185
-0.0438252
-0.0410129
-0.0381102
-0.0350843
-0.0322128
-0.0295947
-0.027378
-0.0257533
-0.0249369
-0.0251296
-0.0264741
-0.0290162
-0.0326864
-0.0373041
-0.0426043
-0.048255
-0.0539002
-0.0591826
-0.0638049
-0.0675556
-0.0703328
-0.0721219
-0.072974
-0.0729582
-0.0721273
-0.0705053
-0.0680917
-0.0648857
-0.0609107
-0.0562345
-0.0509735
-0.0588089
-0.0580101
-0.0556411
-0.0547745
-0.0518729
-0.0478126
-0.0499617
-0.0538794
-0.0529477
-0.0572171
-0.0563311
-0.0452492
-0.0440677
-0.0404597
-0.0419491
-0.0353388
-0.0375801
-0.0390067
-0.0324466
-0.0297051
-0.0272016
-0.0250712
-0.0234911
-0.0226656
-0.0227948
-0.0240311
-0.0264386
-0.0299696
-0.0344703
-0.039697
-0.0453335
-0.0510336
-0.0564409
-0.0612462
-0.0652114
-0.0681982
-0.0701559
-0.0711011
-0.0710778
-0.0701296
-0.0682881
-0.0655762
-0.0620176
-0.057666
-0.0526167
-0.0470005
-0.0553834
-0.0545276
-0.0519576
-0.0510255
-0.0479193
-0.0436347
-0.0458881
-0.0500559
-0.0490625
-0.0536505
-0.052704
-0.0409588
-0.0434739
-0.0450224
-0.0401879
-0.0409418
-0.0416399
-0.0423808
-0.0326983
-0.0348319
-0.0361933
-0.037318
-0.0380394
-0.0387079
-0.0394174
-0.0299445
-0.0273351
-0.0249482
-0.0229049
-0.0213672
-0.0205291
-0.0205863
-0.0216969
-0.0239416
-0.0273014
-0.0316472
-0.0367591
-0.0423393
-0.0480532
-0.0535459
-0.0584978
-0.0626443
-0.0658121
-0.0679091
-0.0689197
-0.0688646
-0.0677828
-0.0657158
-0.0627065
-0.0588143
-0.0541172
-0.0487324
-0.0427997
-0.0516708
-0.0507431
-0.047996
-0.0469977
-0.0437157
-0.0392387
-0.0415755
-0.045971
-0.0449098
-0.0498048
-0.0487799
-0.0364961
-0.0431908
-0.0439759
-0.0447031
-0.0402718
-0.0410072
-0.0416641
-0.0423813
-0.0301914
-0.0322162
-0.0335111
-0.0345807
-0.0352686
-0.0359066
-0.0365839
-0.0373971
-0.0381012
-0.0387304
-0.0394171
-0.0275781
-0.025103
-0.0228338
-0.0208778
-0.0193837
-0.0185302
-0.018507
-0.0194771
-0.0215384
-0.0246954
-0.0288478
-0.0338018
-0.039282
-0.0449642
-0.0504978
-0.0555522
-0.0598381
-0.063148
-0.0653508
-0.0663994
-0.0662933
-0.0650693
-0.0627783
-0.0594914
-0.0552921
-0.0502867
-0.0446082
-0.0384084
-0.0476858
-0.0466866
-0.0437809
-0.0427241
-0.0392868
-0.0346983
-0.0370444
-0.0416407
-0.0405318
-0.0456898
-0.0445989
-0.0319048
-0.0432812
-0.0440471
-0.0447301
-0.0278188
-0.029734
-0.0309618
-0.0319759
-0.0326298
-0.033237
-0.033882
-0.034655
-0.0353268
-0.035928
-0.036584
-0.0253473
-0.0230069
-0.0208556
-0.0189892
-0.0175379
-0.0166686
-0.016561
-0.0173804
-0.0192388
-0.0221651
-0.0260885
-0.0308414
-0.0361728
-0.0417752
-0.0473005
-0.0524075
-0.056785
-0.0601927
-0.0624654
-0.0635257
-0.063357
-0.0619894
-0.0594905
-0.0559505
-0.0514793
-0.0462097
-0.0402793
-0.0338702
-0.0434363
-0.0423876
-0.0393416
-0.0382329
-0.0346477
-0.030124
-0.0323081
-0.0371018
-0.035948
-0.0413272
-0.0401963
-0.0272238
-0.02558
-0.0273856
-0.0285463
-0.0295045
-0.030124
-0.0307002
-0.0313127
-0.0320449
-0.0326842
-0.0332568
-0.0338822
-0.0232503
-0.0210442
-0.019012
-0.0172342
-0.0158285
-0.0149432
-0.01475
-0.0154119
-0.017053
-0.0197247
-0.0233853
-0.0278966
-0.0330331
-0.0385047
-0.0439676
-0.0490725
-0.0534883
-0.0569483
-0.0592551
-0.0603061
-0.0600641
-0.0585628
-0.0558777
-0.052117
-0.0474204
-0.0419224
-0.0357983
-0.0292514
-0.0389675
-0.0378668
-0.0347076
-0.0335506
-0.0298866
-0.0253489
-0.0277257
-0.0323618
-0.03115
-0.0367661
-0.0355811
-0.0225445
-0.0234739
-0.0251706
-0.0262646
-0.0271666
-0.0277516
-0.0282973
-0.0288773
-0.0295683
-0.0301743
-0.0307183
-0.0313128
-0.0212846
-0.0192122
-0.0172972
-0.0156097
-0.0142498
-0.0133521
-0.0130734
-0.0135747
-0.0149887
-0.0173853
-0.0207544
-0.0249868
-0.0298853
-0.035175
-0.0405198
-0.0455656
-0.0499672
-0.0534334
-0.055741
-0.0567605
-0.0564465
-0.0548241
-0.0519794
-0.0480417
-0.0431521
-0.0374874
-0.0312335
-0.0246265
-0.034318
-0.0331622
-0.0298262
-0.0286381
-0.0251568
-0.0205441
-0.0227354
-0.0275041
-0.0266671
-0.0320049
-0.0307492
-0.0179014
-0.021498
-0.0230874
-0.0241155
-0.024962
-0.0255126
-0.0260278
-0.0265755
-0.0272249
-0.0277976
-0.0283137
-0.0288773
-0.0194471
-0.0175056
-0.0157071
-0.0141089
-0.0127975
-0.0118891
-0.0115284
-0.0118707
-0.0130518
-0.0151627
-0.0182166
-0.022139
-0.0267567
-0.0318147
-0.0369875
-0.0419197
-0.0462549
-0.0496836
-0.0519591
-0.0529339
-0.0525463
-0.0508209
-0.0478533
-0.0437705
-0.0387487
-0.0329724
-0.0266546
-0.0200399
-0.0293735
-0.0280581
-0.0251411
-0.0238436
-0.0202695
-0.0158415
-0.0179468
-0.0226911
-0.0214943
-0.0266724
-0.0267345
-0.0133397
-0.0196495
-0.0211335
-0.022097
-0.022889
-0.0234059
-0.0238908
-0.0244064
-0.0250149
-0.0255544
-0.0260425
-0.0265752
-0.0177335
-0.0159201
-0.0142351
-0.0127259
-0.0114635
-0.0105487
-0.0101112
-0.0102974
-0.0112484
-0.0130663
-0.0157912
-0.019377
-0.023677
-0.02846
-0.0334113
-0.0381784
-0.0423986
-0.0457478
-0.0479624
-0.048877
-0.0484225
-0.0466187
-0.0435536
-0.0393804
-0.0342733
-0.0284412
-0.0221223
-0.0155284
-0.0243879
-0.0233329
-0.0202544
-0.0190726
-0.0155496
-0.0112629
-0.013253
-0.0179161
-0.0167283
-0.0222612
-0.021074
-0.0269505
-0.00894329
-0.017924
-0.0193059
-0.0202064
-0.0209452
-0.0214289
-0.0218841
-0.0223682
-0.0229367
-0.0234434
-0.0239037
-0.0244057
-0.016139
-0.0144492
-0.0128749
-0.011453
-0.0102406
-0.00932253
-0.00881507
-0.00885507
-0.0095809
-0.0111065
-0.0134947
-0.0167254
-0.0206814
-0.0251521
-0.0298387
-0.0343949
-0.0384553
-0.0416858
-0.0438133
-0.0446597
-0.0441445
-0.0422784
-0.0391595
-0.0349308
-0.029791
-0.0239678
-0.017673
-0.0111789
-0.0239466
-0.0229768
-0.0198349
-0.0186554
-0.0155047
-0.0143369
-0.0109228
-0.0068632
-0.00868941
-0.0131965
-0.0120253
-0.0175067
-0.0163018
-0.0218472
-0.0206595
-0.00479756
-0.0163169
-0.0176003
-0.01844
-0.0191272
-0.0195789
-0.0200051
-0.0204583
-0.0209878
-0.0214624
-0.0218951
-0.0223669
-0.0146578
-0.0130869
-0.0116194
-0.0102819
-0.00911893
-0.00820253
-0.00763357
-0.00753744
-0.00804872
-0.00929144
-0.0113433
-0.0142113
-0.0178055
-0.0219353
-0.0263229
-0.0306275
-0.0344874
-0.0375662
-0.0395845
-0.0403531
-0.0397827
-0.0378796
-0.0347311
-0.0304988
-0.0253792
-0.0195915
-0.0133897
-0.00707061
-0.0194064
-0.0182333
-0.015065
-0.0138964
-0.0108381
-0.00970066
-0.00646051
-0.00274024
-0.00435256
-0.00860024
-0.00747105
-0.0127624
-0.0115827
-0.0170459
-0.0158431
-0.00098992
-0.0148224
-0.016012
-0.0167934
-0.0174311
-0.0178517
-0.0182498
-0.0186732
-0.0191651
-0.0196084
-0.0200141
-0.0204564
-0.0132838
-0.0118264
-0.0104605
-0.00920344
-0.00808967
-0.00717849
-0.00655742
-0.00633861
-0.0066527
-0.00762516
-0.00935258
-0.0118616
-0.015084
-0.018857
-0.0229167
-0.0269364
-0.0305626
-0.0334604
-0.0353485
-0.0360316
-0.0354124
-0.0334889
-0.0303512
-0.0261465
-0.0210813
-0.0153876
-0.00935047
-0.00329457
-0.0145986
-0.0134406
-0.0103772
-0.00924506
-0.00633919
-0.00525479
-0.00233854
0.00105975
-0.000349127
-0.00422025
-0.00315692
-0.00815219
-0.0070171
-0.0122733
-0.0110997
0.00235386
-0.0134346
-0.0145353
-0.0152612
-0.0158518
-0.0162428
-0.0166138
-0.0170085
-0.0174643
-0.0178775
-0.0182569
-0.0186705
-0.0120107
-0.0106606
-0.0093899
-0.0082083
-0.00714278
-0.00624183
-0.00557855
-0.00525246
-0.00538742
-0.00611447
-0.00753572
-0.00969685
-0.0125532
-0.0159588
-0.0196714
-0.0233811
-0.0267461
-0.0294381
-0.031178
-0.031768
-0.0311051
-0.0291812
-0.0260727
-0.0219349
-0.0169685
-0.0114335
-0.00563402
3.91115e-05
-0.0098896
-0.00877033
-0.00586848
-0.00479148
-0.00212734
-0.00119214
0.00156245
0.00435621
0.00330954
0.00064271
-0.00376348
-0.00270697
-0.007647
-0.00651856
0.00509669
-0.0121471
-0.0131644
-0.0138378
-0.0143839
-0.0147465
-0.0150919
-0.0154591
-0.0158807
-0.016265
-0.0166192
-0.0170051
-0.0108315
-0.00958191
-0.00839844
-0.00728696
-0.00626987
-0.00538352
-0.00468745
-0.0042715
-0.00425307
-0.00476046
-0.00590357
-0.00773928
-0.0102399
-0.013277
-0.0166338
-0.0200157
-0.0230988
-0.0255655
-0.0271425
-0.0276332
-0.0269296
-0.0250154
-0.0219645
-0.0179248
-0.0131091
-0.00780132
-0.0023488
0.00279984
-0.00536919
-0.00430883
-0.00164001
-0.000413466
0.0024352
0.00494092
0.00701195
0.00637427
0.00414328
0.00173296
0.000701614
-0.00325876
-0.00222471
0.00710423
-0.0109532
-0.0118928
-0.0125169
-0.0130211
-0.0133571
-0.0136782
-0.0140194
-0.0144086
-0.0147654
-0.0150954
-0.0154549
-0.00973877
-0.00858161
-0.00747729
-0.00643285
-0.0054633
-0.0045954
-0.00387751
-0.00339025
-0.00324527
-0.0035668
-0.00446378
-0.00600094
-0.00816275
-0.0108432
-0.0138418
-0.0168873
-0.0196743
-0.0219003
-0.0233025
-0.0236871
-0.0229442
-0.0210539
-0.0180845
-0.0141813
-0.00957878
-0.00458326
0.000394718
0.00486895
-0.00122011
-0.000295008
0.00270339
0.00361637
0.0057423
0.00767426
0.00889007
0.00873578
0.00714822
0.00528426
0.00443797
0.00814939
-0.00984533
-0.0107137
-0.0112916
-0.0117573
-0.0120682
-0.0123665
-0.0126832
-0.013042
-0.0133729
-0.0136799
-0.0140143
-0.00872411
-0.00765047
-0.00661893
-0.0056389
-0.00471758
-0.00387103
-0.0031417
-0.00260481
-0.002362
-0.00253037
-0.00321691
-0.00448676
-0.00633856
-0.00867674
-0.0113248
-0.0140326
-0.016516
-0.0184912
-0.0197093
-0.0199842
-0.0192063
-0.017353
-0.0144881
-0.0107643
-0.00644513
-0.00188158
0.00248905
0.00598708
0.00610282
0.00685091
0.00840178
0.00964475
0.00980363
0.0102535
0.00943545
0.00818579
0.00751122
0.00837809
-0.00881542
-0.0096198
-0.010155
-0.0105855
-0.010873
-0.01115
-0.0114438
-0.0117745
-0.0120809
-0.0123665
-0.0126773
-0.00778216
-0.00678235
-0.00582019
-0.00490285
-0.00402632
-0.00320495
-0.00247757
-0.0019106
-0.00159774
-0.00164729
-0.00215953
-0.003199
-0.0047689
-0.00678922
-0.00910127
-0.0114765
-0.0136563
-0.0153765
-0.0164064
-0.0165701
-0.0157609
-0.0139575
-0.0112226
-0.00774207
-0.00379718
0.000220796
0.00368156
0.00643587
0.00882135
0.00938559
0.0102743
0.0106772
0.0097491
0.0107447
0.010851
0.0103317
0.00986632
0.00611802
-0.00786197
-0.00860233
-0.00909862
-0.00949843
-0.00976421
-0.0100218
-0.0102941
-0.0105991
-0.0108829
-0.0111484
-0.0114371
-0.0069087
-0.00597138
-0.00507934
-0.00421785
-0.00338571
-0.00259531
-0.00188091
-0.00130346
-0.00094758
-0.000910575
-0.00128424
-0.00212899
-0.00345221
-0.00518113
-0.00717672
-0.00923344
-0.0111155
-0.0125832
-0.0134261
-0.0134808
-0.0126464
-0.0109046
-0.00834993
-0.00516868
-0.00170322
0.00150693
0.00432549
0.00414484
0.010753
0.0110891
0.0111904
0.0106737
0.00775562
0.0101376
0.0112282
0.0115653
0.0113499
0.00685238
-0.00700597
-0.00765006
-0.00811338
-0.00848864
-0.00873385
-0.00897397
-0.0092267
-0.00950854
-0.0097714
-0.0100185
-0.0102867
-0.00608499
-0.00522115
-0.00439003
-0.00358083
-0.00279392
-0.00203962
-0.0013501
-0.000780073
-0.000404596
-0.000310788
-0.000580002
-0.00126638
-0.00237502
-0.00384455
-0.00554947
-0.00730487
-0.00890174
-0.0101267
-0.0107887
-0.0107401
-0.00989098
-0.0082468
-0.00589919
-0.00311937
-0.000305303
0.00230454
0.00233302
0.00623788
0.0117289
0.0118
0.0110063
0.00937083
0.00677224
0.00777778
0.0104131
0.0117418
0.0117998
-0.00616216
-0.00683749
-0.00721127
-0.00753982
-0.00776897
-0.00799852
-0.0082337
-0.0084957
-0.00873884
-0.00896912
-0.00921869
-0.00531735
-0.00452105
-0.00374822
-0.00299052
-0.00224994
-0.0015378
-0.000883459
-0.000335957
3.76581e-05
0.000162589
-3.23552e-05
-0.000591829
-0.00152141
-0.00276271
-0.00420309
-0.00568194
-0.00701488
-0.00801146
-0.00850417
-0.00836021
-0.00751871
-0.00598107
-0.0039372
-0.0016124
0.000587042
0.000909477
0.00516417
0.0116267
0.0113874
0.00967356
0.00689218
0.00432797
0.00855401
0.0105593
0.0110458
-0.00537035
-0.00595516
-0.00638328
-0.00678471
-0.00690166
-0.00708081
-0.00729568
-0.00754284
-0.0077741
-0.00799329
-0.00822647
-0.00460832
-0.00387259
-0.00315405
-0.00244667
-0.00175397
-0.00108967
-0.000479563
3.21576e-05
0.000387792
0.000522309
0.000376255
-8.69119e-05
-0.000867279
-0.00191091
-0.00311886
-0.00435021
-0.00544122
-0.00622948
-0.00656624
-0.00635336
-0.00552115
-0.00417911
-0.00237515
-0.000702388
1.59185e-05
0.0036688
0.00998443
0.00894078
0.00652093
0.00375681
0.00702998
0.00969995
-0.00465264
-0.00519351
-0.00556561
-0.00585305
-0.00605402
-0.0062454
-0.00646481
-0.00691838
-0.00679774
-0.0070305
-0.00727828
-0.00395093
-0.00327162
-0.00260618
-0.00194957
-0.00130729
-0.000695572
-0.000136888
0.000329492
0.00065394
0.000781376
0.000663409
0.000272607
-0.000387157
-0.00126467
-0.0022713
-0.00328376
-0.00416079
-0.00476316
-0.00497496
-0.00468827
-0.00394783
-0.00264893
-0.00152856
-0.000359759
0.00184199
0.00658469
0.00589832
0.00211482
0.00524871
0.00702918
0.0105747
-0.00399182
-0.0044895
-0.00483301
-0.00510264
-0.00528663
-0.00546653
-0.00566001
-0.00585211
-0.00604175
-0.00620948
-0.00634435
-0.00706459
-0.0033472
-0.0027213
-0.00210648
-0.0015005
-0.000911219
-0.000354685
0.000146721
0.000561289
0.000845677
0.000954348
0.000848454
0.00050927
-5.42179e-05
-0.000793933
-0.0016289
-0.00245269
-0.00314646
-0.0035969
-0.00368663
-0.00340975
-0.00256345
-0.00193584
-0.000350343
-0.000142533
0.0065581
0.00593479
0.00196452
0.00510518
-0.00338264
-0.00383729
-0.0041529
-0.00440123
-0.00457031
-0.00474018
-0.00491739
-0.00510018
-0.00528452
-0.00546113
-0.00565238
-0.00585247
-0.00604069
-0.00622479
-0.0063494
-0.00279163
-0.00221804
-0.00165488
-0.0011008
-0.000565903
-6.67411e-05
0.000375182
0.000734094
0.000972996
0.0010547
0.000949351
0.000646043
0.000158238
-0.000468186
-0.0011599
-0.0018272
-0.00237205
-0.00268439
-0.00272895
-0.00225957
-0.00202165
-0.000165017
-0.0020207
-0.00282481
-0.00323704
-0.0035254
-0.00375268
-0.00390745
-0.00406503
-0.00422741
-0.00439581
-0.00456668
-0.00473254
-0.00491015
-0.00509536
-0.0052772
-0.00545966
-0.00564792
-0.00228821
-0.00176582
-0.00125306
-0.000751266
-0.000271068
0.000170328
0.00055304
0.000854474
0.00104557
0.00109601
0.000983568
0.000704638
0.000276977
-0.000256689
-0.000833656
-0.00137821
-0.00179644
-0.00203816
-0.00186886
-0.00190581
-3.084e-07
-0.00351573
-0.00231728
-0.00268875
-0.00295024
-0.00315713
-0.00329791
-0.00344308
-0.00359156
-0.00374555
-0.0039029
-0.00405634
-0.00421981
-0.0043894
-0.00455801
-0.00472791
-0.00490324
-0.00183236
-0.00136126
-0.000900276
-0.000451579
-2.54377e-05
0.000359463
0.000684534
0.000929837
0.00107334
0.00109071
0.000967254
0.000704696
0.000321684
-0.000140771
-0.000627766
-0.00107099
-0.00141652
-0.00147075
-0.00168479
2.49352e-05
-0.004425
-0.00186027
-0.00219158
-0.00242714
-0.00261448
-0.0027412
-0.00287384
-0.00300874
-0.00314889
-0.00329266
-0.00343379
-0.00358396
-0.00373849
-0.00389387
-0.00405056
-0.00421219
-0.00142799
-0.00100727
-0.000596601
-0.000199897
0.000172815
0.000504053
0.000774647
0.000967438
0.00106459
0.00104929
0.000913585
0.000663027
0.000316387
-9.1819e-05
-0.000511211
-0.000894454
-0.00110156
-0.0014199
-9.77875e-05
-0.00468601
-0.00145292
-0.00174488
-0.00195523
-0.00212292
-0.0022367
-0.00235713
-0.00247872
-0.00260555
-0.00273558
-0.00286426
-0.00300121
-0.00314134
-0.00328355
-0.00342746
-0.00357615
-0.00107078
-0.000699966
-0.000339662
5.94852e-06
0.000326996
0.000607856
0.000828679
0.000972385
0.00102682
0.000982282
0.000834575
0.000590007
0.000267058
-0.000100317
-0.000474754
-0.000769829
-0.00114108
-0.000292461
-0.00438777
-0.00109503
-0.00134859
-0.00153396
-0.0016816
-0.00178283
-0.00189105
-0.00200005
-0.00211363
-0.00223089
-0.00234744
-0.0024712
-0.00259735
-0.00272618
-0.00285731
-0.00299317
-0.000762777
-0.000440053
-0.000127784
0.000169075
0.000441576
0.000675093
0.00085008
0.000949649
0.0009665
0.000896547
0.000736919
0.000496005
0.000193296
-0.000147354
-0.000474989
-0.000860849
-0.000463392
-0.00372313
-0.00078481
-0.00100194
-0.00116292
-0.00129119
-0.00137982
-0.00147563
-0.00157219
-0.00167225
-0.00177703
-0.00188164
-0.00199272
-0.00210529
-0.00222138
-0.00233991
-0.00246274
-0.000499471
-0.000223583
4.2205e-05
0.000293425
0.000520874
0.000709884
0.00084322
0.000905582
0.00088933
0.00079615
0.000626266
0.000387568
9.47203e-05
-0.000223333
-0.000593256
-0.000545614
-0.00291025
-0.000520544
-0.000702958
-0.000840859
-0.000951187
-0.00102739
-0.00111079
-0.0011949
-0.00128195
-0.00137392
-0.00146652
-0.00156521
-0.00166435
-0.00176807
-0.00187421
-0.00198439
-0.000280997
-4.92989e-05
0.00017369
0.000383026
0.000568886
0.000716791
0.000811262
0.00084051
0.000797862
0.000684883
0.0005058
0.000266809
-1.68968e-05
-0.000354325
-0.000528205
-0.00212548
-0.000300328
-0.00044904
-0.000565351
-0.000658317
-0.000723352
-0.000795091
-0.000867439
-0.000942408
-0.00102153
-0.00110208
-0.00118836
-0.00127438
-0.00136559
-0.00145953
-0.00155748
-0.00010372
8.67661e-05
0.00027048
0.000441286
0.000588747
0.000700038
0.000761725
0.000761915
0.000695625
0.000564402
0.000376086
0.000134895
-0.000161186
-0.00044357
-0.00147346
-0.000121995
-0.000238979
-0.000334421
-0.000409686
-0.000464296
-0.000524933
-0.000586535
-0.000649975
-0.000717672
-0.000786869
-0.000861155
-0.000934772
-0.00101348
-0.0010952
-0.00118096
3.46134e-05
0.000187891
0.000336311
0.000472317
0.000585504
0.000663555
0.00069396
0.000668047
0.000581542
0.000435584
0.000237443
-1.83143e-05
-0.000335486
-0.000989811
1.65228e-05
-7.08943e-05
-0.000146466
-0.000204922
-0.000249182
-0.000298813
-0.000350026
-0.000401682
-0.000458573
-0.000517197
-0.000580384
-0.000642433
-0.000709695
-0.000779899
-0.000853707
0.000136889
0.000257589
0.000375008
0.000479791
0.000562169
0.00061121
0.000615892
0.00056604
0.000458795
0.000299755
7.7465e-05
-0.00023791
-0.000660127
0.00011875
5.65113e-05
1.74291e-07
-4.24472e-05
-7.68144e-05
-0.000115787
-0.00015688
-0.000197176
-0.000243204
-0.000291354
-0.000343883
-0.000394512
-0.000451055
-0.000510449
-0.000573111
0.000209313
0.000302698
0.000391093
0.000467623
0.000523035
0.000545609
0.0005238
0.000452122
0.000331229
0.000144158
-0.000161031
-0.000448649
0.000188079
0.000143321
0.000107199
7.92398e-05
5.46921e-05
2.59034e-05
-5.46742e-06
-3.51279e-05
-7.07119e-05
-0.000108601
-0.000150646
-0.000190167
-0.000236059
-0.00028492
-0.000336993
0.000255822
0.000323595
0.000387368
0.000439747
0.000470647
0.000468837
0.000426152
0.000339333
0.000187101
-9.70685e-05
-0.000326563
0.000237567
0.000200979
0.0001571
0.000150462
0.000142324
0.000125511
0.00010515
8.65376e-05
6.10361e-05
3.28967e-05
8.8879e-07
-2.79631e-05
-6.3573e-05
-0.000102155
-0.000143868
0.000282836
0.000327485
0.000368614
0.000398894
0.000407417
0.000384341
0.000325543
0.00020846
-4.23697e-05
-0.00026958
0.000265064
0.000252311
0.000228068
0.000209967
6.36792e-05
0.000141844
0.000168577
0.000152791
0.00013396
0.000112172
9.40844e-05
6.84651e-05
3.97165e-05
7.9556e-06
0.000288026
0.00031361
0.000336895
0.000347806
0.00033718
0.000300753
0.000215154
3.35445e-06
-0.000214804
0.000273262
0.000274707
0.000263331
0.000259537
0.000237245
0.000225505
0.000322373
0.000206644
0.000196637
0.000170529
0.000157996
0.00014032
0.000119391
0.000280666
0.00029018
0.000295818
0.000290169
0.000268584
0.000209111
3.78217e-05
-0.000163168
0.00026468
0.000276845
0.000274264
0.000280441
0.000272538
0.000274953
0.000265637
0.000241601
0.000256756
0.000215314
0.000180382
0.000257846
0.000254312
0.000248072
0.000234621
0.000195743
6.22633e-05
-0.000118685
0.000244687
0.000263396
0.000267356
0.00028044
0.000281948
0.000290498
0.000286953
0.000278873
0.000285861
0.000229296
0.000215519
0.00020265
0.000177907
7.75757e-05
-8.20645e-05
0.000214607
0.000238743
0.000247285
0.000264901
0.000273459
0.000286354
0.000286611
0.00028827
0.000290395
0.000190705
0.000174235
0.00015783
8.48357e-05
-5.33328e-05
0.000179364
0.000205826
0.000217556
0.000237969
0.000251589
0.000267349
0.000270586
0.000279446
0.000278076
0.000155735
0.000138905
8.52789e-05
-3.22688e-05
0.000141403
0.000167628
0.000181325
0.000203123
0.000220174
0.000237522
0.00024269
0.000256886
0.000253017
0.000119402
7.90808e-05
-1.83996e-05
0.000104148
0.000126892
0.000141391
0.000163095
0.00018218
0.000200185
0.000206557
0.000224504
0.000218768
6.8518e-05
-1.08729e-05
5.54521e-05
8.57046e-05
0.000100214
0.000120316
0.000140511
0.000158265
0.000165112
0.000185325
0.00017843
-8.61707e-06
-9.36835e-06
4.0745e-05
5.69917e-05
7.57664e-05
9.66656e-05
0.000113879
0.00012108
0.000142487
0.000134952
-1.53427e-05
1.25917e-06
2.94875e-05
5.08534e-05
6.70684e-05
7.47538e-05
9.73193e-05
8.93963e-05
-2.3914e-05
-8.03357e-07
1.72198e-05
2.48081e-05
4.90624e-05
4.03601e-05
-2.19968e-05
-2.52147e-05
-2.5659e-06
-8.13759e-06
)
;

boundaryField
{
    inlet
    {
        type            zeroGradient;
    }
    outlet
    {
        type            fixedValue;
        value           uniform 0;
    }
    wall
    {
        type            zeroGradient;
    }
    front
    {
        type            empty;
    }
    back
    {
        type            empty;
    }
    vanem
    {
        type            zeroGradient;
    }
    vaneu
    {
        type            zeroGradient;
    }
    vanel
    {
        type            zeroGradient;
    }
    procBoundary3to2
    {
        type            processor;
        value           nonuniform List<scalar> 
58
(
-0.0472495
-0.04698
-0.0467699
-0.0467774
-0.0472267
-0.0483844
-0.0504815
-0.0536287
-0.057769
-0.0627008
-0.0681415
-0.0737868
-0.0793161
-0.084401
-0.0887396
-0.0921265
-0.0945193
-0.0960301
-0.0968648
-0.0972434
-0.0973461
-0.0972969
-0.0971734
-0.0970165
-0.0968432
-0.0966631
-0.0964792
-0.0962906
-0.0960936
-0.0958923
-0.00728203
-0.00715771
-0.00701712
-0.00687077
-0.00674305
-0.00664799
-0.00659081
-0.00656776
-0.00657359
-0.00660139
-0.00663917
-0.00668476
-0.00671243
-0.0454716
-0.0949844
-0.0949844
-0.0949844
-0.00736329
-0.00742065
-0.0466034
-0.045469
-0.0949642
-0.00736329
-0.00736058
-0.045469
-0.00748082
-0.0950337
-0.00742927
)
;
    }
}


// ************************************************************************* //
