/*--------------------------------*- C++ -*----------------------------------*\
| =========                 |                                                 |
| \\      /  F ield         | OpenFOAM: The Open Source CFD Toolbox           |
|  \\    /   O peration     | Version:  v1912                                 |
|   \\  /    A nd           | Website:  www.openfoam.com                      |
|    \\/     M anipulation  |                                                 |
\*---------------------------------------------------------------------------*/
FoamFile
{
    version     2.0;
    format      ascii;
    class       volScalarField;
    location    "150";
    object      p;
}
// * * * * * * * * * * * * * * * * * * * * * * * * * * * * * * * * * * * * * //

dimensions      [0 2 -2 0 0 0 0];


internalField   nonuniform List<scalar> 
3754
(
-0.00976294
-0.00977224
-0.00939741
-0.00975861
-0.00940688
-0.00903476
-0.00974692
-0.00939149
-0.00904446
-0.0086916
-0.00974616
-0.00937878
-0.00903182
-0.00870163
-0.00835662
-0.00976221
-0.0093752
-0.00902188
-0.00868765
-0.00836653
-0.0080325
-0.00980374
-0.00938734
-0.0090173
-0.00867409
-0.00835412
-0.0080415
-0.00772207
-0.00988126
-0.00942135
-0.00902431
-0.00866897
-0.00834499
-0.00802923
-0.0077309
-0.00741967
-0.00999732
-0.0094855
-0.00905125
-0.00867725
-0.00834315
-0.00802049
-0.00771797
-0.00742854
-0.00712681
-0.0101542
-0.00958596
-0.00910411
-0.00870509
-0.00835269
-0.00801868
-0.00770783
-0.00741639
-0.00713582
-0.00684445
-0.0103474
-0.00972491
-0.00918548
-0.00875635
-0.00838152
-0.00803138
-0.00770637
-0.00740844
-0.0071236
-0.00685193
-0.00657086
-0.010559
-0.00990332
-0.00929098
-0.00883279
-0.00843596
-0.0080646
-0.00771996
-0.00740915
-0.00711365
-0.0068404
-0.00657914
-0.00630083
-0.0107439
-0.0101307
-0.00941919
-0.00893541
-0.00852083
-0.00812215
-0.00775475
-0.00742254
-0.00711402
-0.00683468
-0.00656701
-0.00630917
-0.00604074
-0.0108787
-0.0103849
-0.0108313
-0.00956801
-0.00906216
-0.00863576
-0.0082087
-0.00781546
-0.00745665
-0.00712991
-0.00683519
-0.00655674
-0.00629798
-0.00604939
-0.00578504
-0.0109391
-0.0107232
-0.00974637
-0.0103029
-0.0108225
-0.00921016
-0.00877565
-0.00832408
-0.00790434
-0.00751627
-0.00716519
-0.00684805
-0.00655743
-0.00629197
-0.00603807
-0.00579439
-0.00553769
-0.0109955
-0.0109605
-0.0100013
-0.00938599
-0.0098053
-0.0104116
-0.0108174
-0.0108443
-0.00893178
-0.00846545
-0.00802101
-0.00760483
-0.00722649
-0.00688262
-0.00657387
-0.00629391
-0.00603026
-0.00578451
-0.00554584
-0.00529987
-0.0110342
-0.0106971
-0.0113053
-0.0100743
-0.00966488
-0.0090992
-0.0094653
-0.00992067
-0.0103617
-0.0104762
-0.0107666
-0.010904
-0.0086265
-0.00815997
-0.00772145
-0.00731624
-0.00694331
-0.00660879
-0.00630912
-0.00603154
-0.00577915
-0.00553632
-0.00530921
-0.00506162
-0.011089
-0.0102809
-0.0118556
-0.0102331
-0.0101234
-0.00975882
-0.00933009
-0.00879163
-0.00914735
-0.00957243
-0.00996853
-0.0100709
-0.0103384
-0.00996356
-0.0108929
-0.0109801
-0.00831644
-0.00786201
-0.00743163
-0.00703088
-0.00666879
-0.00634358
-0.00604631
-0.00578166
-0.00553162
-0.00529872
-0.00507071
-0.00483405
-0.010378
-0.0126037
-0.0102707
-0.0101992
-0.00987936
-0.00977932
-0.0094145
-0.00900522
-0.0084831
-0.00883058
-0.00924122
-0.00959455
-0.00969884
-0.0100311
-0.0101127
-0.00801725
-0.00756583
-0.00714484
-0.00675585
-0.00640147
-0.00608092
-0.00579731
-0.00553532
-0.00529311
-0.00506309
-0.00484287
-0.00460725
-0.00991696
-0.00982662
-0.00952744
-0.00942848
-0.00908447
-0.00869134
-0.00818019
-0.00852579
-0.00892222
-0.0092645
-0.00935636
-0.00964564
-0.0097312
-0.00771649
-0.00728227
-0.00686809
-0.00648499
-0.00614011
-0.00583199
-0.00555222
-0.00529803
-0.00506052
-0.00483333
-0.00461699
-0.00438416
-0.00956572
-0.00946938
-0.00918621
-0.00910631
-0.00876826
-0.00838244
-0.00787824
-0.00822397
-0.00861508
-0.00894859
-0.00903458
-0.00930595
-0.00939777
-0.007434
-0.00699909
-0.00659451
-0.00622541
-0.00588807
-0.0055864
-0.0053158
-0.0050653
-0.0048292
-0.00460966
-0.00439533
-0.00417181
-0.00922504
-0.00914643
-0.0088707
-0.00879055
-0.00846148
-0.00808048
-0.00759105
-0.00792482
-0.00830716
-0.0086414
-0.00872208
-0.00898782
-0.00907786
-0.00714432
-0.00672559
-0.00633324
-0.00596917
-0.00564346
-0.0053507
-0.0050841
-0.00483573
-0.00460759
-0.00438886
-0.0041806
-0.00395895
-0.00891312
-0.00882945
-0.00856008
-0.00848929
-0.00816292
-0.00778327
-0.0072993
-0.00763756
-0.00800743
-0.00833169
-0.0084153
-0.00868273
-0.00876221
-0.00687187
-0.00646063
-0.00607551
-0.00572311
-0.00540713
-0.00512128
-0.00485684
-0.00461489
-0.00438732
-0.00417239
-0.0039698
-0.00375098
-0.00860029
-0.00853112
-0.00826305
-0.00818333
-0.00786221
-0.00749233
-0.00702544
-0.00734786
-0.00771692
-0.00803745
-0.00811027
-0.00837372
-0.00845411
-0.00660224
-0.00620151
-0.0058243
-0.00548562
-0.00517801
-0.0048963
-0.00463733
-0.00439614
-0.004171
-0.0039629
-0.00376106
-0.00354867
-0.00830202
-0.00822142
-0.00796025
-0.00788568
-0.00757329
-0.0072108
-0.00675087
-0.0070716
-0.00742891
-0.00774062
-0.00781919
-0.00807893
-0.00815097
-0.00634071
-0.00594645
-0.00558585
-0.00525658
-0.00495763
-0.00467927
-0.00441872
-0.00417845
-0.00396068
-0.00375438
-0.00355965
-0.00334949
-0.00799778
-0.00792479
-0.00767106
-0.00759723
-0.00728627
-0.00693364
-0.00648816
-0.00679965
-0.0071494
-0.00745957
-0.00752268
-0.00778013
-0.0078595
-0.0060842
-0.00570355
-0.00535441
-0.00503821
-0.00474253
-0.00446136
-0.00420198
-0.00396809
-0.00375248
-0.00355376
-0.00336057
-0.00315372
-0.00770712
-0.00764137
-0.00737982
-0.00731101
-0.00700871
-0.00666419
-0.00622926
-0.00653692
-0.0068773
-0.00717612
-0.00724484
-0.00749784
-0.00755671
-0.00583637
-0.00546829
-0.00513523
-0.00482621
-0.00452945
-0.00424579
-0.00398881
-0.00375984
-0.00355374
-0.00335507
-0.00316482
-0.00296119
-0.00741846
-0.00735129
-0.00710332
-0.00703265
-0.00673727
-0.00640396
-0.00597909
-0.00627741
-0.00661193
-0.00690454
-0.00696729
-0.00721266
-0.00728047
-0.00559601
-0.00524438
-0.00492645
-0.00462132
-0.00431373
-0.00402937
-0.00377998
-0.00356185
-0.0033561
-0.00316052
-0.00297317
-0.00277445
-0.0071453
-0.00706961
-0.00683109
-0.00676038
-0.00647923
-0.00614762
-0.00573472
-0.00602853
-0.00634942
-0.00663533
-0.00670139
-0.00694298
-0.00699865
-0.00536514
-0.0050364
-0.00473124
-0.00440892
-0.00409354
-0.00381677
-0.00358137
-0.00336565
-0.00316256
-0.00296936
-0.00278682
-0.00258841
-0.00687275
-0.00679551
-0.00656914
-0.00650282
-0.00622074
-0.00590103
-0.00549981
-0.0057863
-0.00609937
-0.00637397
-0.00644075
-0.00667272
-0.00673287
-0.00515012
-0.004845
-0.00452887
-0.00418441
-0.00387332
-0.00361634
-0.00338837
-0.0031737
-0.00297173
-0.00278399
-0.00260061
-0.00240702
-0.00660995
-0.00653542
-0.00630626
-0.00624629
-0.0059725
-0.00565842
-0.00527322
-0.00555584
-0.00585619
-0.00612569
-0.00618318
-0.00641313
-0.00647565
-0.00495079
-0.00466874
-0.00430261
-0.00395061
-0.00366837
-0.003426
-0.00319838
-0.00298594
-0.00278885
-0.00259824
-0.00242007
-0.00222407
-0.00634191
-0.00628002
-0.00605803
-0.00599485
-0.00573085
-0.005426
-0.00505506
-0.00533298
-0.00562113
-0.00588069
-0.00594087
-0.00616376
-0.00621523
-0.00479997
-0.00445109
-0.00404494
-0.00373672
-0.00348147
-0.00324093
-0.00301426
-0.00280395
-0.00260537
-0.00241848
-0.00223893
-0.0020442
-0.00609338
-0.00602657
-0.00581333
-0.00575682
-0.00550078
-0.00520029
-0.00488402
-0.00511974
-0.00539453
-0.00564778
-0.00569768
-0.00591656
-0.00597518
-0.0046355
-0.00415426
-0.00381856
-0.00355412
-0.00330214
-0.00306028
-0.00283428
-0.00262435
-0.00242523
-0.00223937
-0.00205863
-0.00186645
-0.00584808
-0.00578932
-0.0055809
-0.00552561
-0.005279
-0.00499067
-0.00482881
-0.00491977
-0.00517746
-0.00542065
-0.0054707
-0.00568504
-0.00572745
-0.00428511
-0.00390725
-0.00364194
-0.00338189
-0.00312511
-0.00288337
-0.00265818
-0.00244541
-0.00224902
-0.00205976
-0.00188247
-0.00168787
-0.00561437
-0.00555528
-0.00535781
-0.00531125
-0.00506276
-0.00487446
-0.00442986
-0.00495839
-0.00493337
-0.00520854
-0.005249
-0.00545474
-0.00550165
-0.0040023
-0.00374371
-0.00347861
-0.00320828
-0.00295123
-0.00270991
-0.00248305
-0.00227232
-0.00207237
-0.00188571
-0.00170572
-0.00150936
-0.00539149
-0.00534139
-0.00514501
-0.0051061
-0.00483303
-0.00462256
-0.00412515
-0.00439284
-0.00518541
-0.00499595
-0.00502609
-0.00523808
-0.0052832
-0.00385251
-0.00358841
-0.00330687
-0.00303753
-0.00278229
-0.00254049
-0.0023128
-0.00210026
-0.00190057
-0.00171001
-0.00152689
-0.00133077
-0.0051823
-0.00513549
-0.00487258
-0.00479365
-0.00467592
-0.00432807
-0.0039708
-0.00421419
-0.00444164
-0.00553671
-0.00462934
-0.00503566
-0.005081
-0.0037059
-0.00341663
-0.00313802
-0.00287212
-0.00261706
-0.0023744
-0.00214703
-0.00192976
-0.00172661
-0.00153228
-0.00135066
-0.0011511
-0.00495848
-0.00484489
-0.00441209
-0.00458595
-0.00439817
-0.00414112
-0.00382053
-0.00402975
-0.0042974
-0.00451063
-0.00456717
-0.0062067
-0.00468047
-0.00353414
-0.0032477
-0.00297515
-0.00270929
-0.00245517
-0.00221282
-0.00197924
-0.00176169
-0.00155288
-0.00135858
-0.00117168
-0.000967201
-0.00449225
-0.00443069
-0.0042007
-0.00395885
-0.00365008
-0.00385561
-0.00409793
-0.00431472
-0.00438252
-0.00336122
-0.00308543
-0.0028137
-0.00255168
-0.00229761
-0.00205129
-0.0018179
-0.00159292
-0.00138238
-0.00118149
-0.000990052
-0.000782384
-0.00426732
-0.00421317
-0.00401099
-0.00378124
-0.00347674
-0.00368523
-0.00391909
-0.00411579
-0.00416775
-0.00319828
-0.00292419
-0.00265836
-0.00239815
-0.00214272
-0.00189595
-0.0016549
-0.00142564
-0.00120847
-0.00100202
-0.000807174
-0.000593603
-0.00407068
-0.00402595
-0.00383278
-0.00360696
-0.00331161
-0.00351512
-0.00374662
-0.0039415
-0.00398787
-0.00303702
-0.00276858
-0.00250611
-0.00224789
-0.00199283
-0.0017394
-0.00149403
-0.00125795
-0.00103339
-0.000821757
-0.000620549
-0.000402223
-0.00389472
-0.00384994
-0.00365962
-0.00343932
-0.00314778
-0.00335014
-0.00357454
-0.0037655
-0.00381041
-0.00287897
-0.00261661
-0.0023606
-0.00210199
-0.00184439
-0.00158729
-0.00133439
-0.00108961
-0.000857422
-0.000638116
-0.000430955
-0.000204355
-0.00372121
-0.00367835
-0.00349297
-0.00327126
-0.00298863
-0.00318721
-0.00340836
-0.00359449
-0.00363976
-0.00272705
-0.00247322
-0.00221667
-0.00196109
-0.0016997
-0.00143518
-0.00117438
-0.000920701
-0.000679264
-0.000450576
-0.00023628
-2.6382e-06
-0.00355167
-0.0035112
-0.00332427
-0.00311046
-0.00283439
-0.00302865
-0.00324227
-0.00343407
-0.00346988
-0.0025816
-0.00233056
-0.00208195
-0.00182318
-0.00155626
-0.0012855
-0.00101434
-0.000749693
-0.000496536
-0.000260004
-3.6046e-05
0.00020437
-0.00338435
-0.00334333
-0.0031636
-0.00295277
-0.00268685
-0.00287457
-0.00308308
-0.00326177
-0.00330369
-0.00243971
-0.00219839
-0.00194892
-0.00168795
-0.00141573
-0.00113697
-0.000853764
-0.000577
-0.000311773
-6.26213e-05
0.000169235
0.000416681
-0.00322284
-0.00318092
-0.00300412
-0.00280162
-0.00254243
-0.0027254
-0.00292912
-0.00310287
-0.0031424
-0.0023074
-0.00207035
-0.00181962
-0.00155459
-0.00127836
-0.000989117
-0.000694377
-0.000400591
-0.000121051
0.0001402
0.000382917
0.000631265
-0.00306178
-0.00302201
-0.00285095
-0.00265407
-0.00240796
-0.00258085
-0.00277794
-0.00294965
-0.00298877
-0.00218186
-0.00194601
-0.00169195
-0.00142641
-0.00114455
-0.000843336
-0.000530608
-0.000219529
7.6802e-05
0.000350489
0.000605698
0.000861538
-0.00290729
-0.0028686
-0.00270342
-0.00251353
-0.00228303
-0.00244236
-0.00263223
-0.002796
-0.00283527
-0.00206195
-0.00182108
-0.00156803
-0.00130484
-0.00101308
-0.000696527
-0.000363191
-3.36573e-05
0.000279681
0.000575464
0.000844069
0.00107635
-0.00275785
-0.00272155
-0.00256025
-0.00237849
-0.00216226
-0.00231662
-0.0024906
-0.0026526
-0.00268588
-0.00194012
-0.00169531
-0.00145547
-0.00118685
-0.000883844
-0.000548163
-0.000194266
0.000159119
0.000502631
0.00080267
0.00116524
0.000451062
-0.00261334
-0.00257948
-0.00241964
-0.00227895
-0.00203793
-0.00231692
-0.00233901
-0.00251426
-0.00254633
-0.00180892
-0.00158653
-0.001348
-0.00107411
-0.000755893
-0.000397564
-1.81759e-05
0.000369987
0.00070966
0.00117591
0.000540268
-0.002476
-0.00244377
-0.00225364
-0.00213114
-0.00190884
-0.00206246
-0.00304193
-0.00252389
-0.00237463
-0.0024089
-0.0016978
-0.00148528
-0.00124819
-0.000963926
-0.000626561
-0.000244716
0.000172267
0.000555841
0.00108178
0.000567145
-0.0023391
-0.00231133
-0.00152794
-0.00229723
-0.00219952
-0.00200475
-0.00179278
-0.00194122
-0.00214767
-0.00209341
-0.00224263
-0.00159732
-0.00139388
-0.0011529
-0.000856761
-0.000498377
-7.88807e-05
0.000337575
0.000901698
0.000505221
-0.00211799
-0.00228518
-0.0022266
-0.00205968
-0.00201717
-0.00188241
-0.00168976
-0.00182754
-0.00199112
-0.00195303
-0.00217504
-0.00212616
-0.00230927
-0.00150924
-0.0013083
-0.00106374
-0.000750734
-0.000360639
6.40174e-05
0.000641013
0.000383738
-0.00231401
-0.00225725
-0.00208172
-0.00203999
-0.00192602
-0.0018965
-0.00177375
-0.0015996
-0.00172608
-0.00187013
-0.00184181
-0.0020105
-0.0019755
-0.00220068
-0.00215359
-0.00142755
-0.00123258
-0.000976766
-0.000641208
-0.000240344
0.000314097
0.000222375
-0.00210074
-0.00206129
-0.00194441
-0.00191856
-0.00181679
-0.00178899
-0.00167685
-0.00151858
-0.00163442
-0.00176616
-0.00174215
-0.00188897
-0.00186194
-0.00202785
-0.00199585
-0.00135886
-0.00115981
-0.000891404
-0.00054049
-4.93459e-05
4.02598e-05
-0.00196328
-0.0019377
-0.00183595
-0.00180829
-0.00171574
-0.00169169
-0.00159054
-0.00144929
-0.00155345
-0.00167264
-0.00164799
-0.00178605
-0.00176157
-0.0019075
-0.00188123
-0.00129512
-0.0010936
-0.00080604
-0.000410335
-0.000142843
-0.00185388
-0.00182692
-0.00173472
-0.00171037
-0.00162546
-0.00160631
-0.00151391
-0.00138846
-0.00148373
-0.00158715
-0.00156638
-0.00168962
-0.00166713
-0.0018048
-0.00177833
-0.00124373
-0.00101886
-0.000730648
-0.000308641
-0.00175579
-0.00172821
-0.00164186
-0.0016243
-0.00154799
-0.00152792
-0.00144736
-0.0013446
-0.00142339
-0.00151379
-0.00149653
-0.00160195
-0.00158434
-0.00170504
-0.00168442
-0.00118196
-0.000986876
-0.000443916
-0.00165912
-0.00163922
-0.00156358
-0.00154433
-0.00147773
-0.00146106
-0.00139481
-0.00130139
-0.00137954
-0.00145057
-0.00143296
-0.00152763
-0.0015124
-0.0016174
-0.00160133
-0.00118257
-0.000546136
-0.00157813
-0.00155981
-0.00149309
-0.00147689
-0.00141727
-0.00140921
-0.0013521
-0.00135088
-0.00133503
-0.00139696
-0.00138859
-0.0014623
-0.00144638
-0.0015422
-0.00152567
-0.000620481
-0.0015091
-0.00149131
-0.00143156
-0.00142002
-0.00137377
-0.00136823
-0.00134234
-0.000737636
-0.00138836
-0.0013545
-0.00134551
-0.00140892
-0.00139691
-0.00147361
-0.00145949
-0.00144418
-0.00143011
-0.00138515
-0.0013768
-0.00134381
-0.00134788
-0.00140013
-0.000681709
-0.00136666
-0.00137689
-0.00136542
-0.00135609
-0.00142065
-0.00140708
-0.00139515
-0.00138411
-0.00135515
-0.00135523
-0.00139795
-0.00145723
-0.00140406
-0.00057705
-0.0013688
-0.00137842
-0.00137282
-0.00136297
-0.00135881
-0.00135801
-0.00138966
-0.00147663
-0.00156661
-0.000595141
-0.00136852
-0.00138107
-0.00139448
-0.0014735
-0.0017119
-0.000749852
-0.0831249
-0.0829824
-0.0820714
-0.0821396
-0.0828214
-0.082684
-0.0819762
-0.0819972
-0.0823808
-0.0829275
-0.0828926
-0.0830302
-0.0817274
-0.0820778
-0.0817767
-0.0823482
-0.0832959
-0.0833664
-0.0831335
-0.0833097
-0.0814779
-0.0818333
-0.0815225
-0.0822197
-0.0817742
-0.0843065
-0.0834604
-0.083889
-0.0833831
-0.083633
-0.0811924
-0.0815654
-0.0812471
-0.0823946
-0.0811363
-0.0812542
-0.0845195
-0.0844235
-0.0836322
-0.0836826
-0.0839467
-0.0839049
-0.0809569
-0.0813076
-0.081
-0.0825591
-0.0813303
-0.0801176
-0.0807393
-0.0810514
-0.0847226
-0.0842132
-0.0838049
-0.0841504
-0.0807128
-0.0807662
-0.0827198
-0.0815011
-0.0803014
-0.079114
-0.0797969
-0.0802341
-0.0805528
-0.0808092
-0.0849132
-0.0839747
-0.0804627
-0.0805112
-0.0828782
-0.0816569
-0.0804689
-0.0792921
-0.0781244
-0.0787427
-0.0792348
-0.0798267
-0.0799017
-0.0800653
-0.0802963
-0.0850962
-0.0841438
-0.0801937
-0.080244
-0.0830379
-0.0818076
-0.0806205
-0.0794582
-0.078302
-0.0771587
-0.0777617
-0.0782488
-0.0786509
-0.079081
-0.0791558
-0.0797758
-0.0800116
-0.0852761
-0.0843118
-0.0799734
-0.0831996
-0.0819604
-0.0807662
-0.0796092
-0.0784694
-0.0773328
-0.0762564
-0.0767857
-0.0772637
-0.077678
-0.0781619
-0.0784763
-0.0787184
-0.0791668
-0.0789352
-0.0793542
-0.0797405
-0.0854521
-0.0844678
-0.0833515
-0.0821172
-0.0809146
-0.0797538
-0.0786232
-0.077501
-0.0764016
-0.0752304
-0.0758616
-0.0764133
-0.0766708
-0.0771632
-0.0775018
-0.0777443
-0.0782109
-0.0779773
-0.0856135
-0.0845834
-0.0834631
-0.0822658
-0.0810685
-0.0799016
-0.078771
-0.0776609
-0.0765584
-0.0754216
-0.0742122
-0.0748286
-0.0753546
-0.0757602
-0.0764206
-0.0764525
-0.0767164
-0.0772311
-0.0769877
-0.0857342
-0.0845979
-0.0834693
-0.0823725
-0.0812148
-0.0800561
-0.0789226
-0.0778166
-0.0767223
-0.0756058
-0.0744275
-0.0731708
-0.073809
-0.0743468
-0.0747449
-0.0752307
-0.075506
-0.0757222
-0.0761973
-0.0764205
-0.0857574
-0.0844077
-0.0832593
-0.0823682
-0.081316
-0.0802017
-0.0790807
-0.0779765
-0.0768889
-0.0757905
-0.0746433
-0.0734094
-0.0720783
-0.0727477
-0.0733067
-0.0737273
-0.0742498
-0.0745606
-0.0748313
-0.0752976
-0.0750398
-0.0754998
-0.0756117
-0.0766126
-0.0855862
-0.0838525
-0.0826625
-0.0821356
-0.0812991
-0.0802979
-0.0792274
-0.078142
-0.0770616
-0.0759789
-0.07486
-0.073661
-0.0723484
-0.070915
-0.0716252
-0.0722128
-0.0726582
-0.0732054
-0.073531
-0.0738054
-0.0743168
-0.0740488
-0.0745227
-0.074785
-0.0752526
-0.0750153
-0.0850695
-0.0827155
-0.0814499
-0.0814922
-0.0810376
-0.0802657
-0.0793186
-0.0782915
-0.0772377
-0.0761723
-0.07508
-0.0739191
-0.0726436
-0.0712237
-0.0696865
-0.0704262
-0.0710499
-0.0715236
-0.0721015
-0.072447
-0.0727343
-0.0732685
-0.0729922
-0.0734874
-0.0737522
-0.0742626
-0.0740095
-0.0840014
-0.0807499
-0.0793625
-0.0801957
-0.0803384
-0.0799692
-0.0792693
-0.0783768
-0.0773916
-0.0763629
-0.0753017
-0.0741806
-0.0729517
-0.0715709
-0.0700304
-0.0684195
-0.0691409
-0.0698049
-0.0703093
-0.0709288
-0.0712933
-0.071601
-0.0721669
-0.0718734
-0.0723974
-0.0726771
-0.0732101
-0.0729484
-0.0821459
-0.0777442
-0.0761845
-0.0779764
-0.0789465
-0.0792052
-0.0789333
-0.078306
-0.0774701
-0.0765224
-0.0755108
-0.0744381
-0.0732635
-0.0719383
-0.0704281
-0.0687703
-0.0669544
-0.0678588
-0.0685235
-0.0689925
-0.0696646
-0.0700653
-0.0703877
-0.0709944
-0.0706854
-0.0712382
-0.0715379
-0.0721066
-0.0718224
-0.0792993
-0.0736141
-0.071837
-0.0746139
-0.0765819
-0.0777045
-0.0780928
-0.0779213
-0.0773729
-0.0765923
-0.0756771
-0.0746699
-0.0735636
-0.0723089
-0.0708582
-0.0692028
-0.0673654
-0.0652948
-0.0662549
-0.0671226
-0.0677831
-0.0683865
-0.068722
-0.0690712
-0.0697377
-0.0694102
-0.0700024
-0.0703198
-0.0709272
-0.0706278
-0.0753753
-0.0684619
-0.0664355
-0.0700367
-0.0730222
-0.0751772
-0.0764652
-0.0769916
-0.0769304
-0.0764628
-0.0757355
-0.0748436
-0.073822
-0.0726568
-0.0712921
-0.0696907
-0.0678562
-0.0657924
-0.0634503
-0.0645071
-0.065453
-0.0660682
-0.0669164
-0.0673634
-0.0679833
-0.068392
-0.0680765
-0.0686351
-0.0690007
-0.0696672
-0.0693463
-0.0704634
-0.0625649
-0.0602784
-0.0643787
-0.0682057
-0.0714018
-0.0737553
-0.0752222
-0.0758968
-0.0759505
-0.0755653
-0.0748866
-0.0740036
-0.0729452
-0.0716901
-0.0701874
-0.0684077
-0.0663638
-0.0640412
-0.0614502
-0.0625272
-0.0635897
-0.0642984
-0.0652258
-0.0657226
-0.0661791
-0.0669768
-0.0665365
-0.0671009
-0.0681511
-0.0682488
-0.0677748
-0.0648235
-0.0562897
-0.0537544
-0.0579609
-0.062286
-0.066332
-0.0697467
-0.072311
-0.0739637
-0.074795
-0.0749696
-0.0746662
-0.0740263
-0.0731346
-0.0720119
-0.0706354
-0.0689679
-0.0669889
-0.06471
-0.062118
-0.0591648
-0.0604935
-0.06151
-0.0622603
-0.0633255
-0.0639159
-0.0644217
-0.0653209
-0.0648513
-0.0656467
-0.0660739
-0.0668136
-0.0664514
-0.0669968
-0.068381
-0.0588009
-0.0500208
-0.0472724
-0.0511951
-0.0556095
-0.0601452
-0.0644107
-0.0680492
-0.0708281
-0.0726767
-0.0736729
-0.0739711
-0.0737449
-0.0731316
-0.0722085
-0.0709934
-0.0694667
-0.0676133
-0.0654192
-0.0628892
-0.0600276
-0.0582342
-0.0568824
-0.059394
-0.0611289
-0.0618396
-0.0624056
-0.0634376
-0.0629062
-0.0638271
-0.0643163
-0.0652208
-0.0647698
-0.0655592
-0.0659758
-0.0667346
-0.0663785
-0.0527575
-0.044131
-0.0412267
-0.0445158
-0.0486124
-0.0532138
-0.0579512
-0.0624331
-0.0662952
-0.0692947
-0.0713468
-0.0725105
-0.0729324
-0.0727776
-0.072174
-0.0711957
-0.0698615
-0.0681639
-0.066108
-0.0636872
-0.0609055
-0.0577994
-0.0560809
-0.0574428
-0.0585252
-0.0544707
-0.0594535
-0.061351
-0.0609632
-0.0617116
-0.0622882
-0.0633325
-0.0628136
-0.0637272
-0.0642028
-0.0651144
-0.0646795
-0.0470424
-0.0389631
-0.0359753
-0.0383375
-0.0417556
-0.046
-0.0507704
-0.0556986
-0.0603899
-0.0644733
-0.0676958
-0.0699518
-0.0712865
-0.0718309
-0.0717349
-0.0711227
-0.0700665
-0.068592
-0.0667092
-0.0644385
-0.0617855
-0.0587595
-0.0554305
-0.0536459
-0.0550934
-0.0562666
-0.0569974
-0.0575747
-0.0581299
-0.0586601
-0.0519721
-0.0592272
-0.0597427
-0.0598695
-0.0610512
-0.061604
-0.0621721
-0.0632186
-0.0627157
-0.0419823
-0.0347988
-0.0317989
-0.033031
-0.0354715
-0.0389875
-0.043356
-0.0482774
-0.0533811
-0.0582703
-0.062569
-0.0660108
-0.068473
-0.0699786
-0.0706349
-0.0705856
-0.069947
-0.0687927
-0.0671626
-0.0650841
-0.0625918
-0.0597036
-0.056443
-0.0529332
-0.051142
-0.0525618
-0.0537971
-0.0545658
-0.0551989
-0.0557821
-0.0563363
-0.0494274
-0.0601814
-0.0609642
-0.0378567
-0.0317873
-0.0288265
-0.0288712
-0.0301406
-0.0326277
-0.0362147
-0.0406828
-0.0457324
-0.0509915
-0.0560629
-0.0605671
-0.0642233
-0.0668873
-0.0685536
-0.0693158
-0.0692986
-0.0686159
-0.0673509
-0.065557
-0.0632779
-0.0605576
-0.0574295
-0.0539605
-0.0503195
-0.0487261
-0.0499733
-0.0511809
-0.0520117
-0.0526516
-0.0532714
-0.0538492
-0.0466523
-0.0348293
-0.0298955
-0.0269977
-0.0259647
-0.0260277
-0.0273064
-0.0298137
-0.0334439
-0.0379833
-0.0431332
-0.0485236
-0.0537594
-0.0584542
-0.0623142
-0.0651685
-0.0669887
-0.0678425
-0.0678429
-0.0671034
-0.065716
-0.063754
-0.0612732
-0.0583226
-0.0549665
-0.051324
-0.0475624
-0.0458069
-0.0474222
-0.0489309
-0.0492962
-0.0499579
-0.0506337
-0.0512453
-0.0438243
-0.0328949
-0.0289279
-0.026092
-0.0242194
-0.0232111
-0.0232722
-0.0245387
-0.0270394
-0.030682
-0.0352595
-0.040479
-0.0459748
-0.0513518
-0.0562193
-0.0602646
-0.0632968
-0.065255
-0.0661877
-0.0661958
-0.0653907
-0.0638767
-0.0617429
-0.0590564
-0.0558845
-0.0523301
-0.048547
-0.0447279
-0.0429677
-0.0445097
-0.0458775
-0.0466409
-0.0473341
-0.0486153
-0.0485837
-0.0410047
-0.0318838
-0.0286067
-0.0258165
-0.0233878
-0.0215649
-0.0205708
-0.0206153
-0.0218485
-0.0243151
-0.0279356
-0.0325164
-0.0377727
-0.0433439
-0.0488354
-0.0538495
-0.0580618
-0.0612506
-0.063332
-0.0643275
-0.0643287
-0.0634548
-0.0618145
-0.0595089
-0.056625
-0.0532583
-0.0495493
-0.0456863
-0.041876
-0.0401744
-0.0416988
-0.0430628
-0.0438585
-0.0445558
-0.0452276
-0.0459038
-0.0464548
-0.0470585
-0.0487891
-0.0382284
-0.0315306
-0.0286597
-0.0258958
-0.023163
-0.0208152
-0.0190387
-0.0180514
-0.0180675
-0.019247
-0.0216489
-0.0252133
-0.0297615
-0.0350196
-0.0406321
-0.0462069
-0.0513415
-0.0556926
-0.0590188
-0.061205
-0.0622512
-0.0622397
-0.0612893
-0.0595235
-0.0570545
-0.0539952
-0.0504732
-0.0466716
-0.0427995
-0.0390569
-0.0374322
-0.0389196
-0.0402616
-0.0410376
-0.0417282
-0.0424232
-0.043101
-0.043656
-0.0443706
-0.0450177
-0.0456787
-0.0355314
-0.0315667
-0.0288755
-0.0261223
-0.0232681
-0.0206431
-0.0183773
-0.0166468
-0.0156623
-0.0156389
-0.0167431
-0.0190519
-0.0225261
-0.0270046
-0.0322266
-0.037845
-0.0434702
-0.0486935
-0.0531567
-0.0565903
-0.0588577
-0.0599445
-0.0599158
-0.0588938
-0.0570093
-0.0543964
-0.0511962
-0.047577
-0.0437531
-0.0399455
-0.036316
-0.034771
-0.036204
-0.03751
-0.0382628
-0.0389381
-0.0396213
-0.040288
-0.040825
-0.0415355
-0.0421987
-0.0428747
-0.0329429
-0.031776
-0.029122
-0.0263707
-0.023502
-0.0207733
-0.0182597
-0.0160794
-0.0143955
-0.0134111
-0.0133361
-0.0143459
-0.0165351
-0.0198856
-0.0242568
-0.0294044
-0.0349925
-0.0406337
-0.0459131
-0.0504567
-0.0539742
-0.0563054
-0.0574155
-0.0573679
-0.0562793
-0.0542929
-0.0515664
-0.0482762
-0.0446281
-0.0408547
-0.0371662
-0.0336925
-0.0322131
-0.0335801
-0.0348446
-0.035563
-0.0362171
-0.0368807
-0.0375273
-0.0380491
-0.0387458
-0.0393943
-0.0400636
-0.0304832
-0.0320177
-0.0300144
-0.0285954
-0.0272216
-0.0237476
-0.0258656
-0.021013
-0.0184144
-0.0160159
-0.0139236
-0.0122881
-0.0112995
-0.0111646
-0.0120649
-0.0141106
-0.0173039
-0.0215311
-0.0265682
-0.0320904
-0.0377117
-0.0430098
-0.0475989
-0.0511738
-0.0535516
-0.0546817
-0.0546153
-0.0534725
-0.0514098
-0.0486137
-0.0452966
-0.041689
-0.0380272
-0.0345
-0.031215
-0.0297681
-0.0310649
-0.032283
-0.0329656
-0.0335932
-0.0342313
-0.0348571
-0.0353575
-0.0360231
-0.0366599
-0.037304
-0.0281544
-0.0329341
-0.0314559
-0.030423
-0.0297167
-0.0290563
-0.0283374
-0.0276091
-0.026934
-0.0245549
-0.0212539
-0.0232647
-0.0263022
-0.0256161
-0.0186582
-0.0161923
-0.0139119
-0.0119106
-0.0103244
-0.00933182
-0.00913207
-0.00990876
-0.0117854
-0.0147932
-0.0188444
-0.0237375
-0.0291597
-0.0347271
-0.040011
-0.0446145
-0.0482187
-0.0506276
-0.0517699
-0.0516914
-0.0505133
-0.048412
-0.0456018
-0.0423203
-0.0388168
-0.0353139
-0.0319825
-0.0288898
-0.0274284
-0.0286601
-0.0298367
-0.0304787
-0.0310874
-0.0316901
-0.0322964
-0.0327634
-0.0334065
-0.0340135
-0.0346375
-0.0259447
-0.0326268
-0.0319388
-0.0311885
-0.0304217
-0.0297402
-0.0291187
-0.028419
-0.0276072
-0.0269552
-0.0249219
-0.0242791
-0.0220176
-0.0188925
-0.0207945
-0.023677
-0.023025
-0.0263604
-0.0256919
-0.0164379
-0.0141072
-0.0119473
-0.0100392
-0.00850595
-0.00750955
-0.00723918
-0.00787944
-0.00957003
-0.0123676
-0.0162151
-0.0209342
-0.0262252
-0.0317034
-0.0369401
-0.0415307
-0.045144
-0.0475692
-0.0487209
-0.0486402
-0.0474542
-0.0453595
-0.042592
-0.0394104
-0.0360601
-0.0327544
-0.0296337
-0.0266975
-0.0251859
-0.0263422
-0.0274928
-0.0281059
-0.0286922
-0.0292644
-0.0298517
-0.0302877
-0.0309045
-0.0314815
-0.0320846
-0.0238309
-0.0326537
-0.0320071
-0.0312772
-0.0249202
-0.0242984
-0.0223647
-0.0217542
-0.0196121
-0.0166643
-0.0184567
-0.0211818
-0.0205644
-0.0237311
-0.0230949
-0.0143522
-0.0121579
-0.0101197
-0.00830833
-0.00682943
-0.00583008
-0.00548598
-0.00598141
-0.00747194
-0.0100424
-0.0136668
-0.0181873
-0.0233172
-0.0286786
-0.0338405
-0.0383928
-0.041994
-0.0444213
-0.0455819
-0.0455144
-0.0443566
-0.0423174
-0.0396516
-0.0366209
-0.033465
-0.0303791
-0.0274478
-0.0246209
-0.0230518
-0.0240617
-0.0252093
-0.0258155
-0.0263908
-0.026939
-0.0275127
-0.0279269
-0.0285114
-0.0290667
-0.0296407
-0.0217767
-0.0223633
-0.0217716
-0.019939
-0.0193612
-0.0173394
-0.0145694
-0.0162521
-0.0188187
-0.0182364
-0.0212313
-0.0206282
-0.0123999
-0.0103419
-0.00842702
-0.00671307
-0.00529164
-0.0042891
-0.00386954
-0.0042157
-0.00549971
-0.00783411
-0.0112221
-0.0155269
-0.0204751
-0.0256965
-0.0307599
-0.0352489
-0.0388157
-0.0412333
-0.0424054
-0.0423743
-0.0412806
-0.0393493
-0.0368357
-0.0339982
-0.0310685
-0.0281893
-0.0254139
-0.0226437
-0.020918
-0.0219363
-0.0229655
-0.0235366
-0.0241233
-0.0246721
-0.0252433
-0.0256404
-0.0262146
-0.026747
-0.0273025
-0.0197231
-0.0199376
-0.0193767
-0.0176459
-0.0171011
-0.0151998
-0.0126069
-0.0141804
-0.0165889
-0.0160417
-0.0188638
-0.0182941
-0.0105788
-0.00865654
-0.00686407
-0.00524927
-0.00388479
-0.0028801
-0.00238425
-0.00258197
-0.00366123
-0.00575688
-0.0089026
-0.0129835
-0.0177411
-0.0228054
-0.0277464
-0.0321459
-0.0356573
-0.0380547
-0.039246
-0.0392727
-0.0382877
-0.0365086
-0.0341894
-0.0315808
-0.0288731
-0.0261848
-0.0235098
-0.0207068
-0.018746
-0.0196953
-0.0208488
-0.021475
-0.0218545
-0.0223624
-0.0229364
-0.0233564
-0.0239491
-0.0244847
-0.0250378
-0.0175822
-0.0176445
-0.0171145
-0.0154859
-0.0149741
-0.0131927
-0.0107748
-0.0122404
-0.0144922
-0.0139799
-0.0166294
-0.0160932
-0.00888608
-0.00709697
-0.00542632
-0.00390871
-0.00260053
-0.00159199
-0.00102311
-0.00108073
-0.00196508
-0.00383623
-0.00674528
-0.0106034
-0.0151613
-0.0200515
-0.0248453
-0.0291288
-0.0325632
-0.034933
-0.0361505
-0.0362661
-0.0354228
-0.033836
-0.0317484
-0.0293743
-0.0268837
-0.0243365
-0.0216718
-0.0187209
-0.0164814
-0.0174751
-0.0186518
-0.0191624
-0.0197427
-0.0202168
-0.0208313
-0.0215581
-0.021451
-0.0220781
-0.0227029
-0.0152956
-0.0154842
-0.0149854
-0.0134586
-0.0129795
-0.0113166
-0.0090699
-0.0104301
-0.0125278
-0.0120499
-0.0145282
-0.0140255
-0.00731721
-0.00565854
-0.00410638
-0.00268251
-0.00142642
-0.000414742
0.000220311
0.000290575
-0.000419326
-0.00208551
-0.0047798
-0.00842445
-0.0127767
-0.0174755
-0.0220959
-0.0262357
-0.0295732
-0.0319071
-0.033163
-0.0333869
-0.0327208
-0.0313606
-0.0295145
-0.0273784
-0.025062
-0.0225745
-0.0198187
-0.0166032
-0.0140564
-0.0151126
-0.016364
-0.0169171
-0.0175372
-0.0180684
-0.0186607
-0.0190097
-0.0195456
-0.0199918
-0.020448
-0.021701
-0.0128249
-0.0134565
-0.0129887
-0.0115626
-0.0111156
-0.00956872
-0.00748809
-0.00874631
-0.0106937
-0.0102495
-0.0125596
-0.0120899
-0.00586749
-0.00433476
-0.00289559
-0.00155877
-0.000350205
0.00066322
0.00135059
0.00152084
0.000954753
-0.000536138
-0.00303779
-0.00647802
-0.0106212
-0.0151089
-0.0195285
-0.0234979
-0.0267176
-0.0290092
-0.0303089
-0.0306651
-0.030199
-0.029077
-0.0274806
-0.0255445
-0.0233369
-0.0208193
-0.0178514
-0.0143078
-0.0114304
-0.0125528
-0.0138921
-0.0144842
-0.0151507
-0.0157345
-0.0163609
-0.0167405
-0.0173405
-0.0178853
-0.0184466
-0.0187939
-0.0193281
-0.019812
-0.0202164
-0.0101703
-0.01156
-0.0111228
-0.00979532
-0.00937986
-0.00794546
-0.00602431
-0.00718468
-0.00898699
-0.00857552
-0.0107214
-0.0102842
-0.00453086
-0.00311768
-0.00178324
-0.000524757
0.000641205
0.00164966
0.00236935
0.00260752
0.00214531
0.000790873
-0.00154261
-0.00478888
-0.00871703
-0.0129734
-0.0171661
-0.0209362
-0.0240178
-0.0262575
-0.027607
-0.0281044
-0.0278477
-0.0269675
-0.0255894
-0.0238079
-0.0216258
-0.0189616
-0.0157105
-0.0118118
-0.00864188
-0.00977538
-0.0112066
-0.0118385
-0.0125547
-0.0131968
-0.0138649
-0.0142633
-0.0149149
-0.0155129
-0.0161213
-0.016481
-0.0170822
-0.0176568
-0.0182088
-0.00741583
-0.00979233
-0.00938501
-0.00815337
-0.00776829
-0.00644183
-0.00467257
-0.00573991
-0.00740349
-0.00702335
-0.00901081
-0.00860512
-0.00329988
-0.00199793
-0.000757731
0.000431564
0.00155486
0.00254374
0.00326596
0.00353376
0.00313331
0.00188217
-0.000308728
-0.00337169
-0.0070756
-0.011083
-0.01502
-0.0185634
-0.0214844
-0.0236606
-0.0250534
-0.0256902
-0.0256372
-0.0249758
-0.0237805
-0.0220712
-0.0198152
-0.0169295
-0.0133628
-0.00916474
-0.00581253
-0.00683697
-0.00830698
-0.00891919
-0.00971899
-0.0104279
-0.0111472
-0.0115644
-0.0122767
-0.0129298
-0.0135878
-0.0139633
-0.0146175
-0.0152435
-0.0158431
-0.00463003
-0.00814982
-0.0077715
-0.00663185
-0.0062759
-0.00505187
-0.00342579
-0.00440557
-0.00593794
-0.00558763
-0.00742364
-0.00704821
-0.00216616
-0.000965738
0.000191582
0.00131834
0.00239263
0.00333936
0.00402963
0.0042873
0.00391263
0.00272953
0.000660468
-0.00222603
-0.00570305
-0.00944084
-0.0130945
-0.0163827
-0.019119
-0.0212113
-0.0226308
-0.0233902
-0.023517
-0.0230373
-0.0219527
-0.0202384
-0.0178296
-0.0146807
-0.0108165
-0.00643805
-0.00301099
-0.00402811
-0.00539511
-0.00602224
-0.00728265
-0.00810684
-0.00858764
-0.00938606
-0.0101081
-0.0108282
-0.0112249
-0.0119405
-0.0126211
-0.0132714
-0.00192443
-0.00662776
-0.00627726
-0.00522493
-0.00489653
-0.00376845
-0.00227645
-0.00317453
-0.00458384
-0.0042615
-0.00595466
-0.00560799
-0.00112154
-1.31227e-05
0.00107095
0.00213446
0.00314282
0.00402079
0.0046478
0.00486151
0.00447844
0.00333812
0.00136936
-0.00135023
-0.00459279
-0.00804037
-0.0113862
-0.0143896
-0.0169119
-0.0188926
-0.0203116
-0.021163
-0.0214282
-0.0210692
-0.0200274
-0.0182323
-0.0156282
-0.0122247
-0.00815508
-0.00373644
-0.000336574
-0.00124316
-0.00256543
-0.00329033
-0.00467989
-0.00527324
-0.00689367
-0.00599602
-0.00775411
-0.00823088
-0.00901799
-0.0097635
-0.0104758
0.000549332
-0.0052202
-0.00489604
-0.0039253
-0.00362281
-0.0025845
-0.00121761
-0.00203982
-0.00333379
-0.00303778
-0.00459726
-0.00427754
-0.000159721
0.000865435
0.00187953
0.00286848
0.00379036
0.00457395
0.0051103
0.00525438
0.00483826
0.00371497
0.00183082
-0.000727826
-0.00372852
-0.00687308
-0.0098838
-0.0125721
-0.0148463
-0.0166794
-0.0180601
-0.0189592
-0.01931
-0.0190116
-0.0179473
-0.0160241
-0.0132232
-0.00962136
-0.00548233
-0.00122814
0.00205654
0.00136191
0.000178261
-0.000473266
-0.00185346
-0.00237171
-0.00309034
-0.00451742
-0.00382259
-0.0067241
-0.0074384
0.00251959
-0.00391991
-0.00362041
-0.00272584
-0.00244756
-0.00149325
-0.000244077
-0.00099548
-0.00218047
-0.00190933
-0.00334394
-0.00304945
0.00072385
0.00167028
0.00260698
0.00350534
0.00431904
0.00498789
0.00541619
0.00547298
0.00500483
0.00388231
0.0020649
-0.000338391
-0.00309567
-0.00591873
-0.00857059
-0.0109118
-0.012901
-0.0145459
-0.0158444
-0.0167433
-0.0171253
-0.0168296
-0.0156988
-0.0136382
-0.0106727
-0.00699373
-0.00295917
0.000832444
0.00388295
0.00356581
0.00263324
0.00211908
0.000881364
0.00046889
-0.000187541
-0.00157555
-0.000910541
0.00389666
-0.00271948
-0.00244287
-0.00161966
-0.00136447
-0.000490534
0.000647317
-3.75354e-05
-0.00111806
-0.000871111
-0.00218716
-0.00191636
0.00152452
0.00238877
0.00323651
0.00402807
0.00472029
0.00526219
0.00557426
0.00553501
0.00500098
0.00385989
0.00209836
-0.000156893
-0.00266603
-0.00515607
-0.00742499
-0.0093869
-0.0110554
-0.0124734
-0.0136476
-0.0145
-0.0148628
-0.014531
-0.0133174
-0.0111448
-0.00810609
-0.00448222
-0.000870389
0.00244289
0.00500387
0.00510332
0.00454126
0.0042512
0.00327626
0.00300009
0.00246778
0.00122208
0.00180126
0.0037394
-0.0016122
-0.00135725
-0.000602916
-0.000370204
0.000426698
0.00145353
0.000837405
-0.000143437
7.97589e-05
-0.00112129
-0.000873387
0.00223575
0.00301544
0.00375701
0.00443027
0.00499511
0.00540909
0.00560642
0.00546459
0.00485245
0.00367917
0.00195982
-0.000154024
-0.00241396
-0.00455598
-0.00642006
-0.00797699
-0.0092942
-0.0104523
-0.011468
-0.0122413
-0.0125647
-0.0121819
-0.0108941
-0.00865682
-0.00564261
-0.00240107
0.000938626
0.00224079
0.00493234
0.00574825
0.00568284
0.00567522
0.00508834
0.00501201
0.00465241
0.00366089
0.00410727
0.00475718
-0.000594371
-0.000360396
0.000326412
0.00053708
0.00126236
0.002144
0.00163935
0.000744977
0.000944534
-0.000143571
8.17453e-05
0.00285891
0.00353069
0.00416126
0.00471399
0.00515673
0.00545425
0.00553698
0.00528864
0.0045874
0.00336726
0.00168024
-0.000298325
-0.00230416
-0.0040887
-0.00553189
-0.00666294
-0.00760922
-0.0084894
-0.0093299
-0.0100115
-0.0102795
-0.00985217
-0.00852741
-0.00630203
-0.00360542
-0.000465553
0.000725379
0.00465408
0.00455516
0.00522356
0.00582698
0.00610361
0.00606441
0.00626735
0.00612001
0.00550951
0.00576988
0.000335167
0.000548447
0.00116916
0.00135969
0.00200811
0.00278128
0.00228958
0.00155459
0.00173632
0.000746241
0.000948707
0.00338314
0.00394243
0.00445413
0.00489302
0.00522816
0.00541853
0.00538799
0.00502908
0.0042278
0.00295256
0.00128861
-0.000555791
-0.00230388
-0.00371962
-0.00472995
-0.00542987
-0.00600329
-0.00660896
-0.00728433
-0.00788101
-0.00811757
-0.00766772
-0.00634097
-0.00434409
-0.00163829
-0.000632189
0.00436627
0.00291541
0.00491869
0.00573783
0.00605917
0.00638702
0.00658757
0.00653215
0.00654775
0.00117545
0.00136924
0.00194338
0.00211503
0.00265058
0.00331571
0.0029359
0.00226134
0.00232971
0.00155226
0.00173857
0.00379762
0.00424462
0.00464427
0.00498359
0.00522802
0.0053165
0.00517236
0.00469413
0.00378743
0.00245318
0.000812168
-0.000894121
-0.00237358
-0.00341284
-0.00399384
-0.0042734
-0.00449122
-0.00484935
-0.00538133
-0.005919
-0.00612588
-0.00569352
-0.00450659
-0.00247876
-0.00166272
0.00385926
0.00245742
0.00459894
0.00466769
0.00651103
0.0062269
0.0056298
0.00195074
0.00215483
0.00260105
0.00274484
0.00320855
0.00373459
0.00342438
0.00288017
0.00300482
0.00236547
0.00221199
0.00411423
0.00445181
0.00474953
0.00500025
0.00516241
0.00515466
0.00488489
0.00428365
0.00327163
0.00188254
0.000274283
-0.00127597
-0.00247275
-0.00313648
-0.00330306
-0.00319339
-0.0031039
-0.00325524
-0.00368733
-0.00419595
-0.00445896
-0.00405662
-0.00289651
-0.00221251
0.00300435
0.00133848
0.00361374
0.00455116
0.00415632
0.00470093
0.00736668
0.00270821
0.00277103
0.00314417
0.00326019
0.00364975
0.00405573
0.00382245
0.00337538
0.00347709
0.00288063
0.00300313
0.00206009
0.00432999
0.00456865
0.00477861
0.00494938
0.00502759
0.00492217
0.00452608
0.00379011
0.00268203
0.00125131
-0.000297976
-0.00166468
-0.00256308
-0.00285737
-0.00264234
-0.00219888
-0.00185959
-0.0018713
-0.00225548
-0.00282919
-0.00303186
-0.00281696
-0.00218705
0.00167935
0.00121616
0.00346374
0.00445985
0.00411158
0.00268348
0.00274536
0.00313427
0.0032562
0.00359671
0.00368973
0.00400648
0.00427901
0.00412402
0.00378629
0.00386772
0.00336608
0.00347475
0.00287186
0.00299607
0.0044573
0.00460653
0.004736
0.00482962
0.00482354
0.00460674
0.00408884
0.00321537
0.00202364
0.000577841
-0.000869449
-0.00201578
-0.00260338
-0.00255136
-0.00201071
-0.00130209
-0.000794219
-0.000739286
-0.00119944
-0.0016882
-0.00227371
-0.00162094
-0.000107721
0.00312852
0.00324933
0.00358566
0.00368549
0.00396913
0.00403811
0.00426161
0.00440772
0.00432607
0.00410817
0.00416226
0.00377707
0.00386632
0.00336257
0.00347083
0.00449443
0.00456316
0.00462077
0.00464299
0.00454872
0.00421484
0.003564
0.00257178
0.00131191
-0.000102281
-0.00139722
-0.00228739
-0.00256779
-0.0022092
-0.00139992
-0.000513176
6.31445e-05
3.32538e-05
-0.00036079
-0.0013839
-0.000692701
-0.00212389
0.00358083
0.00368008
0.00395746
0.00403427
0.00423973
0.00428198
0.00441637
0.004443
0.00442837
0.00432643
0.00435584
0.00410256
0.00416513
0.00377365
0.00386269
0.00444926
0.00444815
0.00444444
0.00440014
0.00421156
0.00375424
0.00296267
0.00187648
0.000581436
-0.000742153
-0.00183866
-0.00245128
-0.00242312
-0.00179363
-0.000815425
0.00013018
0.000616389
0.00059029
-0.00042223
0.000265791
-0.00389949
0.00395214
0.00402938
0.00423115
0.00428154
0.00441116
0.00442901
0.00446666
0.00439262
0.00443688
0.00444774
0.0044521
0.00432628
0.00436506
0.00409968
0.00416395
0.00433165
0.00427758
0.00422658
0.00411615
0.00382406
0.00323545
0.00231424
0.00115501
-0.000118039
-0.00129457
-0.00215227
-0.00247993
-0.00218767
-0.00136557
-0.000302751
0.000560598
0.00096691
0.000309996
0.000933559
-0.00491192
0.004229
0.00428174
0.00440898
0.00443588
0.00448023
0.00447508
0.00442219
0.00426968
0.00436125
0.0044713
0.00445551
0.00445767
0.00447164
0.00432933
0.00437125
0.00416327
0.00407735
0.00398897
0.00380553
0.00340074
0.00267851
0.00164723
0.00045102
-0.000738997
-0.00172485
-0.00231731
-0.00236386
-0.00184013
-0.000909761
8.40666e-05
0.000807858
0.000626307
0.00115899
-0.00491706
0.00441485
0.00444533
0.00449015
0.00449343
0.00445455
0.00443056
0.00429542
0.00409831
0.00421867
0.00440572
0.00437334
0.00449326
0.00448541
0.00447024
0.00448816
0.00397245
0.00387296
0.00374614
0.00348115
0.00295525
0.00210315
0.000994094
-0.000183745
-0.00123641
-0.00200137
-0.00232665
-0.00212969
-0.00146579
-0.000541219
0.000328586
0.000550715
0.00100398
-0.0041559
0.00450702
0.00451423
0.00447838
0.00445975
0.00434076
0.00430271
0.00411381
0.00390579
0.00403596
0.00426182
0.00422048
0.00443778
0.00440844
0.00451694
0.00451234
0.0037844
0.00367978
0.00351021
0.00315318
0.00249995
0.00153761
0.000400347
-0.000705756
-0.00158555
-0.00211579
-0.00219807
-0.00181184
-0.00106873
-0.000225075
0.000241271
0.000647991
-0.00313391
0.00450572
0.00448995
0.0043748
0.00433688
0.00416219
0.00411808
0.00390734
0.00372022
0.00383743
0.00406857
0.004026
0.00429712
0.00425285
0.00446934
0.00444137
0.00362001
0.00350998
0.00328751
0.00282678
0.0020517
0.0010237
-8.36486e-05
-0.00108096
-0.00177874
-0.00208386
-0.0019548
-0.00144778
-0.000732034
-0.000151061
0.0002529
-0.00222362
0.00440769
0.0043706
0.00419921
0.00414958
0.00395105
0.0039068
0.00370315
0.00356181
0.00365071
0.00385399
0.00381444
0.00409934
0.00404817
0.00433056
0.00428525
0.00348835
0.00336845
0.0030825
0.00251542
0.00165334
0.000607869
-0.000452508
-0.00132538
-0.0018298
-0.00191926
-0.00163218
-0.00107982
-0.000497864
-9.02647e-05
-0.00154834
0.00423134
0.00418025
0.00398354
0.00392963
0.00373263
0.00369434
0.0035259
0.00344359
0.00349288
0.00364602
0.00361625
0.00387513
0.00382306
0.0041282
0.00407358
0.00339802
0.00325968
0.00290099
0.00224746
0.00133909
0.000293051
-0.000699213
-0.00141622
-0.00173512
-0.00165475
-0.00128652
-0.000786174
-0.000382427
-0.00110347
0.00400864
0.00395135
0.00375579
0.00370418
0.00353859
0.00351002
0.00338882
0.00337564
0.00338097
0.00346888
0.00344937
0.00365347
0.00360849
0.0038948
0.00383794
0.00335673
0.00319129
0.00276774
0.00205855
0.00110886
6.04006e-05
-0.000827993
-0.00137281
-0.00154325
-0.00136122
-0.00097949
-0.000617438
-0.000850115
0.00377082
0.00371471
0.00354876
0.00350576
0.00338162
0.00336536
0.00330638
0.00336882
0.00332566
0.00333682
0.00333187
0.00346337
0.00342767
0.00366134
0.00361041
0.00336511
0.00316921
0.00270514
0.00194123
0.00093569
-5.75592e-05
-0.000798408
-0.0012375
-0.00132468
-0.0010854
-0.000777387
-0.000727976
0.00355079
0.00350272
0.00337914
0.00334761
0.00328102
0.00327866
0.00329199
0.0034292
0.00334524
0.00326299
0.00327313
0.00331783
0.00329683
0.00345786
0.00341631
0.00343309
0.00322534
0.00271688
0.00186849
0.000855086
-4.52075e-05
-0.00074326
-0.00112882
-0.00109879
-0.000916036
-0.000684012
0.0033683
0.00333171
0.00326527
0.00324896
0.0032436
0.00326159
0.0033486
0.00353936
0.00343292
0.00326431
0.0032933
0.00323303
0.00322758
0.00329968
0.00327263
0.00356765
0.00335061
0.0027713
0.0018627
0.000887153
-1.83584e-05
-0.000713334
-0.00096671
-0.00101632
-0.000792727
0.00324195
0.0032206
0.0032161
0.00322115
0.00327006
0.00318768
0.00348447
0.00373079
0.00356715
0.003383
0.00323027
0.00325883
0.00320347
0.00319194
0.00379494
0.00354279
0.00287442
0.00194462
0.000908311
-8.19815e-05
-0.000660007
-0.00103274
-0.00100596
0.00318066
0.00317884
0.0033165
0.00351364
0.00343251
0.00368336
0.00400928
0.00380907
0.00351788
0.0033047
0.00327978
0.00318401
0.00319957
0.00408397
0.00376462
0.00303395
0.00199639
0.000786394
-0.000115881
-0.000875309
-0.00122919
0.00323049
0.00331067
0.00333707
0.00338393
0.00364106
0.00399068
0.0043764
0.00415115
0.00378243
0.0034881
0.0034259
0.0044389
0.00403034
0.00315087
0.0018514
0.000655281
-0.000488907
-0.00136698
0.00355416
0.00362834
0.00396848
0.00439904
0.00480094
0.00458951
0.00416098
0.00378665
0.00369675
0.00478594
0.00422201
0.00303188
0.00162292
0.000148157
-0.00132466
0.00388809
0.00398984
0.00440567
0.00489264
0.00524835
0.00508539
0.004643
0.00420356
0.00408694
0.00510122
0.00419509
0.00271188
0.0010131
-0.00103618
0.00434203
0.00446803
0.00493715
0.00542232
0.00562118
0.0055888
0.00520033
0.0047325
0.00459332
0.00515323
0.00379538
0.00202111
-0.000457133
0.00490512
0.00504913
0.00551773
0.00591162
0.00577482
0.00597174
0.00577369
0.00534765
0.00519631
0.00481397
0.00305864
0.000398062
0.00554553
0.00569094
0.0060682
0.00620806
0.00546033
0.00606286
0.00624699
0.00598724
0.00584814
0.00401108
0.0013879
0.00619123
0.00630834
0.00643199
0.00610605
0.00450506
0.00559587
0.00643673
0.00653224
0.00644641
0.00215371
0.00670354
0.00674031
0.00640249
0.00531975
0.00277665
0.00423615
0.00610744
0.00679013
0.00681841
0.00687922
0.00676904
0.00571057
0.00367869
0.00224845
0.00490989
0.00652054
0.00673789
0.00647118
0.00611602
0.0040407
0.00279374
0.00536426
0.00589374
0.00506344
0.00408326
0.00209878
0.00376788
)
;

boundaryField
{
    inlet
    {
        type            zeroGradient;
    }
    outlet
    {
        type            fixedValue;
        value           uniform 0;
    }
    wall
    {
        type            zeroGradient;
    }
    front
    {
        type            empty;
    }
    back
    {
        type            empty;
    }
    vanem
    {
        type            zeroGradient;
    }
    vaneu
    {
        type            zeroGradient;
    }
    vanel
    {
        type            zeroGradient;
    }
    procBoundary1to0
    {
        type            processor;
        value           nonuniform List<scalar> 
57
(
-0.010142
-0.0101518
-0.0101384
-0.0101293
-0.0101287
-0.0101481
-0.0101943
-0.010273
-0.0103887
-0.010536
-0.0107021
-0.0108663
-0.0110172
-0.0854244
-0.0856426
-0.0858537
-0.0860526
-0.086245
-0.0864336
-0.0866173
-0.0867839
-0.0869096
-0.0869412
-0.0867869
-0.0863052
-0.0853004
-0.0835463
-0.0808476
-0.0771181
-0.0724402
-0.0670562
-0.0612907
-0.0554821
-0.0499574
-0.0450246
-0.040958
-0.0379323
-0.0359656
-0.0349146
-0.034533
-0.0345574
-0.0347755
-0.0350419
-0.011081
-0.0110552
-0.0110552
-0.0844003
-0.0344292
-0.0333591
-0.0850003
-0.0844736
-0.0333601
-0.0111554
-0.0111294
-0.0844736
-0.0111879
-0.0333591
)
;
    }
}


// ************************************************************************* //
