/*--------------------------------*- C++ -*----------------------------------*\
| =========                 |                                                 |
| \\      /  F ield         | OpenFOAM: The Open Source CFD Toolbox           |
|  \\    /   O peration     | Version:  v1912                                 |
|   \\  /    A nd           | Website:  www.openfoam.com                      |
|    \\/     M anipulation  |                                                 |
\*---------------------------------------------------------------------------*/
FoamFile
{
    version     2.0;
    format      ascii;
    class       faceSet;
    location    "constant/polyMesh/sets";
    object      wrongFaces;
}
// * * * * * * * * * * * * * * * * * * * * * * * * * * * * * * * * * * * * * //


6996
(
5
7
8
9
10
14
16398
15
16399
16
16400
17
16405
22
16406
23
16407
24
25
16411
16412
16413
30
31
32
16417
16418
16419
42
43
44
45
48
49
50
51
53
54
55
56
16457
16458
16459
16464
16465
16466
16470
16471
16472
16476
16477
16478
16480
16481
16482
152
156
160
168
172
177
16565
16566
16567
184
16568
16569
16570
189
16575
16576
193
16577
16578
16579
16580
200
201
202
209
210
211
214
215
216
221
222
16606
223
16607
16608
16610
16611
16612
16613
230
16614
231
16615
232
235
236
16620
237
16621
16622
16623
16624
16625
242
16626
243
16627
244
16628
252
253
254
256
257
258
16642
16643
16644
16645
16646
16647
16687
16688
16689
16690
16691
16692
16700
16701
16702
16707
16708
16709
16714
16715
16716
16718
16719
16720
16721
16722
16723
16728
16729
16730
16731
16732
16733
16734
16735
16736
16765
16766
16767
16768
16769
16770
16798
16799
16800
16805
16806
16807
16849
16850
16851
16868
16869
16870
16877
16878
16879
16884
16885
16886
16888
16889
16890
16895
16896
16897
16898
16899
16900
518
520
521
522
526
527
528
529
557
558
559
560
565
566
567
568
570
16954
571
16955
572
16956
573
575
576
577
16961
578
16962
16963
581
582
583
584
585
16969
16970
16971
16972
16973
590
16974
16979
596
16980
597
16981
598
16982
599
16983
16984
602
603
604
605
606
607
608
609
612
613
614
616
617
618
17076
17077
17078
730
734
735
736
739
740
741
742
17136
17137
17138
17146
17147
17148
17149
17150
17151
17156
17157
17158
17159
17160
17161
17164
17165
17166
17173
17174
17175
17178
17179
17180
17190
17191
17192
809
811
812
813
816
817
818
819
820
825
826
827
830
831
832
833
17225
17226
17227
17228
17229
17230
17235
17236
17237
17238
17239
17240
17246
17247
17248
17249
17250
17251
17256
17257
17258
17259
17260
17261
17270
17271
17272
17273
17274
17275
17280
17281
17282
17283
900
17284
17285
902
903
904
908
909
910
17294
911
17295
17296
17297
914
17298
915
17299
916
917
918
919
920
17304
921
17305
17306
17307
17308
17309
17321
17322
17323
17324
17325
17326
17331
17332
17333
17334
17335
17336
17359
17360
17361
17366
17367
17368
990
992
993
994
998
17382
999
17383
1000
17384
1001
17389
17390
17391
1008
1009
1010
1011
17408
17409
17410
17413
17414
17415
17421
17422
17423
17425
17426
17427
17432
17433
17434
17436
17437
17438
17443
17444
17445
17446
17447
17448
1080
1082
1083
1084
1088
1089
1090
1091
1099
1100
1101
1102
1171
1173
1174
1175
1179
1180
1181
1182
1184
1188
1189
1190
1193
1194
1195
1196
1265
1267
1268
1269
1273
1274
1275
1276
1279
1280
1281
1282
1283
1284
1285
1286
1357
1359
1360
1361
1365
1366
1367
1368
1375
1376
1377
1378
1398
1399
1400
1401
1403
1404
1405
1406
1455
1457
1458
1459
1463
1464
1465
1466
1468
1472
1473
1474
1477
1478
1479
1480
1497
1499
1500
1501
1508
1509
1510
1511
1513
1514
1515
1516
1517
1518
1519
1520
1567
1569
1570
1571
1575
1576
1577
1578
1585
1586
1587
1588
1589
1590
1591
1592
1611
1613
1614
1615
1619
1620
1621
1622
1627
1630
1631
1632
1633
1634
1635
1636
1638
1639
1640
1641
1642
1643
1644
1645
1690
1692
1693
1694
1698
1699
1700
1701
1704
1705
1706
1707
1708
1709
1710
1711
1732
1734
1735
1736
1740
1741
1742
1743
1748
1752
1753
1754
1757
1758
1759
1760
1803
1805
1806
1807
1811
1812
1813
1814
1815
1816
1820
1821
1822
1823
1824
1825
1828
1829
1830
1831
1852
1854
1855
1856
1862
1865
1870
1871
1872
1875
1876
1877
1878
1921
1923
1924
1925
1929
1930
1931
1932
1933
1934
1938
1939
1940
1941
1942
1943
1946
1947
1948
1949
1950
1951
1952
1953
1976
1978
1979
1980
1986
1989
1994
1995
1996
1999
2000
2001
2002
2045
2047
2048
2049
2053
2054
2055
2056
2057
2058
2062
2063
2064
2065
2066
2067
2070
2071
2072
2073
2074
2075
2076
2077
2102
2104
2105
2106
2112
2115
2120
2121
2122
2125
2126
2127
2128
2171
2173
2174
2175
2179
2180
2181
2182
2183
2184
2188
2189
2190
2191
2192
2193
2196
2197
2198
2199
2200
2201
2202
2203
2230
2232
2233
2234
2238
2239
2240
2241
2246
2251
2252
2253
2256
2257
2258
2259
2302
2304
2305
2306
2310
2311
2312
2313
2314
2315
2319
2320
2321
2322
2323
2324
2327
2328
2329
2330
2331
2332
2333
2334
2363
2364
2365
2366
2367
2368
2369
2370
2374
2375
2376
2377
2380
2381
2382
2383
2384
2385
2386
2387
2432
2434
2435
2436
2440
2441
2442
2443
2447
2452
2453
2454
2457
2458
2459
2460
2461
2462
2463
2464
2493
2495
2496
2497
2504
2505
2506
2507
2508
2509
2510
2511
2518
2519
2520
2521
2566
2568
2569
2570
2574
2575
2576
2577
2581
2582
2586
2587
2588
2589
2590
2591
2594
2595
2596
2597
2598
2599
2600
2601
2604
2605
2606
2607
2638
2640
2641
2642
2648
2652
2653
2657
2658
2659
2660
2661
2662
2665
2666
2667
2668
2713
2715
2716
2717
2721
2722
2723
2724
2729
2730
2734
2735
2736
2737
2738
2739
2740
2745
2746
2747
2750
2751
2752
2753
2754
2755
2756
2757
2760
2761
2762
2763
2798
2799
2800
2801
2802
2803
2804
2805
2809
2810
2811
2812
2817
2821
2822
2823
2826
2827
2828
2829
2874
2876
2877
2878
2882
2883
2884
2885
2886
2890
2891
2892
2895
2896
2897
2898
2899
2900
2901
2902
2905
2906
2907
2908
2911
2912
2913
2914
2917
2918
2919
2920
2957
2959
2960
2961
2965
2966
2976
2977
2978
2979
2980
2981
2982
2983
3003
3004
3005
3006
3008
3009
3010
3011
3036
3038
3039
3040
3044
3045
3046
3047
3050
3051
3052
3053
3098
3099
3100
3101
3102
3103
3104
3105
3111
3115
3119
3120
3121
3124
3125
3126
3127
3144
3145
3146
3147
3148
3149
3150
3151
3160
3161
3162
3163
3164
3165
3166
3167
3190
3192
3193
3194
3198
3199
3200
3201
3246
3247
3248
3249
3250
3251
3252
3253
3257
3258
3267
3268
3269
3270
3271
3272
3273
3274
3291
3293
3294
3295
3299
3300
3305
3315
3316
3317
3318
3339
3341
3342
3343
3347
3348
3349
3350
3393
3395
3396
3397
3404
3405
3406
3407
3408
3409
3410
3411
3413
3417
3418
3419
3422
3423
3424
3425
3442
3444
3445
3446
3452
3457
3463
3464
3465
3466
3487
3489
3490
3491
3495
3496
3497
3498
3540
3541
3542
3543
3544
3545
3546
3547
3548
3549
3550
3551
3555
3556
3557
3558
3563
3564
3568
3569
3570
3571
3572
3573
3576
3577
3578
3579
3580
3581
3582
3583
3604
3606
3607
3608
3609
3610
3611
3612
3613
3616
3617
3618
3619
3620
3621
3622
3630
3631
3632
3633
3654
3656
3657
3658
3662
3663
3664
3665
3704
3705
3706
3707
3708
3709
3710
3711
3719
3720
3729
3730
3731
3732
3733
3734
3735
3736
3759
3760
3761
3762
3763
3764
3765
3766
3770
3771
3772
3773
3781
3782
3783
3784
3805
3807
3808
3809
3813
3814
3815
3816
3852
3853
3854
3855
3856
3857
3858
3859
3860
3861
3862
3863
3870
3871
3872
3873
3874
3875
3876
3877
3878
3888
3889
3890
3891
3892
3893
3894
3895
3918
3920
3921
3922
3926
3927
3938
3939
3940
3941
3962
3964
3965
3966
3970
3971
3972
3973
4005
4006
4007
4008
4009
4010
4011
4012
4013
4014
4015
4016
4027
4028
4029
4030
4031
4032
4033
4034
4043
4044
4045
4046
4047
4048
4049
4050
4075
4077
4078
4079
4085
4089
4090
4094
4095
4096
4097
4098
4099
4102
4103
4104
4105
4126
4128
4129
4130
4134
4135
4136
4137
4159
4160
4161
4162
4164
4165
4166
4167
4169
4170
4171
4172
4174
4175
4176
4177
4178
4179
4180
4181
4182
4183
4184
4185
4196
4197
4198
4199
4200
4201
4202
4203
4204
4209
4210
4214
4215
4216
4217
4218
4219
4222
4223
4224
4225
4226
4227
4228
4229
4256
4258
4259
4260
4266
4271
4275
4276
4277
4280
4281
4282
4283
4304
4306
4307
4308
4312
4313
4314
4315
4335
4336
4337
4338
4339
4340
4341
4342
4357
4358
4359
4360
4364
4365
4366
4367
4368
4369
4373
4377
4382
4383
4384
4387
4388
4389
4390
4391
4392
4393
4394
4423
4425
4426
4427
4433
4437
4441
4442
4443
4446
4447
4448
4449
4470
4472
4473
4474
4478
4479
4480
4481
4499
4500
4501
4502
4503
4504
4505
4506
4510
4511
4515
4520
4529
4530
4534
4535
4536
4537
4538
4539
4542
4543
4544
4545
4546
4547
4548
4549
4552
4553
4554
4555
4586
4587
4588
4589
4590
4591
4592
4593
4597
4598
4599
4600
4603
4604
4605
4606
4607
4608
4609
4610
4633
4635
4636
4637
4641
4642
4643
4644
4660
4662
4663
4664
4668
4669
4678
4683
4684
4685
4688
4689
4690
4691
4692
4693
4694
4695
4698
4699
4700
4701
4734
4736
4737
4738
4742
4743
4754
4755
4756
4757
4780
4782
4783
4784
4788
4789
4790
4791
4807
4809
4810
4811
4812
4813
4814
4815
4816
4820
4821
4822
4823
4828
4829
4830
4831
4836
4837
4838
4839
4844
4845
4846
4847
4852
4853
4854
4857
4858
4859
4860
4861
4862
4863
4864
4867
4868
4869
4870
4873
4874
4875
4876
4913
4914
4915
4916
4917
4918
4919
4920
4924
4925
4926
4927
4933
4937
4938
4939
4942
4943
4944
4945
4968
4969
4970
4971
4972
4973
4974
4975
4979
4980
4981
4982
5002
5003
5004
5005
5008
5009
5010
5011
5014
5015
5016
5017
5020
5021
5022
5023
5026
5027
5028
5029
5070
5072
5073
5074
5081
5082
5083
5084
5085
5086
5087
5088
5094
5095
5096
5097
5098
5099
5100
5101
5124
5126
5127
5128
5132
5133
5202
5203
5204
5205
5206
5207
5208
5209
5213
5214
5215
5216
5221
5225
5226
5227
5230
5231
5232
5233
5256
5258
5259
5260
5266
5333
5334
5335
5336
5337
5338
5339
5340
5344
5345
5355
5356
5357
5358
5359
5360
5361
5362
5387
5389
5390
5391
5397
5460
5461
5462
5463
5464
5465
5466
5467
5474
5475
5476
5477
5478
5479
5480
5481
5484
5485
5486
5487
5488
5489
5490
5491
5518
5520
5521
5522
5528
5588
5589
5590
5591
5592
5593
5594
5595
5602
5603
5604
5605
5606
5607
5608
5609
5610
5611
5615
5616
5617
5618
5619
5620
5623
5624
5625
5626
5653
5654
5655
5656
5657
5658
5659
5660
5664
5665
5666
5667
5725
5726
5727
5728
5729
5730
5731
5732
5733
5734
5735
5736
5740
5741
5745
5746
5750
5751
5752
5753
5754
5755
5758
5759
5760
5761
5762
5763
5764
5765
5792
5794
5795
5796
5803
5804
5805
5806
5807
5808
5809
5810
5859
5860
5861
5862
5864
5865
5866
5867
5868
5869
5870
5871
5872
5873
5874
5875
5882
5883
5884
5885
5886
5887
5891
5892
5896
5897
5898
5899
5900
5901
5904
5905
5906
5907
5908
5909
5910
5911
5940
5942
5943
5944
5950
5992
5993
5994
5995
5997
5998
5999
6000
6002
6003
6004
6005
6007
6008
6009
6010
6011
6012
6013
6014
6015
6016
6017
6018
6029
6030
6031
6032
6033
6034
6041
6046
6047
6048
6051
6052
6053
6054
6055
6056
6057
6058
6089
6090
6091
6092
6093
6094
6095
6096
6100
6101
6102
6103
6143
6144
6145
6146
6147
6148
6149
6150
6169
6170
6171
6172
6176
6177
6178
6179
6180
6181
6182
6183
6184
6199
6200
6201
6202
6203
6204
6205
6206
6209
6210
6211
6212
6243
6245
6246
6247
6254
6255
6256
6257
6258
6259
6260
6261
6298
6300
6301
6302
6309
6310
6311
6312
6313
6314
6315
6316
6318
6322
6327
6340
6345
6346
6347
6350
6351
6352
6353
6354
6355
6356
6357
6392
6393
6394
6395
6396
6397
6398
6399
6405
6444
6446
6447
6448
6452
6453
6454
6455
6462
6463
6467
6468
6469
6470
6471
6472
6473
6478
6479
6480
6483
6484
6485
6486
6487
6488
6489
6490
6493
6494
6495
6496
6531
6533
6534
6535
6542
6543
6544
6545
6546
6547
6548
6549
6585
6587
6588
6589
6594
6598
6599
6600
6602
6607
6608
6609
6610
6615
6616
6617
6618
6623
6624
6625
6626
6631
6632
6633
6636
6637
6638
6639
6640
6641
6642
6643
6646
6647
6648
6649
6652
6653
6654
6655
6694
6695
6696
6697
6698
6699
6700
6701
6705
6706
6707
6708
6752
6753
6754
6755
6758
6759
6760
6761
6764
6765
6766
6767
6770
6771
6772
6773
6776
6777
6778
6779
6782
6783
6784
6785
6828
6829
6830
6831
6832
6833
6834
6835
6839
6840
6933
6934
6935
6936
6937
6938
6939
6940
6947
6948
6949
6950
6951
6952
6953
6954
7042
7043
7044
7045
7046
7047
7048
7049
7056
7057
7058
7059
7060
7061
7062
7063
7152
7153
7154
7155
7156
7157
7158
7159
7166
7167
7168
7169
7170
7171
7172
7173
7256
7257
7258
7259
7260
7261
7262
7263
7270
7271
7272
7273
7274
7275
7276
7277
7357
7358
7359
7360
7361
7362
7363
7364
7365
7366
7367
7368
7375
7376
7377
7378
7379
7380
7381
7382
7458
7459
7460
7461
7462
7463
7464
7465
7466
7467
7468
7469
7476
7477
7478
7479
7480
7481
7551
7552
7553
7554
7556
7557
7558
7559
7560
7561
7562
7563
7564
7565
7566
7567
7578
7579
7580
7581
7582
7583
7584
7585
7644
7645
7646
7647
7649
7650
7651
7652
7654
7655
7656
7657
7659
7660
7661
7662
7663
7664
7665
7666
7667
7668
7669
7670
7681
7682
7683
7684
7688
7689
7690
7691
7692
7693
7694
7695
7696
7702
7703
7704
7705
7708
7709
7710
7711
7713
7714
7715
7716
7718
7719
7720
7721
7723
7724
7725
7726
7728
7729
7730
7731
7733
7734
7735
7736
7738
7739
7740
7741
7743
7744
7745
7746
7748
7749
7750
7751
7753
7754
7755
7756
7758
7759
7760
7761
7763
7764
7765
7766
7768
7769
7770
7771
7773
7774
7775
7776
7778
7779
7780
7781
7783
7784
7785
7786
7788
7789
7790
7791
7793
7794
7795
7796
7798
7799
7800
7801
7803
7804
7805
7806
7808
7809
7810
7811
7813
7814
7815
7816
7818
7819
7820
7821
7823
7824
7825
7826
7827
7828
7829
7830
7831
7832
7833
7834
7853
7854
7855
7856
7860
7861
7862
7863
7864
7865
7866
7867
7868
7879
7880
7881
7882
7887
7888
7889
7890
7894
7895
7896
7897
7901
7902
7903
7904
7908
7909
7910
7911
7915
7916
7917
7918
7922
7923
7924
7925
7929
7930
7931
7932
7936
7937
7938
7939
7943
7944
7945
7946
7950
7951
7952
7953
7957
7958
7959
7960
7964
7965
7966
7967
7971
7972
7973
7974
7978
7979
7980
7981
7985
7986
7987
7988
7992
7993
7994
7995
7999
8000
8001
8002
8006
8007
8008
8009
8013
8014
8015
8016
8020
8021
8022
8023
8027
8028
8029
8030
8034
8035
8036
8037
8041
8042
8043
8044
8048
8049
8050
8051
8055
8056
8057
8058
8059
8060
8065
8069
8074
8085
8089
8094
8099
8100
8101
8102
8104
8105
8106
8107
8109
8110
8111
8112
8119
8120
8121
8122
8123
8124
8125
8126
8127
8133
8134
8135
8136
8137
8138
8139
8140
8142
8143
8144
8145
8147
8148
8149
8150
8152
8153
8154
8155
8158
8159
8160
8161
8166
8167
8168
8169
8171
8172
8173
8174
8179
8180
8181
8182
8184
8185
8186
8187
8189
8190
8191
8192
8194
8195
8196
8197
8200
8201
8202
8203
8209
8210
8211
8212
8217
8218
8219
8220
8226
8227
8228
8229
8231
8232
8233
8234
8236
8237
8238
8239
8241
8242
8243
8244
8247
8254
8260
8261
8262
8263
8266
8267
8268
8269
8270
8271
8272
8279
8280
8281
8282
8285
8286
8287
8288
8289
8290
8291
8294
8295
8296
8297
8299
8300
8301
8302
8304
8305
8306
8307
8311
8312
8316
8320
8321
8326
8327
8328
8329
8331
8332
8333
8334
8336
8337
8338
8339
8342
8343
8344
8345
8346
8347
8348
8354
8355
8356
8357
8359
8360
8361
8362
8363
8364
8365
8371
8372
8373
8374
8376
8377
8378
8379
8381
8382
8383
8384
8386
8387
8388
8389
8390
8395
8402
8403
8404
8405
8408
8409
8410
8411
8412
8413
8414
8421
8422
8423
8424
8427
8428
8429
8430
8431
8432
8433
8436
8437
8438
8439
8441
8442
8443
8444
8446
8447
8448
8449
8458
8459
8460
8461
8462
8463
8464
8465
8466
8475
8476
8477
8478
8479
8480
8481
8482
8485
8490
8491
8492
8493
8494
8495
8496
8497
8500
8501
8502
8503
8506
8510
8511
8512
8513
8514
8515
8516
8517
8519
8520
8521
8522
8524
8525
8526
8527
8529
8530
8531
8532
8533
8534
8538
8539
8545
8546
8547
8548
8551
8552
8553
8554
8555
8556
8557
8563
8564
8565
8566
8568
8569
8570
8571
8572
8573
8574
8575
8580
8581
8582
8583
8591
8592
8593
8594
8596
8601
8602
8603
8604
8617
8627
8628
8629
8630
8631
8632
8633
8634
8636
8637
8638
8639
8640
8641
8642
8644
8645
8646
8647
8648
8649
8650
8651
8653
8654
8655
8656
8658
8659
8660
8661
8663
8664
8665
8666
8675
8676
8677
8678
8679
8680
8681
8687
8688
8689
8690
8692
8693
8694
8695
8696
8697
8698
8699
8704
8705
8706
8707
8714
8716
8717
8718
8719
8720
8721
8722
8724
8725
8726
8727
8734
8736
8737
8738
8739
8740
8741
8742
8754
8758
8763
8768
8769
8770
8771
8773
8774
8775
8776
8778
8779
8780
8781
8790
8791
8792
8793
8794
8795
8796
8797
8798
8802
8807
8808
8809
8810
8811
8812
8813
8814
8817
8818
8819
8823
8825
8826
8827
8831
8832
8833
8834
8837
8839
8840
8841
8853
8857
8862
8867
8868
8869
8870
8872
8873
8874
8875
8877
8878
8879
8880
8888
8889
8890
8891
8892
8893
8894
8895
8896
8899
8904
8905
8906
8907
8908
8909
8910
8911
8914
8915
8916
8920
8922
8923
8924
8928
8929
8930
8931
8934
8936
8937
8938
8950
8954
8959
8964
8965
8966
8967
8969
8970
8971
8972
8974
8975
8976
8977
8985
8986
8987
8988
8989
8990
8991
8992
8993
8996
9001
9002
9003
9004
9005
9006
9007
9008
9010
9011
9012
9013
9014
9015
9016
9018
9019
9020
9021
9029
9030
9031
9032
9033
9034
9035
9036
9038
9039
9040
9041
9058
9062
9067
9072
9073
9074
9075
9077
9078
9079
9080
9082
9083
9084
9085
9099
9100
9101
9102
9103
9104
9105
9106
9107
9110
9115
9116
9117
9118
9119
9120
9121
9122
9127
9128
9129
9130
9136
9137
9138
9139
9145
9146
9147
9148
9161
9162
9163
9164
9165
9166
9167
9168
9169
9175
9176
9177
9178
9179
9180
9181
9182
9184
9185
9186
9187
9189
9190
9191
9192
9194
9195
9196
9197
9199
9204
9217
9218
9219
9220
9221
9222
9223
9224
9225
9229
9235
9236
9237
9238
9239
9240
9241
9242
9247
9248
9249
9250
9255
9256
9257
9258
9263
9264
9265
9266
9272
9273
9274
9275
9281
9282
9283
9284
9286
9287
9288
9289
9295
9296
9297
9298
9300
9301
9302
9303
9305
9306
9307
9308
9310
9311
9312
9313
9328
9329
9330
9331
9332
9333
9334
9335
9336
9342
9343
9344
9345
9346
9347
9348
9349
9352
9353
9354
9355
9356
9357
9358
9361
9362
9363
9364
9372
9373
9374
9375
9376
9377
9378
9380
9381
9382
9383
9385
9390
9391
9392
9393
9394
9395
9396
9397
9399
9413
9414
9415
9416
9422
9423
9424
9425
9430
9431
9432
9433
9434
9439
9440
9441
9442
9444
9445
9446
9447
9449
9450
9451
9452
9454
9455
9456
9457
9467
9471
9475
9485
9486
9487
9488
9489
9490
9491
9492
9493
9499
9500
9501
9502
9503
9504
9505
9506
9512
9513
9514
9515
9518
9519
9520
9521
9525
9530
9531
9532
9533
9535
9536
9537
9538
9542
9543
9544
9548
9549
9550
9551
9552
9553
9554
9555
9560
9562
9563
9564
9567
9568
9569
9570
9571
9572
9573
9574
9585
9590
9593
9602
9603
9604
9609
9610
9611
9612
9613
9614
9618
9619
9620
9623
9624
9625
9626
9628
9629
9630
9631
9633
9634
9635
9636
9640
9641
9645
9649
9650
9658
9659
9660
9661
9662
9663
9664
9667
9668
9669
9670
9675
9676
9677
9678
9679
9680
9681
9683
9684
9685
9686
9692
9693
9694
9695
9698
9699
9700
9701
9705
9710
9711
9712
9713
9715
9716
9717
9718
9721
9722
9723
9730
9731
9732
9733
9734
9735
9738
9739
9740
9747
9748
9749
9750
9751
9752
9753
9758
9759
9760
9761
9766
9767
9768
9769
9770
9771
9772
9773
9786
9787
9788
9789
9790
9791
9792
9793
9794
9803
9804
9805
9806
9807
9808
9809
9810
9812
9813
9814
9815
9817
9818
9819
9820
9822
9823
9824
9825
9826
9830
9835
9839
9843
9849
9850
9851
9852
9855
9856
9857
9858
9859
9860
9861
9868
9869
9870
9871
9874
9875
9876
9877
9878
9879
9880
9883
9884
9885
9886
9888
9889
9890
9891
9893
9894
9895
9896
9899
9900
9901
9902
9903
9904
9905
9907
9908
9909
9910
9911
9912
9913
9920
9922
9923
9924
9925
9926
9927
9928
9929
9930
9931
9932
9933
9934
9935
9936
9948
9949
9950
9951
9952
9953
9954
9955
9956
9962
9963
9964
9965
9966
9967
9968
9969
9971
9972
9973
9974
9976
9977
9978
9979
9981
9982
9983
9984
9985
9988
9992
9995
10000
10007
10008
10009
10010
10013
10014
10015
10016
10017
10018
10019
10026
10027
10028
10029
10032
10033
10034
10035
10036
10037
10038
10040
10043
10047
10048
10053
10057
10063
10064
10065
10066
10067
10068
10069
10070
10072
10075
10081
10082
10083
10084
10085
10086
10087
10088
10090
10094
10095
10096
10097
10099
10100
10101
10102
10104
10105
10106
10107
10108
10112
10118
10119
10120
10121
10122
10123
10124
10125
10126
10131
10144
10145
10146
10147
10148
10149
10150
10151
10152
10156
10162
10163
10164
10165
10166
10167
10168
10169
10170
10174
10178
10179
10199
10200
10201
10202
10208
10209
10210
10211
10212
10218
10219
10220
10221
10227
10228
10229
10230
10232
10233
10234
10235
10237
10238
10239
10240
10242
10243
10244
10245
10246
10251
10252
10253
10254
10255
10256
10257
10260
10261
10262
10263
10265
10269
10270
10271
10272
10273
10274
10275
10276
10284
10285
10286
10287
10288
10289
10290
10291
10292
10297
10298
10299
10300
10301
10302
10303
10304
10306
10307
10308
10309
10311
10312
10313
10314
10315
10316
10317
10319
10320
10321
10322
10338
10339
10340
10341
10347
10348
10349
10350
10355
10356
10357
10358
10364
10365
10366
10367
10369
10370
10371
10372
10374
10375
10376
10377
10379
10380
10381
10382
10384
10385
10386
10387
10388
10389
10390
10393
10394
10395
10396
10397
10398
10399
10403
10404
10405
10406
10407
10408
10409
10410
10411
10413
10414
10415
10416
10417
10418
10419
10423
10424
10428
10429
10435
10436
10437
10438
10441
10442
10443
10444
10445
10446
10447
10453
10454
10455
10456
10458
10459
10460
10461
10462
10463
10464
10466
26850
10467
26851
10468
26852
10469
10470
10471
10472
10474
10475
26859
10476
26860
10477
26861
10478
10479
10480
10481
10482
10483
10484
10485
10501
10502
10503
10504
10510
10511
10512
10513
10518
10519
10520
10521
10527
10528
10529
10530
10532
10533
10534
10535
10537
10538
10539
10540
10542
10543
10544
10545
10546
10550
10556
10557
10558
10559
10560
10561
10562
10563
10565
10570
10577
10578
10582
10583
10589
10590
10591
10592
10593
10594
10595
10598
10599
10600
10601
10602
10603
10604
10610
10611
10612
10613
10614
10615
10616
10618
10619
10620
10621
10622
10623
10624
10625
10629
10634
10653
10654
10655
10656
10662
10663
10664
10665
10670
10671
10672
10673
10674
10679
10680
10681
10682
10684
10685
10686
10687
10689
10690
10691
10692
10694
10695
10696
10697
10699
10700
10701
10702
10705
10706
10707
10708
10709
10710
10711
10719
10720
10721
10722
10723
10725
10726
10727
10728
10729
10730
10731
10735
10739
10740
10741
10742
10743
10744
10745
10746
10748
10754
10755
10759
10762
10763
10769
10770
10771
10772
10773
10774
10775
10778
10779
10780
10781
10782
10783
10784
10790
10791
10792
10793
10794
10795
10796
10798
10799
10800
10801
10802
10803
10804
10805
10809
10814
10820
10824
10827
10835
10836
10837
10842
10843
10844
10845
10846
10847
10851
10852
10853
27239
10856
27240
10857
27241
10858
27242
10859
10861
27245
10862
27246
10863
27247
10864
27248
10866
27250
10867
27251
10868
27252
10869
27253
10871
27255
10872
27256
10873
27257
10874
27258
27260
10877
27261
10878
27262
10879
27263
10880
27264
10881
27265
10882
27266
10883
27267
27271
27272
27273
27274
10892
10893
10894
10895
27279
10896
27280
27281
10898
27282
10899
10900
10901
10902
27286
10903
27287
10904
27288
27289
10909
27293
27294
27295
27296
10916
27300
10917
27301
10918
27302
10919
27303
10920
10921
10922
10923
27307
27308
10925
27309
27310
27312
27313
27314
27315
27317
27318
10935
27319
27320
10939
27323
27324
27325
27326
27328
27329
27330
27331
27333
10950
27334
10951
27335
10952
27336
10953
10954
27338
10955
27339
10956
27340
10957
27341
10958
27343
27344
10961
27345
27346
27348
27349
27350
10967
27351
10968
10969
27353
10970
27354
10971
27355
10972
27356
10973
10974
27358
27359
27360
27361
10978
10979
27363
10980
27364
27365
27366
10984
27368
27369
10986
27370
10987
27371
10988
27373
27374
27375
27376
10993
27378
10995
27379
10996
27380
10997
27381
27383
11000
27384
27385
11002
27386
11003
11004
27388
27389
27390
27391
27394
27395
27396
27397
27398
27399
11016
27400
27401
11021
11025
11034
11035
11036
11041
11042
11043
11047
11048
11049
11052
11053
11054
11055
11057
11058
11059
11060
11062
11063
11064
11065
11071
11072
11073
11076
11077
11078
11079
11086
11088
11089
11090
11092
11093
11094
11095
11100
11101
11102
11104
11105
11106
11107
11108
11109
11110
11111
11117
11118
11119
11120
11121
11122
11123
11124
11125
11126
11127
11128
11130
11131
11132
11133
11142
11143
11144
11145
11147
11148
11149
11150
11160
11161
11162
11163
11164
11165
11166
11171
11172
11173
11174
11175
11176
11177
11178
11179
11180
11181
11182
11186
11190
11195
11209
11210
11214
11217
11218
11224
11225
11226
11227
11228
11229
11230
11233
11234
11235
11236
11237
11238
11239
11244
11245
11246
11247
11248
11249
11250
11252
11253
11254
11255
11256
11257
11258
11261
11262
11263
11264
11265
11266
11267
11269
11270
11271
11272
11279
11280
11281
11282
11283
11284
11285
11286
27671
11288
27672
11289
27673
11290
27674
11291
27676
27677
27678
27679
27681
27682
27683
27684
11301
11302
27686
27687
27688
27689
11306
27690
27691
27692
27693
11310
11311
27696
27697
27698
27699
11316
11317
11318
11319
27703
27704
11321
27705
11322
27706
11323
11324
11326
27710
11327
27711
11328
27712
11329
27713
11331
11332
11333
27717
11334
27718
11335
27719
11336
27720
11337
11339
11340
27724
11341
27725
11342
27726
11343
27727
11344
11345
27729
27730
27731
11348
27732
11349
11350
27734
11351
27735
11352
27736
11353
27737
11354
11355
27739
11356
27740
11357
27741
11358
27742
11359
11360
27744
11361
27745
11362
27746
11363
27747
11364
27749
27750
27751
11368
27752
27754
27755
27756
11373
27757
27759
27760
27761
27762
27764
27765
27766
27767
27769
27770
27771
27772
27774
27775
27776
27777
27779
27780
27781
27782
27784
11400
27785
27786
27787
27789
27790
27791
27792
11408
27794
27795
27796
27797
27798
27799
11415
27800
11416
27801
11420
11424
11425
11434
11435
11436
11437
11438
11439
11440
11443
11444
11445
11446
11447
11452
11453
11454
11455
11456
11457
11458
11460
11461
11462
11463
11468
11469
11470
11471
11472
11473
11474
11476
11477
11478
11479
11483
11484
11485
11486
11487
11488
11489
11490
11493
11494
11495
11496
11497
11498
11499
11505
11506
11507
11508
11510
11511
11512
11513
11514
11515
11516
11522
11523
11524
11525
11527
11528
11529
11530
11532
11533
11534
11535
11537
11538
11539
11540
11543
11544
11545
11549
11550
11551
11552
27938
27940
11556
27941
11557
27942
11558
11559
27945
11561
27946
11562
27947
11563
27948
11564
27949
27951
27952
27953
11569
27957
27958
27959
11575
27960
27961
27963
27964
11580
27965
27969
27970
11586
27971
27972
27973
11590
27975
27976
27977
11594
27981
27982
27983
27984
27985
27986
11602
27987
27988
11606
27992
27993
27994
27995
11611
27997
27998
27999
28000
28002
28003
11619
28004
28005
28007
11623
28008
28009
28010
28012
11628
28013
28014
28015
28017
28018
28019
28020
28022
11638
28023
11639
28024
11640
28025
11641
11642
28027
11643
28028
11644
28029
11645
28030
11646
28032
28033
28034
28035
11652
28037
11653
28038
11654
28039
11655
28040
11656
11657
28042
11658
28043
11659
28044
28045
28047
28048
28049
11665
28050
11666
11667
28052
11668
28053
28054
28055
11671
11672
28057
11673
28058
11674
28059
28060
28062
28063
28064
11680
28065
11681
28066
11682
28067
11683
28068
28069
11685
11686
11687
11688
11691
11692
11693
11694
11695
11696
11697
11700
11701
11702
11703
11711
11712
11713
11714
11715
11716
11717
11719
11720
11721
11722
11724
11728
11733
11739
11747
11754
11755
11756
11757
11760
11761
11762
11763
11764
11765
11766
11773
11774
11775
11776
11779
11780
11781
11782
11783
11784
11785
11788
11789
11790
11791
11793
11794
11795
11796
11798
11799
11800
11801
11804
11805
11806
11813
11814
11815
11818
11819
11820
11825
11826
11827
11834
11835
11836
11839
11840
11841
11846
11847
11848
11855
11856
11857
11860
11861
11862
11865
11870
11871
11872
11873
11879
11880
11881
11882
11884
11889
11890
11891
11892
11904
11905
11906
11907
11908
11909
11910
11911
11912
11918
11919
11920
11921
11922
11923
11924
11925
11927
11928
11929
11930
11931
11932
11933
11935
11936
11937
11938
11939
11940
11941
11942
11943
11944
11945
11946
11947
11952
11953
11954
11955
11956
11957
11958
11959
11961
11965
11969
11975
11976
11977
11978
11981
11982
11983
11984
11985
11986
11987
11994
11995
11996
11997
12000
12001
12002
12003
12004
12005
12006
12008
12012
12017
12021
12026
12027
12028
12029
12030
12031
12032
12035
12036
12037
12038
12040
12044
12045
12046
12047
12048
12049
12050
12051
12061
12062
12063
12064
12065
12066
12067
12068
12069
12078
12079
12080
12081
12082
12083
12084
12085
12086
12090
12095
12100
12101
12102
12103
12104
12105
12106
12108
12109
12110
12111
12117
12118
12119
12120
12121
12122
12123
12124
12126
12127
12128
12129
12136
12137
12141
12142
12148
12149
12150
12151
12154
12155
12156
12157
12158
12159
12160
12166
12167
12168
12169
12171
12172
12173
12174
12175
12176
12177
12181
12182
12183
12187
12189
12190
12191
12196
12198
12199
12200
12203
12205
12206
12207
12218
12222
12223
12224
12225
12226
12227
12228
12229
12230
12243
12244
12245
12246
12247
12248
12249
12255
12256
12257
12258
12260
12261
12262
12263
12264
12265
12266
12267
12272
12273
12274
12275
12277
12278
12279
12280
12281
12282
12283
12285
12286
12287
12288
12296
12297
12298
12299
12300
12301
12302
12303
12305
12306
12307
12308
12321
12324
12329
12330
12331
12332
12333
12334
12335
12336
12337
12340
12358
12359
12360
12361
12362
12363
12364
12365
12366
12370
12376
12377
12378
12379
12380
12381
12382
12383
12388
12389
12390
12391
12397
12398
12399
12400
12406
12407
12408
12409
12416
12417
12418
12419
12420
12421
12422
12424
12425
12426
12427
12428
12429
12430
12436
12437
12438
12439
12440
12441
12442
12443
12444
12445
12446
12447
12448
12449
12450
12451
12455
12458
12462
12480
12481
12482
12483
12484
12485
12486
12487
12488
12492
12498
12499
12500
12501
12502
12503
12504
12505
12508
12513
12514
12515
12516
12517
12518
12519
12520
12524
12529
12530
12531
12532
12533
12534
12535
12536
12542
12543
12544
12545
12546
12547
12548
12549
12550
12551
12552
12553
12555
12563
12568
12581
12582
12583
12584
12585
12586
12587
12588
12589
12593
12599
12600
12601
12602
12603
12604
12605
12606
12610
12611
12612
12616
12617
12618
12619
12620
12621
12622
12623
12628
12630
12631
12632
12635
12636
12637
12638
12639
12640
12641
12642
12656
12657
12658
12660
12661
12662
12663
12664
12665
12666
12667
12674
12676
12677
12678
12679
12680
12681
12682
12683
12684
12685
12686
12688
12689
12690
12691
12692
12693
12694
12702
12703
12704
12705
12706
12707
12708
12709
12710
12711
12712
12713
12721
12724
12729
12735
12736
12743
12744
29130
29131
29132
29133
12750
29135
12751
29136
12752
29137
12753
29138
12754
12755
29140
12756
29141
29142
29143
12759
12760
29145
12761
29146
12762
29147
12763
29148
12764
12765
29150
29151
29152
29153
12770
29155
12771
29156
12772
29157
12773
29158
12774
12775
29160
12776
29161
29162
12778
29163
12779
12780
29165
12781
29166
12782
29167
12783
29168
12784
29170
29171
29172
29173
12790
29175
12791
29176
12792
29177
12793
29178
29180
29181
29182
12798
29183
12799
12800
29185
12801
29186
29187
29188
29190
29191
12807
29192
12808
29193
12809
12810
29195
29196
29197
29198
29199
29200
29201
29202
29205
12821
29206
12822
29207
12823
29208
12826
12827
29212
12828
29213
12829
29214
29215
29219
29220
12836
29221
29222
12838
12839
12840
29226
12842
29227
12843
29228
12844
29229
12845
29233
29234
12850
29235
12851
29236
12852
12854
12855
29240
12856
29241
12857
29242
12858
29243
12859
12860
12861
29247
29248
29249
29250
12867
12868
12869
29254
12870
29255
12871
29256
12872
29257
12873
12874
12875
12876
29261
12877
29262
12878
29263
29264
12880
12881
12882
12883
29268
29269
29270
29271
29275
29276
12892
29277
12893
29278
12894
12895
12897
29282
12898
29283
12899
29284
12900
29285
29289
29290
29291
29292
12909
29296
29297
29298
29299
12916
12917
12918
29303
12919
29304
12920
29305
12921
29306
12922
12923
29308
29309
12925
29310
29311
29313
29314
29315
29316
29318
29319
29320
29321
29323
29324
29325
12941
29326
29328
29329
29330
12946
29331
29333
29334
29335
29336
29338
29339
29340
29341
12958
29343
12959
29344
12960
29345
12961
29346
12962
12963
29348
12964
29349
12965
29350
29351
29353
12969
29354
29355
29356
29358
29359
12975
29360
12976
29361
12977
12978
29363
12979
29364
12980
29365
12981
29366
12982
29368
29369
12985
29370
12986
29371
12987
12988
29373
12989
29374
12990
29375
12991
29376
29378
12994
29379
12995
29380
12996
29381
12997
29383
29384
29385
29386
13003
29388
13004
29389
13005
29390
13006
29391
13007
13008
29393
13009
29394
29395
13011
29396
13012
13013
29398
13014
29399
13015
29400
29401
29403
29404
13020
29405
13021
29406
13022
13023
29408
13024
29409
13025
29410
13026
29411
13027
29413
13029
29414
29415
29416
13033
29418
29419
29420
29421
13037
29423
29424
29425
29426
13043
29428
13044
29429
13045
29430
13046
29431
13047
13048
29433
13049
29434
13050
29435
29436
13052
29438
29439
29440
29441
13057
29443
29444
29445
13061
29446
29448
29449
13065
29450
29451
29453
29454
13070
29455
29456
29458
29459
29460
29461
29463
29464
29465
29466
29468
29469
29470
29471
29473
29474
29475
29476
29478
29479
29480
29481
29483
29484
29485
29486
13103
29488
29489
29490
29491
13107
29493
29494
29495
13111
29496
29498
29499
29500
29501
29503
29504
29505
29506
13123
29508
13124
29509
13125
29510
13126
29511
13127
13128
29513
13129
29514
13130
29515
29516
29518
13134
29519
29520
29521
29523
29524
13140
29525
13141
29526
13142
29527
13143
29528
13144
29529
13145
29530
13146
13147
13150
13151
13152
13153
13154
13155
13156
13159
13160
13161
13162
13170
13171
13172
45941
13173
45942
13174
45943
13175
45944
13176
45945
45946
13178
45947
13179
45948
13180
13181
13185
13186
13187
13188
13189
13190
13191
13193
13194
13195
13196
13204
13206
13207
13208
13209
13210
13211
13212
13214
13215
13216
13217
13225
13230
13231
13232
13233
13235
13241
13242
13243
13244
13246
13251
13252
13253
13254
13256
13263
13267
13271
13277
13280
13284
13290
13294
13298
13306
13310
13315
13325
13326
13327
13328
13329
13330
13331
13332
13333
13339
13340
13341
13342
13343
13344
13345
13346
13352
13353
13354
13355
13358
13359
13360
13361
13365
13370
13371
13372
13373
13375
13376
13377
13378
13381
13382
13383
13390
13391
13392
13393
13394
13395
13398
13399
13400
13405
13410
13411
13412
13413
13414
13415
13416
13417
13421
13427
13428
13429
13437
13438
13439
13443
13444
13445
13451
13452
13453
13460
13461
13462
13465
13466
13467
13472
13473
13474
13481
13482
13483
13486
13487
13488
13491
13496
13497
13498
13499
13500
13501
13502
13505
13506
13507
13508
13510
13514
13515
13516
13517
13518
13519
13520
13521
13525
13526
13527
13528
13529
13530
13531
13533
13534
13535
13536
13544
13545
13546
13547
13548
13549
13550
13551
13553
13554
13555
13556
13571
13576
13577
13578
13579
13580
13581
13582
13583
13587
13591
13595
13601
13602
13603
13604
13605
13606
13607
13608
13610
13615
13620
13624
13630
13631
13632
13633
13634
13635
13636
13637
13639
13644
13649
13653
13659
13660
13661
13662
13663
13664
13665
13666
13668
13673
13679
13680
13681
13682
13684
13685
13686
13687
13688
13689
13690
13699
13700
13701
13702
13703
13704
13705
13706
13707
13708
13709
13710
13716
13723
13724
13725
13726
13727
13728
13729
13730
13732
13740
13741
13742
13743
13744
13745
13746
13747
13753
13754
13755
13756
13757
13758
13759
13760
13761
13762
13763
13764
13766
13778
13779
13780
13781
13784
13785
13786
13787
13788
13789
13790
13799
13800
13801
13802
13803
13805
13806
13807
13808
13809
13810
13811
13816
13823
13824
13825
13826
13827
13828
13829
13830
13832
13845
13846
13847
13849
13850
13851
13852
13853
13854
13855
13856
13863
13865
13866
13867
13868
13869
13870
13871
13872
13873
13874
13875
13877
13878
13879
13880
13888
13889
13890
13891
13893
13894
13895
13896
13904
13909
13910
13911
13912
13913
13914
13915
13916
13918
13930
13931
13932
13935
13936
13937
13938
13945
13947
13948
13949
13951
13952
13953
13954
13956
13957
13958
13959
13961
13962
13963
13964
13965
13966
13967
13976
13977
13978
13979
13980
13981
13982
13983
13984
13985
13986
13987
13994
13995
13996
13997
14006
14007
14008
14009
14011
14012
14013
14014
14023
14030
14031
14032
14033
14034
14035
14036
14037
14039
14056
14057
14058
14059
14061
14062
14063
14064
14067
14068
14069
14070
14072
14073
14074
14075
14077
14078
14079
14080
14082
14083
14084
14085
14087
14088
14089
14090
14092
14093
14094
14095
14097
14098
14099
14100
14102
14103
14104
14105
14107
14108
14109
14110
14112
14113
14114
14115
14117
14118
14119
14120
14122
14123
14124
14125
14127
14128
14129
14130
14132
14133
14134
14135
14137
14138
14139
14140
14142
14143
14144
14145
14147
14148
14149
14150
14152
14153
14154
14155
14157
14158
14159
14160
14162
14163
14164
14165
14167
14168
14169
14170
14172
14173
14174
14175
14177
14178
14179
14180
14182
14183
14184
14185
14187
14188
14189
14190
14192
14193
14194
14195
14197
14198
14199
14200
14202
14203
14204
14205
14207
14208
14209
14210
14212
14213
14214
14215
14217
14218
14219
14220
14222
14223
14224
14225
14227
14228
14229
14230
14232
14233
14234
14235
14237
14238
14239
14240
14242
14243
14244
14245
14247
14248
14249
14250
14252
14253
14254
14255
14257
14258
14259
14260
14262
14263
14264
14265
14267
14268
14269
14270
14272
14273
14274
14275
14277
14278
14279
14280
14282
14283
14284
14285
14287
14288
14289
14290
14292
14293
14294
14295
14297
14298
14299
14300
14302
14303
14304
14305
14307
14308
14309
14310
14312
14313
14314
14315
14317
14318
14319
14320
14322
14323
14324
14325
14327
14328
14329
14330
14332
14333
14334
14335
14337
14338
14339
14340
14342
14343
14344
14345
14347
14348
14349
14350
14352
14353
14354
14355
14357
14358
14359
14360
14362
14363
14364
14365
14367
14368
14369
14370
14372
14373
14374
14375
14377
14378
14379
14380
14382
14383
14384
14385
14387
14388
14389
14390
14392
14393
14394
14395
14397
14398
14399
14400
14402
14403
14404
14405
14407
14408
14409
14410
14412
14413
14414
14415
14417
14418
14419
14420
14422
14423
14424
14425
14427
14428
14429
14430
14432
14433
14434
14435
14436
14437
14438
14440
14441
14442
14443
14444
14445
14446
14447
14448
14449
14450
14451
14452
14456
14461
14465
14469
14474
14512
14513
14514
14519
14520
14521
14525
14526
14527
14550
14551
14552
14608
14609
14610
14614
14615
14616
14619
14620
14621
14663
14664
14665
14673
14674
14675
14676
14677
14678
14683
14684
14685
14686
14687
14688
14753
14754
14755
14760
14761
14762
14766
14767
14768
14777
14778
14779
14780
14781
14782
14802
14803
14804
14809
14810
14811
14815
14816
14817
14826
14827
14828
14829
14830
14831
14845
14846
14847
14852
14853
14854
14858
14859
14860
14869
14870
14871
14872
14873
14874
14902
14903
14904
14909
14910
14911
14915
14916
14917
14926
14927
14928
14929
14930
14931
14963
14964
14965
14981
14982
14983
14984
14985
14986
15029
15030
15031
15039
15040
15041
15046
15047
15048
15101
15102
15103
15104
15105
15106
15166
15167
15168
15193
15194
15195
15200
15201
15202
15208
15209
15210
15212
15213
15214
15218
15219
15220
15224
15225
15226
15230
15231
15232
15234
15235
15236
15286
15287
15288
15295
15296
15297
15300
15301
15302
15308
15309
15310
15312
15313
15314
15319
15320
15321
15327
15328
15329
15332
15333
15334
15338
15339
15340
15341
15342
15343
15347
15348
15349
15351
15352
15353
15354
15355
15356
15395
15396
15397
15402
15403
15404
15408
15409
15410
15414
15415
15416
15435
15436
15437
15438
15439
15440
15446
15447
15448
15449
15450
15451
15457
15458
15459
15460
15461
15462
15467
15468
15469
15470
15471
15472
15486
15487
15488
15493
15494
15495
15499
15500
15501
15505
15506
15507
15509
15510
15511
15571
15572
15573
15574
15575
15576
15607
15608
15609
15614
15615
15616
15669
15670
15671
15672
15673
15674
15679
15680
15681
15682
15683
15684
15714
15715
15716
15721
15722
15723
15727
15728
15729
15733
15734
15735
15785
15786
15787
15792
15793
15794
15817
15818
15819
15823
15824
15825
15829
15830
15831
15833
15834
15835
15862
15863
15864
15866
15867
15868
15873
15874
15875
15876
15877
15878
15899
15900
15901
15907
15908
15909
15910
15911
15912
15914
15915
15916
15942
15943
15944
15946
15947
15948
15953
15954
15955
15956
15957
15958
16006
16007
16008
16028
16029
16030
16034
16035
16036
16039
16040
16041
16119
16120
16121
16127
16128
16129
16130
16131
16132
16134
16135
16136
16220
16221
16222
16228
16229
16230
16232
16233
16234
16238
16239
16240
16244
16245
16246
16247
16248
16249
16253
16254
16255
16257
16258
16259
16260
16261
16262
16303
16304
16305
16312
16313
16314
16317
16318
16319
16329
16330
16331
16355
16356
16357
16365
16366
16367
16368
16369
16370
16375
16376
16377
16378
16379
16380
)


// ************************************************************************* //
