/*--------------------------------*- C++ -*----------------------------------*\
| =========                 |                                                 |
| \\      /  F ield         | OpenFOAM: The Open Source CFD Toolbox           |
|  \\    /   O peration     | Version:  v1912                                 |
|   \\  /    A nd           | Website:  www.openfoam.com                      |
|    \\/     M anipulation  |                                                 |
\*---------------------------------------------------------------------------*/
FoamFile
{
    version     2.0;
    format      ascii;
    class       surfaceScalarField;
    location    "270";
    object      phi;
}
// * * * * * * * * * * * * * * * * * * * * * * * * * * * * * * * * * * * * * //

dimensions      [0 3 -1 0 0 0 0];
oriented        oriented;


internalField   nonuniform List<scalar> 
7200
(
-8.4387e-05
0.0100461
-0.000172535
0.0100534
2.44939e-05
0.010021
-0.000267793
0.0100665
3.70626e-05
0.0100408
0.000172704
0.00984742
-0.000372151
0.0100837
2.64084e-05
0.0100771
0.000317599
0.00989592
0.000405991
0.0094401
-0.000486417
0.0101023
-1.37903e-05
0.0101239
0.000411733
0.00998298
0.00075014
0.00955178
0.00083131
0.00860697
-0.000610355
0.0101201
-8.57303e-05
0.0101742
0.000443293
0.0100923
0.000988192
0.00974493
0.00150219
0.0088809
0.00167817
0.00342056
0.00350577
-0.000742729
0.0101356
-0.000187717
0.0102221
0.000411026
0.0102065
0.00110033
0.00998016
0.00193706
0.00931005
0.00287001
0.0037433
0.00394576
0.000812704
0.00260638
0.00152825
0.00279023
-0.000882479
0.0101483
-0.000316705
0.0102646
0.000320599
0.0103125
0.00109318
0.0102136
0.00211337
0.00980384
0.00359914
0.00858092
0.00215755
0.003114
0.00265787
0.00344544
0.00123556
0.000675054
0.000694123
0.00232389
0.000921749
0.000780151
-0.00102823
0.010158
-0.00046797
0.0102996
0.000181444
0.0104037
0.000988075
0.0104177
0.0020766
0.0102504
0.00372875
0.00967424
-0.00363961
0.00705597
0.00363452
0.00418791
0.00307215
0.00113743
0.00122831
0.00287798
0.000396303
0.000278077
0.000790835
0.000299592
-0.00119493
0.00150947
0.000607209
0.000376051
-0.00117904
0.0101653
-0.000637654
0.0103277
2.89683e-06
0.0104782
0.000808182
0.0105836
0.00189258
0.0106017
0.00350339
0.0104758
0.00651348
0.0102167
0.00573558
-0.00518363
0.00169704
0.00138552
0.00559682
0.00432667
0.00183227
0.000814639
0.00208788
0.000972691
-0.00210232
0.00104625
0.000838313
0.000277765
0.000577357
-0.000953408
0.00156062
-0.00133266
0.0101691
-0.000821567
0.0103492
-0.000205913
0.0105365
0.000573263
0.0107131
0.0016118
0.0108644
0.00310429
0.0110008
0.00558321
0.011406
-0.00535043
0.00994286
0.005277
0.00594412
-0.00260718
0.00278089
0.00152334
-0.00218738
0.00096572
-0.00210085
0.00211438
0.00174361
0.00173975
0.000635502
0.00061012
-0.00208393
0.000942799
-0.00124562
-0.001491
0.0101733
-0.00101765
0.0103652
-0.000437609
0.0105809
0.000298692
0.0108111
0.00126891
0.011056
0.00261676
0.0113519
0.0046234
0.0119606
0.00806939
0.0132795
0.0044102
-0.001987
0.00438723
-0.00153343
0.0044428
0.00591152
-0.00190852
0.00133101
-0.000942799
-0.00165985
0.00178723
-0.00133101
0.00141476
0.000635502
-0.00165092
0.0101749
-0.00122202
0.0103777
-0.000687457
0.0106151
-4.36154e-06
0.010884
0.00088775
0.0111923
0.00208843
0.0115843
0.00373957
0.0122358
0.00629198
0.013738
-0.00314596
0.0072073
0.0136609
0.00247721
0.00315555
-0.000540759
-0.000704767
-0.000977786
0.00123159
0.00524277
0.000436976
-0.0018119
0.010175
-0.00143269
0.0103856
-0.000949069
0.0106393
-0.000326278
0.010937
0.000483248
0.0112885
0.00154579
0.0117349
0.00293058
0.0123933
0.00482803
0.0136997
0.00600366
0.0149416
-0.00187896
0.00440129
0.0123622
-0.00122358
0.00111075
-0.000140891
0.00226387
-7.81819e-05
-0.000963797
0.000423038
-0.000436976
0.00447456
-0.00197556
0.0101767
-0.00165015
0.0103924
-0.00122227
0.0106588
-0.000661616
0.0109747
6.59758e-05
0.0113542
0.00100427
0.01183
0.00218177
0.0124837
0.00365167
0.0135697
0.00474403
0.0149593
0.00435747
0.0149854
0.00231184
0.0107528
-0.000238919
-0.000463498
-0.000504991
0.00375597
0.000282146
0.00179511
-1.01506e-05
-2.60764e-05
0.000203964
-0.00213959
0.010177
-0.00187131
0.0103978
-0.00150277
0.0106729
-0.0010078
0.011005
-0.000360383
0.011401
0.000467053
0.0118915
0.00148208
0.0125297
0.00267314
0.0134622
0.00363574
0.0146779
0.00373651
0.0155803
0.00289216
0.0144051
0.00121784
0.00966869
-0.000104954
-2.88044e-05
-0.00333774
0.00302204
7.67852e-05
-4.52721e-05
0.00165015
2.32682e-05
7.64208e-05
-0.000177888
0.000167737
-0.00230579
0.0101772
-0.00209633
0.0104021
-0.00179005
0.0106851
-0.00136146
0.0110266
-0.000791709
0.0114363
-6.28966e-05
0.011931
0.000821372
0.0125522
0.00182326
0.0133796
0.00268227
0.0144157
0.00298732
0.0154271
0.00274444
0.015728
0.00191237
0.0137106
0.000757356
0.00906266
-9.98134e-05
-5.15101e-05
-0.00293033
0.00283681
-1.14344e-05
6.29041e-05
0.00155417
7.4495e-05
9.82659e-05
0.000191006
0.000267426
-0.00247194
0.0101772
-0.00232457
0.0104054
-0.00208207
0.0106941
-0.00172244
0.0110461
-0.00122837
0.0114633
-0.000585903
0.0119593
0.000192322
0.01256
0.00106162
0.0133138
0.00184357
0.0142183
0.00225629
0.0151467
0.00229167
0.0158799
0.00201161
0.0156288
0.00132095
0.013147
0.000538152
0.00867053
-8.19119e-05
-6.41156e-05
-0.00279341
0.00272225
-2.86522e-05
-8.10486e-06
-0.00157829
0.00157353
-8.06094e-06
1.39486e-06
3.63613e-05
2.42005e-06
-0.000299523
0.000345925
2.80925e-05
6.61698e-05
-0.00263986
0.0101769
-0.00255547
0.0104081
-0.00238017
0.0107035
-0.00209131
0.0110629
-0.00166966
0.0114874
-0.00110779
0.0119852
-0.000417189
0.0125688
0.000356702
0.0132649
0.00108335
0.014074
0.00156321
0.0149113
0.00175614
0.0156823
0.00175331
0.0161382
0.0014982
0.0154515
0.000971711
0.0127134
0.000408018
0.00839087
-6.52322e-05
-6.3123e-05
-0.00267832
0.00262454
-2.81369e-05
-2.01866e-05
-0.00156684
0.00154461
-4.37764e-06
-2.04e-06
1.00747e-06
-2.43175e-06
-0.000376769
0.00037074
-2.03273e-06
-0.000375275
-9.9175e-08
0.000373413
8.87328e-06
5.58308e-07
-6.61698e-05
9.42622e-05
-0.00280732
0.0101765
-0.00278742
0.0104089
-0.00268067
0.0107086
-0.00246493
0.0110772
-0.00211799
0.0115113
-0.00163055
0.0120101
-0.0010137
0.0125817
-0.000309553
0.0132351
0.000378697
0.0139696
0.000906193
0.014731
0.00121261
0.0154549
0.00135635
0.0160792
0.00135483
0.0162816
0.00115651
0.0152667
0.000748583
0.0123729
0.000315777
0.00818679
-5.1734e-05
-5.99711e-05
-0.00258394
0.00254415
-2.54424e-05
-2.25269e-05
-0.00152786
0.00150579
-3.43857e-06
-2.623e-06
-1.17666e-06
-2.2632e-06
-0.000366811
0.00036344
-1.00631e-06
-0.000368588
-2.62799e-07
0.00037102
7.27666e-07
2.82429e-10
-0.000103595
0.000101562
-0.000103694
0.000103136
-0.002975
0.0101767
-0.00302167
0.0104107
-0.00298694
0.0107151
-0.00284651
0.0110901
-0.00257507
0.0115342
-0.00216099
0.0120417
-0.00160829
0.0126047
-0.000955896
0.013228
-0.000290775
0.0139045
0.000273914
0.0146019
0.00066903
0.0152746
0.000918489
0.0158927
0.00105659
0.0163775
0.00107597
0.0163621
0.000925966
0.0150893
0.000585544
0.0121031
0.000228118
0.00804534
-3.22714e-05
-5.43947e-05
-0.00250696
0.00247839
-2.31707e-05
-2.27723e-05
-0.00148757
0.00146788
-2.98331e-06
-2.77398e-06
-1.99327e-06
-2.31205e-06
-0.000357941
0.00035534
-8.37336e-07
-0.000360135
-4.29306e-07
0.00036218
8.32097e-08
-2.18642e-07
-0.000102027
0.000101021
-0.00010229
0.00010229
-0.00314248
0.0101755
-0.00325509
0.0104101
-0.00329384
0.0107176
-0.00323389
0.0111025
-0.0030429
0.011558
-0.00270204
0.0120753
-0.00220774
0.0126412
-0.00159527
0.0132441
-0.000938717
0.0138759
-0.000338884
0.0145173
0.000132014
0.0151389
0.000469841
0.0157233
0.000700199
0.0162491
0.000843202
0.0166102
0.000886399
0.0164017
0.000755013
0.0149199
0.000445973
0.0118853
0.000109571
0.00795216
1.70702e-05
-3.34631e-05
-0.0024453
0.00243058
-1.7557e-05
-2.13004e-05
-0.00145004
0.00143272
-2.79988e-06
-3.05222e-06
-2.51756e-06
-2.4173e-06
-0.00034933
0.000347108
-7.61825e-07
-0.000351617
-4.87209e-07
0.000353566
-2.19387e-07
-3.62634e-07
-0.000100456
9.96186e-05
-0.000100885
0.000101104
-0.00331012
0.0101756
-0.00348813
0.0104085
-0.0036027
0.010719
-0.00362847
0.0111122
-0.00352214
0.0115818
-0.00326021
0.0121161
-0.00282224
0.0126898
-0.00224108
0.013287
-0.00158329
0.0138887
-0.000945183
0.0144822
-0.000403621
0.015053
1.50491e-05
0.0155937
0.000327324
0.0160961
0.000549318
0.016543
0.000702094
0.0167945
0.00075025
0.0164065
0.000613684
0.0147521
0.000307312
0.0116875
-5.33639e-05
0.00782797
0.000135265
4.22944e-05
-0.00240872
0.00242001
5.78434e-06
-1.16024e-05
-0.00141679
0.00140488
-2.34398e-06
-3.30548e-06
-2.97827e-06
-2.38905e-06
-0.000340591
0.00033855
-7.58437e-07
-0.000343064
-5.79521e-07
0.000345011
-4.20382e-07
-4.70291e-07
-9.85494e-05
9.77875e-05
-9.90366e-05
9.93992e-05
-0.00347506
0.0101729
-0.00371652
0.010404
-0.00390978
0.0107156
-0.00402541
0.0111159
-0.00401523
0.0116053
-0.00384107
0.0121626
-0.00346138
0.0127553
-0.00290661
0.0133553
-0.00223584
0.0139395
-0.00154931
0.0144928
-0.000937293
0.0150159
-0.000441013
0.015509
-5.51205e-05
0.0159761
0.000233538
0.0164119
0.000456547
0.0167886
0.000611383
0.0169334
0.000644331
0.0163758
0.000490444
0.014569
0.000177195
0.011457
-0.000139755
0.00761991
0.000174442
0.000173373
-0.0024229
0.00244639
0.000111769
3.94061e-05
-0.00139799
0.00140636
4.59898e-07
-3.03868e-06
-3.23266e-06
-1.47816e-06
-0.000331634
0.00033003
-7.39455e-07
-0.000334296
-6.44239e-07
0.000336136
-5.64349e-07
-5.48806e-07
-9.63173e-05
9.55589e-05
-9.68968e-05
9.73671e-05
-0.00363713
0.0101691
-0.00393911
0.0103955
-0.00420989
0.0107041
-0.0044235
0.0111137
-0.00452324
0.0116239
-0.00444991
0.0122141
-0.00413541
0.0128367
-0.00360787
0.0134565
-0.0029116
0.0140311
-0.00216305
0.0145533
-0.00147424
0.0150297
-0.000901477
0.0154764
-0.000443419
0.0158973
-8.96439e-05
0.0162993
0.000188887
0.0166796
0.000405192
0.0169948
0.000548863
0.0170289
0.000560194
0.0163061
0.000394108
0.0143521
0.000121693
0.0111955
-2.56842e-05
0.0075087
2.30607e-05
0.000113833
-0.00243724
0.00243508
0.00017661
0.000182523
-0.00143633
0.00148325
4.7236e-05
1.76165e-05
-1.64767e-07
9.59343e-06
-0.000324011
0.000324845
-3.74791e-07
-0.000326456
-5.92768e-07
0.000327429
-6.32146e-07
-5.05366e-07
-9.38015e-05
9.3062e-05
-9.44457e-05
9.49945e-05
-0.00379579
0.0101637
-0.00415166
0.0103816
-0.00449903
0.0106847
-0.00481814
0.0110988
-0.00504151
0.0116319
-0.00509011
0.0122641
-0.0048552
0.0129339
-0.0043606
0.0135894
-0.00362186
0.0141668
-0.00279321
0.0146612
-0.00201873
0.0150977
-0.00136413
0.0154924
-0.000833044
0.015866
-0.000416887
0.0162246
-8.81352e-05
0.0165763
0.000174074
0.0169107
0.000381721
0.0171619
0.000507994
0.0170811
0.000501964
0.0161982
0.000355065
0.0141187
0.000178058
0.0109918
0.000129381
0.00743152
-4.93806e-05
-2.8294e-06
-0.0024582
0.00245655
2.47062e-05
9.0708e-05
-0.00149667
0.00152325
5.37831e-05
9.62557e-05
7.40208e-05
9.50757e-05
-0.000342917
0.000367929
2.22247e-05
-0.000332289
6.98833e-06
0.000324602
7.87519e-08
1.90584e-06
-9.13317e-05
9.09569e-05
-9.19245e-05
9.24298e-05
-0.0039491
0.0101553
-0.00434764
0.0103596
-0.00476783
0.0106504
-0.00519747
0.011064
-0.00556618
0.0116235
-0.00576318
0.012305
-0.00563178
0.0130407
-0.00518461
0.0137579
-0.00438843
0.014356
-0.00345293
0.0148265
-0.00257331
0.0152158
-0.00182985
0.0155635
-0.00122536
0.0158847
-0.000746799
0.0161959
-0.00036705
0.0165035
-6.19497e-05
0.0168124
0.000184676
0.0171077
0.000376001
0.0172939
0.000487345
0.0170957
0.000483877
0.0160694
0.000381029
0.0139158
0.000282299
0.0108388
0.000221575
0.00732264
-6.57171e-05
-4.69757e-05
-0.00245915
0.00243483
-2.50623e-05
-5.42442e-06
-0.00156835
0.0015888
-3.53861e-06
7.79447e-06
3.55715e-05
1.00372e-05
-0.000444745
0.000464728
3.38002e-05
-0.000413376
6.48861e-05
0.000390538
5.14114e-05
7.22378e-05
-9.99298e-05
0.000122154
-9.29415e-05
9.10357e-05
-0.00409379
0.0101417
-0.00452128
0.010329
-0.00500726
0.0105991
-0.00555238
0.0110053
-0.00608747
0.0115853
-0.00646579
0.0123261
-0.00647841
0.0131516
-0.00611105
0.0139671
-0.0052303
0.0145998
-0.00414901
0.0150521
-0.00314261
0.0153958
-0.00230019
0.0156862
-0.0016192
0.0159573
-0.00107697
0.0162149
-0.000647392
0.0164763
-0.000303018
0.0167446
-2.18561e-05
0.0170189
0.000209605
0.0172741
0.000386989
0.0173942
0.000492108
0.0170875
0.000503418
0.015947
0.000445492
0.0137526
0.000367662
0.0106928
0.000260988
0.00718209
-6.20404e-05
-5.83938e-05
-0.0024171
0.00238555
-3.41675e-05
-2.92478e-05
-0.00159115
0.00157902
-7.99386e-06
-4.94006e-06
-1.10658e-06
-6.67465e-06
-0.000494688
0.000492488
-1.33855e-06
-0.000488826
1.93292e-06
0.000484491
1.58086e-05
5.70177e-06
-0.000241426
0.000266343
8.88292e-06
-0.000199909
2.33697e-05
0.000173566
4.58944e-05
-0.00422553
0.0101227
-0.004664
0.0102844
-0.00520302
0.0105247
-0.00586329
0.01091
-0.00658472
0.0115026
-0.00718739
0.0123069
-0.0074134
0.0132611
-0.00718549
0.0142261
-0.0061766
0.0149135
-0.0048936
0.0153443
-0.00372806
0.0156375
-0.00277372
0.0158693
-0.00201034
0.0160773
-0.00140524
0.0162856
-0.000925476
0.016493
-0.000540103
0.0167133
-0.000227948
0.0169506
3.03673e-05
0.0171981
0.000244625
0.0174165
0.000413891
0.0174725
0.000519667
0.0170712
0.000548583
0.0158439
0.000510599
0.0136096
0.000415936
0.0105378
0.000279191
0.00703993
-8.0559e-05
-5.64792e-05
-0.00235872
0.00232561
-2.89231e-05
-3.15637e-05
-0.00156295
0.00154268
-7.43714e-06
-6.46056e-06
-5.73241e-06
-7.44418e-06
-0.000486669
0.000482207
-3.53206e-06
-0.000488914
-2.69514e-06
0.000492992
-1.61096e-06
-2.5959e-06
-0.000286166
0.000285359
-5.30993e-07
-0.00028419
-4.33077e-08
0.000279208
2.94316e-06
7.19876e-07
-6.92642e-05
7.81471e-05
-4.58944e-05
-0.00434351
0.010101
-0.00476757
0.0102263
-0.00533804
0.0104194
-0.00610261
0.010764
-0.00703041
0.0113557
-0.0079123
0.0122275
-0.00848145
0.0133749
-0.00848699
0.0145626
-0.00727045
0.0153199
-0.00570321
0.0157231
-0.00433587
0.0159522
-0.00325223
0.016116
-0.00240009
0.0162591
-0.00173064
0.0164027
-0.00120027
0.0165604
-0.000776426
0.0167293
-0.000434694
0.0169201
-0.000152232
0.0171332
8.611e-05
0.0173566
0.00028827
0.0175421
0.00045274
0.0175394
0.00056231
0.0170575
0.000600311
0.0157542
0.000555167
0.0134704
0.000436638
0.0103804
0.000272344
-0.00013927
0.00690686
-0.0022866
0.00214658
5.94648e-05
-1.74727e-05
-0.00152335
0.00150423
-4.41582e-06
-5.38851e-06
-5.96169e-06
-6.26576e-06
-0.000471494
0.00046743
-3.37299e-06
-0.000475017
-2.93825e-06
0.00047939
-2.9158e-06
-3.07087e-06
-0.000280356
0.000277699
-8.75352e-07
-0.000282318
-7.32872e-07
0.000284207
-4.5935e-07
-7.0718e-07
-8.17668e-05
8.12358e-05
-8.18101e-05
8.10902e-05
-0.00444605
0.0100785
-0.00482415
0.0101576
-0.00539047
0.0102787
-0.00623606
0.0105529
-0.00738292
0.0111166
-0.00862525
0.0120686
-0.00975263
0.0134987
-0.0101236
0.0150115
-0.00856568
0.0158578
-0.00659764
0.0162144
-0.00497281
0.01636
-0.00373655
0.0164365
-0.00278655
0.0165025
-0.00205012
0.0165785
-0.00146929
0.0166717
-0.0010084
0.0167923
-0.000637152
0.0169317
-0.000331773
0.0170996
-7.43753e-05
0.0172937
0.0001464
0.0174985
0.000339032
0.0176558
0.000498856
0.0176028
0.000607681
0.0170501
0.000638898
0.0156705
0.000576208
0.0133308
0.000431851
0.0102209
-0.00158661
0.00361379
-8.94481e-06
-1.09246e-05
0.000256258
-0.000124866
0.00677547
-0.00149799
-2.91634e-05
-2.16453e-06
-9.06677e-06
-0.00045706
0.000453932
-1.28773e-06
-0.000460462
-1.98614e-06
0.000464191
-2.72212e-06
-2.537e-06
-0.000270862
0.000268301
-8.12836e-07
-0.000273082
-7.17791e-07
0.000275398
-6.14023e-07
-7.55393e-07
-7.93364e-05
7.8461e-05
-8.00693e-05
8.07764e-05
-0.00453504
0.010061
-0.00483361
0.010088
-0.00534668
0.0101138
-0.00622107
0.0102638
-0.00756677
0.0107367
-0.00927765
0.011769
-0.0112588
0.0135747
-0.0121466
0.0155217
-0.0100375
0.0164833
-0.00754584
0.016806
-0.00562625
0.0168678
-0.00422605
0.0168495
-0.00317167
0.0168216
-0.00236101
0.0168134
-0.00172967
0.0168389
-0.0012345
0.0168978
-0.000834997
0.0169902
-0.000509416
0.0171094
-0.000237081
0.0172623
-1.7214e-06
0.0174419
0.000207245
0.0176303
0.000392891
0.0177618
0.000546209
0.0176643
0.000647996
0.017041
0.000661499
0.0155852
0.000573148
0.0131895
0.000406236
0.0100709
0.00351175
-1.05592e-05
-1.22737e-05
-0.000669487
0.000661255
-3.93479e-07
-3.20108e-07
-0.00067915
-4.53895e-07
-8.07326e-07
0.000213249
-0.00010167
0.00666389
-0.00041923
-8.48439e-07
-8.33351e-07
-0.000287403
0.000448653
3.11412e-06
2.03563e-05
-0.000262664
0.00026169
-3.14187e-07
-0.000264198
-4.51954e-07
0.00026612
-5.40848e-07
-6.14747e-07
-7.63738e-05
7.5561e-05
-7.70916e-05
7.7847e-05
-0.00461383
0.0100498
-0.0048029
0.0100303
-0.00520661
0.00994793
-0.00601659
0.00990927
-0.00747329
0.0101703
-0.00969313
0.0111522
-0.0128631
0.0133733
-0.0143611
0.0157893
-0.0114018
0.016886
-0.00835085
0.0172883
-0.00619122
0.017371
-0.00467257
0.0173143
-0.00353457
0.0172124
-0.00266124
0.0171218
-0.00198384
0.0170675
-0.00145314
0.0170576
-0.00102833
0.0170912
-0.000682567
0.0171633
-0.000394717
0.017267
-0.000147606
0.0174082
6.84279e-05
0.0175807
0.000265241
0.0177579
0.000442409
0.0178656
0.000589993
0.0177223
0.000674579
0.0170279
0.000664653
0.0154937
0.000548199
0.0130476
0.000355255
0.00992887
0.00343422
-1.021e-05
-1.39262e-05
-0.00064991
0.000640573
-6.27933e-07
-5.94701e-07
-4.05069e-07
-5.23297e-07
-6.81338e-05
6.77403e-05
-6.84539e-05
-6.89078e-05
-6.97152e-05
0.000134019
-4.44507e-05
0.00657432
-7.05637e-05
-7.1397e-05
-0.000264247
-2.79954e-06
5.57358e-07
-7.39534e-05
7.36392e-05
-7.44054e-05
7.50201e-05
-0.00468682
0.010046
-0.00474679
0.00999368
-0.00499495
0.00981861
-0.00562534
0.00955669
-0.00699774
0.00943372
-0.00957094
0.0100481
-0.0140723
0.0123614
-0.0159922
0.0150043
-0.0118526
0.0162401
-0.00847409
0.0170093
-0.00635066
0.0174477
-0.00490927
0.0176077
-0.00380129
0.017581
-0.00291824
0.0174694
-0.00221628
0.0173543
-0.00166005
0.0172745
-0.00121319
0.0172424
-0.000850148
0.0172588
-0.000549195
0.0173178
-0.000292779
0.0174122
-6.86616e-05
0.0175453
0.000134824
0.0177111
0.000320036
0.0178803
0.000488547
0.017967
0.000622863
0.017774
0.000686109
0.0170065
0.00064798
0.0153939
0.000502201
0.0129006
0.000279113
0.00978378
0.00340406
-1.66957e-06
-1.26198e-05
-0.000627905
0.000619092
-6.81959e-07
-7.1528e-07
-5.62589e-07
-6.95519e-07
-6.62172e-05
6.55892e-05
-6.68119e-05
-6.7217e-05
2.02821e-05
8.82377e-05
0.0064658
-7.41966e-05
-0.00475774
0.0100499
-0.00467946
0.00997866
-0.00474549
0.00974423
-0.00511202
0.0093053
-0.00612417
0.00868311
-0.00865968
0.00444475
0.00407771
-0.00647966
0.00534344
0.00469781
-0.00758581
-0.00884427
0.00657614
-0.00683229
0.0054697
-0.00589374
0.0131779
-0.00413246
-0.00704075
0.0148068
-0.00558077
0.0162394
-0.00461345
0.0171519
-0.00379268
0.0175991
-0.00304443
0.0177072
-0.00239247
0.0176456
-0.00184241
0.0175366
-0.00138654
0.0174478
-0.00101096
0.0174032
-0.00069885
0.0174084
-0.00043386
0.0174589
-0.000202145
0.0175457
4.34543e-06
0.0176758
0.000193472
0.0178376
0.000370164
0.0179987
0.000528234
0.0180617
0.00064336
0.0178168
0.000682875
0.0169716
0.000614267
0.0152818
0.000440939
0.0127388
0.000194733
0.00960933
0.00341695
6.5722e-05
9.6294e-06
-0.000607781
0.000607285
-4.52587e-07
-7.20993e-07
-5.35544e-07
-7.73505e-07
-6.36158e-05
6.29339e-05
-6.43311e-05
-6.48937e-05
-4.45222e-05
0.000201657
0.00630867
-0.00483015
0.0100574
-0.0046128
0.00998327
-0.00448891
0.00972208
-0.00455792
0.00919012
-0.00505686
0.00823798
-0.00680927
0.0035581
0.00327461
-0.0060625
0.00402759
-0.00545447
0.00346967
-0.00878709
0.00528625
-0.00417784
-0.00337756
0.00150583
0.00196029
-0.00709599
0.00189612
0.00164164
-0.00504206
0.00572446
-0.00313185
0.00182686
0.00155109
-0.00179213
-0.00201564
-0.00136232
0.00182653
0.00197907
-0.00200584
0.00954756
-0.00140457
-0.00147682
0.00405241
-0.00098359
-0.00349332
0.0127193
-0.003437
0.0150629
-0.00325123
0.0166105
-0.00287062
0.0174253
-0.00241624
0.017731
-0.00195559
0.0177588
-0.00153181
0.0176819
-0.00116041
0.0175972
-0.000841915
0.0175463
-0.000569092
0.0175436
-0.000333412
0.0175902
-0.000124513
0.0176745
6.74901e-05
0.0178018
0.000246027
0.0179618
0.00041289
0.018114
0.000556011
0.018149
0.000651498
0.0178482
0.000666373
0.0169195
0.000573244
0.0151495
0.000382193
0.0125513
0.000156299
0.00940851
0.00336991
0.000117373
0.00013132
-0.000616624
0.000664857
1.42076e-05
3.28213e-06
8.37791e-07
-5.46808e-07
-6.09038e-05
6.04513e-05
-6.16248e-05
-6.21603e-05
3.16669e-05
6.32836e-05
0.00621372
-0.00490688
0.0100697
-0.00456044
0.010005
-0.0042562
0.00975055
-0.00403324
0.0091974
-0.00400683
0.00814009
-0.00461668
0.00305178
0.00299361
-0.0046462
0.00274983
-0.00357291
0.00220131
-0.00628617
0.00126783
0.00139203
0.00163762
-0.00391935
-0.00319781
0.00145787
0.0029637
-0.00145787
0.00179213
-0.00345349
0.00117579
-0.00155109
0.00136232
0.00108037
0.000746161
0.00158262
0.0027381
-0.00039041
-0.000301125
-0.000432776
0.0067535
-0.000266484
0.00167183
-0.00017751
-0.000160784
-0.000428056
0.00102708
-0.00148613
0.0107684
-0.00208256
0.0138942
-0.0022419
0.0159817
-0.00215226
0.0171613
-0.00191078
0.0176862
-0.00159794
0.0178249
-0.00127352
0.017795
-0.00097086
0.0177262
-0.000699095
0.0176763
-0.000460592
0.0176708
-0.000247349
0.017713
-5.46095e-05
0.0177966
0.000123001
0.0179248
0.000291478
0.0180832
0.00044567
0.0182244
0.000576051
0.0182245
0.000653029
0.0178615
0.000644236
0.0168485
0.000536066
0.0149957
0.000356922
0.0123507
0.000194475
0.0092457
0.0033844
-1.07854e-06
4.98716e-05
-0.000711008
0.000757307
2.17632e-05
4.93102e-05
4.93137e-05
3.58557e-05
-6.40244e-05
7.82321e-05
-6.07423e-05
-5.99045e-05
0.000132493
-5.28577e-05
0.00613408
-0.00498997
0.0100821
-0.00452689
0.0100362
-0.00406554
0.00981438
-0.00359223
0.00930954
-0.00309415
0.00828472
-0.00269102
0.00303623
0.0031782
-0.00261666
0.00103711
0.00105843
-0.00154523
0.00192217
-0.00494948
0.00088013
0.000533008
-0.00176982
-0.00162178
0.000303565
0.000339865
0.00300603
-0.00281565
0.00107745
0.000944572
-0.00202202
0.000318105
0.000759549
-0.000122875
0.00053461
-7.61861e-05
0.00129932
-3.54814e-05
-2.47882e-05
6.1916e-05
0.00515746
4.7993e-05
0.00106893
-2.66738e-05
-9.42291e-06
0.000396303
-3.92029e-05
0.000274477
-3.89577e-05
-0.000710595
0.00939647
-0.00123502
0.0128874
-0.00153731
0.0153668
-0.00161227
0.0168628
-0.0015115
0.0175997
-0.00130855
0.0178599
-0.00106331
0.0178875
-0.000813657
0.0178407
-0.00058099
0.0177967
-0.000367722
0.0177912
-0.000175128
0.0178335
3.36945e-06
0.0179163
0.000171598
0.0180447
0.000328884
0.0182
0.000472789
0.0183277
0.000587151
0.0182903
0.000646367
0.0178594
0.000624482
0.0167601
0.000520106
0.0148325
0.000375287
0.0121699
0.000266224
0.00911197
0.00335762
-1.96391e-05
-6.43796e-06
-0.000795724
0.000797847
-3.06209e-06
-1.38609e-07
9.72112e-07
1.04828e-05
-0.000166629
0.00018217
6.22252e-06
-0.000133651
1.63321e-05
-0.000114088
2.9751e-05
0.000198323
-9.98976e-05
0.00603566
-0.00507954
0.0100936
-0.0045173
0.0100725
-0.00392568
0.00989633
-0.00326094
0.0094831
-0.00242428
0.00863967
-0.00113419
0.0067279
-0.000594429
0.00208543
0.000214019
0.00236975
0.00143084
-0.00104622
0.000652498
0.000719442
-0.000449715
0.000803811
0.000270178
0.000251676
-0.00193552
-0.00140251
-0.00118702
0.000284687
0.00106265
-0.00075908
0.00107745
0.00019523
0.000119044
0.000235703
3.29285e-06
0.000214962
-4.04718e-06
0.00101979
4.97429e-05
6.13177e-05
1.71602e-06
0.00448451
-3.93567e-05
0.000998371
4.75332e-05
2.18786e-05
0.000194804
-6.51587e-06
0.000186736
-1.35507e-06
7.98409e-05
4.08831e-05
-0.000314498
0.00847596
-0.000727549
0.0120776
-0.00105773
0.0148123
-0.00120898
0.0165603
-0.00119916
0.0174903
-0.00107577
0.0178724
-0.000889638
0.0179634
-0.000683315
0.0179431
-0.000480983
0.01791
-0.000290603
0.0179067
-0.000112275
0.0179492
5.32681e-05
0.0180346
0.000211292
0.0181623
0.000360025
0.0183127
0.000493144
0.0184217
0.00059478
0.0183419
0.000642154
0.0178417
0.000617493
0.0166627
0.00052883
0.0146789
0.000421757
0.0120144
0.000327588
0.00898271
0.00329023
-1.87358e-05
-1.37708e-05
-0.000795405
0.00078145
-3.17761e-06
-2.50592e-06
-2.60889e-06
-1.38728e-06
-0.000192124
0.000189844
-7.82463e-07
-0.000191762
-5.00455e-07
-0.000190837
4.80844e-08
1.815e-06
-4.60831e-05
5.23057e-05
-2.9751e-05
0.000230554
-0.00011543
0.00592054
-0.00517699
0.0101055
-0.00453215
0.0101084
-0.00383856
0.00998537
-0.00303845
0.00967384
-0.00200454
0.00906336
-0.000375861
0.00788134
-0.00141842
0.00320249
0.00227576
0.00288208
0.000702202
0.000398722
0.000534795
0.000872912
0.000780616
0.000269289
-4.65721e-05
0.00031675
0.000205104
-0.000474393
4.4176e-05
4.01288e-05
0.00020315
3.33286e-05
0.000224069
4.03992e-05
0.000985521
1.65098e-05
-1.94401e-06
-9.62763e-06
0.00414516
3.44736e-05
0.000976999
-3.08345e-05
0.000242888
2.87141e-05
0.000251226
1.35407e-05
3.36129e-05
3.22578e-05
-0.000103528
0.00785193
-0.000432894
0.0114528
-0.00072531
0.0143286
-0.000912732
0.0162738
-0.000957184
0.0173718
-0.000887151
0.0178699
-0.00074856
0.0180287
-0.000577815
0.0180399
-0.000399892
0.0180193
-0.000225607
0.01802
-6.13354e-05
0.0180638
9.60842e-05
0.0181498
0.000244098
0.0182782
0.00038398
0.0184219
0.000506981
0.0185095
0.000600361
0.0183837
0.000644072
0.0178151
0.00062514
0.0165664
0.000557486
0.0145432
0.000468737
0.0118732
0.000365931
0.00884733
0.00320745
-1.76716e-05
-1.49781e-05
-0.000771491
0.0007576
-2.58857e-06
-2.25563e-06
-2.09227e-06
-1.71931e-06
-0.000185025
0.000182646
-7.98573e-07
-0.000186762
-7.67973e-07
-0.000188766
-6.04812e-07
-3.09511e-07
-5.36684e-05
5.28859e-05
-5.41688e-05
-5.41207e-05
0.00024301
-0.000119827
0.00579735
-0.00528116
0.0101142
-0.00456898
0.0101423
-0.00379834
0.0100682
-0.00290771
0.00985463
-0.00177902
0.00944832
-0.000115121
0.00880262
0.00307317
0.00801066
0.00322055
-0.00127552
-0.00113286
0.000893125
0.000570473
0.00324883
0.0028538
0.000715473
0.000862255
0.000388013
-0.00109379
0.000691182
0.000549077
6.55865e-05
8.89796e-05
1.70061e-05
0.000254621
1.31144e-05
0.00023404
1.86371e-05
0.000958223
9.14796e-06
6.22359e-05
0.00393783
4.15686e-05
0.00094695
4.57465e-05
-0.00014933
0.000354997
-1.48998e-06
-9.71703e-07
0.000110033
7.66042e-06
0.000120738
2.83584e-06
-3.0275e-05
0.00744931
-0.000238716
0.0109662
-0.000502805
0.0139187
-0.000692243
0.0160089
-0.000766404
0.017251
-0.000735321
0.0178567
-0.000631275
0.0180822
-0.000487568
0.0181276
-0.000329496
0.0181231
-0.000170844
0.0181295
-1.69389e-05
0.0181768
0.000131369
0.0182625
0.000271939
0.0183902
0.000405108
0.0185238
0.00052233
0.0185875
0.00060919
0.0184186
0.000652736
0.0177875
0.000644845
0.016479
0.000591741
0.0144202
0.00050352
0.0117356
0.000383796
0.00870654
0.00312013
-1.69324e-05
-1.5573e-05
-0.000746218
0.000733116
-2.37673e-06
-2.19231e-06
-1.89299e-06
-1.70276e-06
-0.000177896
0.000175959
-6.51584e-07
-0.000179509
-6.42235e-07
-0.000181156
-4.4548e-07
-2.29728e-07
-5.12037e-05
5.04052e-05
-5.19716e-05
-5.25764e-05
0.000244304
-0.000119141
0.00567219
-0.00538949
0.0101203
-0.00462841
0.0101736
-0.00380066
0.0101446
-0.00285344
0.0100139
-0.00169131
0.00976691
-0.000104584
0.00943779
0.00249743
0.00937835
-0.00235944
0.00531671
0.00381055
0.00449167
-0.000937091
0.000495409
-0.00106588
0.000992792
0.000966214
-0.000495409
-0.000677679
0.00127791
0.000886924
0.000388013
1.70061e-05
0.000130108
3.74462e-06
-5.85166e-07
0.000362404
-7.58934e-08
1.81736e-06
0.000937992
7.11944e-05
2.67901e-05
0.00385707
2.36912e-05
0.000944785
3.47752e-05
0.000384596
1.78428e-05
5.71104e-06
-2.96901e-05
2.82001e-05
-3.06618e-05
2.46665e-05
2.75023e-05
5.24627e-05
0.00715814
-0.000126358
0.0105897
-0.000350402
0.0135768
-0.000527342
0.0157698
-0.000618913
0.0171346
-0.000613761
0.0178392
-0.000534219
0.0181288
-0.000413478
0.0182116
-0.000271559
0.0182239
-0.000125918
0.0182385
1.93376e-05
0.0182888
0.000159908
0.0183746
0.000295321
0.0185
0.000422396
0.0186237
0.000534602
0.0186621
0.000621138
0.0184502
0.000669427
0.0177629
0.000668181
0.0164026
0.000619103
0.0143046
0.000522194
0.0115972
0.000387009
0.00856384
0.00303272
-1.60883e-05
-1.56421e-05
-0.000721126
0.000708622
-2.26292e-06
-2.16504e-06
-1.83512e-06
-1.74799e-06
-0.000171398
0.000169635
-6.13403e-07
-0.000172978
-6.12402e-07
-0.000174467
-4.03896e-07
-2.09934e-07
-4.90878e-05
4.84362e-05
-4.973e-05
-5.01754e-05
0.000238216
-0.000115591
0.00554957
-0.00550492
0.0101274
-0.00470865
0.0102006
-0.0038369
0.0102098
-0.0028557
0.0101469
-0.00169749
0.0100201
-0.000223101
0.00988543
0.0018842
0.010051
0.00425075
0.0104443
0.00175536
-0.000646816
0.00322775
-0.000525751
0.00189762
0.00434941
0.000288536
-0.000491695
0.00112279
-0.000288536
0.000683764
3.12469e-05
2.81242e-05
2.99415e-05
0.000408886
2.57984e-05
2.11056e-05
0.000954081
1.74945e-05
5.03161e-05
0.00378929
6.99324e-05
0.000965114
1.26577e-05
0.000433268
1.01331e-06
9.38005e-06
-3.56526e-05
5.34954e-05
8.18999e-05
0.00694988
-6.07821e-05
0.0103001
-0.000237124
0.0132866
-0.00040374
0.0155546
-0.00050129
0.0170221
-0.000514921
0.0178199
-0.000457023
0.0181724
-0.000352077
0.0182921
-0.000223287
0.0183212
-8.72451e-05
0.0183451
5.11126e-05
0.0183976
0.000185021
0.0184849
0.000316014
0.0186064
0.000437477
0.0187208
0.000549717
0.0187335
0.000637673
0.0184819
0.000687559
0.0177436
0.000690078
0.0163316
0.000635093
0.0141917
0.000526257
0.011458
0.000379012
0.00842304
0.00294772
-1.51578e-05
-1.54314e-05
-0.000696493
0.000684649
-2.14285e-06
-2.10096e-06
-1.76795e-06
-1.74514e-06
-0.000165103
0.000163431
-5.90978e-07
-0.000166666
-6.02054e-07
-0.000168102
-3.99068e-07
-2.14734e-07
-4.72101e-05
4.65968e-05
-4.78225e-05
-4.82263e-05
0.000226108
-0.000109828
0.00543329
-0.00562957
0.0101357
-0.00480989
0.0102287
-0.003905
0.0102687
-0.00290264
0.0102568
-0.00176612
0.0102155
-0.000406381
0.0102034
0.00133213
0.0104375
0.00321922
0.0110825
-0.00139225
0.00343679
0.0102974
0.00099688
0.00266799
-0.000171839
-0.00026528
-0.00032339
0.000920429
0.00395404
0.000360374
6.61356e-05
1.31582e-05
8.08829e-05
6.35825e-06
0.000449031
1.85522e-06
-1.23677e-07
0.000972992
4.24382e-05
7.17513e-05
0.00375285
4.65874e-05
0.000978811
6.41131e-05
0.000461921
7.37899e-07
-9.70086e-07
-8.84436e-05
8.9635e-05
-1.78128e-07
1.81935e-06
7.42887e-05
0.00681481
-4.94317e-06
0.0100679
-0.000156579
0.0130394
-0.000308991
0.0153624
-0.000408224
0.0169154
-0.000433729
0.0177966
-0.000391891
0.0182122
-0.000300709
0.0183695
-0.000184063
0.018418
-5.4655e-05
0.0184508
7.51877e-05
0.0185074
0.000205947
0.0185949
0.000331795
0.0187121
0.000454566
0.018816
0.000564559
0.0188066
0.000653058
0.0185164
0.000705345
0.0177283
0.000703381
0.0162633
0.00063944
0.0140785
0.000516837
0.0113202
0.000361171
0.00828798
0.00286717
-1.41703e-05
-1.51133e-05
-0.000672625
0.000661523
-2.02461e-06
-2.03136e-06
-1.69119e-06
-1.71572e-06
-0.000158998
0.000157424
-5.69636e-07
-0.000160516
-5.81982e-07
-0.000161902
-3.81994e-07
-2.16153e-07
-4.5381e-05
4.47901e-05
-4.5983e-05
-4.6382e-05
0.000207267
-0.000101307
0.00532733
-0.00577409
0.0101555
-0.00494251
0.0102683
-0.00400333
0.010327
-0.00298239
0.0103484
-0.00187229
0.0103629
-0.000616733
0.0104259
0.000851671
0.0106839
0.00236439
0.0112923
0.00297404
0.0115453
-0.000920647
0.00233756
0.00956768
-0.00068721
0.000532039
-8.12975e-05
0.00227474
-5.74963e-05
-0.000771403
0.000653439
-5.38744e-05
-0.000116254
0.00356543
0.00024412
1.31582e-05
1.95165e-05
9.08863e-05
6.03905e-07
9.10012e-05
-2.38605e-07
0.000484304
5.96578e-06
1.40889e-05
0.000986683
6.3879e-05
3.41225e-05
0.00377801
1.50013e-05
0.000998911
3.43595e-05
0.000499364
2.64674e-05
2.25859e-05
-9.03471e-05
9.13536e-05
-2.6868e-07
-3.15945e-07
-2.13358e-05
2.11577e-05
9.90752e-05
0.00671079
3.48153e-05
0.00987653
-9.84032e-05
0.0128289
-0.00023496
0.0151891
-0.000334569
0.0168163
-0.000369053
0.0177737
-0.000339575
0.018251
-0.000260386
0.0184458
-0.00015146
0.0185148
-3.00305e-05
0.0185561
9.7566e-05
0.0186158
0.000223201
0.0187035
0.000349619
0.018817
0.000470068
0.0189105
0.000580854
0.0188788
0.000669129
0.0185527
0.000717614
0.0177141
0.000707297
0.0161955
0.000629776
0.0139656
0.000495061
0.0111863
0.000333255
0.00816199
0.00279365
-1.30112e-05
-1.47649e-05
-0.000649702
0.000639403
-1.90958e-06
-1.96157e-06
-1.61463e-06
-1.67636e-06
-0.000153121
0.000151642
-5.45855e-07
-0.000154589
-5.62578e-07
-0.000155915
-3.65252e-07
-2.06443e-07
-4.361e-05
4.30404e-05
-4.4192e-05
-4.45739e-05
0.000178165
-8.74339e-05
0.0052366
-0.0059621
0.010197
-0.00510976
0.0103228
-0.004125
0.0103899
-0.00308419
0.0104288
-0.00199792
0.0104741
-0.000834502
0.0105807
0.000435025
0.0108425
0.00168274
0.0113655
0.00237934
0.011887
0.00237366
0.0115092
0.00155402
0.00877161
-0.000329997
-0.000427947
-0.00035118
0.0032294
0.000591554
-1.94124e-05
0.00200506
-3.80037e-05
-4.34892e-05
0.000547197
-1.31396e-05
0.000190246
2.17616e-05
2.1523e-05
9.51646e-05
2.15482e-06
0.000103754
5.49905e-06
0.000518634
2.85692e-05
1.60395e-05
0.00100439
2.86427e-05
8.57982e-05
0.00379129
0.000954324
6.50673e-05
0.000539396
3.81958e-06
9.77795e-06
-0.000111881
0.000120033
1.83164e-05
1.44588e-05
-2.1207e-05
2.09383e-05
0.000121577
0.00662403
5.40052e-05
0.00972412
-5.19535e-05
0.0126458
-0.000180114
0.0150346
-0.000278549
0.0167258
-0.00031853
0.0177527
-0.000295079
0.0182857
-0.000224829
0.0185192
-0.000124436
0.0186093
-5.94384e-06
0.0186596
0.000114859
0.0187242
0.000239867
0.0188133
0.000363467
0.0189236
0.000484465
0.0190069
0.000593899
0.018954
0.000681017
0.0185893
0.000721301
0.0177001
0.000700232
0.016125
0.000609157
0.0138515
0.00046351
0.011056
0.000293215
0.00804694
0.00273186
-1.12946e-05
-1.43496e-05
-0.000627826
0.000618496
-1.78461e-06
-1.89626e-06
-1.54073e-06
-1.64709e-06
-0.000147479
0.000146093
-5.23731e-07
-0.000148897
-5.42734e-07
-0.000150165
-3.46174e-07
-1.99792e-07
-4.19061e-05
4.13604e-05
-4.24687e-05
-4.28339e-05
0.000133099
-6.14051e-05
0.00516491
-0.00618616
0.0102331
-0.00527147
0.0103587
-0.00423251
0.0104303
-0.00317818
0.0104839
-0.00212255
0.0105534
-0.00104205
0.0106816
7.69806e-05
0.0109387
0.00113703
0.0113882
0.00182809
0.0119167
0.00208471
0.012176
0.0018758
0.0111874
0.00106001
0.00811241
-0.000185373
-0.000215442
-0.00301518
0.00284186
-0.000156676
-0.000213725
0.000170834
0.00184135
-2.68341e-05
-2.31895e-05
-0.000512625
0.000484084
-9.46211e-06
-8.91746e-06
0.000157694
2.30931e-05
2.85922e-05
0.000131103
1.7499e-05
0.000138165
8.9771e-06
0.000560534
6.23459e-06
1.27045e-06
-0.000635123
1.89699e-05
0.00160842
4.78541e-05
0.000124982
0.00378788
-9.52177e-06
-0.000143847
0.000145976
1.69097e-06
4.0957e-06
-4.3051e-05
5.10952e-05
1.02721e-05
0.000109
0.00656903
7.70267e-05
0.00959514
-2.03628e-05
0.0124861
-0.000140204
0.0148963
-0.000234053
0.0166413
-0.000275677
0.0177333
-0.00025965
0.0183205
-0.000195251
0.01859
-0.000100814
0.0187041
1.02939e-05
0.0187641
0.000131537
0.0188325
0.000253764
0.018923
0.000375989
0.0190321
0.000496907
0.0191039
0.000605297
0.0190298
0.000685201
0.0186254
0.000716785
0.0176835
0.000681718
0.0160524
0.000576595
0.0137384
0.000419388
0.0109298
0.000239008
0.00794103
0.00269135
-7.48552e-06
-1.3409e-05
-0.000607229
0.000599397
-1.62471e-06
-1.83819e-06
-1.44905e-06
-1.63266e-06
-0.000142061
0.000140776
-5.00077e-07
-0.000143433
-5.24446e-07
-0.000144641
-3.32282e-07
-1.9466e-07
-4.02718e-05
3.97481e-05
-4.08144e-05
-4.11606e-05
6.58001e-05
-7.04545e-06
0.00510616
-0.00622992
0.0100508
-0.00522406
0.0101857
-0.00419405
0.0103203
-0.00319013
0.0104422
-0.00220385
0.0105652
-0.00121489
0.0107263
-0.000224405
0.010983
0.000694055
0.0113817
0.0013523
0.011864
0.00170794
0.0122935
0.00181588
0.0122359
0.00148562
0.0107618
0.000809091
0.00758617
-0.000144753
-0.000138093
-0.00272516
0.00261999
-8.02062e-05
-9.8737e-05
0.00172207
-1.80546e-05
-1.93367e-05
0.000462941
-5.6912e-06
0.000445024
-5.27278e-06
-0.000148777
0.000139314
6.32689e-05
5.32534e-06
7.02805e-05
1.96544e-06
0.000147651
4.55903e-06
0.00013796
1.09616e-05
0.000236031
-0.000219105
3.47658e-07
1.69612e-06
5.81142e-05
0.00164179
3.34937e-05
0.000265365
4.97472e-06
1.35452e-05
8.05661e-05
0.00381632
-9.01086e-05
-3.0091e-07
-2.57439e-07
-7.37172e-05
7.52967e-05
1.11437e-07
6.59035e-07
1.02721e-05
0.000124048
0.00652201
9.44977e-05
0.00948028
-7.51268e-07
0.0123466
-0.000110382
0.0147726
-0.000199397
0.016565
-0.00024329
0.0177169
-0.000230574
0.0183559
-0.000171699
0.0186609
-8.12216e-05
0.0187956
2.70361e-05
0.0188686
0.000144146
0.0189421
0.000265347
0.0190336
0.000389313
0.0191397
0.000506426
0.0192027
0.000612721
0.0191022
0.000685779
0.0186564
0.000704507
0.0176607
0.000653545
0.0159755
0.000534775
0.013623
0.000365273
0.0108036
0.000173404
0.00783343
0.00268495
7.95421e-06
-8.59803e-06
-0.000588956
0.000584526
-1.29483e-06
-1.7602e-06
-1.3217e-06
-1.64565e-06
-0.000136871
0.000135723
-4.76668e-07
-0.000138202
-5.07038e-07
-0.000139333
-3.18099e-07
-1.8936e-07
-3.86968e-05
3.81968e-05
-3.92212e-05
-3.95535e-05
-1.16928e-05
9.08765e-05
0.00502697
-0.00510631
0.00888439
-0.00447083
0.00929753
-0.00373878
0.00973038
-0.00296623
0.0100964
-0.00215667
0.010395
-0.00131112
0.0106615
-0.000456532
0.0109584
0.00033925
0.0113378
0.000948459
0.0117856
0.00133845
0.0122335
0.00157782
0.0125316
0.00157709
0.0121444
0.00122907
0.0103418
0.000723718
0.00714212
-0.000158028
-0.000121644
-0.00254186
0.00245672
-5.96151e-05
-5.99653e-05
-0.00164558
0.00158312
-8.78672e-06
-8.95031e-06
-1.17087e-05
-1.05433e-05
-0.000429836
0.000416324
-4.54294e-06
-4.14812e-06
0.000133623
0.00012835
1.55974e-05
1.75629e-05
7.86618e-05
1.19396e-06
-4.85271e-07
1.88313e-05
-1.84837e-05
2.05274e-05
0.000288777
1.85811e-05
1.61211e-05
1.27782e-05
0.00170602
3.56533e-06
0.000311954
8.18321e-06
2.13325e-06
2.55021e-05
3.90473e-05
0.000102661
0.00383771
1.87411e-05
-1.9042e-05
-1.82219e-05
1.83333e-05
0.000142544
0.00647396
9.21422e-05
0.00938738
1.1833e-05
0.0122244
-8.80269e-05
0.0146612
-0.000173423
0.0164952
-0.000216248
0.0177026
-0.000206974
0.0183911
-0.000152559
0.0187322
-6.50618e-05
0.0188877
4.12983e-05
0.0189715
0.000157064
0.0190504
0.000277613
0.0191453
0.000398433
0.0192477
0.000514564
0.0193009
0.000612617
0.0191754
0.000675617
0.0186853
0.000683622
0.0176306
0.00061958
0.0158907
0.000487277
0.013501
0.000306851
0.0106701
0.000113991
0.00770775
0.00267898
7.16925e-05
2.51507e-05
-0.000578297
0.000586712
8.16008e-07
-1.27684e-06
-7.57812e-07
-1.61054e-06
-0.000131977
0.000131114
-4.31248e-07
-0.000133249
-4.8805e-07
-0.000134269
-3.01785e-07
-1.91201e-07
-3.71824e-05
3.67057e-05
-3.76894e-05
-3.80074e-05
-3.27283e-05
0.000123317
0.00493639
0.00490069
-0.00245901
0.00687256
-0.0025849
0.00814365
-0.00232979
0.00909395
-0.00186755
0.00980725
-0.00126425
0.0103482
-0.000590261
0.0107952
7.22692e-05
0.0112254
0.000616263
0.01167
0.00100658
0.0121174
0.00129013
0.0125212
0.00144644
0.0126622
0.00138707
0.0119864
0.00109058
0.00997497
0.000748633
0.00679899
-0.000242715
-0.000162784
-0.00238961
0.00229848
-6.68991e-05
-5.4534e-05
-0.0015357
0.00148839
-6.52223e-06
-5.7826e-06
-6.11126e-06
-6.43405e-06
-0.00039172
0.000384975
-2.04195e-06
-0.000398825
-1.84489e-06
0.000407095
-2.48004e-06
-2.27355e-06
-0.000124202
0.000119659
1.95273e-05
4.78119e-05
9.81647e-06
5.88421e-05
5.09077e-06
0.000323478
1.54412e-06
-2.89952e-07
1.21954e-05
0.00176376
3.27173e-05
0.000329135
-1.08844e-06
-1.00309e-06
6.54506e-05
1.5747e-06
6.73797e-05
2.04178e-07
0.000140514
0.00383974
0.000122396
0.00644371
9.20416e-05
0.00930717
2.10925e-05
0.0121153
-7.2587e-05
0.0145604
-0.000153345
0.0164322
-0.000193043
0.0176887
-0.000186273
0.0184249
-0.000134414
0.0188016
-5.18971e-05
0.0189809
5.17869e-05
0.0190768
0.000165477
0.0191625
0.000284412
0.0192593
0.000404926
0.0193573
0.000517713
0.0193958
0.000610381
0.0192406
0.00066374
0.0187051
0.000656085
0.0175941
0.000580229
0.0157977
0.000439481
0.0133684
0.000261006
0.0105231
9.75542e-05
0.00757747
0.0026512
5.96616e-05
9.14417e-05
-0.000601296
0.000626657
3.01315e-05
1.62004e-05
8.67215e-06
1.89523e-06
-0.000128291
0.000129219
-1.12167e-07
-0.000129162
-4.0534e-07
-0.000129682
-2.36876e-07
-1.79081e-07
-3.57247e-05
3.52936e-05
-3.62128e-05
-3.65145e-05
2.70447e-05
2.9726e-05
0.00487962
0.00244168
-0.000926056
0.00521372
-0.00128663
0.00710049
-0.00128335
0.00850975
-0.00101639
0.00955938
-0.000584036
0.010342
-9.05214e-05
0.010958
0.000359304
0.0114823
0.000718447
0.0119581
0.00100656
0.012401
0.00122225
0.0127454
0.00132397
0.0127253
0.00125443
0.0118226
0.00102706
0.00969654
0.000747397
0.00662238
-0.000278575
-0.000292208
-0.00221981
0.00211458
-0.00013748
-8.41121e-05
-0.00144433
0.00138937
-7.2574e-06
-4.68139e-06
-4.63445e-06
-5.84429e-06
-0.000370389
0.000365338
-1.47133e-06
-0.000374924
-1.24698e-06
0.000380221
-1.35761e-06
-1.1371e-06
-0.000113061
0.000111019
-0.000114906
0.000117179
9.81647e-06
1.49072e-05
6.84529e-05
4.70827e-07
6.83133e-05
-1.50401e-07
0.000338473
6.89724e-07
2.16814e-06
5.59498e-05
0.00179742
5.09043e-05
0.000357963
3.43085e-06
9.79623e-06
6.7771e-05
-5.46164e-07
6.72694e-05
-5.01534e-07
1.64819e-05
1.66861e-05
9.69708e-05
0.00386516
0.000113783
0.00642197
9.57044e-05
0.00923256
2.37884e-05
0.0120189
-6.34598e-05
0.0144705
-0.000136827
0.016376
-0.000175992
0.0176784
-0.000169701
0.0184601
-0.000121985
0.0188717
-3.948e-05
0.0190722
6.03816e-05
0.0191819
0.000174923
0.019272
0.000292494
0.0193718
0.000409038
0.019466
0.000517398
0.0194888
0.000602421
0.019302
0.000645479
0.0187157
0.000627755
0.0175466
0.000542452
0.0156948
0.000401992
0.0132274
0.000245545
0.0103751
0.000132847
0.00747167
0.00265572
-2.91363e-06
2.81175e-05
-0.000640758
0.000662411
1.16306e-05
2.63779e-05
3.70356e-05
4.03058e-05
-0.000144542
0.00015601
1.86627e-05
-0.000136439
8.09789e-06
-0.000130379
2.61227e-06
7.35721e-07
-3.44724e-05
3.43604e-05
-3.48777e-05
-3.51145e-05
9.57548e-05
-4.21692e-05
0.00482604
0.00151563
-0.000294374
0.00422146
-0.000564764
0.0063819
-0.000600149
0.00809351
-0.000428857
0.0094042
-0.000134519
0.010386
0.000189725
0.0111276
0.000485975
0.0117148
0.000750514
0.0122142
0.000976942
0.0126463
0.00114575
0.0129236
0.00122456
0.0127552
0.00115977
0.0116899
0.000935057
0.00950888
0.000577666
0.00637551
-0.000118339
-0.000212457
-0.00204152
0.00198503
-0.000222086
-0.000219154
-0.00132057
0.00121982
-2.64731e-05
-1.02639e-05
-4.89053e-06
-1.04173e-05
-0.000353262
0.000347377
-1.37247e-06
-0.000356958
-9.84837e-07
0.000361762
-1.05823e-06
-1.04054e-06
-0.000107277
0.000105806
-0.000108524
0.000109661
1.71569e-05
1.70065e-05
6.74124e-05
5.46797e-07
6.92008e-05
3.79721e-07
0.000373504
1.85075e-05
2.19007e-05
2.81005e-05
0.00185739
8.89947e-06
0.000391076
2.14656e-05
1.18669e-05
7.1757e-05
8.74575e-07
7.77796e-05
3.77363e-06
1.64603e-05
1.59588e-05
8.24617e-05
0.00389648
0.000123852
0.00639382
8.91813e-05
0.00916717
2.28659e-05
0.0119326
-5.56733e-05
0.0143894
-0.000124661
0.0163247
-0.000161357
0.01767
-0.000155834
0.018494
-0.000109093
0.0189413
-3.04749e-05
0.0191631
6.99982e-05
0.0192868
0.000180501
0.019384
0.00029693
0.0194839
0.000410979
0.0195724
0.000513828
0.0195774
0.000591498
0.0193559
0.000624752
0.0187187
0.000601146
0.0174879
0.000514119
0.0155826
0.000387903
0.013085
0.000264966
0.010243
0.000187172
0.00738025
0.00263477
-1.60057e-05
-5.21088e-06
-0.000681794
0.000681751
-2.95072e-06
7.99692e-08
8.43133e-07
7.89194e-06
-0.000190773
0.000196063
6.34079e-06
-0.000178558
1.41634e-05
-0.00016745
2.59275e-05
2.88662e-05
-4.58064e-05
6.44692e-05
-3.77084e-05
-3.50961e-05
0.000141511
-7.43858e-05
0.00475891
0.00122125
-7.79584e-05
0.00373465
-0.000194244
0.005976
-0.000192464
0.00785712
-7.28563e-05
0.00934254
0.000115207
0.0104605
0.000323736
0.0112898
0.000539053
0.0119263
0.000746638
0.0124445
0.000929419
0.0128626
0.00107341
0.0130747
0.00113536
0.0127796
0.00104514
0.0115798
0.00078602
0.00930053
0.000380044
0.00612247
-4.46559e-05
-8.2349e-05
-0.0018965
0.00183319
-5.50241e-05
-0.000123925
-0.00112401
0.00104718
-6.53958e-05
-7.98636e-05
-4.07465e-05
-8.25947e-05
-0.000326866
0.000305602
-5.20904e-06
-0.00033483
-2.29915e-06
0.000343642
-1.15588e-06
-1.60563e-06
-0.000102722
0.00010135
-0.000103707
0.000104748
1.65056e-05
1.68853e-05
8.45291e-05
1.17581e-05
9.14443e-05
1.49855e-05
0.000408016
8.16421e-06
2.99665e-06
8.37969e-06
0.00191575
1.5729e-05
0.000417741
1.61163e-06
-2.43736e-06
0.000100098
1.28118e-05
0.000105404
6.56106e-06
1.77599e-05
2.15335e-05
0.000115568
0.00390477
0.000114659
0.00636834
7.70452e-05
0.00911299
2.26478e-05
0.0118543
-4.80807e-05
0.0143128
-0.000113618
0.016277
-0.000150788
0.017665
-0.000144812
0.0185297
-9.84138e-05
0.0190092
-2.17811e-05
0.0192548
7.57504e-05
0.0193915
0.000185195
0.0194957
0.000299226
0.0195956
0.000409658
0.0196766
0.000508441
0.0196604
0.000579021
0.0194017
0.00060651
0.0187134
0.00057955
0.0174225
0.000501633
0.0154689
0.000396854
0.0129532
0.000303637
0.0101265
0.000233141
0.00728862
0.00258927
-1.68208e-05
-1.20678e-05
-0.000680787
0.000671222
-3.64054e-06
-2.79961e-06
-2.87946e-06
-1.36708e-06
-0.00020214
0.000200456
-1.2672e-06
-0.000201432
-6.28236e-07
-0.000201041
4.52896e-07
2.91375e-06
-0.00010414
0.000109394
1.08715e-06
-9.34643e-05
3.48794e-06
-7.66863e-05
9.14963e-06
1.66492e-05
0.000166241
-8.70255e-05
0.0046797
0.0011433
-5.23782e-07
0.00354093
-1.29902e-05
0.00579652
2.3738e-05
0.00776052
0.000109828
0.00934792
0.000230688
0.0105535
0.000379795
0.0114491
0.000546964
0.0121259
0.00071665
0.0126572
0.000877476
0.0130586
0.0010049
0.0132052
0.00103799
0.0127868
0.000913744
0.0114521
0.000613462
0.00906711
0.000264152
0.00593096
-2.92512e-05
-4.33938e-05
-0.00177881
0.00175052
-1.63643e-05
-2.79749e-05
-0.000954478
0.00090286
-6.36303e-07
-2.76977e-06
-2.44958e-05
-6.72524e-06
-0.000193477
0.000128081
-0.000222236
-5.11042e-05
0.000277259
-1.24039e-05
-2.7572e-05
-9.62892e-05
9.10801e-05
-9.85883e-05
0.000100194
3.32916e-05
3.99934e-05
8.28372e-06
0.000109811
3.75738e-06
0.000111267
1.5404e-06
0.000429063
-2.94277e-06
3.35498e-05
0.00194649
5.12758e-05
0.000440453
4.33865e-06
0.000111426
1.45239e-06
0.000102868
6.12053e-06
4.88703e-05
3.93487e-06
5.39826e-05
1.44876e-06
0.000107109
0.00391232
8.991e-05
0.00635548
7.25905e-05
0.00906305
2.37131e-05
0.0117825
-4.54026e-05
0.0142446
-0.000106078
0.0162323
-0.000138939
0.0176591
-0.000134299
0.0185656
-9.06839e-05
0.0190781
-1.56764e-05
0.0193463
8.06265e-05
0.0194961
0.000188751
0.0196062
0.000299704
0.0197056
0.000407774
0.0197773
0.000500111
0.0197393
0.000566325
0.0194419
0.00059309
0.0186998
0.000569287
0.0173548
0.000504903
0.0153609
0.000422211
0.0128346
0.000342143
0.0100175
0.000264049
0.00719081
0.00253238
-1.64031e-05
-1.37274e-05
-0.000664245
0.000653655
-3.30309e-06
-2.92663e-06
-2.81406e-06
-2.2765e-06
-0.00019689
0.000194837
-1.58748e-06
-0.000198178
-1.51149e-06
-0.000199858
-1.19956e-06
-7.68626e-07
-0.000112073
0.000111216
-4.10191e-07
-0.000112427
-2.73574e-07
-0.000111912
-6.20302e-08
3.95274e-07
-2.92868e-05
3.0374e-05
-2.57988e-05
-1.66492e-05
0.000178083
-9.17777e-05
0.0045934
0.00114277
2.91846e-05
0.00349876
6.78729e-05
0.00575239
0.000119176
0.00775118
0.000185583
0.00939302
0.000274609
0.0106587
0.000392048
0.011604
0.000529171
0.0123134
0.000676196
0.0128585
0.000823548
0.0132399
0.000929725
0.0133135
0.000930748
0.0127698
0.000771332
0.0112942
0.000479517
0.00885174
0.000204964
0.00578527
-2.73843e-05
-3.18894e-05
-0.00172027
0.00170157
-1.05568e-05
-1.31397e-05
-0.000876344
0.000861033
-3.50531e-07
-7.02875e-07
-1.03289e-06
-4.25291e-07
-9.40903e-05
9.3454e-05
-9.68601e-05
0.000103585
-5.11042e-05
7.86762e-05
8.28372e-06
5.69947e-05
7.45217e-07
5.8354e-05
1.81134e-07
0.000166031
-6.64934e-05
2.62843e-07
1.25465e-07
0.000452973
2.10302e-05
5.02029e-05
0.00197602
2.73746e-05
0.000464461
3.97877e-05
0.000170641
3.52323e-08
-3.07179e-07
5.96037e-05
2.02638e-07
-7.69137e-07
1.22186e-05
1.36673e-05
6.57091e-05
0.00393652
8.55273e-05
0.00634254
7.41259e-05
0.00901263
2.15923e-05
0.0117155
-4.34933e-05
0.014182
-0.000100492
0.0161938
-0.000131773
0.0176566
-0.00012569
0.0186006
-8.30257e-05
0.0191455
-9.34036e-06
0.0194362
8.43631e-05
0.0196005
0.000190501
0.0197154
0.000299342
0.019814
0.000404174
0.0198732
0.000495214
0.0198105
0.000559578
0.0194754
0.000585429
0.0186837
0.000568698
0.017291
0.000519575
0.0152635
0.000452163
0.0127246
0.000372019
0.00990957
0.000281129
0.00708777
0.00247092
-1.59453e-05
-1.4373e-05
-0.000645001
0.000634616
-3.11487e-06
-2.90192e-06
-2.67323e-06
-2.39969e-06
-0.000190334
0.000188494
-1.46277e-06
-0.00019182
-1.44089e-06
-0.000193479
-1.15416e-06
-9.18556e-07
-0.000108557
0.000107401
-4.31541e-07
-0.000109701
-3.66786e-07
-0.000110617
-2.84286e-07
-1.69469e-07
-3.04337e-05
3.00235e-05
-3.07072e-05
-3.07692e-05
0.000182803
-9.31124e-05
0.00450372
0.00117196
3.83752e-05
0.00352826
9.25175e-05
0.00577904
0.000146978
0.00778978
0.000205669
0.00946196
0.000280801
0.0107699
0.000378531
0.0117546
0.000497438
0.0124922
0.000634583
0.0130475
0.000766425
0.0134032
0.000848101
0.0133961
0.000819002
0.0127221
0.000643451
0.0111303
0.000389209
0.0086675
0.000172007
0.0056588
-2.06384e-05
-2.4903e-05
-0.00168043
0.00166474
-1.1689e-05
-1.07502e-05
-0.000848839
0.000839116
-3.45116e-07
-4.89488e-07
-5.64633e-07
-3.81312e-07
-9.12929e-05
9.09424e-05
-9.19958e-05
9.24211e-05
1.44126e-05
1.45937e-05
1.429e-05
-1.40272e-05
1.44155e-05
0.000186884
1.00987e-06
3.77749e-06
0.000478315
3.63492e-05
1.4615e-05
0.00202088
6.23044e-06
0.000490664
1.50254e-05
0.000204168
1.27026e-05
9.80085e-06
-1.41083e-05
1.41435e-05
1.47963e-05
6.50777e-05
0.00395697
9.57038e-05
0.00632096
6.82625e-05
0.00896596
1.57025e-05
0.0116563
-4.2691e-05
0.0141242
-9.56437e-05
0.0161577
-0.000124781
0.0176557
-0.000119642
0.0186372
-7.77108e-05
0.0192138
-4.99305e-06
0.0195256
8.75738e-05
0.0197034
0.000190442
0.0198243
0.000298682
0.0199195
0.000400206
0.0199682
0.000489983
0.01988
0.000553759
0.019507
0.000584539
0.0186679
0.000579841
0.0172308
0.000541838
0.0151738
0.000477642
0.0126189
0.000392282
0.00979842
0.000290281
0.0069803
0.0024081
-1.5621e-05
-1.46657e-05
-0.000625301
0.000615234
-2.99539e-06
-2.88136e-06
-2.60806e-06
-2.44943e-06
-0.000183918
0.0001822
-1.39628e-06
-0.000185421
-1.39871e-06
-0.000186992
-1.1017e-06
-8.97747e-07
-0.000104624
0.000103552
-3.90339e-07
-0.000105736
-3.28815e-07
-0.00010664
-2.50134e-07
-1.57557e-07
-2.92031e-05
2.87716e-05
-2.95698e-05
-2.98541e-05
0.000183284
-9.26906e-05
0.00121033
3.64372e-05
0.00358434
9.08524e-05
0.00583517
0.000144339
0.00785111
0.000198186
0.00954458
0.000264295
0.0108842
0.000350937
0.0119011
0.000463288
0.0126635
0.000590969
0.0132229
0.000706972
0.0135443
0.000766322
0.0134488
0.000713937
0.0126516
0.000547638
0.0109718
0.000337486
0.00850202
0.000160557
0.00553631
-2.03178e-05
-1.77473e-05
-0.00164954
0.00163403
-6.84466e-06
1.7145e-06
-9.69894e-06
-0.000829293
0.000818586
-4.8328e-07
-4.9931e-07
-4.72464e-07
-4.53979e-07
-8.95069e-05
8.91618e-05
-8.99964e-05
9.03778e-05
1.51534e-05
1.89309e-05
0.000222151
1.27203e-05
5.64622e-06
0.000499661
5.61791e-06
7.97115e-06
0.00205958
1.84149e-05
0.000505411
4.80486e-07
0.000234559
7.61193e-09
2.60952e-06
-2.87318e-05
3.44774e-05
6.95697e-06
9.39602e-05
0.00395871
8.85441e-05
0.00630068
5.49371e-05
0.00892673
1.25425e-05
0.0116011
-4.16376e-05
0.0140702
-9.09883e-05
0.0161239
-0.000118016
0.0176541
-0.000112229
0.0186717
-7.20377e-05
0.0192809
-2.92102e-06
0.0196161
8.89624e-05
0.0198049
0.000191227
0.0199318
0.000296402
0.0200233
0.000398437
0.0200598
0.000487082
0.0199467
0.000556161
0.0195354
0.00059266
0.018655
0.000595089
0.0171775
0.000561458
0.01509
0.000496396
0.0125148
0.000403366
0.00968534
0.000291798
-1.50348e-05
-0.000605627
0.000595851
-2.95338e-06
-2.88886e-06
-2.56428e-06
-2.49396e-06
-0.000177616
0.000175983
-1.36179e-06
-0.000179125
-1.37272e-06
-0.00018065
-1.08163e-06
-8.99361e-07
-0.000100854
9.98316e-05
-3.73286e-07
-0.000101938
-3.14184e-07
-0.000102801
-2.3848e-07
-1.47018e-07
-2.80351e-05
2.76449e-05
-2.83639e-05
-2.8614e-05
0.00124677
2.98809e-05
0.00364531
7.86198e-05
0.00590089
0.00012781
0.00792149
0.000178072
0.0096308
0.000238925
0.0109962
0.00032195
0.0120425
0.000427432
0.012827
0.000546163
0.0133838
0.00064806
0.0136626
0.000687255
0.0134755
0.000628556
0.0125707
0.000485728
0.0108236
0.000317035
0.00834554
0.000177073
0.00540196
-2.71438e-05
-1.55804e-05
-0.00162301
0.00160732
-2.61673e-06
-2.017e-06
-2.51645e-06
-4.21148e-06
-0.000504852
0.000506429
-8.42109e-06
-0.000474318
-2.88196e-05
0.000335087
-2.71448e-07
-2.46735e-07
-8.77361e-05
8.72528e-05
-8.82354e-05
8.86894e-05
4.35025e-05
3.69526e-06
4.7714e-05
1.43466e-06
0.000240027
5.23004e-07
-3.73161e-07
0.00051026
3.12275e-06
3.12277e-05
0.00207689
4.5419e-05
0.000520663
8.01125e-06
0.000241883
-7.60349e-07
-6.14721e-07
-4.99893e-05
5.01401e-05
-1.43181e-07
3.34277e-07
6.95697e-06
8.66658e-05
0.00396059
6.56761e-05
0.00628994
4.7391e-05
0.00889188
1.14824e-05
0.0115479
-4.05834e-05
0.0140198
-8.82739e-05
0.0160941
-0.00011441
0.0176562
-0.000107994
0.0187077
-6.82243e-05
0.0193462
1.40441e-06
0.0197036
9.00792e-05
0.019906
0.000191818
0.0200364
0.000296352
0.0201254
0.000397774
0.0201491
0.000489803
0.0200131
0.000559443
0.0195686
0.00060284
0.0186473
0.000609884
0.0171291
0.000578624
0.0150078
0.000507689
0.0124105
0.00040659
-2.59446e-06
-2.59517e-06
-0.000171389
0.000169791
-1.35445e-06
-0.000172906
-1.3714e-06
-0.000174392
-1.07787e-06
-9.02212e-07
-9.71671e-05
9.61702e-05
-3.64495e-07
-9.82315e-05
-3.07927e-07
-9.90788e-05
-2.34026e-07
-1.46388e-07
-2.69454e-05
2.65722e-05
-2.72595e-05
-2.74979e-05
0.00127665
2.33227e-05
0.0037006
6.38657e-05
0.00596483
0.000107063
0.0079925
0.00015241
0.00971731
0.000210986
0.0111072
0.000291167
0.0121787
0.000393143
0.01298
0.000502133
0.0135297
0.000591098
0.0137588
0.000619068
0.013485
0.00056748
0.0124889
0.000455454
0.0106852
0.000330048
0.00819257
0.000236582
0.00523918
-5.11753e-05
-2.26229e-05
-0.00159661
0.00157594
-4.13444e-06
-2.33868e-06
-3.03628e-06
-1.83478e-06
-0.000502817
0.000500795
-5.94905e-07
-0.000503873
-9.61197e-07
-0.000505004
-1.38566e-06
-2.78646e-06
-0.000304478
0.000298118
-2.06066e-06
1.78923e-06
8.69813e-05
8.67346e-05
1.06522e-05
1.20869e-05
5.05391e-05
1.24027e-07
5.03055e-05
-1.39635e-07
0.000245096
-1.72466e-07
8.2032e-08
0.000528652
2.32395e-05
4.30403e-05
0.0020929
2.76151e-05
0.000537237
3.68341e-05
0.000252356
1.08202e-06
-3.31149e-07
-4.98671e-05
4.93862e-05
-2.79533e-07
-1.76259e-07
-1.24212e-05
1.2278e-05
4.89703e-05
0.00397729
5.56881e-05
0.00628164
4.82473e-05
0.00885511
9.23888e-06
0.0114981
-4.124e-05
0.0139727
-8.61746e-05
0.0160659
-0.000110419
0.0176587
-0.000104734
0.0187442
-6.51795e-05
0.0194128
2.46015e-06
0.0197913
9.0565e-05
0.0200073
0.000190583
0.0201421
0.000296195
0.020227
0.00040032
0.0202386
0.000493633
0.0200789
0.000568574
0.0196029
0.000615179
0.018642
0.00062337
0.0170844
0.000588724
0.0149268
0.000511956
-0.000168132
-1.02941e-06
-9.35732e-07
-9.35108e-05
9.25224e-05
-3.6544e-07
-9.45751e-05
-3.06683e-07
-9.54197e-05
-2.32743e-07
-1.51512e-07
-2.58841e-05
2.55198e-05
-2.61919e-05
-2.64259e-05
0.00129997
1.71114e-05
0.00374736
4.89141e-05
0.00602298
8.46808e-05
0.00806023
0.00012746
0.00980084
0.000185047
0.0112133
0.000261577
0.0123103
0.000359528
0.0131226
0.000460716
0.0136601
0.000540378
0.0138375
0.00056868
0.0134838
0.00053331
0.0124111
0.000455663
0.0105596
0.000379143
0.00805001
0.000360857
0.00508263
-0.000139463
-6.48454e-05
-0.00156002
0.00152105
-8.53602e-06
-3.66201e-06
-4.68326e-06
-2.01907e-06
-0.000496783
0.000493698
-1.05009e-06
-0.000497866
-1.25574e-06
-0.000499666
-1.23579e-06
-7.05518e-07
-0.000294415
0.000293888
-6.74886e-08
-0.00029519
-1.8698e-07
-0.00029629
-2.85633e-07
-9.58236e-07
-8.85238e-05
8.64632e-05
1.2402e-05
1.22624e-05
4.91527e-05
6.10898e-08
4.93116e-05
-7.68471e-08
0.000264896
3.04568e-06
7.65438e-06
0.000544538
3.57385e-05
1.55447e-05
0.00213096
-4.6343e-06
0.00055241
1.97435e-05
0.000274723
1.48627e-05
1.21436e-05
-4.90788e-05
5.01226e-05
3.82477e-08
-9.83653e-08
-1.20861e-05
1.18066e-05
3.7013e-05
0.00399597
6.37867e-05
0.0062661
4.53459e-05
0.00881901
3.4837e-06
0.0114534
-4.2984e-05
0.0139296
-8.36983e-05
0.0160392
-0.000106281
0.0176602
-0.000101041
0.0187801
-6.27645e-05
0.019478
3.4809e-06
0.0198783
9.23415e-05
0.0201055
0.000193054
0.0202453
0.00029806
0.0203292
0.000402808
0.0203294
0.000499753
0.0201477
0.000578763
0.0196393
0.000625044
0.0186403
0.000632523
0.0170406
0.000592526
-9.17472e-05
-2.17594e-07
-1.60354e-07
-2.48291e-05
2.44639e-05
-2.51356e-05
-2.53683e-05
0.00131708
1.14343e-05
0.00378484
3.53322e-05
0.00607233
6.60303e-05
0.00812166
0.000105457
0.00988043
0.000160775
0.0113141
0.000236562
0.0124333
0.00032882
0.0132545
0.000425951
0.0137745
0.00050128
0.0139049
0.000535003
0.0134821
0.00052075
0.012346
0.000480999
0.0104577
0.000461672
0.00794919
0.000447064
0.00504009
-0.0002023
-0.000202218
-0.00148004
0.00140407
-4.31107e-05
-2.03807e-05
-1.70297e-05
-6.80928e-06
-0.000487915
0.000481864
-2.48483e-06
-0.000489716
-1.86114e-06
-0.00049272
-1.67909e-06
-1.04096e-06
-0.000291288
0.000290485
-2.47113e-07
-0.000292308
-2.36485e-07
-0.000293347
-1.96021e-07
-1.64951e-07
-8.50323e-05
8.49648e-05
-8.52193e-05
-8.55049e-05
1.18677e-05
1.17908e-05
5.21239e-05
1.04436e-06
5.6789e-05
2.98922e-06
0.000285576
1.593e-05
8.95605e-06
0.000553942
1.40125e-05
-4.73719e-06
0.00217271
0.000521269
2.80383e-05
0.000297517
1.96021e-06
5.84259e-06
-6.12712e-05
6.59253e-05
1.02086e-05
7.66148e-06
-1.16925e-05
1.17307e-05
6.05004e-05
0.00399925
6.39389e-05
0.00624751
3.55821e-05
0.00878691
-2.31266e-08
0.0114104
-4.28693e-05
0.0138887
-8.30365e-05
0.0160159
-0.00010598
0.0176651
-9.87105e-05
0.018816
-6.04082e-05
0.0195419
5.17226e-06
0.0199655
9.23638e-05
0.0202062
0.000193003
0.0203503
0.000301175
0.0204309
0.000408902
0.0204202
0.000507012
0.0202195
0.000586604
0.0196778
0.00063398
0.0186389
0.000636911
-2.43035e-05
0.00132852
7.15263e-06
0.00381302
2.43677e-05
0.00611399
4.94648e-05
0.00817765
8.7139e-05
0.00995407
0.000140229
0.0114104
0.000214575
0.0125475
0.000303288
0.0133772
0.000396249
0.0138795
0.000473857
0.013966
0.000517686
0.0134851
0.000526703
0.0123003
0.000517714
0.0104017
0.000482285
0.00791397
0.000323828
0.00490467
-5.44066e-05
-0.000134001
-0.00135726
0.00131585
-7.35016e-05
-8.73859e-05
-9.74406e-05
-5.79688e-05
-0.000457877
0.000434461
-1.96947e-05
-0.00046796
-1.02981e-05
-0.000478469
-6.52041e-06
-3.41398e-06
-0.000286728
0.000284647
-4.04039e-07
-0.000288262
-3.26478e-07
-0.000289627
-3.14302e-07
-1.82664e-07
-8.43674e-05
8.41203e-05
-8.46039e-05
-8.47999e-05
1.27751e-05
1.57643e-05
7.22687e-05
9.58659e-06
7.6138e-05
5.08678e-06
0.000308572
2.31678e-06
6.40276e-07
-0.00034068
-3.47513e-06
0.000859723
9.64336e-07
4.69208e-05
0.00218629
-2.93822e-06
-1.13202e-06
-7.95975e-05
8.0798e-05
7.59658e-07
2.38311e-06
-2.34258e-05
2.80078e-05
5.62653e-06
6.77433e-05
0.00399545
4.70957e-05
0.00623599
2.8018e-05
0.00875887
-1.89078e-06
0.0113695
-4.33661e-05
0.0138491
-8.27622e-05
0.0159927
-0.000103872
0.0176703
-9.80429e-05
0.0188536
-5.98776e-05
0.0196069
6.79188e-06
0.0200511
9.48931e-05
0.0203043
0.000196315
0.0204552
0.00030546
0.0205343
0.000414939
0.0205123
0.000514245
0.0202918
0.000593334
0.0197184
0.000638761
0.00133567
3.51846e-06
0.00383387
1.55763e-05
0.00614788
3.67338e-05
0.00822806
7.0983e-05
0.0100233
0.000122829
0.0115022
0.00019411
0.0126567
0.000282383
0.0134911
0.000374938
0.0139784
0.00045597
0.0140277
0.000511047
0.0135008
0.000533019
0.012285
0.000509753
0.0103742
0.000406295
0.0078315
0.000175534
0.00476987
-8.45649e-06
-3.22808e-05
-0.00124676
0.00120658
-3.21295e-06
-1.10116e-05
-1.97175e-05
-4.51962e-05
-0.000356537
0.000333553
-5.05175e-05
-0.000378713
-6.52092e-05
-0.000413001
-6.31528e-05
-3.6509e-05
-0.000267827
0.000252122
-3.98992e-06
-0.000276284
-1.84094e-06
-0.000281779
-1.02545e-06
-5.45674e-07
-8.32968e-05
8.28928e-05
-8.36233e-05
-8.39376e-05
3.46934e-05
2.90102e-06
3.86551e-05
1.12514e-06
8.22296e-05
8.85247e-07
8.24701e-05
3.9969e-07
0.000117749
-7.41126e-05
-4.72972e-05
1.1723e-07
6.78127e-08
6.34916e-06
0.000877741
2.25524e-05
0.000118934
-1.48757e-07
-7.11096e-08
6.39198e-05
0.00219011
-8.08535e-05
3.80262e-06
4.84522e-07
-4.06671e-05
4.14218e-05
5.01095e-09
3.7107e-07
5.62653e-06
4.09207e-05
0.00400162
3.66982e-05
0.00622731
2.80605e-05
0.00872892
-2.99183e-06
0.0113291
-4.62722e-05
0.0138126
-8.4574e-05
0.0159734
-0.000104237
0.0176765
-9.65566e-05
0.0188903
-5.80719e-05
0.0196718
8.42752e-06
0.0201376
9.61017e-05
0.0204045
0.000199726
0.0205609
0.000310971
0.0206383
0.000419758
0.0206068
0.00052214
0.020363
0.000598257
0.00133919
1.33765e-06
0.00384811
8.81206e-06
0.0061758
2.67582e-05
0.00827228
5.78385e-05
0.0100883
0.000107892
0.0115884
0.000178731
0.0127603
0.000265961
0.0136
0.000359286
0.0140751
0.000444539
0.0140942
0.000502358
0.0135314
0.000514905
0.0122798
0.000456638
0.0103239
0.000292414
0.00771462
0.000101208
0.00468484
-3.88699e-06
-1.22964e-05
-0.00117833
0.00117065
1.86557e-07
-9.67829e-07
-6.70617e-07
-3.35798e-06
-0.000287705
0.000285188
-6.95878e-07
-0.000296309
-2.40752e-06
-0.000309064
-6.96278e-06
-2.07079e-05
-0.000162742
0.000112224
-0.000185331
-4.26197e-05
-0.00022592
-2.25637e-05
-1.03074e-05
-7.94807e-05
7.54908e-05
-8.13217e-05
-8.23471e-05
8.52755e-06
9.65269e-06
4.20823e-05
2.24651e-07
4.24267e-05
5.53152e-08
-4.285e-05
-6.44612e-07
9.84249e-06
-9.72528e-06
9.91028e-06
0.000124495
6.98186e-08
7.17659e-07
2.99565e-05
0.000895223
1.64813e-05
0.000138344
2.29537e-06
6.40863e-06
9.76152e-06
9.69043e-06
2.30654e-05
0.00220797
6.11756e-08
-1.00238e-05
1.00288e-05
2.73748e-05
0.00401095
4.17682e-05
0.00621361
2.894e-05
0.00869698
-7.88067e-06
0.0112907
-4.93343e-05
0.0137773
-8.56086e-05
0.0159548
-0.000103842
0.0176838
-9.545e-05
0.0189277
-5.79046e-05
0.0197381
9.67792e-06
0.020224
9.86736e-05
0.0205056
0.000203154
0.0206687
0.000314053
0.020744
0.000425445
0.0207035
0.00052512
0.00134053
-6.41224e-07
0.00385756
4.41095e-06
0.00619815
1.85264e-05
0.00831159
4.83858e-05
0.0101478
9.68535e-05
0.0116703
0.000166971
0.0128593
0.000254484
0.0137048
0.000349683
0.01417
0.000433154
0.0141634
0.000482715
0.0135636
0.00047131
0.0122652
0.000371978
0.0102443
0.000205014
0.00761082
6.8603e-05
0.00462815
-3.77139e-06
-8.13958e-06
-0.00115983
0.00115671
-1.31012e-07
-6.35683e-07
-3.79731e-07
-1.10124e-06
-0.000280972
0.000281031
1.2755e-07
-0.000281794
-1.46451e-07
-0.000282229
-2.35562e-07
-3.98379e-07
-8.21458e-05
8.145e-05
-8.45534e-05
-9.15161e-05
-4.26197e-05
-6.51834e-05
1.02534e-05
1.03087e-05
-1.03699e-05
9.76027e-06
1.04779e-05
0.000150796
9.45481e-06
8.04916e-06
5.06526e-06
0.000915784
-2.56124e-06
0.000162157
4.13937e-06
9.80395e-07
1.27733e-05
1.91819e-05
7.70638e-06
0.00222763
4.01143e-05
0.0040126
4.87562e-05
0.00619379
2.18258e-05
0.00866728
-1.42568e-05
0.0112556
-5.38934e-05
0.0137456
-8.69119e-05
0.0159379
-0.000104839
0.0176932
-9.53414e-05
0.0189651
-5.51396e-05
0.019803
1.22769e-05
0.0203104
0.000102212
0.0206065
0.000206653
0.0207761
0.000318464
0.020851
0.000429602
0.00133989
-1.81138e-06
0.00386378
4.27499e-07
0.00621625
1.28034e-05
0.00834718
4.08484e-05
0.0102038
8.93952e-05
0.0117478
0.000158165
0.0129556
0.000244611
0.0138099
0.00033777
0.0142654
0.000414746
0.0142314
0.000448568
0.0135864
0.000409584
0.0122276
0.000293712
0.0101556
0.00015248
0.00752694
5.33846e-05
0.00458453
-3.82305e-06
-5.93917e-06
-0.00114985
0.00114698
-2.43627e-07
-6.57894e-07
-4.52933e-07
-8.21843e-07
-0.000279332
0.000279137
6.41678e-08
-0.000279782
-1.86436e-07
-0.000279979
-1.81767e-07
-4.94804e-08
-8.06696e-05
8.07971e-05
-8.0816e-05
-8.10516e-05
2.39087e-05
4.72801e-06
2.95245e-05
2.43322e-06
0.000167019
6.42647e-07
-4.38635e-07
-2.50546e-06
0.000928409
-2.41409e-06
0.000166116
-7.25369e-07
-9.33058e-07
3.29358e-05
7.28018e-07
3.38577e-05
5.84267e-08
2.7144e-05
0.0022406
5.81537e-05
0.0040032
3.90402e-05
0.00617657
1.17713e-05
0.00864125
-2.01214e-05
0.0112218
-5.61681e-05
0.0137149
-8.92892e-05
0.0159223
-0.000104596
0.0177024
-9.44432e-05
0.0190044
-5.39048e-05
0.0198691
1.38302e-05
0.0203988
0.000104734
0.0207085
0.000210839
0.0208838
0.000323008
0.00133807
-2.45619e-06
0.00386667
-2.02493e-06
0.00623108
8.58251e-06
0.00837944
3.58746e-05
0.0102573
8.32259e-05
0.0118228
0.000152485
0.0130478
0.000237442
0.0139102
0.000323666
0.0143564
0.000388602
0.0142914
0.000403235
0.0135927
0.000345885
0.0121754
0.000234598
0.0100735
0.000122505
0.00745782
4.61736e-05
0.00454676
-3.76934e-06
-4.63957e-06
-0.00114227
0.00113927
-3.86365e-07
-4.38466e-07
-5.06364e-07
-7.24226e-07
-0.000277699
0.000277448
7.69163e-09
-0.00027815
-2.06643e-07
-0.000278412
-1.90754e-07
-9.69335e-08
-8.03795e-05
8.04436e-05
-8.05659e-05
-8.07477e-05
4.72801e-06
7.16122e-06
3.43271e-05
1.73307e-07
3.40113e-05
-1.22895e-07
0.000164346
-2.85533e-07
-4.50997e-07
3.47937e-07
0.000946359
8.84476e-06
0.000163464
-8.48722e-07
-6.8277e-07
3.36081e-05
-3.22199e-07
3.29851e-05
-3.10059e-07
7.88922e-06
7.94765e-06
5.99532e-05
0.0022388
4.4741e-05
0.0039975
2.36702e-05
0.00616467
5.1434e-06
0.00861598
-2.2797e-05
0.0111885
-5.95226e-05
0.0136851
-9.15846e-05
0.0159093
-0.000105652
0.0177136
-9.34369e-05
0.019044
-5.25212e-05
0.0199355
1.63436e-05
0.0204871
0.000107235
0.0208121
0.000212803
0.00133562
-3.19917e-06
0.00386784
-3.30015e-06
0.00624296
6.28476e-06
0.00840903
3.19207e-05
0.0103086
7.92672e-05
0.011896
0.000146047
0.0131392
0.000228077
0.0140058
0.000305794
0.0144393
0.000357241
0.0143374
0.00035464
0.013584
0.00029182
0.0121182
0.000197402
0.00999859
0.000108
0.00739599
4.51438e-05
0.00450954
-4.41996e-06
-3.50157e-06
-0.00113562
0.00113259
-3.71368e-07
-3.65498e-07
-5.2641e-07
-4.60634e-07
-0.000276214
0.000275864
-3.68105e-08
-0.000276505
-1.47004e-07
-0.000276813
-1.98854e-07
-8.92784e-08
-7.99493e-05
7.9957e-05
-8.01559e-05
-8.03467e-05
8.12096e-06
7.99806e-06
3.2574e-05
1.25533e-07
3.22188e-05
-9.58736e-08
0.000163919
-2.25343e-07
1.17672e-07
2.12835e-05
0.000958627
2.64014e-05
0.000170976
7.4764e-09
1.77999e-06
3.16878e-05
-3.17849e-07
3.1275e-05
-2.6995e-07
7.67585e-06
7.36578e-06
3.93412e-05
0.0022442
2.05748e-05
0.00400059
1.70408e-05
0.00615278
4.23571e-06
0.00858895
-2.75361e-05
0.0111565
-6.49215e-05
0.0136584
-9.47684e-05
0.0158984
-0.000106585
0.0177268
-9.24742e-05
0.0190839
-4.99429e-05
0.0200018
1.83911e-05
0.020576
0.000110186
0.00133242
-3.46585e-06
0.00386801
-4.6653e-06
0.00625391
4.36897e-06
0.00843658
3.02695e-05
0.0103576
7.59642e-05
0.0119661
0.000141103
0.0132261
0.00021694
0.0140947
0.000286442
0.0145101
0.000322455
0.0143695
0.000311309
0.0135645
0.000255425
0.0120601
0.000178803
0.00992778
0.000106431
0.00733471
5.09776e-05
0.00446671
-5.34859e-06
-2.79577e-06
-0.00112983
0.00112618
-4.41563e-07
-3.23839e-07
-3.82322e-07
-3.61819e-07
-0.000274863
0.000274476
1.55214e-08
-0.0002751
-1.2776e-07
-0.000275421
-2.05225e-07
-1.80211e-08
-7.95219e-05
7.94851e-05
-7.96689e-05
-7.98677e-05
7.4913e-06
7.39541e-06
3.09202e-05
1.29384e-07
3.10562e-05
-1.83e-08
0.000179471
4.52074e-06
8.26826e-06
1.87194e-05
0.000975151
4.09683e-06
0.000187159
9.80679e-06
8.90585e-06
3.12153e-05
-1.51686e-07
3.27114e-05
2.83915e-07
7.07754e-06
6.80759e-06
7.05884e-06
0.00225771
1.49245e-05
0.00400271
2.12394e-05
0.00613577
8.87558e-07
0.00856052
-3.47656e-05
0.0111263
-7.06327e-05
0.0136343
-9.60011e-05
0.0158878
-0.00010551
0.0177398
-9.02614e-05
0.0191242
-4.80087e-05
0.0200682
2.35287e-05
0.00132895
-3.58523e-06
0.00386693
-4.66975e-06
0.00626295
3.97285e-06
0.00846288
2.87992e-05
0.0104048
7.24145e-05
0.0120348
0.000135007
0.0133081
0.000203904
0.0141772
0.000262445
0.0145701
0.000292265
0.0143886
0.000279488
0.0135404
0.000234327
0.0120046
0.000174579
0.00985963
0.000117122
0.00726856
6.71004e-05
0.00440972
-7.76858e-06
-2.33972e-06
-0.00112402
0.00111952
-5.10205e-07
-3.38143e-07
-4.24287e-07
-2.18569e-07
-0.000273762
0.000273307
1.33851e-08
-0.000273924
-1.61811e-07
-0.000274162
-1.44007e-07
-4.83679e-08
-7.91341e-05
7.91496e-05
-7.92618e-05
-7.9467e-05
6.93698e-06
6.91867e-06
3.51973e-05
2.03472e-06
3.88239e-05
4.64158e-06
0.000196782
6.48627e-06
2.61061e-06
-1.23755e-06
0.000988692
-5.24533e-06
0.000200795
8.94429e-07
-8.11008e-07
4.22724e-05
6.35822e-06
4.57122e-05
5.46597e-06
6.76698e-06
7.05089e-06
3.34485e-06
0.00226929
2.81443e-05
0.0039958
2.19903e-05
0.00611467
-9.0244e-06
0.00853478
-4.29319e-05
0.0110986
-7.32183e-05
0.0136115
-9.72613e-05
0.0158796
-0.000104326
0.0177539
-8.92244e-05
0.0191655
-4.56381e-05
0.00132537
-3.34547e-06
0.0038656
-4.80085e-06
0.00627172
3.89723e-06
0.00848778
2.81083e-05
0.0104491
7.09438e-05
0.0120988
0.000127714
0.0133843
0.000190753
0.0142489
0.000242372
0.01462
0.00026727
0.0144008
0.000260915
0.0135138
0.000230403
0.0119488
0.000187778
0.00978898
0.000145835
0.00718983
0.000106665
0.00432126
-1.47721e-05
-3.43686e-06
-0.00111774
0.0011109
-6.60325e-07
-2.69394e-07
-3.69798e-07
-1.82381e-07
-0.000272601
0.000272127
-3.58513e-08
-0.000272829
-1.10084e-07
-0.000273124
-1.29666e-07
-3.51126e-08
-7.87954e-05
7.88088e-05
-7.89572e-05
-7.91012e-05
9.08559e-06
1.37271e-05
4.89659e-05
3.23258e-06
5.03843e-05
1.19219e-06
0.000201175
-4.95731e-07
-1.12206e-06
-4.62787e-06
0.000998668
-2.00472e-06
0.000200127
-1.43666e-06
-2.76104e-06
5.13403e-05
-6.16761e-08
5.10726e-05
-5.43331e-07
1.68658e-05
3.21945e-06
2.08883e-05
1.44346e-06
2.58578e-05
0.00227158
3.59374e-05
0.00398185
8.70593e-06
0.00609693
-2.02326e-05
0.00851208
-4.72208e-05
0.0110726
-7.43739e-05
0.0135886
-9.67387e-05
0.015872
-0.000104208
0.0177689
-8.81592e-05
0.00132202
-3.38723e-06
0.00386419
-4.49526e-06
0.00628012
4.11209e-06
0.00851178
2.7374e-05
0.0104927
6.83762e-05
0.0121582
0.000121684
0.0134533
0.000178181
0.0143131
0.000225549
0.0146617
0.000252474
0.0144092
0.000255616
0.0134886
0.000240698
0.0118959
0.000218445
0.00971637
0.000199798
0.00709669
0.000194935
0.00418562
-4.62826e-05
-1.30081e-05
-0.00110802
0.00109478
-1.24021e-06
-2.89574e-07
-5.56847e-07
-6.25763e-09
-0.000271555
0.00027092
-2.54587e-08
-0.000271732
-9.25084e-08
-0.000271986
-1.15774e-07
-4.18991e-08
-7.85339e-05
7.84981e-05
-7.8644e-05
-7.87737e-05
2.34048e-05
7.15997e-07
2.44954e-05
1.01535e-07
5.07055e-05
-1.28772e-07
4.99376e-05
-3.54243e-07
0.000199981
-4.48185e-06
2.42718e-06
0.00100911
1.2986e-05
0.000200305
-2.33003e-06
4.86157e-05
-1.14894e-07
4.40603e-05
1.79426e-06
2.45746e-05
-1.40888e-07
2.42563e-05
-2.25067e-07
3.21944e-06
4.66289e-06
4.33281e-05
0.00226419
1.79493e-05
0.00397261
-6.94201e-06
0.00608364
-2.61212e-05
0.00849098
-4.83602e-05
0.0110466
-7.55403e-05
0.0135674
-9.75185e-05
0.0158653
-0.000105029
0.00131864
-2.95247e-06
0.00386265
-3.85311e-06
0.00628808
4.59055e-06
0.00853456
2.76048e-05
0.0105334
6.49357e-05
0.0122149
0.000115451
0.0135161
0.000168709
0.0143699
0.000216155
0.014698
0.000249433
0.0144154
0.000264243
0.0134651
0.000266657
0.0118477
0.000268771
0.0096474
0.000285836
0.00700579
0.000353031
0.0040932
-0.000179871
-8.07414e-05
-0.00108352
0.00104366
-5.35768e-06
-1.0657e-06
-1.72326e-06
-1.96042e-08
-0.000270335
0.000269187
-9.22065e-08
-0.000270493
-1.32102e-07
-0.000270918
-1.3141e-07
-3.97883e-09
-7.82479e-05
7.82225e-05
-7.83404e-05
-7.84562e-05
5.37888e-06
5.4804e-06
2.40941e-05
3.32992e-08
2.38189e-05
-7.9169e-08
6.53851e-05
-2.59788e-05
1.33159e-07
3.87045e-08
0.000201901
8.3083e-07
2.11491e-05
0.00101196
1.93279e-05
0.00020845
6.43701e-06
6.34656e-05
-1.86159e-07
-2.24643e-07
2.37203e-05
-1.64245e-08
-4.64245e-07
5.3395e-06
5.11441e-06
1.86649e-05
0.00226347
-3.65903e-06
0.00396932
-1.36884e-05
0.00607121
-2.47671e-05
0.00846739
-4.79705e-05
0.011019
-7.67504e-05
0.0135467
-9.88329e-05
0.00131568
-2.81792e-06
0.00386161
-3.06957e-06
0.00629574
5.60373e-06
0.00855656
2.67673e-05
0.0105716
6.30884e-05
0.0122673
0.000110974
0.0135738
0.000164245
0.0144219
0.000213583
0.0147338
0.000253086
0.0144266
0.000282539
0.0134492
0.000306171
0.0118103
0.000335104
0.00959813
0.000384868
0.00697396
0.000348382
0.00400724
-9.09348e-05
-0.000171485
-0.00098774
0.000906709
-6.63988e-05
-3.24415e-05
-1.88931e-05
-5.93201e-06
-0.000266863
0.000262137
-6.32503e-07
-0.000267703
-2.2552e-07
-0.000269162
-2.64479e-07
5.96378e-09
-7.7955e-05
7.78628e-05
-7.80871e-05
-7.82185e-05
5.14768e-06
5.06848e-06
4.7209e-06
-4.58778e-06
4.75959e-06
6.43589e-05
-7.77483e-08
1.48069e-08
0.000212944
1.6655e-05
1.01493e-05
0.00102041
6.51527e-08
0.000218651
1.362e-05
6.98237e-05
9.21595e-07
5.03384e-08
-4.53495e-06
4.34874e-06
5.05203e-06
-6.96006e-06
0.00226677
-1.0192e-05
0.00396582
-8.37798e-06
0.00605482
-2.2348e-05
0.00844176
-5.12536e-05
0.0109935
-8.02583e-05
0.00131286
-2.27418e-06
0.00386082
-2.48937e-06
0.00630384
5.74857e-06
0.00857758
2.73782e-05
0.0106073
6.24414e-05
0.0123158
0.000109184
0.0136289
0.000162533
0.0144729
0.000217831
0.0147691
0.000267644
0.0144415
0.000311109
0.0134443
0.000350634
0.0117947
0.000388601
0.00959439
0.00037047
0.00695187
0.000174543
0.00387603
-6.44836e-06
-3.68873e-05
-0.000845978
0.000780389
-5.7768e-06
-1.95698e-05
-4.90442e-05
-6.17103e-05
-0.000220145
0.000175806
-2.20599e-05
-0.000242546
-1.00414e-05
-0.000257545
-3.89357e-06
-1.33966e-06
-7.73787e-05
7.67462e-05
-7.76042e-05
-7.78687e-05
4.27095e-06
4.28572e-06
7.86596e-05
3.21677e-06
4.60219e-06
0.00022414
4.65977e-06
-3.20305e-06
0.00102305
-6.39761e-06
0.000225125
-9.19724e-07
8.64399e-05
1.57204e-06
4.26737e-06
-4.33605e-06
5.25757e-06
-1.20727e-05
0.00226864
2.58807e-07
0.00395718
-9.90971e-07
0.00603346
-2.57688e-05
0.00841627
-5.66016e-05
0.00131059
-2.10527e-06
0.00386043
-1.60731e-06
0.00631119
6.87829e-06
0.00859808
2.7596e-05
0.0106422
6.16291e-05
0.0123634
0.000109144
0.0136822
0.000166967
0.0145238
0.000225777
0.014811
0.000283558
0.014469
0.000336285
0.0134586
0.000377514
0.0118058
0.00037541
0.00958945
0.000263021
0.00686339
8.16515e-05
0.00380069
3.19314e-07
-6.62689e-06
-0.000745569
0.00073903
2.26274e-07
-1.35775e-07
-1.09924e-07
-1.95685e-06
-8.48938e-05
7.9117e-05
-0.000104464
-0.000153508
-3.94117e-05
-6.14716e-05
3.94117e-05
-7.1513e-05
-7.54066e-05
8.47431e-06
1.11438e-05
1.93263e-06
9.05488e-05
7.71398e-07
-2.20954e-07
0.000224314
-2.39309e-06
-6.46266e-06
0.00102242
-4.98105e-06
0.00022174
-3.8241e-06
9.06419e-05
-6.57676e-07
-3.55413e-07
-1.44885e-05
1.5811e-05
2.49408e-07
9.22665e-07
1.84542e-06
0.00226706
1.44909e-05
0.0039417
-4.70683e-06
0.00601239
-3.45079e-05
0.00130849
-1.76068e-06
0.00386059
-1.0528e-06
0.00631912
7.76683e-06
0.00861791
2.7981e-05
0.0106758
6.36555e-05
0.0124089
0.000113023
0.0137362
0.000172302
0.0145772
0.000237492
0.014857
0.000300483
0.0145048
0.000350513
0.0134856
0.00036658
0.0118146
0.000309008
0.00954347
0.00016796
0.00677708
4.52317e-05
0.00375968
-5.83108e-07
-3.63955e-06
-0.00073239
0.000732599
8.45232e-08
2.59544e-08
1.08268e-07
-9.51715e-08
-7.69145e-05
7.71408e-05
-7.70503e-05
-7.71602e-05
1.93263e-06
1.65267e-05
5.55817e-08
1.64134e-05
-1.07782e-07
8.90272e-05
-3.06776e-07
-4.7178e-07
0.000218579
-3.30219e-06
-3.59125e-06
0.00102486
2.99506e-06
0.000217038
-3.44002e-06
8.65038e-05
-6.67265e-07
-6.33783e-07
-1.6188e-05
1.57213e-05
-1.91169e-07
-1.3003e-07
-2.85529e-06
3.10467e-06
2.38247e-05
0.00225772
1.09182e-05
0.00392607
-1.80384e-05
0.00130672
-1.61687e-06
0.00386115
-2.12304e-07
0.0063271
8.709e-06
0.00863718
3.05539e-05
0.0107089
6.64015e-05
0.0124555
0.00011734
0.0137911
0.000178563
0.0146362
0.000245925
0.0149116
0.00030632
0.014549
0.000340673
0.0135115
0.000323052
0.0118006
0.000231383
0.00948004
0.00010914
0.00671317
3.24058e-05
0.00373111
-9.48091e-07
-2.89067e-06
-0.000729084
0.000728584
1.95178e-08
-1.02359e-07
-9.62014e-09
-1.15428e-07
-7.71798e-05
7.72643e-05
-7.71539e-05
-7.70456e-05
3.16022e-06
3.05241e-06
1.54468e-05
-3.23277e-08
1.50991e-05
-1.24165e-07
8.40051e-05
-3.82162e-07
-4.21712e-07
0.000215349
-1.90299e-06
8.38397e-06
0.00102497
1.53251e-05
0.000218086
2.57489e-07
8.17699e-05
-5.68861e-07
-6.3635e-07
-1.46173e-05
1.4133e-05
-1.83057e-07
-1.52001e-07
-2.92238e-06
2.73117e-06
1.95977e-05
0.00224903
-9.09738e-06
0.00130511
-1.13003e-06
0.00386207
8.8941e-07
0.00633492
1.05503e-05
0.00865719
3.27651e-05
0.0107426
7.06194e-05
0.0125022
0.000121602
0.0138481
0.000185186
0.0146969
0.000249022
0.0149689
0.000299027
0.0145907
0.000312437
0.0135221
0.00026467
0.0117673
0.000168912
0.00942027
7.8076e-05
0.0066675
3.31994e-05
0.00370053
-7.21907e-07
-1.89841e-06
-0.000725879
0.000725086
-6.8621e-08
-8.58785e-08
-3.11091e-08
-1.54706e-07
-7.70369e-05
7.70564e-05
-7.71393e-05
-7.71489e-05
2.69883e-06
2.57465e-06
1.37867e-05
-3.60303e-08
1.34758e-05
-1.11e-07
8.05301e-05
-3.8235e-07
-2.81066e-07
0.000220412
6.05731e-06
1.35863e-05
0.00102576
5.21855e-06
0.000224193
1.15436e-05
8.14384e-05
-1.18018e-07
-5.33284e-07
-1.29858e-05
1.25859e-05
-1.69154e-07
-1.46395e-07
-2.42265e-06
2.23955e-06
-7.49678e-06
0.00130398
-8.57935e-07
0.00386382
1.30119e-06
0.00634417
1.2556e-05
0.0086774
3.55743e-05
0.0107776
7.39457e-05
0.0125498
0.000126573
0.0139067
0.000186862
0.0147591
0.00024442
0.0150235
0.000278346
0.0146248
0.000268572
0.0135182
0.00020931
0.0117269
0.000127568
0.00937078
6.39342e-05
0.00663677
3.08152e-05
0.00159196
1.35626e-07
-4.99806e-07
0.00207812
-0.000723333
0.000722641
6.92779e-09
-3.67876e-08
-6.58248e-08
-7.95643e-08
-7.67848e-05
7.67161e-05
-7.68706e-05
-7.69017e-05
2.20348e-06
2.09244e-06
1.2243e-05
-3.95475e-08
1.20669e-05
-1.05005e-07
8.54412e-05
4.1268e-07
1.64125e-06
0.000227437
1.03414e-05
-1.83822e-06
0.000229873
2.78113e-06
9.03369e-05
3.80805e-06
2.83942e-06
-1.16812e-05
1.17075e-05
-1.44513e-07
-1.47617e-07
-1.94605e-06
1.77684e-06
0.00130312
-7.89149e-07
0.00386591
2.66301e-06
0.00635406
1.41512e-05
0.00869882
3.87059e-05
0.0108128
7.65776e-05
0.0125998
0.000128251
0.0139653
0.00018424
0.0148192
0.000230249
0.0150716
0.000248244
0.0146451
0.000225169
0.0135024
0.0001667
0.0116878
0.000102144
0.00933257
5.50593e-05
0.00661252
8.94042e-05
8.79471e-06
0.00149376
-0.000722126
0.000721874
3.46043e-07
4.14539e-08
4.43195e-08
-2.95185e-08
-8.92127e-06
0.00217645
-7.6534e-05
7.65409e-05
-7.65708e-05
-7.66366e-05
1.73727e-06
1.63224e-06
1.20507e-05
6.92344e-08
1.33418e-05
3.49957e-07
9.47762e-05
4.00531e-06
1.89638e-06
-2.04051e-06
9.75387e-05
-6.24626e-07
6.42616e-07
-1.49149e-05
1.66054e-05
2.11729e-06
1.2662e-06
-1.48463e-06
1.34005e-06
0.00130233
-1.70839e-07
0.00386874
3.29188e-06
0.00636492
1.58981e-05
0.00872163
3.99e-05
0.0108495
7.83006e-05
0.0126498
0.000126286
0.0140233
0.000175462
0.014874
0.000210575
0.0151093
0.000216466
0.0146538
0.000186954
0.0134821
0.000136548
0.0116534
8.52526e-05
0.00930238
-1.96057e-05
3.94658e-05
0.00658374
4.98337e-07
6.16522e-07
0.000429411
0.000300143
3.71343e-05
-5.66799e-07
0.00146614
-8.9509e-06
-7.65972e-05
7.69432e-05
-7.65557e-05
-7.65114e-05
0.00219398
1.40923e-06
1.75912e-06
1.86383e-05
1.97221e-06
1.98172e-05
7.17344e-07
-5.5021e-07
-1.07599e-06
-2.0499e-05
2.0312e-05
-4.37966e-07
-3.93266e-08
-3.02531e-06
4.642e-06
5.00381e-07
0.00130216
-1.60967e-07
0.00387219
4.22312e-06
0.0063766
1.75782e-05
0.00874395
4.24672e-05
0.0108854
7.86552e-05
0.0126974
0.000122339
0.0140764
0.00016332
0.0149213
0.000187643
0.0151381
0.000185701
0.014655
0.000157329
0.0134613
0.000115837
0.0116228
6.98056e-05
0.00927204
-1.28623e-05
3.14009e-05
0.006569
-3.79363e-06
-7.75597e-05
7.80581e-05
-2.24514e-05
0.000451296
2.23251e-06
0.000275459
1.48589e-05
-6.18959e-06
0.0014612
-3.7227e-06
-1.01291e-05
0.000452474
0.00219597
6.39927e-06
2.14767e-07
7.16779e-06
-5.13503e-08
2.01327e-05
-3.71247e-07
-5.17548e-07
-7.25607e-06
7.00737e-06
-1.89577e-07
-1.27727e-07
5.00362e-07
0.001302
4.1108e-07
0.003876
5.32296e-06
0.00638885
1.83117e-05
0.0087681
4.31466e-05
0.0109209
7.66193e-05
0.0127431
0.000114447
0.0141253
0.000147841
0.0149611
0.000165803
0.015158
0.000160876
0.0146515
0.000136919
0.0134402
0.000100591
0.011592
6.30104e-05
0.00924043
3.01199e-05
0.00653997
-1.43929e-06
3.474e-07
-4.35147e-06
0.00219653
8.02906e-05
-2.28527e-06
0.000267615
0.000451213
-4.92863e-06
0.00145878
-5.78826e-07
-1.36033e-06
0.000449971
-2.48094e-06
7.1509e-07
6.63693e-07
6.72037e-06
-8.45178e-08
-1.49786e-07
-5.35966e-07
3.46267e-07
0.00130241
4.80707e-07
0.00388085
6.22342e-06
0.00640094
1.97636e-05
0.00879149
4.19159e-05
0.0109556
7.29367e-05
0.0127847
0.000106066
0.0141671
0.000133407
0.0149935
0.000146928
0.0151719
0.000142702
0.0146457
0.000123253
0.0134176
9.43436e-05
0.0115607
6.52352e-05
0.00920531
3.61467e-05
0.00650791
-5.0634e-06
9.77765e-07
-0.00219686
0.00219467
7.56006e-07
1.72324e-08
7.80053e-05
0.000264295
-1.60847e-06
0.00145843
1.4076e-07
2.34085e-07
-0.000449422
0.000449265
-4.21872e-07
-8.10799e-07
0.000262659
-8.44408e-07
2.61679e-07
0.00130289
9.30633e-07
0.00388614
6.4185e-06
0.00641429
1.95751e-05
0.00881383
4.14037e-05
0.0109871
6.82671e-05
0.0128225
9.70597e-05
0.0142034
0.000120175
0.0150202
0.000132423
0.0151822
0.000130734
0.0146382
0.000117681
0.0133943
9.83833e-05
0.0115275
7.64795e-05
0.00916498
5.3036e-05
0.00646552
-1.01276e-05
-5.21483e-07
-0.00219469
0.00218996
-3.26445e-07
9.50339e-07
0.00145823
4.21329e-07
5.28292e-07
7.63968e-05
0.000449397
7.94733e-09
0.000449404
2.27566e-07
-0.000262177
0.000261854
-9.80984e-08
-3.29598e-07
7.55524e-05
0.00130382
9.01419e-07
0.00389166
7.02821e-06
0.00642683
1.93359e-05
0.0088359
3.85226e-05
0.0110168
6.30609e-05
0.0128565
8.91708e-05
0.0142344
0.000110289
0.0150424
0.000122562
0.0151904
0.00012608
0.0146298
0.000122011
0.0133706
0.000112906
0.0114911
0.000100342
0.00911767
8.50229e-05
0.00640535
-2.05706e-05
-4.27868e-06
-0.00218992
0.00218228
-2.48348e-06
-4.8969e-07
-0.00145837
0.00145747
1.06529e-08
5.62382e-07
5.57572e-07
2.53025e-07
-0.000449607
0.000449811
2.17445e-07
3.25526e-07
0.000261813
4.87786e-08
0.000261971
6.92887e-08
-7.52228e-05
7.51247e-05
0.00130472
1.27226e-06
0.00389741
6.70227e-06
0.00643947
1.87079e-05
0.00885571
3.60459e-05
0.0110439
5.85421e-05
0.0128871
8.18403e-05
0.0142629
0.000103406
0.0150615
0.000121233
0.0151952
0.000131302
0.0146205
0.00013672
0.0133468
0.000139903
0.0114515
0.000141634
0.00906106
0.000145229
-1.54187e-05
-0.00218111
0.00216721
-6.66768e-06
-3.1063e-06
-0.00145661
0.00145417
-4.32631e-07
3.8949e-07
4.47474e-07
-7.12643e-08
-0.000450348
0.000450322
3.63823e-08
-0.000450148
3.62734e-07
0.000450183
1.85556e-07
2.87403e-07
-0.000262251
0.000262396
7.19303e-08
4.58897e-08
7.51735e-05
7.52428e-05
0.001306
1.05768e-06
0.00390306
6.36726e-06
0.00645181
1.69039e-05
0.00887485
3.39174e-05
0.0110685
5.47303e-05
0.0129142
7.81704e-05
0.0142881
0.0001025
0.0150803
0.000123585
0.0152029
0.000143949
0.0146133
0.000161723
0.013325
0.000179926
0.0114132
0.000203323
-9.78697e-06
-0.00145114
0.00144525
-9.15432e-07
1.42157e-07
5.88305e-07
-6.71308e-07
-0.000450662
0.000450282
-5.22312e-08
-0.000450439
1.66243e-07
0.000450713
5.69341e-08
2.02337e-07
-0.000263022
0.000263016
4.27579e-08
-0.0002627
4.03237e-08
0.00026249
9.22621e-08
7.70922e-08
-7.52887e-05
7.53606e-05
0.00130705
1.1528e-06
0.00390827
6.20706e-06
0.00646251
1.65689e-05
0.0088922
3.15885e-05
0.0110916
5.24986e-05
0.0129399
7.77427e-05
0.0143129
0.000104572
0.0150993
0.000134254
0.0152126
0.000163727
0.0146113
0.000195543
0.0133094
0.000235348
1.23251e-07
-1.71672e-06
-0.000450223
0.000449514
-2.06632e-07
-0.000450047
-3.44075e-08
0.000450881
-1.03241e-08
1.62716e-07
-0.000263324
0.000263255
1.69022e-08
-0.000263169
1.13128e-08
0.000263014
5.91869e-08
4.69248e-08
-7.55703e-05
7.56131e-05
-7.553e-05
7.54529e-05
0.00130821
1.04074e-06
0.00391344
5.90403e-06
0.00647317
1.54149e-05
0.00890837
3.05573e-05
0.0111136
5.23363e-05
0.0129653
7.94908e-05
0.0143379
0.000112657
0.0151209
0.000150196
0.0152262
0.000192556
0.0146143
0.000238651
0.000449776
-1.38682e-07
-3.29242e-07
-0.000263303
0.000263154
-5.7558e-08
-0.000263331
-6.48493e-09
0.000263212
3.2598e-08
4.41909e-08
-7.57305e-05
7.57474e-05
-7.57192e-05
7.56723e-05
0.00130925
9.04241e-07
0.00391844
5.59961e-06
0.00648299
1.48198e-05
0.00892411
3.08658e-05
0.011135
5.35923e-05
0.0129912
8.51079e-05
0.0143655
0.000123579
0.0151475
0.000167363
0.0152514
0.000219705
0.000262961
5.37476e-08
-1.43114e-09
-7.58177e-05
7.57602e-05
-7.58242e-05
7.578e-05
0.00131015
8.76208e-07
0.00392316
5.2452e-06
0.00649256
1.51324e-05
0.00893985
3.21364e-05
0.0111565
5.79931e-05
0.0130183
9.1978e-05
0.0143971
0.000135585
0.0151793
0.000189753
7.58139e-05
0.00131103
9.25275e-07
0.00392748
5.55858e-06
0.00650213
1.60431e-05
0.00895594
3.42363e-05
0.0111803
6.25203e-05
0.0130477
0.000100474
0.0144322
0.000150599
0.00131195
9.53642e-07
0.00393209
5.97792e-06
0.0065122
1.69106e-05
0.00897326
3.78114e-05
0.011205
6.73364e-05
0.0130809
0.000110498
0.00131291
9.21654e-07
0.00393714
6.44205e-06
0.00652267
1.8904e-05
0.00899217
4.04287e-05
0.0112319
7.40902e-05
0.00131383
1.2816e-06
0.0039423
7.26636e-06
0.0065343
2.02404e-05
0.00901236
4.23169e-05
0.00131511
1.24258e-06
0.00394833
7.70737e-06
0.00654684
2.14501e-05
0.00131635
1.56292e-06
0.00395447
8.61886e-06
0.00131791
1.80712e-06
)
;

boundaryField
{
    inlet
    {
        type            calculated;
        value           nonuniform List<scalar> 
50
(
-0.00996188
-0.00996524
-0.0099712
-0.0099793
-0.009988
-0.0099962
-0.0100032
-0.0100086
-0.0100123
-0.0100145
-0.0100155
-0.010015
-0.010015
-0.010014
-0.010013
-0.010013
-0.010011
-0.010011
-0.010009
-0.010009
-0.010009
-0.010008
-0.010008
-0.010008
-0.010007
-0.010005
-0.010002
-0.009997
-0.009991
-0.009983
-0.009976
-0.009972
-0.009971
-0.009973
-0.009979
-0.009985
-0.009993
-0.009999
-0.010004
-0.010008
-0.01001
-0.010012
-0.010012
-0.010011
-0.010011
-0.010009
-0.010009
-0.010007
-0.010008
-0.010007
)
;
    }
    outlet
    {
        type            calculated;
        value           nonuniform 0();
    }
    wall
    {
        type            calculated;
        value           uniform 0;
    }
    front
    {
        type            empty;
        value           nonuniform 0();
    }
    back
    {
        type            empty;
        value           nonuniform 0();
    }
    vanem
    {
        type            calculated;
        value           uniform 0;
    }
    vaneu
    {
        type            calculated;
        value           uniform 0;
    }
    vanel
    {
        type            calculated;
        value           nonuniform 0();
    }
    procBoundary2to0
    {
        type            processor;
        value           nonuniform List<scalar> 10(1.8577e-07 5.40661e-07 9.14953e-07 1.33072e-06 1.82024e-06 2.45956e-06 1.47622e-06 6.74172e-07 1.6433e-06 3.12222e-07);
    }
    procBoundary2to3
    {
        type            processor;
        value           nonuniform List<scalar> 
57
(
0.00234592
-1.54617e-05
0.00441314
0.00687179
0.00957055
0.0123051
0.0148462
0.0169962
0.018637
0.0197589
0.0204362
0.020799
0.0209576
0.020994
0.0209147
0.0206626
0.0201373
0.019208
0.0177857
0.0158591
0.0135281
0.0109699
0.00839418
0.00599592
0.00391713
0.00224743
0.00102783
-7.73284e-06
0.000230074
0.00143705
0.00632264
-4.71046e-05
0.00900297
0.0113812
0.0133061
0.0146332
0.0152813
0.0152184
0.0144723
0.0131173
0.0112636
0.00903323
0.00655967
0.00396128
0.00131972
0.000586007
9.09359e-05
0.000166567
9.71236e-05
1.9574e-05
6.35236e-06
7.58125e-05
0.00216157
2.40861e-05
1.11823e-07
0.000448389
0.000262633
)
;
    }
}


// ************************************************************************* //
