/*--------------------------------*- C++ -*----------------------------------*\
| =========                 |                                                 |
| \\      /  F ield         | OpenFOAM: The Open Source CFD Toolbox           |
|  \\    /   O peration     | Version:  v1912                                 |
|   \\  /    A nd           | Website:  www.openfoam.com                      |
|    \\/     M anipulation  |                                                 |
\*---------------------------------------------------------------------------*/
FoamFile
{
    version     2.0;
    format      ascii;
    class       labelList;
    note        "nPoints:12812  nCells:5564  nFaces:23097  nInternalFaces:10940";
    location    "constant/polyMesh";
    object      neighbour;
}
// * * * * * * * * * * * * * * * * * * * * * * * * * * * * * * * * * * * * * //


10940
(
1
21
2191
2
22
3
23
4
24
5
25
6
26
7
27
8
28
9
29
10
30
11
31
12
32
13
33
14
34
15
35
16
36
17
37
18
38
19
39
20
40
41
22
46
2216
23
47
24
48
25
49
26
50
27
51
28
52
29
53
30
54
31
55
32
56
33
57
34
58
35
59
36
60
37
61
38
62
39
63
40
64
41
65
42
66
43
67
44
68
45
69
1567
1567
1748
1749
47
71
2241
48
72
49
73
50
74
51
75
52
76
53
77
54
78
55
79
56
80
57
81
58
82
59
83
60
84
61
85
62
86
63
87
64
88
65
89
66
90
67
91
68
92
69
93
70
94
1570
1567
1570
1754
1755
72
96
2266
73
97
74
98
75
99
76
100
77
101
78
102
79
103
80
104
81
105
82
106
83
107
84
108
85
109
86
110
87
111
88
112
89
113
90
114
91
115
92
116
93
117
94
118
95
119
1573
1570
1573
1760
1761
97
121
2291
98
122
99
123
100
124
101
125
102
126
103
127
104
128
105
129
106
130
107
131
108
132
109
133
110
134
111
135
112
136
113
137
114
138
115
139
116
140
117
141
118
142
119
143
120
144
1576
1573
1576
1766
1767
122
146
2316
123
147
124
148
125
149
126
150
127
151
128
152
129
153
130
154
131
155
132
156
133
157
134
158
135
159
136
160
137
161
138
162
139
163
140
164
141
165
142
166
143
167
144
168
145
169
1579
1576
1579
1772
1773
147
171
2341
148
172
149
173
150
174
151
175
152
176
153
177
154
178
155
179
156
180
157
181
158
182
159
183
160
184
161
185
162
186
163
187
164
188
165
189
166
190
167
191
168
192
169
193
170
194
1582
1579
1582
1778
1779
172
196
2366
173
197
174
198
175
199
176
200
177
201
178
202
179
203
180
204
181
205
182
206
183
207
184
208
185
209
186
210
187
211
188
212
189
213
190
214
191
215
192
216
193
217
194
218
195
219
1585
1582
1585
1784
1785
197
221
2391
198
222
199
223
200
224
201
225
202
226
203
227
204
228
205
229
206
230
207
231
208
232
209
233
210
234
211
235
212
236
213
237
214
238
215
239
216
240
217
241
218
242
219
243
220
244
1588
1585
1588
1790
1791
222
246
2416
223
247
224
248
225
249
226
250
227
251
228
252
229
253
230
254
231
255
232
256
233
257
234
258
235
259
236
260
237
261
238
262
239
263
240
264
241
265
242
266
243
267
244
268
245
269
1591
1588
1591
1796
1797
247
271
2441
248
272
249
273
250
274
251
275
252
276
253
277
254
278
255
279
256
280
257
281
258
282
259
283
260
284
261
285
262
286
263
287
264
288
265
289
266
290
267
291
268
292
269
293
270
294
1594
1591
1594
1802
1803
272
296
2466
273
297
274
298
275
299
276
300
277
301
278
302
279
303
280
304
281
305
282
306
283
307
284
308
285
309
286
310
287
311
288
312
289
313
290
314
291
315
292
316
293
317
294
318
295
319
1597
1594
1597
1808
1809
297
321
2491
298
322
299
323
300
324
301
325
302
326
303
327
304
328
305
329
306
330
307
331
308
332
309
333
310
334
311
335
312
336
313
337
314
338
315
339
316
340
317
341
318
342
319
343
320
344
1600
1597
1600
1814
1815
322
346
2516
323
347
324
348
325
349
326
350
327
351
328
352
329
353
330
354
331
355
332
356
333
357
334
358
335
359
336
360
337
361
338
362
339
363
340
364
341
365
342
366
343
367
344
368
345
369
1603
1600
1603
1820
1821
347
371
2541
348
372
349
373
350
374
351
375
352
376
353
377
354
378
355
379
356
380
357
381
358
382
359
383
360
384
361
385
362
386
363
387
364
388
365
389
366
390
367
391
368
392
369
393
370
394
1606
1603
1606
1826
1827
372
396
2566
373
397
374
398
375
399
376
400
377
401
378
402
379
403
380
404
381
405
382
406
383
407
384
408
385
409
386
410
387
411
388
412
389
413
390
414
391
415
392
416
393
417
394
418
395
419
1609
1606
1609
1832
1833
397
421
2591
398
422
399
423
400
424
401
425
402
426
403
427
404
428
405
429
406
430
407
431
408
432
409
433
410
434
411
435
412
436
413
437
414
438
415
439
416
440
417
441
418
442
419
443
420
444
1612
1609
1612
1838
1839
422
446
2616
423
447
424
448
425
449
426
450
427
451
428
452
429
453
430
454
431
455
432
456
433
457
434
458
435
459
436
460
437
461
438
462
439
463
440
464
441
465
442
466
443
467
444
468
445
469
1615
1612
1615
1844
1845
447
471
2641
448
472
449
473
450
474
451
475
452
476
453
477
454
478
455
479
456
480
457
481
458
482
459
483
460
484
461
485
462
486
463
487
464
488
465
489
466
490
467
491
468
492
469
493
470
494
1618
1615
1618
1850
1851
472
496
2666
473
497
474
498
475
499
476
500
477
501
478
502
479
503
480
504
481
505
482
506
483
507
484
508
485
509
486
510
487
511
488
512
489
513
490
514
491
515
492
516
493
517
494
518
495
519
1621
1618
1621
1856
1857
497
521
2691
498
522
499
523
500
524
501
525
502
526
503
527
504
528
505
529
506
530
507
531
508
532
509
533
510
534
511
535
512
536
513
537
514
538
515
539
516
540
517
541
518
542
519
543
520
544
1624
1621
1624
1862
1863
522
546
2716
523
547
524
548
525
549
526
550
527
551
528
552
529
553
530
554
531
555
532
556
533
557
534
558
535
559
536
560
537
561
538
562
539
563
540
564
541
565
542
566
543
567
544
568
545
569
1627
1624
1627
1868
1869
547
571
2741
548
572
549
573
550
574
551
575
552
576
553
577
554
578
555
579
556
580
557
581
558
582
559
583
560
584
561
585
562
586
563
587
564
588
565
589
566
590
567
591
568
592
569
593
570
594
1630
1627
1630
1874
1875
572
596
2766
573
597
574
598
575
599
576
600
577
601
578
602
579
603
580
604
581
605
582
606
583
607
584
608
585
609
586
610
587
611
588
612
589
613
590
614
591
615
592
616
593
617
594
618
595
619
1633
1630
1633
1880
1881
597
621
2791
598
622
599
623
600
624
601
625
602
626
603
627
604
628
605
629
606
630
607
631
608
632
609
633
610
634
611
635
612
636
613
637
614
638
615
639
616
640
617
641
618
642
619
643
620
644
1636
1633
1636
1886
1887
622
646
2816
623
647
624
648
625
649
626
650
627
651
628
652
629
653
630
654
631
655
632
656
633
657
634
658
635
659
636
660
637
661
638
662
639
663
640
664
641
665
642
666
643
667
644
668
645
669
1639
1636
1639
1892
1893
647
671
2841
648
672
649
673
650
674
651
675
652
676
653
677
654
678
655
679
656
680
657
681
658
682
659
683
660
684
661
685
662
686
663
687
664
688
665
689
666
690
667
691
668
692
669
693
670
694
1642
1639
1642
1898
1899
672
696
2866
673
697
674
698
675
699
676
700
677
701
678
702
679
703
680
704
681
705
682
706
683
707
684
708
685
709
686
710
687
711
688
712
689
713
690
714
691
715
692
716
693
717
694
718
695
719
1645
1642
1645
1904
1905
697
721
2891
698
722
699
723
700
724
701
725
702
726
703
727
704
728
705
729
706
730
707
731
708
732
709
733
710
734
711
735
712
736
713
737
714
738
715
739
716
740
717
741
718
742
719
743
720
744
1648
1645
1648
1910
1911
722
746
2916
723
747
724
748
725
749
726
750
727
751
728
752
729
753
730
754
731
755
732
756
733
757
734
758
735
759
736
760
737
761
738
762
739
763
740
764
741
765
742
766
743
767
744
768
745
769
1651
1648
1651
1916
1917
747
771
2941
748
772
749
773
750
774
751
775
752
776
753
777
754
778
755
779
756
780
757
781
758
782
759
783
760
784
761
785
762
786
763
787
764
788
765
789
766
790
767
791
768
792
769
793
770
794
1654
1651
1654
1922
1923
772
796
2966
773
797
774
798
775
799
776
800
777
801
778
802
779
803
780
804
781
805
782
806
783
807
784
808
785
809
786
810
787
811
788
812
789
813
790
814
791
815
792
816
793
817
794
818
795
819
1657
1654
1657
1928
1929
797
821
2991
798
822
799
823
800
824
801
825
802
826
803
827
804
828
805
829
806
830
807
831
808
832
809
833
810
834
811
835
812
836
813
837
814
838
815
839
816
840
817
841
818
842
819
843
820
844
1660
1657
1660
1934
1935
822
846
3016
823
847
824
848
825
849
826
850
827
851
828
852
829
853
830
854
831
855
832
856
833
857
834
858
835
859
836
860
837
861
838
862
839
863
840
864
841
865
842
866
843
867
844
868
845
869
1663
1660
1663
1940
1941
847
871
3041
848
872
849
873
850
874
851
875
852
876
853
877
854
878
855
879
856
880
857
881
858
882
859
883
860
884
861
885
862
886
863
887
864
888
865
889
866
890
867
891
868
892
869
893
870
894
1666
1663
1666
1946
1947
872
896
3066
873
897
874
898
875
899
876
900
877
901
878
902
879
903
880
904
881
905
882
906
883
907
884
908
885
909
886
910
887
911
888
912
889
913
890
914
891
915
892
916
893
917
894
918
895
919
1669
1666
1669
1952
1953
897
921
3091
898
922
899
923
900
924
901
925
902
926
903
927
904
928
905
929
906
930
907
931
908
932
909
933
910
934
911
935
912
936
913
937
914
938
915
939
916
940
917
941
918
942
919
943
920
944
1672
1669
1672
1958
1959
922
946
3116
923
947
924
948
925
949
926
950
927
951
928
952
929
953
930
954
931
955
932
956
933
957
934
958
935
959
936
960
937
961
938
962
939
963
940
964
941
965
942
966
943
967
944
968
945
969
1675
1672
1675
1964
1965
947
971
3141
948
972
949
973
950
974
951
975
952
976
953
977
954
978
955
979
956
980
957
981
958
982
959
983
960
984
961
985
962
986
963
987
964
988
965
989
966
990
967
991
968
992
969
993
970
994
1678
1675
1678
1970
1971
972
996
3166
973
997
974
998
975
999
976
1000
977
1001
978
1002
979
1003
980
1004
981
1005
982
1006
983
1007
984
1008
985
1009
986
1010
987
1011
988
1012
989
1013
990
1014
991
1015
992
1016
993
1017
994
1018
995
1019
1681
1678
1681
1976
1977
997
1021
3191
998
1022
999
1023
1000
1024
1001
1025
1002
1026
1003
1027
1004
1028
1005
1029
1006
1030
1007
1031
1008
1032
1009
1033
1010
1034
1011
1035
1012
1036
1013
1037
1014
1038
1015
1039
1016
1040
1017
1041
1018
1042
1019
1043
1020
1044
1684
1681
1684
1982
1983
1022
1046
3216
1023
1047
1024
1048
1025
1049
1026
1050
1027
1051
1028
1052
1029
1053
1030
1054
1031
1055
1032
1056
1033
1057
1034
1058
1035
1059
1036
1060
1037
1061
1038
1062
1039
1063
1040
1064
1041
1065
1042
1066
1043
1067
1044
1068
1045
1069
1687
1684
1687
1988
1989
1047
1071
3241
1048
1072
1049
1073
1050
1074
1051
1075
1052
1076
1053
1077
1054
1078
1055
1079
1056
1080
1057
1081
1058
1082
1059
1083
1060
1084
1061
1085
1062
1086
1063
1087
1064
1088
1065
1089
1066
1090
1067
1091
1068
1092
1069
1093
1070
1094
1690
1687
1690
1994
1995
1072
1096
3266
1073
1097
1074
1098
1075
1099
1076
1100
1077
1101
1078
1102
1079
1103
1080
1104
1081
1105
1082
1106
1083
1107
1084
1108
1085
1109
1086
1110
1087
1111
1088
1112
1089
1113
1090
1114
1091
1115
1092
1116
1093
1117
1094
1118
1095
1119
1693
1690
1693
2000
2001
1097
1121
3291
1098
1122
1099
1123
1100
1124
1101
1125
1102
1126
1103
1127
1104
1128
1105
1129
1106
1130
1107
1131
1108
1132
1109
1133
1110
1134
1111
1135
1112
1136
1113
1137
1114
1138
1115
1139
1116
1140
1117
1141
1118
1142
1119
1143
1120
1144
1696
1693
1696
2006
2007
1122
1146
3316
1123
1147
1124
1148
1125
1149
1126
1150
1127
1151
1128
1152
1129
1153
1130
1154
1131
1155
1132
1156
1133
1157
1134
1158
1135
1159
1136
1160
1137
1161
1138
1162
1139
1163
1140
1164
1141
1165
1142
1166
1143
1167
1144
1168
1145
1169
1699
1696
1699
2012
2013
1147
1171
3341
1148
1172
1149
1173
1150
1174
1151
1175
1152
1176
1153
1177
1154
1178
1155
1179
1156
1180
1157
1181
1158
1182
1159
1183
1160
1184
1161
1185
1162
1186
1163
1187
1164
1188
1165
1189
1166
1190
1167
1191
1168
1192
1169
1193
1170
1194
1702
1699
1702
2018
2019
1172
1196
3366
1173
1197
1174
1198
1175
1199
1176
1200
1177
1201
1178
1202
1179
1203
1180
1204
1181
1205
1182
1206
1183
1207
1184
1208
1185
1209
1186
1210
1187
1211
1188
1212
1189
1213
1190
1214
1191
1215
1192
1216
1193
1217
1194
1218
1195
1219
1705
1702
1705
2024
2025
1197
1221
3391
1198
1222
1199
1223
1200
1224
1201
1225
1202
1226
1203
1227
1204
1228
1205
1229
1206
1230
1207
1231
1208
1232
1209
1233
1210
1234
1211
1235
1212
1236
1213
1237
1214
1238
1215
1239
1216
1240
1217
1241
1218
1242
1219
1243
1220
1244
1708
1705
1708
2030
2031
1222
1246
3416
1223
1247
1224
1248
1225
1249
1226
1250
1227
1251
1228
1252
1229
1253
1230
1254
1231
1255
1232
1256
1233
1257
1234
1258
1235
1259
1236
1260
1237
1261
1238
1262
1239
1263
1240
1264
1241
1265
1242
1266
1243
1267
1244
1268
1245
1269
1711
1708
1711
2036
2037
1247
1271
3441
1248
1272
1249
1273
1250
1274
1251
1275
1252
1276
1253
1277
1254
1278
1255
1279
1256
1280
1257
1281
1258
1282
1259
1283
1260
1284
1261
1285
1262
1286
1263
1287
1264
1288
1265
1289
1266
1290
1267
1291
1268
1292
1269
1293
1270
1294
1714
1711
1714
2042
2043
1272
1296
3466
1273
1297
1274
1298
1275
1299
1276
1300
1277
1301
1278
1302
1279
1303
1280
1304
1281
1305
1282
1306
1283
1307
1284
1308
1285
1309
1286
1310
1287
1311
1288
1312
1289
1313
1290
1314
1291
1315
1292
1316
1293
1317
1294
1318
1295
1319
1717
1714
1717
2048
2049
1297
1321
3491
1298
1322
1299
1323
1300
1324
1301
1325
1302
1326
1303
1327
1304
1328
1305
1329
1306
1330
1307
1331
1308
1332
1309
1333
1310
1334
1311
1335
1312
1336
1313
1337
1314
1338
1315
1339
1316
1340
1317
1341
1318
1342
1319
1343
1320
1344
1720
1717
1720
2054
2055
1322
1346
3516
1323
1347
1324
1348
1325
1349
1326
1350
1327
1351
1328
1352
1329
1353
1330
1354
1331
1355
1332
1356
1333
1357
1334
1358
1335
1359
1336
1360
1337
1361
1338
1362
1339
1363
1340
1364
1341
1365
1342
1366
1343
1367
1344
1368
1345
1369
1723
1720
1723
2060
2061
1347
1371
3541
1348
1372
1349
1373
1350
1374
1351
1375
1352
1376
1353
1377
1354
1378
1355
1379
1356
1380
1357
1381
1358
1382
1359
1383
1360
1384
1361
1385
1362
1386
1363
1387
1364
1388
1365
1389
1366
1390
1367
1391
1368
1392
1369
1393
1370
1394
1726
1723
1726
2066
2067
1372
1396
3566
1373
1397
1374
1398
1375
1399
1376
1400
1377
1401
1378
1402
1379
1403
1380
1404
1381
1405
1382
1406
1383
1407
1384
1408
1385
1409
1386
1410
1387
1411
1388
1412
1389
1413
1390
1414
1391
1415
1392
1416
1393
1417
1394
1418
1395
1419
1729
1726
1729
2072
2073
1397
1421
3591
1398
1422
1399
1423
1400
1424
1401
1425
1402
1426
1403
1427
1404
1428
1405
1429
1406
1430
1407
1431
1408
1432
1409
1433
1410
1434
1411
1435
1412
1436
1413
1437
1414
1438
1415
1439
1416
1440
1417
1441
1418
1442
1419
1443
1420
1444
1732
1729
1732
2078
2079
1422
1446
3616
1423
1447
1424
1448
1425
1449
1426
1450
1427
1451
1428
1452
1429
1453
1430
1454
1431
1455
1432
1456
1433
1457
1434
1458
1435
1459
1436
1460
1437
1461
1438
1462
1439
1463
1440
1464
1441
1465
1442
1466
1443
1467
1444
1468
1445
1469
1735
1732
1735
2084
2085
1447
1471
3641
1448
1472
1449
1473
1450
1474
1451
1475
1452
1476
1453
1477
1454
1478
1455
1479
1456
1480
1457
1481
1458
1482
1459
1483
1460
1484
1461
1485
1462
1486
1463
1487
1464
1488
1465
1489
1466
1490
1467
1491
1468
1492
1469
1493
1470
1494
1738
1735
1738
2090
2091
1472
1496
3664
1473
1497
1474
1498
1475
1499
1476
1500
1477
1501
1478
1502
1479
1503
1480
1504
1481
1505
1482
1506
1483
1507
1484
1508
1485
1509
1486
1510
1487
1511
1488
1512
1489
1513
1490
1514
1491
1515
1492
1516
1493
1517
1494
1518
1495
1519
1741
1738
1741
2096
2097
1497
1521
3687
1498
1522
1499
1523
1500
1524
1501
1525
1502
1526
1503
1527
1504
1528
1505
1529
1506
1530
1507
1531
1508
1532
1509
1533
1510
1534
1511
1535
1512
1536
1513
1537
1514
1538
1515
1539
1516
1540
1517
1541
1518
1542
1519
1543
1520
1741
2099
2100
1522
1544
3710
1523
1545
1524
1546
1525
1547
1526
1548
1527
1549
1528
1550
1529
1551
1530
1552
1531
1553
1532
1554
1533
1555
1534
1556
1535
1557
1536
1558
1537
1559
1538
1560
1539
1561
1540
1562
1541
1563
1542
1564
1543
1565
1566
1545
3728
1546
1547
1548
1549
1550
1551
1552
1553
1554
1555
1556
1557
1558
1559
1560
1561
1562
1563
1564
1565
1566
1746
1747
1572
1745
1747
1748
1750
1752
1753
1575
1751
1753
1754
1756
1758
1759
1578
1757
1759
1760
1762
1764
1765
1581
1763
1765
1766
1768
1770
1771
1584
1769
1771
1772
1774
1776
1777
1587
1775
1777
1778
1780
1782
1783
1590
1781
1783
1784
1786
1788
1789
1593
1787
1789
1790
1792
1794
1795
1596
1793
1795
1796
1798
1800
1801
1599
1799
1801
1802
1804
1806
1807
1602
1805
1807
1808
1810
1812
1813
1605
1811
1813
1814
1816
1818
1819
1608
1817
1819
1820
1822
1824
1825
1611
1823
1825
1826
1828
1830
1831
1614
1829
1831
1832
1834
1836
1837
1617
1835
1837
1838
1840
1842
1843
1620
1841
1843
1844
1846
1848
1849
1623
1847
1849
1850
1852
1854
1855
1626
1853
1855
1856
1858
1860
1861
1629
1859
1861
1862
1864
1866
1867
1632
1865
1867
1868
1870
1872
1873
1635
1871
1873
1874
1876
1878
1879
1638
1877
1879
1880
1882
1884
1885
1641
1883
1885
1886
1888
1890
1891
1644
1889
1891
1892
1894
1896
1897
1647
1895
1897
1898
1900
1902
1903
1650
1901
1903
1904
1906
1908
1909
1653
1907
1909
1910
1912
1914
1915
1656
1913
1915
1916
1918
1920
1921
1659
1919
1921
1922
1924
1926
1927
1662
1925
1927
1928
1930
1932
1933
1665
1931
1933
1934
1936
1938
1939
1668
1937
1939
1940
1942
1944
1945
1671
1943
1945
1946
1948
1950
1951
1674
1949
1951
1952
1954
1956
1957
1677
1955
1957
1958
1960
1962
1963
1680
1961
1963
1964
1966
1968
1969
1683
1967
1969
1970
1972
1974
1975
1686
1973
1975
1976
1978
1980
1981
1689
1979
1981
1982
1984
1986
1987
1692
1985
1987
1988
1990
1992
1993
1695
1991
1993
1994
1996
1998
1999
1698
1997
1999
2000
2002
2004
2005
1701
2003
2005
2006
2008
2010
2011
1704
2009
2011
2012
2014
2016
2017
1707
2015
2017
2018
2020
2022
2023
1710
2021
2023
2024
2026
2028
2029
1713
2027
2029
2030
2032
2034
2035
1716
2033
2035
2036
2038
2040
2041
1719
2039
2041
2042
2044
2046
2047
1722
2045
2047
2048
2050
2052
2053
1725
2051
2053
2054
2056
2058
2059
1728
2057
2059
2060
2062
2064
2065
1731
2063
2065
2066
2068
2070
2071
1734
2069
2071
2072
2074
2076
2077
1737
2075
2077
2078
2080
2082
2083
1740
2081
2083
2084
2086
2088
2089
1743
2087
2089
2090
2092
2094
2095
1744
2093
2095
2096
2098
2099
2101
1746
1750
1747
1749
1754
1749
1750
1752
1756
1753
1755
1760
1755
1756
1758
1762
1759
1761
1766
1761
1762
1764
1768
1765
1767
1772
1767
1768
1770
1774
1771
1773
1778
1773
1774
1776
1780
1777
1779
1784
1779
1780
1782
1786
1783
1785
1790
1785
1786
1788
1792
1789
1791
1796
1791
1792
1794
1798
1795
1797
1802
1797
1798
1800
1804
1801
1803
1808
1803
1804
1806
1810
1807
1809
1814
1809
1810
1812
1816
1813
1815
1820
1815
1816
1818
1822
1819
1821
1826
1821
1822
1824
1828
1825
1827
1832
1827
1828
1830
1834
1831
1833
1838
1833
1834
1836
1840
1837
1839
1844
1839
1840
1842
1846
1843
1845
1850
1845
1846
1848
1852
1849
1851
1856
1851
1852
1854
1858
1855
1857
1862
1857
1858
1860
1864
1861
1863
1868
1863
1864
1866
1870
1867
1869
1874
1869
1870
1872
1876
1873
1875
1880
1875
1876
1878
1882
1879
1881
1886
1881
1882
1884
1888
1885
1887
1892
1887
1888
1890
1894
1891
1893
1898
1893
1894
1896
1900
1897
1899
1904
1899
1900
1902
1906
1903
1905
1910
1905
1906
1908
1912
1909
1911
1916
1911
1912
1914
1918
1915
1917
1922
1917
1918
1920
1924
1921
1923
1928
1923
1924
1926
1930
1927
1929
1934
1929
1930
1932
1936
1933
1935
1940
1935
1936
1938
1942
1939
1941
1946
1941
1942
1944
1948
1945
1947
1952
1947
1948
1950
1954
1951
1953
1958
1953
1954
1956
1960
1957
1959
1964
1959
1960
1962
1966
1963
1965
1970
1965
1966
1968
1972
1969
1971
1976
1971
1972
1974
1978
1975
1977
1982
1977
1978
1980
1984
1981
1983
1988
1983
1984
1986
1990
1987
1989
1994
1989
1990
1992
1996
1993
1995
2000
1995
1996
1998
2002
1999
2001
2006
2001
2002
2004
2008
2005
2007
2012
2007
2008
2010
2014
2011
2013
2018
2013
2014
2016
2020
2017
2019
2024
2019
2020
2022
2026
2023
2025
2030
2025
2026
2028
2032
2029
2031
2036
2031
2032
2034
2038
2035
2037
2042
2037
2038
2040
2044
2041
2043
2048
2043
2044
2046
2050
2047
2049
2054
2049
2050
2052
2056
2053
2055
2060
2055
2056
2058
2062
2059
2061
2066
2061
2062
2064
2068
2065
2067
2072
2067
2068
2070
2074
2071
2073
2078
2073
2074
2076
2080
2077
2079
2084
2079
2080
2082
2086
2083
2085
2090
2085
2086
2088
2092
2089
2091
2096
2091
2092
2094
2098
2095
2097
2099
2097
2098
2100
2101
2149
2151
2105
2141
2142
2140
2152
2154
2106
2116
2144
2145
2107
2117
2108
2118
2109
2119
2110
2120
2111
2121
2112
2122
2113
2123
2114
2124
2125
2143
2155
2157
2117
2147
2148
2168
2118
2169
2119
2170
2120
2171
2121
2172
2122
2173
2123
2174
2124
2175
2125
2176
2126
2177
2127
2178
2128
2179
2129
2180
2130
2181
2131
2182
2132
2183
2133
2184
2134
2185
2135
2186
2136
2187
2137
2188
2138
2189
2139
2190
2191
2158
2160
2142
2145
2158
2159
2150
2151
2161
2163
2145
2148
2161
2162
2153
2154
2164
2166
2167
2148
2164
2165
3734
2156
2157
2150
2160
2151
2159
2153
2163
2154
2162
2158
2156
2166
2157
2165
2161
2159
2160
2162
2163
2165
3911
2166
3909
3911
2169
2193
3733
3734
2170
2194
2171
2195
2172
2196
2173
2197
2174
2198
2175
2199
2176
2200
2177
2201
2178
2202
2179
2203
2180
2204
2181
2205
2182
2206
2183
2207
2184
2208
2185
2209
2186
2210
2187
2211
2188
2212
2189
2213
2190
2214
2191
2215
2216
3732
3912
3914
2194
2218
3736
3737
2195
2219
2196
2220
2197
2221
2198
2222
2199
2223
2200
2224
2201
2225
2202
2226
2203
2227
2204
2228
2205
2229
2206
2230
2207
2231
2208
2232
2209
2233
2210
2234
2211
2235
2212
2236
2213
2237
2214
2238
2215
2239
2216
2240
2241
3735
3915
3917
2219
2243
3739
3740
2220
2244
2221
2245
2222
2246
2223
2247
2224
2248
2225
2249
2226
2250
2227
2251
2228
2252
2229
2253
2230
2254
2231
2255
2232
2256
2233
2257
2234
2258
2235
2259
2236
2260
2237
2261
2238
2262
2239
2263
2240
2264
2241
2265
2266
3738
3918
3920
2244
2268
3742
3743
2245
2269
2246
2270
2247
2271
2248
2272
2249
2273
2250
2274
2251
2275
2252
2276
2253
2277
2254
2278
2255
2279
2256
2280
2257
2281
2258
2282
2259
2283
2260
2284
2261
2285
2262
2286
2263
2287
2264
2288
2265
2289
2266
2290
2291
3741
3921
3923
2269
2293
3745
3746
2270
2294
2271
2295
2272
2296
2273
2297
2274
2298
2275
2299
2276
2300
2277
2301
2278
2302
2279
2303
2280
2304
2281
2305
2282
2306
2283
2307
2284
2308
2285
2309
2286
2310
2287
2311
2288
2312
2289
2313
2290
2314
2291
2315
2316
3744
3924
3926
2294
2318
3748
3749
2295
2319
2296
2320
2297
2321
2298
2322
2299
2323
2300
2324
2301
2325
2302
2326
2303
2327
2304
2328
2305
2329
2306
2330
2307
2331
2308
2332
2309
2333
2310
2334
2311
2335
2312
2336
2313
2337
2314
2338
2315
2339
2316
2340
2341
3747
3927
3929
2319
2343
3751
3752
2320
2344
2321
2345
2322
2346
2323
2347
2324
2348
2325
2349
2326
2350
2327
2351
2328
2352
2329
2353
2330
2354
2331
2355
2332
2356
2333
2357
2334
2358
2335
2359
2336
2360
2337
2361
2338
2362
2339
2363
2340
2364
2341
2365
2366
3750
3930
3932
2344
2368
3754
3755
2345
2369
2346
2370
2347
2371
2348
2372
2349
2373
2350
2374
2351
2375
2352
2376
2353
2377
2354
2378
2355
2379
2356
2380
2357
2381
2358
2382
2359
2383
2360
2384
2361
2385
2362
2386
2363
2387
2364
2388
2365
2389
2366
2390
2391
3753
3933
3935
2369
2393
3757
3758
2370
2394
2371
2395
2372
2396
2373
2397
2374
2398
2375
2399
2376
2400
2377
2401
2378
2402
2379
2403
2380
2404
2381
2405
2382
2406
2383
2407
2384
2408
2385
2409
2386
2410
2387
2411
2388
2412
2389
2413
2390
2414
2391
2415
2416
3756
3936
3938
2394
2418
3760
3761
2395
2419
2396
2420
2397
2421
2398
2422
2399
2423
2400
2424
2401
2425
2402
2426
2403
2427
2404
2428
2405
2429
2406
2430
2407
2431
2408
2432
2409
2433
2410
2434
2411
2435
2412
2436
2413
2437
2414
2438
2415
2439
2416
2440
2441
3759
3939
3941
2419
2443
3763
3764
2420
2444
2421
2445
2422
2446
2423
2447
2424
2448
2425
2449
2426
2450
2427
2451
2428
2452
2429
2453
2430
2454
2431
2455
2432
2456
2433
2457
2434
2458
2435
2459
2436
2460
2437
2461
2438
2462
2439
2463
2440
2464
2441
2465
2466
3762
3942
3944
2444
2468
3766
3767
2445
2469
2446
2470
2447
2471
2448
2472
2449
2473
2450
2474
2451
2475
2452
2476
2453
2477
2454
2478
2455
2479
2456
2480
2457
2481
2458
2482
2459
2483
2460
2484
2461
2485
2462
2486
2463
2487
2464
2488
2465
2489
2466
2490
2491
3765
3945
3947
2469
2493
3769
3770
2470
2494
2471
2495
2472
2496
2473
2497
2474
2498
2475
2499
2476
2500
2477
2501
2478
2502
2479
2503
2480
2504
2481
2505
2482
2506
2483
2507
2484
2508
2485
2509
2486
2510
2487
2511
2488
2512
2489
2513
2490
2514
2491
2515
2516
3768
3948
3950
2494
2518
3772
3773
2495
2519
2496
2520
2497
2521
2498
2522
2499
2523
2500
2524
2501
2525
2502
2526
2503
2527
2504
2528
2505
2529
2506
2530
2507
2531
2508
2532
2509
2533
2510
2534
2511
2535
2512
2536
2513
2537
2514
2538
2515
2539
2516
2540
2541
3771
3951
3953
2519
2543
3775
3776
2520
2544
2521
2545
2522
2546
2523
2547
2524
2548
2525
2549
2526
2550
2527
2551
2528
2552
2529
2553
2530
2554
2531
2555
2532
2556
2533
2557
2534
2558
2535
2559
2536
2560
2537
2561
2538
2562
2539
2563
2540
2564
2541
2565
2566
3774
3954
3956
2544
2568
3778
3779
2545
2569
2546
2570
2547
2571
2548
2572
2549
2573
2550
2574
2551
2575
2552
2576
2553
2577
2554
2578
2555
2579
2556
2580
2557
2581
2558
2582
2559
2583
2560
2584
2561
2585
2562
2586
2563
2587
2564
2588
2565
2589
2566
2590
2591
3777
3957
3959
2569
2593
3781
3782
2570
2594
2571
2595
2572
2596
2573
2597
2574
2598
2575
2599
2576
2600
2577
2601
2578
2602
2579
2603
2580
2604
2581
2605
2582
2606
2583
2607
2584
2608
2585
2609
2586
2610
2587
2611
2588
2612
2589
2613
2590
2614
2591
2615
2616
3780
3960
3962
2594
2618
3784
3785
2595
2619
2596
2620
2597
2621
2598
2622
2599
2623
2600
2624
2601
2625
2602
2626
2603
2627
2604
2628
2605
2629
2606
2630
2607
2631
2608
2632
2609
2633
2610
2634
2611
2635
2612
2636
2613
2637
2614
2638
2615
2639
2616
2640
2641
3783
3963
3965
2619
2643
3787
3788
2620
2644
2621
2645
2622
2646
2623
2647
2624
2648
2625
2649
2626
2650
2627
2651
2628
2652
2629
2653
2630
2654
2631
2655
2632
2656
2633
2657
2634
2658
2635
2659
2636
2660
2637
2661
2638
2662
2639
2663
2640
2664
2641
2665
2666
3786
3966
3968
2644
2668
3790
3791
2645
2669
2646
2670
2647
2671
2648
2672
2649
2673
2650
2674
2651
2675
2652
2676
2653
2677
2654
2678
2655
2679
2656
2680
2657
2681
2658
2682
2659
2683
2660
2684
2661
2685
2662
2686
2663
2687
2664
2688
2665
2689
2666
2690
2691
3789
3969
3971
2669
2693
3793
3794
2670
2694
2671
2695
2672
2696
2673
2697
2674
2698
2675
2699
2676
2700
2677
2701
2678
2702
2679
2703
2680
2704
2681
2705
2682
2706
2683
2707
2684
2708
2685
2709
2686
2710
2687
2711
2688
2712
2689
2713
2690
2714
2691
2715
2716
3792
3972
3974
2694
2718
3796
3797
2695
2719
2696
2720
2697
2721
2698
2722
2699
2723
2700
2724
2701
2725
2702
2726
2703
2727
2704
2728
2705
2729
2706
2730
2707
2731
2708
2732
2709
2733
2710
2734
2711
2735
2712
2736
2713
2737
2714
2738
2715
2739
2716
2740
2741
3795
3975
3977
2719
2743
3799
3800
2720
2744
2721
2745
2722
2746
2723
2747
2724
2748
2725
2749
2726
2750
2727
2751
2728
2752
2729
2753
2730
2754
2731
2755
2732
2756
2733
2757
2734
2758
2735
2759
2736
2760
2737
2761
2738
2762
2739
2763
2740
2764
2741
2765
2766
3798
3978
3980
2744
2768
3802
3803
2745
2769
2746
2770
2747
2771
2748
2772
2749
2773
2750
2774
2751
2775
2752
2776
2753
2777
2754
2778
2755
2779
2756
2780
2757
2781
2758
2782
2759
2783
2760
2784
2761
2785
2762
2786
2763
2787
2764
2788
2765
2789
2766
2790
2791
3801
3981
3983
2769
2793
3805
3806
2770
2794
2771
2795
2772
2796
2773
2797
2774
2798
2775
2799
2776
2800
2777
2801
2778
2802
2779
2803
2780
2804
2781
2805
2782
2806
2783
2807
2784
2808
2785
2809
2786
2810
2787
2811
2788
2812
2789
2813
2790
2814
2791
2815
2816
3804
3984
3986
2794
2818
3808
3809
2795
2819
2796
2820
2797
2821
2798
2822
2799
2823
2800
2824
2801
2825
2802
2826
2803
2827
2804
2828
2805
2829
2806
2830
2807
2831
2808
2832
2809
2833
2810
2834
2811
2835
2812
2836
2813
2837
2814
2838
2815
2839
2816
2840
2841
3807
3987
3989
2819
2843
3811
3812
2820
2844
2821
2845
2822
2846
2823
2847
2824
2848
2825
2849
2826
2850
2827
2851
2828
2852
2829
2853
2830
2854
2831
2855
2832
2856
2833
2857
2834
2858
2835
2859
2836
2860
2837
2861
2838
2862
2839
2863
2840
2864
2841
2865
2866
3810
3990
3992
2844
2868
3814
3815
2845
2869
2846
2870
2847
2871
2848
2872
2849
2873
2850
2874
2851
2875
2852
2876
2853
2877
2854
2878
2855
2879
2856
2880
2857
2881
2858
2882
2859
2883
2860
2884
2861
2885
2862
2886
2863
2887
2864
2888
2865
2889
2866
2890
2891
3813
3993
3995
2869
2893
3817
3818
2870
2894
2871
2895
2872
2896
2873
2897
2874
2898
2875
2899
2876
2900
2877
2901
2878
2902
2879
2903
2880
2904
2881
2905
2882
2906
2883
2907
2884
2908
2885
2909
2886
2910
2887
2911
2888
2912
2889
2913
2890
2914
2891
2915
2916
3816
3996
3998
2894
2918
3820
3821
2895
2919
2896
2920
2897
2921
2898
2922
2899
2923
2900
2924
2901
2925
2902
2926
2903
2927
2904
2928
2905
2929
2906
2930
2907
2931
2908
2932
2909
2933
2910
2934
2911
2935
2912
2936
2913
2937
2914
2938
2915
2939
2916
2940
2941
3819
3999
4001
2919
2943
3823
3824
2920
2944
2921
2945
2922
2946
2923
2947
2924
2948
2925
2949
2926
2950
2927
2951
2928
2952
2929
2953
2930
2954
2931
2955
2932
2956
2933
2957
2934
2958
2935
2959
2936
2960
2937
2961
2938
2962
2939
2963
2940
2964
2941
2965
2966
3822
4002
4004
2944
2968
3826
3827
2945
2969
2946
2970
2947
2971
2948
2972
2949
2973
2950
2974
2951
2975
2952
2976
2953
2977
2954
2978
2955
2979
2956
2980
2957
2981
2958
2982
2959
2983
2960
2984
2961
2985
2962
2986
2963
2987
2964
2988
2965
2989
2966
2990
2991
3825
4005
4007
2969
2993
3829
3830
2970
2994
2971
2995
2972
2996
2973
2997
2974
2998
2975
2999
2976
3000
2977
3001
2978
3002
2979
3003
2980
3004
2981
3005
2982
3006
2983
3007
2984
3008
2985
3009
2986
3010
2987
3011
2988
3012
2989
3013
2990
3014
2991
3015
3016
3828
4008
4010
2994
3018
3832
3833
2995
3019
2996
3020
2997
3021
2998
3022
2999
3023
3000
3024
3001
3025
3002
3026
3003
3027
3004
3028
3005
3029
3006
3030
3007
3031
3008
3032
3009
3033
3010
3034
3011
3035
3012
3036
3013
3037
3014
3038
3015
3039
3016
3040
3041
3831
4011
4013
3019
3043
3835
3836
3020
3044
3021
3045
3022
3046
3023
3047
3024
3048
3025
3049
3026
3050
3027
3051
3028
3052
3029
3053
3030
3054
3031
3055
3032
3056
3033
3057
3034
3058
3035
3059
3036
3060
3037
3061
3038
3062
3039
3063
3040
3064
3041
3065
3066
3834
4014
4016
3044
3068
3838
3839
3045
3069
3046
3070
3047
3071
3048
3072
3049
3073
3050
3074
3051
3075
3052
3076
3053
3077
3054
3078
3055
3079
3056
3080
3057
3081
3058
3082
3059
3083
3060
3084
3061
3085
3062
3086
3063
3087
3064
3088
3065
3089
3066
3090
3091
3837
4017
4019
3069
3093
3841
3842
3070
3094
3071
3095
3072
3096
3073
3097
3074
3098
3075
3099
3076
3100
3077
3101
3078
3102
3079
3103
3080
3104
3081
3105
3082
3106
3083
3107
3084
3108
3085
3109
3086
3110
3087
3111
3088
3112
3089
3113
3090
3114
3091
3115
3116
3840
4020
4022
3094
3118
3844
3845
3095
3119
3096
3120
3097
3121
3098
3122
3099
3123
3100
3124
3101
3125
3102
3126
3103
3127
3104
3128
3105
3129
3106
3130
3107
3131
3108
3132
3109
3133
3110
3134
3111
3135
3112
3136
3113
3137
3114
3138
3115
3139
3116
3140
3141
3843
4023
4025
3119
3143
3847
3848
3120
3144
3121
3145
3122
3146
3123
3147
3124
3148
3125
3149
3126
3150
3127
3151
3128
3152
3129
3153
3130
3154
3131
3155
3132
3156
3133
3157
3134
3158
3135
3159
3136
3160
3137
3161
3138
3162
3139
3163
3140
3164
3141
3165
3166
3846
4026
4028
3144
3168
3850
3851
3145
3169
3146
3170
3147
3171
3148
3172
3149
3173
3150
3174
3151
3175
3152
3176
3153
3177
3154
3178
3155
3179
3156
3180
3157
3181
3158
3182
3159
3183
3160
3184
3161
3185
3162
3186
3163
3187
3164
3188
3165
3189
3166
3190
3191
3849
4029
4031
3169
3193
3853
3854
3170
3194
3171
3195
3172
3196
3173
3197
3174
3198
3175
3199
3176
3200
3177
3201
3178
3202
3179
3203
3180
3204
3181
3205
3182
3206
3183
3207
3184
3208
3185
3209
3186
3210
3187
3211
3188
3212
3189
3213
3190
3214
3191
3215
3216
3852
4032
4034
3194
3218
3856
3857
3195
3219
3196
3220
3197
3221
3198
3222
3199
3223
3200
3224
3201
3225
3202
3226
3203
3227
3204
3228
3205
3229
3206
3230
3207
3231
3208
3232
3209
3233
3210
3234
3211
3235
3212
3236
3213
3237
3214
3238
3215
3239
3216
3240
3241
3855
4035
4037
3219
3243
3859
3860
3220
3244
3221
3245
3222
3246
3223
3247
3224
3248
3225
3249
3226
3250
3227
3251
3228
3252
3229
3253
3230
3254
3231
3255
3232
3256
3233
3257
3234
3258
3235
3259
3236
3260
3237
3261
3238
3262
3239
3263
3240
3264
3241
3265
3266
3858
4038
4040
3244
3268
3862
3863
3245
3269
3246
3270
3247
3271
3248
3272
3249
3273
3250
3274
3251
3275
3252
3276
3253
3277
3254
3278
3255
3279
3256
3280
3257
3281
3258
3282
3259
3283
3260
3284
3261
3285
3262
3286
3263
3287
3264
3288
3265
3289
3266
3290
3291
3861
4041
4043
3269
3293
3865
3866
3270
3294
3271
3295
3272
3296
3273
3297
3274
3298
3275
3299
3276
3300
3277
3301
3278
3302
3279
3303
3280
3304
3281
3305
3282
3306
3283
3307
3284
3308
3285
3309
3286
3310
3287
3311
3288
3312
3289
3313
3290
3314
3291
3315
3316
3864
4044
4046
3294
3318
3868
3869
3295
3319
3296
3320
3297
3321
3298
3322
3299
3323
3300
3324
3301
3325
3302
3326
3303
3327
3304
3328
3305
3329
3306
3330
3307
3331
3308
3332
3309
3333
3310
3334
3311
3335
3312
3336
3313
3337
3314
3338
3315
3339
3316
3340
3341
3867
4047
4049
3319
3343
3871
3872
3320
3344
3321
3345
3322
3346
3323
3347
3324
3348
3325
3349
3326
3350
3327
3351
3328
3352
3329
3353
3330
3354
3331
3355
3332
3356
3333
3357
3334
3358
3335
3359
3336
3360
3337
3361
3338
3362
3339
3363
3340
3364
3341
3365
3366
3870
4050
4052
3344
3368
3874
3875
3345
3369
3346
3370
3347
3371
3348
3372
3349
3373
3350
3374
3351
3375
3352
3376
3353
3377
3354
3378
3355
3379
3356
3380
3357
3381
3358
3382
3359
3383
3360
3384
3361
3385
3362
3386
3363
3387
3364
3388
3365
3389
3366
3390
3391
3873
4053
4055
3369
3393
3877
3878
3370
3394
3371
3395
3372
3396
3373
3397
3374
3398
3375
3399
3376
3400
3377
3401
3378
3402
3379
3403
3380
3404
3381
3405
3382
3406
3383
3407
3384
3408
3385
3409
3386
3410
3387
3411
3388
3412
3389
3413
3390
3414
3391
3415
3416
3876
4056
4058
3394
3418
3880
3881
3395
3419
3396
3420
3397
3421
3398
3422
3399
3423
3400
3424
3401
3425
3402
3426
3403
3427
3404
3428
3405
3429
3406
3430
3407
3431
3408
3432
3409
3433
3410
3434
3411
3435
3412
3436
3413
3437
3414
3438
3415
3439
3416
3440
3441
3879
4059
4061
3419
3443
3883
3884
3420
3444
3421
3445
3422
3446
3423
3447
3424
3448
3425
3449
3426
3450
3427
3451
3428
3452
3429
3453
3430
3454
3431
3455
3432
3456
3433
3457
3434
3458
3435
3459
3436
3460
3437
3461
3438
3462
3439
3463
3440
3464
3441
3465
3466
3882
4062
4064
3444
3468
3886
3887
3445
3469
3446
3470
3447
3471
3448
3472
3449
3473
3450
3474
3451
3475
3452
3476
3453
3477
3454
3478
3455
3479
3456
3480
3457
3481
3458
3482
3459
3483
3460
3484
3461
3485
3462
3486
3463
3487
3464
3488
3465
3489
3466
3490
3491
3885
4065
4067
3469
3493
3889
3890
3470
3494
3471
3495
3472
3496
3473
3497
3474
3498
3475
3499
3476
3500
3477
3501
3478
3502
3479
3503
3480
3504
3481
3505
3482
3506
3483
3507
3484
3508
3485
3509
3486
3510
3487
3511
3488
3512
3489
3513
3490
3514
3491
3515
3516
3888
4068
4070
3494
3518
3892
3893
3495
3519
3496
3520
3497
3521
3498
3522
3499
3523
3500
3524
3501
3525
3502
3526
3503
3527
3504
3528
3505
3529
3506
3530
3507
3531
3508
3532
3509
3533
3510
3534
3511
3535
3512
3536
3513
3537
3514
3538
3515
3539
3516
3540
3541
3891
4071
4073
3519
3543
3895
3896
3520
3544
3521
3545
3522
3546
3523
3547
3524
3548
3525
3549
3526
3550
3527
3551
3528
3552
3529
3553
3530
3554
3531
3555
3532
3556
3533
3557
3534
3558
3535
3559
3536
3560
3537
3561
3538
3562
3539
3563
3540
3564
3541
3565
3566
3894
4074
4076
3544
3568
3898
3899
3545
3569
3546
3570
3547
3571
3548
3572
3549
3573
3550
3574
3551
3575
3552
3576
3553
3577
3554
3578
3555
3579
3556
3580
3557
3581
3558
3582
3559
3583
3560
3584
3561
3585
3562
3586
3563
3587
3564
3588
3565
3589
3566
3590
3591
3897
4077
4079
3569
3593
3901
3902
3570
3594
3571
3595
3572
3596
3573
3597
3574
3598
3575
3599
3576
3600
3577
3601
3578
3602
3579
3603
3580
3604
3581
3605
3582
3606
3583
3607
3584
3608
3585
3609
3586
3610
3587
3611
3588
3612
3589
3613
3590
3614
3591
3615
3616
3900
4080
4082
3594
3618
3904
3905
3595
3619
3596
3620
3597
3621
3598
3622
3599
3623
3600
3624
3601
3625
3602
3626
3603
3627
3604
3628
3605
3629
3606
3630
3607
3631
3608
3632
3609
3633
3610
3634
3611
3635
3612
3636
3613
3637
3614
3638
3615
3639
3616
3640
3641
3903
4083
4085
3619
3907
3908
3620
3642
3621
3643
3622
3644
3623
3645
3624
3646
3625
3647
3626
3648
3627
3649
3628
3650
3629
3651
3630
3652
3631
3653
3632
3654
3633
3655
3634
3656
3635
3657
3636
3658
3637
3659
3638
3660
3639
3661
3640
3662
3641
3663
3664
3643
3665
3644
3666
3645
3667
3646
3668
3647
3669
3648
3670
3649
3671
3650
3672
3651
3673
3652
3674
3653
3675
3654
3676
3655
3677
3656
3678
3657
3679
3658
3680
3659
3681
3660
3682
3661
3683
3662
3684
3663
3685
3664
3686
3687
3666
3688
3667
3689
3668
3690
3669
3691
3670
3692
3671
3693
3672
3694
3673
3695
3674
3696
3675
3697
3676
3698
3677
3699
3678
3700
3679
3701
3680
3702
3681
3703
3682
3704
3683
3705
3684
3706
3685
3707
3686
3708
3687
3709
3710
3689
3711
3690
3712
3691
3713
3692
3714
3693
3715
3694
3716
3695
3717
3696
3718
3697
3698
3699
3700
3701
3702
3719
3703
3720
3704
3721
3705
3722
3706
3723
3707
3724
3708
3725
3709
3726
3710
3727
3728
3712
3729
3713
3730
3714
3731
3715
3716
3717
3718
3720
3721
3722
3723
3724
3725
3726
3727
3728
3730
3731
4086
4088
3734
3737
4086
4087
3910
3911
4089
4091
3737
3740
4089
4090
3913
3914
4092
4094
3740
3743
4092
4093
3916
3917
4095
4097
3743
3746
4095
4096
3919
3920
4098
4100
3746
3749
4098
4099
3922
3923
4101
4103
3749
3752
4101
4102
3925
3926
4104
4106
3752
3755
4104
4105
3928
3929
4107
4109
3755
3758
4107
4108
3931
3932
4110
4112
3758
3761
4110
4111
3934
3935
4113
4115
3761
3764
4113
4114
3937
3938
4116
4118
3764
3767
4116
4117
3940
3941
4119
4121
3767
3770
4119
4120
3943
3944
4122
4124
3770
3773
4122
4123
3946
3947
4125
4127
3773
3776
4125
4126
3949
3950
4128
4130
3776
3779
4128
4129
3952
3953
4131
4133
3779
3782
4131
4132
3955
3956
4134
4136
3782
3785
4134
4135
3958
3959
4137
4139
3785
3788
4137
4138
3961
3962
4140
4142
3788
3791
4140
4141
3964
3965
4143
4145
3791
3794
4143
4144
3967
3968
4146
4148
3794
3797
4146
4147
3970
3971
4149
4151
3797
3800
4149
4150
3973
3974
4152
4154
3800
3803
4152
4153
3976
3977
4155
4157
3803
3806
4155
4156
3979
3980
4158
4160
3806
3809
4158
4159
3982
3983
4161
4163
3809
3812
4161
4162
3985
3986
4164
4166
3812
3815
4164
4165
3988
3989
4167
4169
3815
3818
4167
4168
3991
3992
4170
4172
3818
3821
4170
4171
3994
3995
4173
4175
3821
3824
4173
4174
3997
3998
4176
4178
3824
3827
4176
4177
4000
4001
4179
4181
3827
3830
4179
4180
4003
4004
4182
4184
3830
3833
4182
4183
4006
4007
4185
4187
3833
3836
4185
4186
4009
4010
4188
4190
3836
3839
4188
4189
4012
4013
4191
4193
3839
3842
4191
4192
4015
4016
4194
4196
3842
3845
4194
4195
4018
4019
4197
4199
3845
3848
4197
4198
4021
4022
4200
4202
3848
3851
4200
4201
4024
4025
4203
4205
3851
3854
4203
4204
4027
4028
4206
4208
3854
3857
4206
4207
4030
4031
4209
4211
3857
3860
4209
4210
4033
4034
4212
4214
3860
3863
4212
4213
4036
4037
4215
4217
3863
3866
4215
4216
4039
4040
4218
4220
3866
3869
4218
4219
4042
4043
4221
4223
3869
3872
4221
4222
4045
4046
4224
4226
3872
3875
4224
4225
4048
4049
4227
4229
3875
3878
4227
4228
4051
4052
4230
4232
3878
3881
4230
4231
4054
4055
4233
4235
3881
3884
4233
4234
4057
4058
4236
4238
3884
3887
4236
4237
4060
4061
4239
4241
3887
3890
4239
4240
4063
4064
4242
4244
3890
3893
4242
4243
4066
4067
4245
4247
3893
3896
4245
4246
4069
4070
4248
4250
3896
3899
4248
4249
4072
4073
4251
4253
3899
3902
4251
4252
4075
4076
4254
4256
3902
3905
4254
4255
4078
4079
4257
4259
3905
3908
4257
4258
4081
4082
4260
4262
3908
4260
4261
4084
4085
3910
4088
3911
4087
3913
4091
3914
4090
4086
3916
4094
3917
4093
4089
3919
4097
3920
4096
4092
3922
4100
3923
4099
4095
3925
4103
3926
4102
4098
3928
4106
3929
4105
4101
3931
4109
3932
4108
4104
3934
4112
3935
4111
4107
3937
4115
3938
4114
4110
3940
4118
3941
4117
4113
3943
4121
3944
4120
4116
3946
4124
3947
4123
4119
3949
4127
3950
4126
4122
3952
4130
3953
4129
4125
3955
4133
3956
4132
4128
3958
4136
3959
4135
4131
3961
4139
3962
4138
4134
3964
4142
3965
4141
4137
3967
4145
3968
4144
4140
3970
4148
3971
4147
4143
3973
4151
3974
4150
4146
3976
4154
3977
4153
4149
3979
4157
3980
4156
4152
3982
4160
3983
4159
4155
3985
4163
3986
4162
4158
3988
4166
3989
4165
4161
3991
4169
3992
4168
4164
3994
4172
3995
4171
4167
3997
4175
3998
4174
4170
4000
4178
4001
4177
4173
4003
4181
4004
4180
4176
4006
4184
4007
4183
4179
4009
4187
4010
4186
4182
4012
4190
4013
4189
4185
4015
4193
4016
4192
4188
4018
4196
4019
4195
4191
4021
4199
4022
4198
4194
4024
4202
4025
4201
4197
4027
4205
4028
4204
4200
4030
4208
4031
4207
4203
4033
4211
4034
4210
4206
4036
4214
4037
4213
4209
4039
4217
4040
4216
4212
4042
4220
4043
4219
4215
4045
4223
4046
4222
4218
4048
4226
4049
4225
4221
4051
4229
4052
4228
4224
4054
4232
4055
4231
4227
4057
4235
4058
4234
4230
4060
4238
4061
4237
4233
4063
4241
4064
4240
4236
4066
4244
4067
4243
4239
4069
4247
4070
4246
4242
4072
4250
4073
4249
4245
4075
4253
4076
4252
4248
4078
4256
4079
4255
4251
4081
4259
4082
4258
4254
4084
4262
4085
4261
4257
4087
4088
4090
4091
4093
4094
4096
4097
4099
4100
4102
4103
4105
4106
4108
4109
4111
4112
4114
4115
4117
4118
4120
4121
4123
4124
4126
4127
4129
4130
4132
4133
4135
4136
4138
4139
4141
4142
4144
4145
4147
4148
4150
4151
4153
4154
4156
4157
4159
4160
4162
4163
4165
4166
4168
4169
4171
4172
4174
4175
4177
4178
4180
4181
4183
4184
4186
4187
4189
4190
4192
4193
4195
4196
4198
4199
4201
4202
4204
4205
4207
4208
4210
4211
4213
4214
4216
4217
4219
4220
4222
4223
4225
4226
4228
4229
4231
4232
4234
4235
4237
4238
4240
4241
4243
4244
4246
4247
4249
4250
4252
4253
4255
4256
4258
4259
4261
4262
4264
4272
4601
4265
4273
4266
4267
4274
4267
4270
4271
4268
4269
4275
4269
4271
4285
4271
4273
4276
4607
4274
4277
4275
4278
4281
4281
4285
4286
4277
4619
4632
4278
4633
4279
4282
4634
4281
4282
4289
4290
4282
4291
4292
4634
4912
4283
4284
4287
4288
4284
4286
4289
4286
4288
4290
4291
4290
4292
5189
4294
4295
4297
4559
4564
4296
4298
4382
4560
4297
4419
4420
4573
4297
4298
4423
4424
4421
4422
4394
4425
4426
4300
4494
4713
5448
4301
4302
4500
4303
4713
4734
4303
4304
4506
4305
4755
4305
4306
4512
4776
4796
4307
4518
4796
4308
4524
4816
4309
4315
4530
4316
4816
4835
4311
4319
4839
4998
4999
4312
4320
5001
5002
4313
4321
4821
4314
4322
4822
4323
4823
4840
4316
4325
4536
4317
4326
4327
4835
4851
4319
4331
4839
4853
4320
4332
4321
4333
4322
4334
4323
4335
4324
4336
4337
4840
4854
4326
4339
4542
4327
4340
4328
4341
4329
4342
4851
4330
4343
4852
4331
4344
4853
4332
4345
4333
4346
4334
4347
4335
4348
4336
4349
4337
4350
4338
4351
4352
4854
4864
4340
4354
4548
4341
4355
4342
4356
4343
4357
4344
4358
4345
4359
4346
4360
4347
4361
4348
4362
4349
4363
4350
4364
4351
4365
4352
4366
4353
4367
4368
4864
4872
4355
4369
4554
4356
4370
4357
4371
4358
4372
4359
4373
4360
4374
4361
4375
4362
4376
4363
4377
4364
4378
4365
4379
4366
4380
4367
4381
4368
4885
4879
4886
4370
4382
4560
4371
4383
4372
4384
4373
4385
4374
4386
4375
4387
4376
4388
4377
4389
4378
4390
4379
4391
4380
4392
4381
4393
4885
4892
4383
4394
4407
4384
4395
4408
4385
4396
4409
4386
4397
4410
4387
4398
4411
4388
4399
4412
4389
4400
4413
4390
4401
4414
4391
4402
4415
4392
4403
4416
4393
4404
4417
4405
4418
4892
4407
4427
4428
4407
4408
4431
4432
4408
4409
4435
4436
4409
4410
4439
4440
4410
4411
4443
4444
4411
4412
4447
4448
4412
4413
4451
4452
4413
4414
4455
4456
4414
4415
4459
4460
4415
4416
4463
4464
4416
4417
4467
4468
4417
4418
4471
4472
4418
4475
4476
4892
5026
4429
4430
4433
4434
4437
4438
4441
4442
4445
4446
4449
4450
4453
4454
4457
4458
4461
4462
4465
4466
4469
4470
4473
4474
4420
4422
4595
4422
4424
4424
4426
4426
4428
4428
4430
4430
4432
4432
4434
4434
4436
4436
4438
4438
4440
4440
4442
4442
4444
4444
4446
4446
4448
4448
4450
4450
4452
4452
4454
4454
4456
4456
4458
4458
4460
4460
4462
4462
4464
4464
4466
4466
4468
4468
4470
4470
4472
4472
4474
4474
4476
4476
5415
4574
5464
4479
4574
4575
4576
4576
4578
5474
4481
4483
4576
4577
4484
4569
5471
5484
4487
5472
5473
5492
5493
4484
4489
4485
4490
4486
4491
5471
4487
4492
5472
4488
4493
4494
5448
5473
4490
4495
4491
4496
4492
4497
4493
4498
4494
4499
4500
4496
4501
4497
4502
4498
4503
4499
4504
4500
4505
4506
4502
4507
4503
4508
4504
4509
4505
4510
4506
4511
4512
4508
4513
4509
4514
4510
4515
4511
4516
4512
4517
4518
4514
4519
4515
4520
4516
4521
4517
4522
4518
4523
4524
4520
4525
4521
4526
4522
4527
4523
4528
4524
4529
4530
4526
4531
4527
4532
4528
4533
4529
4534
4530
4535
4536
4532
4537
4533
4538
4534
4539
4535
4540
4536
4541
4542
4538
4543
4539
4544
4540
4545
4541
4546
4542
4547
4548
4544
4549
4545
4550
4546
4551
4547
4552
4548
4553
4554
4550
4555
4551
4556
4552
4557
4553
4558
4554
4559
4560
4556
4561
4557
4562
4558
4563
4559
4564
4560
4562
4565
4570
4563
4566
4571
4564
4567
4572
4568
4573
4570
4581
4582
4570
4571
4585
4586
4571
4572
4589
4590
4572
4573
4593
4594
4577
4579
4580
5484
4583
4584
4587
4588
4591
4592
4595
4596
4575
5464
5474
5521
4577
4578
4579
5466
5475
5536
4580
5466
5525
5550
4582
4584
4584
4586
4586
4588
4588
4590
4590
4592
4592
4594
4594
4596
4596
4598
4603
5032
4599
4604
4600
4605
4601
4606
4607
4603
4614
5030
5035
5030
5032
4605
4616
5031
5032
5038
4606
4617
4607
4618
4619
4609
4620
5431
4610
4621
4611
4622
4612
4623
4613
4624
4614
4625
5033
5033
5035
5030
5035
5178
5179
5182
5183
4904
5038
5184
5559
5560
4618
4629
5037
5038
4619
4630
4631
4621
4635
5436
4622
4636
4623
4637
4624
4638
4625
4639
4626
4640
4905
4905
4907
5033
4903
4907
5039
5041
5036
5042
5044
4630
4644
4910
4911
4631
4645
4632
4646
4633
4647
4634
4648
4649
4912
4636
4656
5443
4637
4657
4638
4658
4639
4659
4640
4660
4641
4661
4913
4905
4913
4915
4908
4915
5045
4909
5046
5048
4645
4665
4919
4920
4646
4666
4647
4667
4648
4668
4649
4669
4650
4670
4921
4912
4921
5201
5202
4652
4672
5439
5445
4653
4673
5440
4654
4674
5441
4655
4675
5442
4656
4676
5443
4657
4677
4658
4678
4659
4679
4660
4680
4661
4681
4662
4682
4922
5051
4913
4922
5206
5207
4916
4924
4918
4926
4927
4929
5196
5211
4666
4685
4928
4929
4667
4686
4668
4687
4669
4688
4670
4689
4671
4690
4930
4921
4930
5214
5215
4673
4692
5447
4674
4693
4675
4694
4676
4695
4677
4696
4678
4697
4679
4698
4680
4699
4681
4700
4682
4701
5049
5049
5051
4922
5051
5217
5218
5220
5221
4927
4933
5052
5054
5229
4686
4706
5053
5054
4687
4707
4688
4708
4689
4709
4690
4710
4691
4711
4934
4930
4934
5232
5233
4693
4714
5449
4694
4715
4695
4716
4696
4717
4697
4718
4698
4719
4699
4720
4700
4721
4701
4722
4702
4723
4935
5062
4935
4937
5049
4931
4937
5055
5056
5057
5059
4706
4726
4940
4941
5052
5053
4707
4727
4708
4728
4709
4729
4710
4730
4711
4731
4712
4732
4942
4934
4942
5244
5245
4714
5449
4715
4734
4716
4735
4717
4736
4718
4737
4719
4738
4720
4739
4721
4740
4722
4741
4723
4742
5060
5068
5060
5062
4935
5062
5246
5247
5248
5249
4939
4946
5063
5065
5239
5254
4727
4747
5064
5065
4728
4748
4729
4749
4730
4750
4731
4751
4732
4752
4733
4753
4947
4942
4947
5257
5258
4735
4755
4736
4756
4737
4757
4738
4758
4739
4759
4740
4760
4741
4761
4742
4762
4957
5066
5066
5068
5060
5068
5260
5261
5263
5264
4943
4949
4944
5069
5071
4747
4767
4952
4953
5063
5064
4748
4768
4749
4769
4750
4770
4751
4771
4752
4772
4753
4773
4754
4774
4954
4947
4954
5273
5274
4756
4776
4757
4777
5077
4758
4778
5080
4759
4779
5083
4760
4780
5086
4761
4781
4967
4762
4782
4955
4969
4955
4957
4957
5066
5278
5279
5280
5281
4948
4959
5072
5074
4767
4786
4951
4952
4962
4963
4768
4787
4769
4788
4770
4789
4771
4790
4772
4791
4773
4792
4774
4793
4775
4794
4964
4954
4964
5290
5291
4777
4797
5075
5095
5075
5077
5077
5078
5080
5080
5081
5083
5083
5084
5086
4965
4967
5086
4967
4969
5296
5297
4955
4969
5087
5089
5090
5092
4786
4805
4961
4962
4975
4976
4787
4806
4788
4807
4789
4808
4790
4809
4791
4810
4792
4811
4793
4812
4794
4813
4795
4814
4977
5116
4964
4977
5310
5311
4797
4816
5093
5093
5095
5075
5095
5096
5098
4978
5078
5099
5101
4979
5081
5102
5104
4980
5084
5105
5107
4965
4981
5108
4972
4987
5111
5113
5301
5343
4805
4823
4974
4975
5112
5113
4806
4824
4807
4825
4808
4826
4809
4827
4810
4828
4811
4829
4812
4830
4813
4831
4814
4832
5114
5114
5116
4977
5116
5345
5346
5349
5350
4817
5117
5093
5117
5119
5119
5120
4997
5128
5130
4983
5000
5001
5003
5335
5374
4822
4985
4986
5002
5003
4823
5111
5112
4824
4825
4840
4826
4841
4827
4842
4828
4843
4829
4844
4830
4845
4831
4846
4832
4847
4833
4848
5131
5114
5131
5133
4988
5133
5134
5136
4836
5117
5118
5137
4989
5137
5139
4991
5139
5140
5142
5356
4993
5142
5143
5145
5364
4995
4996
5144
5145
4841
4842
4854
4843
4855
4844
4856
4845
4857
4846
4858
4847
4859
4848
4860
4849
4861
5005
5005
5007
5131
5004
5007
5146
5148
4852
5137
5138
4853
5140
5141
5143
5144
4855
4856
4864
4857
4865
4858
4866
4859
4867
4860
4868
4861
4869
4862
4870
5009
5151
5005
5009
5384
5385
5008
5011
4865
4866
4872
4867
4873
4868
4874
4869
4875
4870
4876
5149
5149
5151
5009
5151
5152
5154
4873
4879
4874
4880
4875
4881
4876
4882
4877
4883
5013
5016
5013
5149
5393
5394
5012
5014
4880
4887
4881
4888
4882
4889
5159
4883
4890
5015
5018
5015
5016
5013
5016
5155
5156
4886
4893
5164
4887
4894
5167
4888
4895
5021
4889
4896
5024
5157
5157
5159
5018
5159
5400
5401
5015
5018
5160
5161
4893
5026
5162
5162
5164
5164
5165
5167
5019
5021
5167
5021
5024
5405
5406
5024
5157
5168
5170
5017
5025
5026
5162
5416
5417
5420
5421
5027
5165
5171
5173
5019
5028
5174
5176
5022
5029
5034
5177
5179
5031
5182
5184
4906
4907
4908
4915
5185
5034
5039
5185
5186
5188
4911
4920
5186
5187
5037
5043
5044
5189
5190
5192
5193
4916
4924
5191
5193
5045
5191
5192
5194
4918
4926
5195
5196
5198
4920
4929
5196
5197
5047
5048
5199
5200
5204
5205
5203
5205
5206
5208
4927
4933
5209
5210
5211
4928
5209
4929
5054
5212
5213
5050
5216
5218
4941
5052
5224
5226
5227
5229
5230
5231
5235
5236
5234
5236
5050
5055
5234
5235
4939
4946
5238
5239
5241
4941
5065
5239
5240
5058
5059
5226
5242
5243
5061
5247
5250
4953
5063
5250
5251
5253
5254
5252
5254
5255
5256
5067
5259
5261
5061
5263
5265
4951
4963
5267
5269
4952
5069
5070
5267
4953
5070
5071
5271
5272
5089
5276
5277
4958
4971
5275
5277
5275
5276
5279
5067
5280
5282
4961
4976
5284
5286
4962
5072
5073
5284
4963
5073
5074
5269
5288
5289
5085
5108
5293
5294
4968
5292
5294
5292
5293
5295
5297
5087
5298
5299
4972
4987
5300
5301
4974
5113
5303
5305
4975
5090
5091
5303
4976
5091
5092
5286
5308
5309
5076
5314
5316
5079
5321
5323
5082
5327
5329
5085
5330
5332
4983
5000
5333
5335
4985
5003
5337
5339
4986
5109
5110
5337
5111
5342
5343
5341
5343
5115
5344
5346
5118
5120
5121
5352
5353
4991
5139
5351
5353
5356
5358
4993
5142
5359
5361
5364
5366
4995
5145
5364
5365
5367
5368
4996
5126
5127
4998
5370
5371
5369
5371
4999
5128
5129
5001
5373
5374
5372
5374
5002
5003
5339
5132
5375
5377
5006
5007
5008
5011
5380
5384
5132
5146
5380
5154
5382
5383
5381
5383
5384
5386
5150
5388
5156
5391
5392
5150
5393
5395
5161
5397
5398
5155
5396
5397
5158
5399
5401
5160
5402
5403
5020
5166
5176
5021
5022
5029
5406
5428
5404
5406
5407
5409
5168
5407
5408
5158
5412
5414
5415
5163
5420
5422
5166
5425
5427
5428
5031
5032
5182
5034
5035
5179
5558
5560
5038
5558
5559
5040
5185
5041
5177
5043
5188
5044
5187
5558
5194
5047
5198
5048
5197
5186
5050
5051
5218
5053
5224
5054
5237
5216
5058
5241
5059
5240
5222
5061
5062
5247
5263
5064
5065
5067
5068
5261
5280
5070
5270
5071
5250
5073
5287
5074
5266
5076
5098
5077
5078
5314
5079
5101
5080
5081
5321
5082
5104
5083
5084
5327
5085
5107
5086
5330
5088
5089
5300
5091
5307
5092
5283
5562
5563
5119
5561
5563
5096
5561
5562
5097
5098
5315
5314
5100
5316
5318
5101
5317
5322
5321
5103
5323
5325
5104
5324
5328
5327
5106
5329
5107
5331
5330
5334
5110
5340
5342
5112
5113
5305
5115
5116
5133
5346
5118
5119
5120
5563
5121
5354
5123
5355
5358
5357
5362
5125
5363
5366
5365
5367
5127
5368
5370
5129
5371
5130
5373
5372
5132
5133
5377
5134
5135
5377
5136
5376
5379
5344
5378
5138
5139
5140
5353
5141
5142
5143
5361
5144
5145
5147
5380
5148
5375
5150
5151
5388
5393
5152
5153
5388
5154
5387
5390
5389
5158
5170
5159
5401
5412
5163
5164
5165
5420
5166
5173
5167
5425
5169
5411
5170
5410
5413
5412
5172
5422
5424
5173
5423
5426
5425
5175
5427
5176
5428
5178
5179
5181
5181
5184
5560
5183
5183
5184
5187
5188
5190
5201
5192
5194
5193
5206
5198
5197
5198
5200
5202
5214
5202
5204
5208
5205
5207
5220
5207
5208
5211
5227
5213
5215
5232
5215
5217
5218
5219
5221
5221
5223
5226
5225
5225
5229
5226
5228
5228
5229
5231
5233
5244
5233
5235
5237
5236
5248
5241
5240
5241
5243
5245
5257
5245
5247
5249
5251
5253
5254
5256
5258
5273
5258
5260
5261
5262
5264
5264
5265
5269
5268
5270
5269
5272
5274
5290
5274
5276
5279
5277
5300
5279
5281
5282
5286
5285
5287
5286
5289
5291
5310
5291
5293
5297
5294
5334
5296
5297
5299
5299
5302
5305
5304
5304
5307
5305
5306
5307
5309
5311
5349
5311
5313
5316
5318
5315
5315
5316
5318
5320
5320
5323
5325
5322
5322
5323
5325
5326
5328
5328
5329
5331
5332
5372
5336
5339
5338
5338
5340
5339
5342
5343
5345
5348
5346
5347
5348
5350
5378
5350
5352
5355
5358
5353
5354
5355
5357
5361
5358
5360
5360
5363
5366
5361
5362
5363
5365
5366
5368
5370
5371
5373
5374
5376
5377
5379
5382
5386
5383
5385
5389
5385
5386
5388
5390
5392
5394
5394
5395
5397
5398
5400
5401
5403
5403
5405
5409
5406
5408
5408
5411
5409
5411
5413
5415
5417
5417
5419
5419
5422
5424
5421
5421
5422
5424
5426
5427
5430
5434
5452
5453
5431
5435
5436
5498
5500
5434
5440
5451
5452
5458
5459
5435
5441
5436
5442
5443
5501
5503
5455
5462
5504
5506
5510
5519
5440
5457
5458
5505
5506
5441
5442
5443
5445
5446
5460
5461
5533
5534
5447
5504
5505
5447
5448
5473
5449
5449
5451
5459
5508
5509
5452
5495
5496
5508
5453
5496
5497
5455
5462
5510
5457
5506
5512
5514
5458
5498
5499
5512
5459
5499
5500
5509
5461
5483
5501
5502
5504
5518
5519
5517
5519
5464
5520
5521
5521
5520
5521
5522
5524
5476
5525
5485
5526
5528
5478
5488
5529
5531
5480
5491
5492
5494
5540
5557
5482
5494
5532
5534
5544
5472
5486
5487
5489
5490
5532
5533
5522
5523
5535
5536
5476
5536
5537
5478
5488
5538
5480
5491
5539
5540
5482
5494
5541
5543
5544
5546
5534
5544
5545
5547
5548
5486
5550
5551
5549
5551
5487
5526
5527
5489
5553
5554
5552
5554
5490
5529
5530
5492
5556
5557
5555
5557
5493
5494
5532
5543
5496
5497
5499
5516
5500
5507
5502
5548
5503
5518
5517
5505
5506
5514
5509
5511
5514
5513
5513
5516
5514
5515
5516
5518
5519
5524
5522
5523
5524
5537
5549
5527
5551
5528
5553
5552
5530
5554
5531
5556
5538
5555
5533
5534
5536
5539
5555
5543
5542
5546
5543
5545
5546
5548
5550
5551
5553
5554
5556
5557
5559
5560
5562
5563
)


// ************************************************************************* //
