/*--------------------------------*- C++ -*----------------------------------*\
| =========                 |                                                 |
| \\      /  F ield         | OpenFOAM: The Open Source CFD Toolbox           |
|  \\    /   O peration     | Version:  v1912                                 |
|   \\  /    A nd           | Website:  www.openfoam.com                      |
|    \\/     M anipulation  |                                                 |
\*---------------------------------------------------------------------------*/
FoamFile
{
    version     2.0;
    format      ascii;
    class       surfaceScalarField;
    location    "350";
    object      phi;
}
// * * * * * * * * * * * * * * * * * * * * * * * * * * * * * * * * * * * * * //

dimensions      [0 3 -1 0 0 0 0];
oriented        oriented;


internalField   nonuniform List<scalar> 
7200
(
-8.45054e-05
0.0100461
-0.000172642
0.0100534
2.41362e-05
0.010021
-0.000267887
0.0100664
3.67395e-05
0.0100408
0.000172088
0.00984734
-0.000372228
0.0100836
2.61273e-05
0.0100771
0.000317039
0.00989582
0.000405077
0.00943997
-0.000486477
0.0101022
-1.40227e-05
0.0101238
0.000411245
0.00998285
0.000749304
0.00955159
0.000830027
0.00860678
-0.000610394
0.0101201
-8.59075e-05
0.0101741
0.000442889
0.0100921
0.000987458
0.0097447
0.001501
0.00888062
0.0016764
0.00342045
0.00350563
-0.000742747
0.0101356
-0.000187833
0.010222
0.000410717
0.0102063
0.00109972
0.00997988
0.00193602
0.00930968
0.00286838
0.0037431
0.00394553
0.00081153
0.00260629
0.0015271
0.00279006
-0.000882473
0.0101483
-0.000316755
0.0102645
0.000320395
0.0103124
0.00109271
0.0102133
0.0021125
0.0098034
0.00359771
0.00858034
0.00215643
0.00311377
0.0026568
0.00344517
0.00123418
0.000675025
0.000694081
0.00232254
0.000921629
0.000780074
-0.0010282
0.010158
-0.000467947
0.0102995
0.000181353
0.0104035
0.000987754
0.0104173
0.00207592
0.0102499
0.00372756
0.00967355
-0.0036384
0.00705401
0.00363409
0.00418745
0.00307087
0.00113728
0.00122816
0.00287763
0.000395642
0.000278068
0.000790158
0.000299564
-0.00119424
0.00150879
0.000607079
0.000375992
-0.00117898
0.0101653
-0.000637552
0.0103276
2.92973e-06
0.0104779
0.000808024
0.0105832
0.0018921
0.0106011
0.00350246
0.010475
0.00651189
0.0102157
0.00573432
-0.00518234
0.0016968
0.00138531
0.00559567
0.0043261
0.00183159
0.000814483
0.00208721
0.000972531
-0.00210173
0.00104607
0.000838166
0.000277402
0.000576966
-0.000952959
0.00156004
-0.00133257
0.0101691
-0.00082138
0.0103491
-0.000205746
0.0105363
0.000573278
0.0107127
0.00161153
0.0108638
0.00310362
0.011
0.00558199
0.0114049
-0.00534951
0.00994108
0.00527635
0.00594342
-0.00260668
0.00278037
0.00152311
-0.00218694
0.000965566
-0.00210049
0.00211409
0.00174336
0.0017392
0.000635322
0.000609999
-0.00208349
0.000942621
-0.00124532
-0.00149088
0.0101733
-0.00101737
0.0103651
-0.000437299
0.0105807
0.000298895
0.0108107
0.00126887
0.0110554
0.00261635
0.0113511
0.00462251
0.0119594
0.00806796
0.013278
0.00440952
-0.00198669
0.00438672
-0.0015332
0.00444209
0.00591084
-0.00190819
0.0013308
-0.000942621
-0.0016596
0.001787
-0.0013308
0.00141456
0.000635322
-0.00165076
0.0101749
-0.00122164
0.0103776
-0.000686989
0.0106148
-3.95605e-06
0.0108835
0.000887946
0.0111916
0.00208828
0.0115834
0.00373898
0.0122346
0.0062909
0.0137365
-0.00314545
0.00720608
0.0136595
0.00247683
0.00315525
-0.000540689
-0.000704666
-0.000977642
0.00123144
0.00524222
0.000436922
-0.0018117
0.0101749
-0.00143219
0.0103854
-0.000948427
0.010639
-0.000325652
0.0109365
0.000483698
0.0112878
0.00154592
0.011734
0.00293029
0.0123921
0.00482727
0.0136982
0.00600259
0.01494
-0.00187862
0.00440031
0.0123611
-0.00122331
0.00111056
-0.000140876
0.00226373
-7.81722e-05
-0.000963697
0.000423008
-0.000436922
0.00447417
-0.00197531
0.0101766
-0.00164954
0.0103923
-0.00122144
0.0106584
-0.000660748
0.0109741
6.67027e-05
0.0113535
0.0010047
0.011829
0.00218178
0.0124825
0.00365121
0.0135682
0.00474317
0.0149577
0.00435639
0.0149839
0.00231094
0.0107522
-0.00023874
-0.000463306
-0.000504886
0.00375574
0.000282131
0.00179507
-1.01469e-05
-2.60725e-05
0.000203959
-0.0021393
0.010177
-0.00187055
0.0103976
-0.00150173
0.0106726
-0.00100666
0.0110044
-0.000359352
0.0114002
0.000467803
0.0118904
0.00148241
0.0125283
0.00267298
0.0134607
0.00363511
0.0146762
0.0037355
0.0155785
0.00289094
0.0144039
0.00121685
0.00966874
-0.000104751
-2.86151e-05
-0.00333763
0.00302203
7.6862e-05
-4.52001e-05
0.00165017
2.32727e-05
7.64273e-05
-0.000177887
0.00016774
-0.00230544
0.0101771
-0.00209541
0.0104019
-0.00178877
0.0106847
-0.00136003
0.0110259
-0.00079034
0.0114353
-6.17936e-05
0.0119298
0.00082205
0.0125507
0.00182341
0.0133779
0.00268188
0.0144139
0.00298644
0.0154253
0.00274312
0.0157264
0.00191088
0.0137099
0.000756178
0.00906341
-9.95686e-05
-5.12778e-05
-0.00293042
0.00283701
-1.13372e-05
6.29946e-05
0.00155424
7.4509e-05
9.8277e-05
0.000191012
0.00026744
-0.00247153
0.0101771
-0.00232348
0.0104052
-0.00208052
0.0106936
-0.00172067
0.0110453
-0.00122662
0.0114622
-0.000584407
0.011958
0.00019338
0.0125584
0.00106212
0.013312
0.00184344
0.0142164
0.00225557
0.0151448
0.00229038
0.015878
0.00200985
0.0156274
0.00131909
0.013147
0.000536734
0.00867212
-8.1615e-05
-6.38324e-05
-0.00279373
0.00272269
-2.8536e-05
-7.99676e-06
-0.00157843
0.00157373
-8.0488e-06
1.4076e-06
3.63754e-05
2.43227e-06
-0.000299541
0.000345953
2.80976e-05
6.61754e-05
-0.00263939
0.0101769
-0.0025542
0.0104078
-0.00237832
0.010703
-0.00208916
0.0110621
-0.00166749
0.0114862
-0.00110585
0.0119837
-0.000415702
0.012567
0.000357577
0.013263
0.00108353
0.0140719
0.00156269
0.0149092
0.00175494
0.0156802
0.00175146
0.0161364
0.00149589
0.0154506
0.000969426
0.0127143
0.000406328
0.00839346
-6.48782e-05
-6.27854e-05
-0.00267892
0.0026253
-2.79955e-05
-2.00548e-05
-0.00156713
0.00154499
-4.36284e-06
-2.02549e-06
1.02052e-06
-2.41874e-06
-0.000376826
0.000370807
-2.02981e-06
-0.000375322
-9.63869e-08
0.000373451
8.8769e-06
5.61414e-07
-6.61754e-05
9.4273e-05
-0.00280677
0.0101764
-0.00278593
0.0104086
-0.00267848
0.010708
-0.00246236
0.0110762
-0.00211533
0.0115099
-0.0016281
0.0120084
-0.00101172
0.0125797
-0.000308245
0.0132329
0.000379229
0.0139673
0.000905917
0.0147287
0.00121154
0.0154526
0.00135452
0.0160772
0.0013523
0.01628
0.00115357
0.0152664
0.000745827
0.0123748
0.000313786
0.00819057
-5.13179e-05
-5.9577e-05
-0.00258488
0.00254528
-2.52741e-05
-2.23691e-05
-0.00152834
0.00150637
-3.42024e-06
-2.60523e-06
-1.16074e-06
-2.24688e-06
-0.000366909
0.000363549
-1.00277e-06
-0.000368675
-2.59535e-07
0.000371097
7.30441e-07
3.43636e-09
-0.000103615
0.000101585
-0.000103711
0.00010315
-0.00297437
0.0101766
-0.00301994
0.0104104
-0.00298438
0.0107145
-0.00284344
0.0110891
-0.00257186
0.0115327
-0.00215797
0.0120398
-0.00160576
0.0126025
-0.000954091
0.0132255
-0.000289837
0.0139019
0.000273932
0.0145993
0.000668135
0.0152721
0.000916714
0.0158904
0.00105398
0.0163755
0.00107266
0.0163609
0.000922342
0.0150899
0.000582278
0.0121063
0.000225791
0.0080505
-3.1782e-05
-5.394e-05
-0.00250829
0.00247994
-2.29744e-05
-2.25877e-05
-0.00148827
0.00146871
-2.96139e-06
-2.75289e-06
-1.97417e-06
-2.29232e-06
-0.000358089
0.000355501
-8.32935e-07
-0.000360269
-4.2524e-07
0.000362301
8.67014e-08
-2.14682e-07
-0.000102059
0.000101057
-0.000102319
0.000102316
-0.00314175
0.0101754
-0.00325309
0.0104098
-0.00329085
0.0107169
-0.00323028
0.0111013
-0.00303905
0.0115562
-0.00269836
0.0120731
-0.00220457
0.0126386
-0.00159289
0.0132413
-0.000937306
0.013873
-0.000338516
0.0145144
0.00013134
0.0151361
0.000468167
0.0157206
0.000697579
0.0162468
0.000839706
0.0166085
0.000882221
0.0164011
0.000750654
0.0149215
0.000442152
0.0118899
0.000106834
0.00795891
1.76769e-05
-3.29282e-05
-0.00244709
0.00243264
-1.73282e-05
-2.10874e-05
-0.00145101
0.00143384
-2.77437e-06
-3.02792e-06
-2.49538e-06
-2.3942e-06
-0.000349537
0.000347332
-7.56569e-07
-0.000351808
-4.82349e-07
0.000353742
-2.15164e-07
-3.57852e-07
-0.000100503
9.96705e-05
-0.000100929
0.000101143
-0.00330928
0.0101755
-0.00348583
0.0104081
-0.00359924
0.0107181
-0.00362423
0.0111108
-0.00351757
0.0115798
-0.00325575
0.0121136
-0.00281832
0.0126869
-0.00223803
0.0132837
-0.00158133
0.0138853
-0.000944401
0.0144789
-0.000404019
0.0150497
1.35208e-05
0.0155907
0.00032473
0.0160935
0.000545728
0.0165408
0.000697606
0.0167931
0.000745137
0.0164066
0.000608542
0.0147552
0.000302881
0.0116939
-5.66177e-05
0.00783643
0.000136112
4.29931e-05
-0.00241106
0.00242266
6.07127e-06
-1.13505e-05
-0.00141806
0.00140633
-2.31459e-06
-3.27816e-06
-2.95322e-06
-2.36256e-06
-0.000340869
0.000338847
-7.52349e-07
-0.000343323
-5.73917e-07
0.000345253
-4.15484e-07
-4.64718e-07
-9.86151e-05
9.78586e-05
-9.90975e-05
9.94553e-05
-0.00347411
0.0101728
-0.00371389
0.0104036
-0.00390578
0.0107147
-0.00402047
0.0111144
-0.00400982
0.0116031
-0.00383572
0.0121598
-0.00345659
0.0127519
-0.00290278
0.0133516
-0.00223323
0.0139356
-0.00154804
0.0144889
-0.000937357
0.0150122
-0.000442348
0.0155056
-5.76474e-05
0.0159731
0.000229901
0.0164093
0.000451878
0.0167866
0.000605816
0.0169324
0.000638223
0.0163769
0.000484468
0.0145736
0.000172087
0.0114652
-0.00014355
0.00763008
0.000175519
0.00017438
-0.00242589
0.00244974
0.00011226
3.97632e-05
-0.00139963
0.00140821
4.96547e-07
-3.00806e-06
-3.20488e-06
-1.44734e-06
-0.000331992
0.00033041
-7.32549e-07
-0.000334632
-6.37937e-07
0.000336452
-5.58837e-07
-5.42479e-07
-9.64044e-05
9.56521e-05
-9.69784e-05
9.74431e-05
-0.00363605
0.0101689
-0.00393612
0.0103951
-0.0042053
0.0107031
-0.00441776
0.0111119
-0.00451687
0.0116214
-0.00444352
0.0122109
-0.00412959
0.0128328
-0.0036031
0.0134522
-0.00290823
0.0140266
-0.00216121
0.0145488
-0.00147391
0.0150255
-0.000902569
0.0154724
-0.000445837
0.0158938
-9.32911e-05
0.0162963
0.000184097
0.0166771
0.000399348
0.016993
0.000542142
0.0170285
0.000553034
0.0163083
0.000387245
0.0143584
0.00011588
0.0112057
-2.98603e-05
0.0075209
2.40801e-05
0.000114952
-0.00244094
0.00243912
0.00017734
0.000183186
-0.00143846
0.00148567
4.73625e-05
1.76887e-05
-1.28656e-07
9.6463e-06
-0.00032446
0.000325323
-3.66613e-07
-0.000326882
-5.85736e-07
0.000327831
-6.26052e-07
-4.98231e-07
-9.39128e-05
9.31802e-05
-9.45507e-05
9.50932e-05
-0.00379458
0.0101635
-0.00414828
0.0103811
-0.0044938
0.0106836
-0.00481151
0.0110969
-0.00503405
0.0116291
-0.00508252
0.0122604
-0.00484819
0.0129294
-0.00435474
0.0135845
-0.0036176
0.0141616
-0.0027907
0.0146561
-0.00201792
0.0150928
-0.00136492
0.0154878
-0.000835311
0.0158619
-0.000420509
0.016221
-9.30099e-05
0.0165734
0.000168034
0.0169084
0.000374615
0.0171605
0.000500048
0.0170815
0.000493695
0.0162019
0.000347274
0.014127
0.00017157
0.0110043
0.000124942
0.00744612
-4.83876e-05
-1.77403e-06
-0.00246269
0.00246148
2.52954e-05
9.13748e-05
-0.00149934
0.00152619
5.39725e-05
9.65164e-05
7.42064e-05
9.53081e-05
-0.000343512
0.000368596
2.22793e-05
-0.000332835
7.01145e-06
0.000325107
8.6875e-08
1.91839e-06
-9.14702e-05
9.11036e-05
-9.2056e-05
9.25542e-05
-0.00394775
0.0101552
-0.00434384
0.0103591
-0.00476189
0.0106492
-0.00518985
0.0110619
-0.00555748
0.0116203
-0.0057542
0.0123008
-0.00562336
0.0130356
-0.00517744
0.0137521
-0.00438311
0.01435
-0.00344964
0.0148205
-0.00257196
0.0152101
-0.00183028
0.0155582
-0.00122743
0.0158799
-0.000750358
0.0161918
-0.000371978
0.0165
-6.81463e-05
0.0168096
0.000177295
0.0171057
0.00036755
0.017293
0.000478104
0.0170971
0.000474448
0.0160747
0.000372293
0.0139263
0.000275191
0.0108541
0.000216858
0.00733987
-6.46821e-05
-4.59219e-05
-0.00246457
0.0024407
-2.45213e-05
-4.86122e-06
-0.00157167
0.00159249
-3.44094e-06
7.91539e-06
3.57376e-05
1.01549e-05
-0.000445649
0.000465712
3.39093e-05
-0.000414182
6.505e-05
0.000391275
5.15271e-05
7.24004e-05
-0.00010012
0.0001224
-9.31088e-05
9.11905e-05
-0.0040923
0.0101415
-0.00451705
0.0103284
-0.00500057
0.0105978
-0.00554367
0.011003
-0.00607736
0.0115818
-0.00645522
0.0123213
-0.0064683
0.0131457
-0.0061023
0.0139605
-0.00522373
0.0145928
-0.00414481
0.0150451
-0.00314063
0.0153892
-0.00230022
0.0156801
-0.00162103
0.0159518
-0.00108043
0.01621
-0.000652341
0.0164721
-0.00030934
0.0167412
-2.94612e-05
0.0170163
0.000200797
0.0172725
0.000377113
0.017394
0.000481506
0.01709
0.000492783
0.0159542
0.000435807
0.0137657
0.000359951
0.010711
0.000255939
0.00720213
-6.09108e-05
-5.7284e-05
-0.00242348
0.00239241
-3.36122e-05
-2.86988e-05
-0.00159522
0.00158344
-7.9001e-06
-4.83986e-06
-1.00289e-06
-6.58279e-06
-0.000495893
0.000493745
-1.29342e-06
-0.000489961
1.98346e-06
0.000485565
1.58842e-05
5.75897e-06
-0.000241951
0.000266948
8.9129e-06
-0.00020033
2.34292e-05
0.000173927
4.59965e-05
-0.0042239
0.0101226
-0.00465934
0.0102838
-0.00519556
0.0105234
-0.00585341
0.0109075
-0.00657305
0.0114987
-0.00717498
0.0123015
-0.00740125
0.0132543
-0.00717479
0.0142182
-0.00616853
0.0149053
-0.00488834
0.0153363
-0.00372536
0.0156299
-0.00277327
0.0158623
-0.00201188
0.0160709
-0.00140856
0.0162799
-0.000930415
0.0164881
-0.000546524
0.0167093
-0.000235747
0.0169475
2.12685e-05
0.0171958
0.000234306
0.0174153
0.000402511
0.017473
0.000507639
0.0170751
0.000536705
0.0158533
0.000499963
0.0136257
0.0004076
0.0105593
0.000273786
0.00706295
-7.93498e-05
-5.52656e-05
-0.0023661
0.0023335
-2.83088e-05
-3.09812e-05
-0.00156772
0.0015478
-7.33664e-06
-6.35927e-06
-5.63502e-06
-7.34996e-06
-0.000488095
0.000483685
-3.48984e-06
-0.000490282
-2.65271e-06
0.000494311
-1.56869e-06
-2.55359e-06
-0.000286915
0.000286142
-5.20446e-07
-0.000284899
-3.3006e-08
0.000279872
2.95962e-06
7.32579e-07
-6.94257e-05
7.83386e-05
-4.59965e-05
-0.00434175
0.0101008
-0.0047625
0.0102258
-0.00532981
0.0104181
-0.00609152
0.0107615
-0.00701704
0.0113515
-0.00789777
0.0122215
-0.00846673
0.013367
-0.00847383
0.0145533
-0.00726057
0.0153103
-0.0056967
0.0157136
-0.00433232
0.0159433
-0.00325122
0.0161078
-0.00240129
0.0162517
-0.00173379
0.0163962
-0.00120516
0.0165547
-0.000782918
0.0167245
-0.000442662
0.0169162
-0.000161586
0.0171303
7.54341e-05
0.0173547
0.000276354
0.0175415
0.000439777
0.0175409
0.000548796
0.0170631
0.00058716
0.0157661
0.000543562
0.0134897
0.000427652
0.0104054
0.000266505
-0.000136609
0.00693306
-0.00229505
0.00215526
6.04367e-05
-1.68101e-05
-0.00152884
0.00151011
-4.29676e-06
-5.27597e-06
-5.8588e-06
-6.1614e-06
-0.000473138
0.00046913
-3.32827e-06
-0.000476603
-2.89455e-06
0.000480925
-2.87534e-06
-3.02819e-06
-0.000281238
0.000278614
-8.65175e-07
-0.000283167
-7.23857e-07
0.000285024
-4.50367e-07
-6.97203e-07
-8.19978e-05
8.14773e-05
-8.20308e-05
8.12982e-05
-0.00444418
0.0100784
-0.00481871
0.0101571
-0.00538152
0.0102775
-0.00622376
0.0105503
-0.00736772
0.0111122
-0.00860826
0.012062
-0.00973468
0.0134895
-0.0101073
0.0150005
-0.00855363
0.0158464
-0.00658967
0.0162032
-0.00496828
0.0163496
-0.0037349
0.0164269
-0.00278736
0.0164939
-0.00205305
0.0165709
-0.00147412
0.0166651
-0.00101494
0.0167867
-0.000645264
0.0169271
-0.000341359
0.017096
-8.53649e-05
0.0172911
0.000134063
0.017497
0.000325431
0.0176558
0.000484232
0.0176055
0.000592625
0.0170576
0.00062444
0.0156852
0.000563606
0.0133537
0.000422168
0.0102498
-0.00159374
0.00363182
-8.71066e-06
-1.07232e-05
0.000250012
-0.000122095
0.00680514
-0.0015043
-2.89955e-05
-2.04039e-06
-8.96698e-06
-0.000458938
0.000455872
-1.23142e-06
-0.000462278
-1.93555e-06
0.00046595
-2.67862e-06
-2.48963e-06
-0.000271875
0.000269348
-8.02023e-07
-0.000274061
-7.08419e-07
0.000276344
-6.05249e-07
-7.45257e-07
-7.96059e-05
7.87407e-05
-8.03298e-05
8.1027e-05
-0.00453308
0.0100609
-0.00482789
0.0100876
-0.00533713
0.0101127
-0.00620765
0.0102614
-0.00754969
0.0107323
-0.00925787
0.0117618
-0.0112369
0.0135642
-0.0121269
0.015509
-0.0100231
0.01647
-0.00753632
0.016793
-0.00562064
0.0168556
-0.00422367
0.0168384
-0.00317202
0.0168116
-0.0023637
0.0168045
-0.0017344
0.0168312
-0.00124106
0.0168912
-0.000843232
0.0169847
-0.000519213
0.0171049
-0.000248358
0.017259
-1.44273e-05
0.0174396
0.000193155
0.0176293
0.000377518
0.0177625
0.000529849
0.0176682
0.000631345
0.0170507
0.000645697
0.0156031
0.00055951
0.0132164
0.000395819
0.010104
0.00353205
-1.0295e-05
-1.20339e-05
-0.000673175
0.000665153
-3.80475e-07
-3.08352e-07
-0.000682657
-4.43293e-07
-7.986e-07
0.000206482
-9.86791e-05
0.00669733
-0.000421173
-8.41641e-07
-8.27289e-07
-0.00028881
0.000450647
3.18427e-06
2.0507e-05
-0.00026382
0.00026289
-3.00879e-07
-0.000265315
-4.40914e-07
0.000267201
-5.31324e-07
-6.0347e-07
-7.66818e-05
7.58797e-05
-7.73902e-05
7.81355e-05
-0.00461181
0.0100497
-0.00479698
0.01003
-0.00519661
0.00994709
-0.00600224
0.00990725
-0.00745446
0.0101661
-0.00967039
0.0111448
-0.012837
0.0133619
-0.0143381
0.0157754
-0.0113857
0.0168716
-0.00834015
0.0172738
-0.00618467
0.017357
-0.00466947
0.0173014
-0.00353442
0.0172008
-0.00266363
0.0171115
-0.00198844
0.0170586
-0.0014597
0.0170498
-0.00103667
0.0170847
-0.000692552
0.017158
-0.000406263
0.0172629
-0.000160653
0.0174052
5.39181e-05
0.0175788
0.000249309
0.0177575
0.000425175
0.0178672
0.000571822
0.0177278
0.000656277
0.0170401
0.000647465
0.0155152
0.000533482
0.0130787
0.000344011
0.00996644
0.00345698
-9.92929e-06
-1.36813e-05
-0.000654024
0.000644925
-6.14111e-07
-5.82239e-07
-3.93512e-07
-5.1173e-07
-6.85543e-05
6.81737e-05
-6.88626e-05
-6.93059e-05
-7.01046e-05
0.000126491
-4.0969e-05
0.00661181
-7.09463e-05
-7.17736e-05
-0.000265503
-2.80014e-06
5.70584e-07
-7.4304e-05
7.40031e-05
-7.4745e-05
7.53484e-05
-0.00468478
0.010046
-0.00474078
0.00999353
-0.0049847
0.00981808
-0.00561039
0.00955524
-0.00697752
0.00943031
-0.00954529
0.010041
-0.014042
0.0123498
-0.0159671
0.0149909
-0.0118368
0.0162265
-0.00846346
0.0169949
-0.0063438
0.017433
-0.00490568
0.0175933
-0.00380068
0.0175677
-0.00292031
0.0174574
-0.00222072
0.0173438
-0.00166658
0.0172655
-0.00122161
0.0172348
-0.000860306
0.0172524
-0.000560991
0.0173127
-0.000306146
0.0174083
-8.35576e-05
0.0175427
0.000118421
0.0177097
0.000302168
0.0178805
0.000469363
0.0179696
0.000602808
0.0177812
0.000666101
0.0170215
0.000629356
0.0154193
0.000486334
0.0129364
0.000266883
0.00982605
0.00342968
-1.30923e-06
-1.23589e-05
-0.000632479
0.00062392
-6.6801e-07
-7.03121e-07
-5.50922e-07
-6.83922e-07
-6.66863e-05
6.60721e-05
-6.72685e-05
-6.7662e-05
1.16534e-05
9.28606e-05
0.0065073
-7.45737e-05
-0.00475572
0.0100499
-0.00467346
0.00997864
-0.0047352
0.00974404
-0.00509684
0.00930453
-0.00610321
0.00868092
-0.00863176
0.00444175
0.00407502
-0.00646315
0.00533767
0.00469223
-0.00756774
-0.00882921
0.00656999
-0.00682257
0.00546447
-0.00588628
0.013168
-0.00412761
-0.00703242
0.0147954
-0.00557491
0.016226
-0.00461001
0.0171373
-0.00379183
0.0175844
-0.0030462
0.0176935
-0.00239671
0.0176334
-0.00184888
0.0175261
-0.00139501
0.0174389
-0.00102128
0.0173958
-0.000710881
0.0174023
-0.000447532
0.0174541
-0.000217411
0.0175422
-1.24899e-05
0.0176736
0.000175081
0.0178368
0.000350262
0.0179996
0.00050701
0.0180654
0.000621346
0.017826
0.000661102
0.0169897
0.000594148
0.0153115
0.000423824
0.0127795
0.000181373
0.00965633
0.00344571
6.67223e-05
1.01091e-05
-0.000612848
0.000612684
-4.36533e-07
-7.08928e-07
-5.23581e-07
-7.62572e-07
-6.41341e-05
6.34661e-05
-6.48373e-05
-6.53882e-05
-5.41452e-05
0.000207564
0.00635388
-0.00482816
0.0100574
-0.0046069
0.00998338
-0.00447878
0.00972222
-0.00454287
0.00919007
-0.00503579
0.00823712
-0.00678032
0.00355615
0.00327334
-0.00604517
0.00402377
-0.00543637
0.00346622
-0.00877155
0.00528001
-0.00416936
-0.00337133
0.00150373
0.00195764
-0.0070769
0.0018936
0.00163934
-0.00503604
0.00571975
-0.00312716
0.00182489
0.00154927
-0.00178956
-0.00201331
-0.00136085
0.00182506
0.00197753
-0.00200373
0.00954248
-0.00140314
-0.00147531
0.00405001
-0.000982565
-0.00349
0.0127105
-0.00343466
0.0150507
-0.00325056
0.016596
-0.00287217
0.0174104
-0.0024202
0.017717
-0.0019619
0.0177464
-0.00154028
0.0176714
-0.00117084
0.0175884
-0.00085416
0.017539
-0.000583053
0.0175378
-0.000349031
0.0175857
-0.00014176
0.0176715
4.86238e-05
0.0178001
0.000225549
0.0179615
0.000390856
0.0181158
0.000532657
0.0181541
0.000627451
0.0178596
0.000642772
0.0169411
0.000551562
0.0151838
0.000363752
0.0125971
0.000141888
0.0094603
0.00340115
0.000119078
0.000133049
-0.000622461
0.000671462
1.43825e-05
3.3397e-06
8.64902e-07
-5.32959e-07
-6.14711e-05
6.10345e-05
-6.218e-05
-6.27035e-05
2.17869e-05
6.8723e-05
0.00626337
-0.00490496
0.0100698
-0.00455474
0.0100053
-0.00424638
0.00975099
-0.00401865
0.009198
-0.00398633
0.00814061
-0.0045879
0.00305124
0.00299346
-0.0046276
0.00274738
-0.00355452
0.00220025
-0.00626609
0.00126556
0.00138985
0.0016351
-0.00391086
-0.00319158
0.00145535
0.00295908
-0.00145535
0.00178956
-0.00344539
0.00117388
-0.00154927
0.00136085
0.00107937
0.000745696
0.00158159
0.00273724
-0.000390074
-0.000300878
-0.000432589
0.00675144
-0.000266367
0.00167211
-0.000177362
-0.00016065
-0.00042765
0.00102668
-0.00148554
0.0107614
-0.00208252
0.0138826
-0.00224339
0.0159673
-0.00215588
0.0171461
-0.00191675
0.0176719
-0.00160623
0.0178124
-0.00128396
0.0177845
-0.000983262
0.0177175
-0.000713319
0.0176693
-0.000476549
0.0176653
-0.000264995
0.017709
-7.39286e-05
0.017794
0.000102005
0.0179236
0.00026881
0.0180836
0.000421402
0.018227
0.000550476
0.0182311
0.000626872
0.0178755
0.000618741
0.0168739
0.000512759
0.0150348
0.000337182
0.0124018
0.000179291
0.00930279
0.00341921
-3.94108e-07
5.10562e-05
-0.000718365
0.000765451
2.20801e-05
4.99118e-05
4.98741e-05
3.6272e-05
-6.47062e-05
7.90888e-05
-6.13665e-05
-6.05016e-05
0.000122639
-4.80222e-05
0.00618876
-0.00498813
0.0100822
-0.00452144
0.0100365
-0.00405618
0.00981508
-0.00357837
0.0093107
-0.00307476
0.00828643
-0.00266382
0.00303705
0.00317947
-0.00259823
0.00103686
0.00105809
-0.00152707
0.0019223
-0.00492931
0.000878392
0.000532204
-0.00175974
-0.00161229
0.000303389
0.000339592
0.00299841
-0.00280769
0.00107484
0.000942864
-0.00201771
0.000318046
0.000759399
-0.000122794
0.000534655
-7.6134e-05
0.00129983
-3.5501e-05
-2.48035e-05
6.17169e-05
0.00515635
4.78248e-05
0.00106951
-2.66618e-05
-9.39179e-06
0.000396468
-3.91756e-05
0.000274744
-3.89251e-05
-0.000711173
0.00939007
-0.00123654
0.0128758
-0.00154052
0.0153519
-0.00161768
0.016847
-0.00151933
0.017585
-0.00131876
0.0178472
-0.00107571
0.017877
-0.00082806
0.0178323
-0.000597246
0.01779
-0.000385748
0.0177861
-0.000194887
0.0178299
-1.81181e-05
0.0179141
0.00014837
0.018044
0.000303919
0.0182011
0.000446183
0.0183313
0.000559261
0.0182987
0.000618019
0.0178763
0.000597023
0.0167897
0.000495156
0.0148768
0.000354343
0.0122268
0.00025048
0.00917495
0.00339612
-1.91352e-05
-5.79891e-06
-0.000804753
0.00080741
-3.00393e-06
-4.69298e-08
1.06946e-06
1.06852e-05
-0.000168511
0.000184274
6.31724e-06
-0.000135139
1.65397e-05
-0.000115361
3.00961e-05
0.000188458
-9.52943e-05
0.00609559
-0.0050778
0.0100937
-0.00451217
0.0100729
-0.00391689
0.00989722
-0.003248
0.00948471
-0.00240636
0.0086423
-0.00110971
0.00673232
-0.000576938
0.00208692
0.000230354
0.00237218
0.00142074
-0.00103631
0.000652424
0.000719087
-0.000430731
0.000794508
0.000270563
0.000251654
-0.0019293
-0.00139709
-0.00117775
0.00028455
0.0010575
-0.00075411
0.00107484
0.000195252
0.000119118
0.000235972
3.27078e-06
0.000215223
-4.05424e-06
0.00102021
4.97263e-05
6.12929e-05
1.52992e-06
0.00448316
-3.95154e-05
0.000998655
4.75211e-05
2.18592e-05
0.000195069
-6.50798e-06
0.000187008
-1.33092e-06
7.99423e-05
4.10172e-05
-0.000315764
0.0084693
-0.000730207
0.0120655
-0.00106232
0.0147965
-0.00121597
0.0165436
-0.00120873
0.017475
-0.00108784
0.0178593
-0.000904005
0.0179529
-0.000699756
0.0179348
-0.000499337
0.0179036
-0.00031078
0.017902
-0.000134241
0.017946
2.95097e-05
0.018033
0.000185723
0.0181622
0.000332653
0.0183146
0.000464093
0.0184265
0.000564479
0.0183523
0.000611536
0.0178617
0.000588022
0.0166968
0.000502245
0.0147289
0.00039971
0.0120775
0.000311358
0.00905205
0.00333224
-1.82125e-05
-1.32027e-05
-0.000805489
0.000791918
-3.12108e-06
-2.44267e-06
-2.55696e-06
-1.32088e-06
-0.000194542
0.000192305
-7.67052e-07
-0.000194106
-4.8233e-07
-0.000193105
6.87303e-08
1.854e-06
-4.66359e-05
5.29531e-05
-3.00961e-05
0.000220554
-0.000110839
0.00598588
-0.00517536
0.0101056
-0.00452736
0.0101089
-0.00383039
0.00998639
-0.00302653
0.00967575
-0.00198827
0.00906661
-0.000354338
0.00788693
-0.0014347
0.00323101
0.0022798
0.00288656
0.000719816
0.000399927
0.000536448
0.000874737
0.000782563
0.000269177
-5.12715e-05
0.000321834
0.000200383
-0.00046956
4.42879e-05
4.02337e-05
0.000203389
3.33459e-05
0.000224273
4.04088e-05
0.00098569
1.64745e-05
-1.97974e-06
-9.84182e-06
0.00414302
3.42207e-05
0.000977051
-3.08761e-05
0.000243068
2.87258e-05
0.000251386
1.35409e-05
3.37257e-05
3.23948e-05
-0.000105338
0.00784443
-0.000436445
0.0114396
-0.000731115
0.0143117
-0.000921174
0.0162561
-0.00096841
0.0173555
-0.000901059
0.0178564
-0.000764904
0.018018
-0.000596342
0.0180318
-0.000420415
0.0180132
-0.000248023
0.0180158
-8.56085e-05
0.0180612
6.9947e-05
0.0181488
0.000216075
0.0182788
0.000354086
0.0184246
0.000475376
0.0185156
0.00056755
0.0183962
0.000611108
0.0178387
0.000593619
0.0166054
0.000529288
0.0145993
0.000445653
0.0119432
0.000349191
0.00892341
0.00325294
-1.71238e-05
-1.44119e-05
-0.000782407
0.000768908
-2.52411e-06
-2.18874e-06
-2.03424e-06
-1.65713e-06
-0.000187632
0.000185295
-7.83585e-07
-0.000189321
-7.53643e-07
-0.000191283
-5.94418e-07
-2.99129e-07
-5.43936e-05
5.36266e-05
-5.48759e-05
-5.48071e-05
0.000232774
-0.000115164
0.00586827
-0.00527964
0.0101143
-0.00456455
0.0101428
-0.00379082
0.0100693
-0.00289684
0.0098567
-0.00176442
0.0094519
-9.64055e-05
0.00880868
0.00309752
0.00802042
0.00323197
-0.00128173
-0.00113699
0.000894923
0.000571635
0.00325989
0.00285864
0.000721761
0.000868294
0.000389915
-0.00110002
0.000693026
0.000550836
6.57407e-05
8.91093e-05
1.70402e-05
0.000254764
1.30965e-05
0.00023416
1.86247e-05
0.000958138
9.07066e-06
6.18759e-05
0.00393461
4.11907e-05
0.000946705
4.56531e-05
-0.000149438
0.00035519
-1.49252e-06
-9.75133e-07
0.000110163
7.67223e-06
0.000120865
2.83858e-06
-3.2527e-05
0.00744051
-0.000243066
0.0109515
-0.000509702
0.0139002
-0.000702051
0.0159897
-0.000779244
0.0172337
-0.000751057
0.0178425
-0.000649626
0.0180713
-0.000508241
0.0181196
-0.00035227
0.0181175
-0.000195596
0.0181258
-4.36239e-05
0.0181747
0.000102741
0.0182621
0.000241345
0.0183915
0.000372574
0.0185274
0.00048806
0.0185951
0.000573774
0.0184336
0.000617356
0.0178149
0.000611244
0.0165235
0.000561959
0.014483
0.000479412
0.011813
0.000366484
0.0087897
0.00316915
-1.6366e-05
-1.50052e-05
-0.000757966
0.000745275
-2.30853e-06
-2.12352e-06
-1.83087e-06
-1.63893e-06
-0.000180693
0.000178804
-6.3458e-07
-0.000182255
-6.26265e-07
-0.000183856
-4.33371e-07
-2.18571e-07
-5.19794e-05
5.11959e-05
-5.27331e-05
-5.33275e-05
0.000233762
-0.000114365
0.00574888
-0.00538809
0.0101205
-0.00462433
0.0101741
-0.00379379
0.0101457
-0.0028436
0.0100161
-0.00167831
0.00977058
-8.83389e-05
0.00944383
0.00251773
0.00938847
-0.00236547
0.00533369
0.00381507
0.00449702
-0.000940751
0.000496786
-0.00106842
0.000995255
0.000968089
-0.000496786
-0.000679162
0.00127953
0.000888053
0.000389915
1.70402e-05
0.000130223
3.73832e-06
-5.90445e-07
0.000362526
-8.05006e-08
1.81476e-06
0.000937553
7.10285e-05
2.63522e-05
0.00385251
2.32259e-05
0.00094414
3.46038e-05
0.000384621
1.78468e-05
5.71105e-06
-2.97237e-05
2.82312e-05
-3.06989e-05
2.47124e-05
2.7551e-05
4.97229e-05
0.00714772
-0.000131443
0.0105733
-0.000358329
0.0135565
-0.000538474
0.0157489
-0.000633344
0.017116
-0.000631336
0.0178242
-0.000554622
0.0181177
-0.000436366
0.0182037
-0.000296673
0.0182185
-0.000153108
0.0182352
-9.86952e-06
0.0182873
0.00012867
0.0183748
0.000262035
0.0185021
0.000387101
0.0186284
0.00049755
0.0186713
0.000583023
0.0184679
0.000631567
0.0177946
0.000632482
0.0164529
0.00058774
0.0143747
0.000497037
0.0116825
0.000369056
0.00865441
0.00308536
-1.55022e-05
-1.50689e-05
-0.000733726
0.000721648
-2.19248e-06
-2.09523e-06
-1.77129e-06
-1.68396e-06
-0.000174396
0.000172683
-5.95698e-07
-0.000175923
-5.95824e-07
-0.000177363
-3.90938e-07
-1.98043e-07
-4.99177e-05
4.92832e-05
-5.0544e-05
-5.09773e-05
0.000227301
-0.000110668
0.00563224
-0.00550364
0.0101275
-0.00470492
0.010201
-0.00383066
0.0102109
-0.00284685
0.010149
-0.00168596
0.0100237
-0.000209001
0.00989124
0.00190107
0.0100605
0.00426631
0.0104558
0.00175911
-0.000648085
0.00323078
-0.000526733
0.00190214
0.00435399
0.000288928
-0.000492538
0.00112398
-0.000288928
0.000684443
3.12893e-05
2.81507e-05
2.99654e-05
0.000408779
2.57828e-05
2.10878e-05
0.000953197
1.72947e-05
4.97415e-05
0.00378321
6.92831e-05
0.000963977
1.24457e-05
0.000433029
9.94695e-07
9.35975e-06
-3.56765e-05
5.35232e-05
7.87083e-05
0.00693757
-6.65732e-05
0.0102815
-0.00024607
0.0132641
-0.000416176
0.0155318
-0.000517319
0.017002
-0.000534366
0.017804
-0.000479526
0.0181609
-0.000377253
0.0182843
-0.000250833
0.0183163
-0.000116979
0.0183424
1.92663e-05
0.0183967
0.000151053
0.0184858
0.000279909
0.0186093
0.000399299
0.0187266
0.000509776
0.0187445
0.000596769
0.0185027
0.000647161
0.0177799
0.000652261
0.0163884
0.000602128
0.0142696
0.000499997
0.0115515
0.00036034
0.00852137
0.00300409
-1.45494e-05
-1.48499e-05
-0.000709962
0.00069856
-2.07005e-06
-2.02972e-06
-1.70252e-06
-1.68063e-06
-0.000168307
0.000166687
-5.7281e-07
-0.000169817
-5.85241e-07
-0.000171202
-3.85955e-07
-2.02676e-07
-4.80985e-05
4.75029e-05
-4.86943e-05
-4.90852e-05
0.000214736
-0.000104717
0.00552223
-0.00562839
0.0101358
-0.00480648
0.0102291
-0.00389934
0.0102697
-0.00289469
0.0102588
-0.00175593
0.0102189
-0.000394135
0.0102089
0.00134626
0.0104461
0.00323276
0.011094
-0.00139542
0.00344595
0.0103074
0.000998792
0.00266973
-0.000172082
-0.000265661
-0.000323862
0.000921113
0.00395736
0.000360581
6.61441e-05
1.3162e-05
8.08754e-05
6.35642e-06
0.000448639
1.8306e-06
-1.46673e-07
0.000971572
4.21467e-05
7.0998e-05
0.00374509
4.5832e-05
0.000977111
6.3744e-05
0.000461364
7.13128e-07
-9.92338e-07
-8.84197e-05
8.95959e-05
-1.81628e-07
1.81547e-06
7.06805e-05
0.00680031
-1.14887e-05
0.0100469
-0.000166536
0.0130145
-0.000322741
0.0153372
-0.000425874
0.0168935
-0.000455085
0.0177795
-0.000416561
0.0182002
-0.000328257
0.0183617
-0.00021414
0.0184134
-8.70454e-05
0.0184487
4.05811e-05
0.0185072
0.000169121
0.0185966
0.000292744
0.0187158
0.000413381
0.018823
0.000521617
0.0188197
0.000609278
0.0185406
0.000662356
0.0177698
0.000663412
0.0163271
0.000604832
0.0141647
0.000489399
0.0114225
0.000341676
0.00839443
0.00292743
-1.3537e-05
-1.45223e-05
-0.000686984
0.000676343
-1.94933e-06
-1.95867e-06
-1.62391e-06
-1.65041e-06
-0.000162412
0.000160893
-5.51052e-07
-0.000163877
-5.64811e-07
-0.000165211
-3.68591e-07
-2.03993e-07
-4.63291e-05
4.57563e-05
-4.69143e-05
-4.73002e-05
0.000195311
-9.59397e-05
0.00542286
-0.005773
0.0101556
-0.00493939
0.0102687
-0.0039982
0.010328
-0.00297526
0.0103503
-0.00186327
0.0103661
-0.000606079
0.0104309
0.000863631
0.0106915
0.002376
0.0113028
0.00298308
0.0115569
-0.000922313
0.00234251
0.00957556
-0.00068831
0.000532848
-8.13667e-05
0.00227579
-5.75428e-05
-0.000771831
0.000653685
-5.3936e-05
-0.000116379
0.0035679
0.000244202
1.3162e-05
1.95184e-05
9.08287e-05
5.97829e-07
9.09257e-05
-2.4372e-07
0.000483543
5.92952e-06
1.40382e-05
0.000984668
6.3441e-05
3.33064e-05
0.00376829
1.41667e-05
0.000996563
3.39361e-05
0.000498401
2.63766e-05
2.25096e-05
-9.02543e-05
9.1241e-05
-2.73608e-07
-3.20885e-07
-2.13339e-05
2.11522e-05
9.49569e-05
0.00669387
2.75127e-05
0.00985288
-0.000109389
0.0128011
-0.000250055
0.0151614
-0.000353874
0.0167923
-0.000392367
0.0177554
-0.000366476
0.0182384
-0.000290396
0.018438
-0.000184174
0.0185106
-6.51923e-05
0.0185544
6.00744e-05
0.0186163
0.000183388
0.0187059
0.000307494
0.0188217
0.000425754
0.0189189
0.000534806
0.0188942
0.000622394
0.0185806
0.000671985
0.0177613
0.00066513
0.0162668
0.000593459
0.0140607
0.000466341
0.0112978
0.000312786
0.00827696
0.002858
-1.23467e-05
-1.41648e-05
-0.000664977
0.00065516
-1.83176e-06
-1.88743e-06
-1.54544e-06
-1.61012e-06
-0.000156751
0.000155328
-5.2679e-07
-0.000158164
-5.45078e-07
-0.000159437
-3.51552e-07
-1.93955e-07
-4.4619e-05
4.40679e-05
-4.51838e-05
-4.55523e-05
0.000165397
-8.16643e-05
0.00533913
-0.00596108
0.0101971
-0.0051069
0.0103231
-0.00412034
0.0103908
-0.00307779
0.0104305
-0.00198994
0.010477
-0.000825216
0.0105852
0.000445234
0.0108493
0.00169269
0.0113748
0.0023876
0.0118983
0.00237944
0.01152
0.00155643
0.00877781
-0.000330277
-0.000428399
-0.000351633
0.00323122
0.000591736
-1.94176e-05
0.00200572
-3.8042e-05
-4.35248e-05
0.000547337
-1.31444e-05
0.000190266
2.17501e-05
2.15063e-05
9.50252e-05
2.14528e-06
0.000103581
5.48277e-06
0.00051744
2.84549e-05
1.59469e-05
0.00100168
2.81877e-05
8.37581e-05
0.00377949
0.000951386
6.4462e-05
0.000537942
3.74408e-06
9.69028e-06
-0.000111669
0.000119781
1.82645e-05
1.4421e-05
-2.11855e-05
2.09118e-05
0.000116931
0.00660445
4.59692e-05
0.00969752
-6.40042e-05
0.012615
-0.000196578
0.0150041
-0.000299547
0.0166995
-0.000343861
0.0177327
-0.000324292
0.0182723
-0.000257392
0.0185112
-0.000159895
0.0186053
-4.39942e-05
0.0186585
7.4355e-05
0.0187253
0.000196937
0.0188165
0.000318135
0.0189293
0.000436901
0.0190168
0.00054464
0.0189719
0.000631248
0.0186213
0.000672967
0.0177534
0.000655809
0.0162045
0.000571055
0.013956
0.000433389
0.0111772
0.000271549
0.00817081
0.00280066
-1.05803e-05
-1.37392e-05
-0.000644045
0.000635224
-1.70384e-06
-1.82088e-06
-1.46967e-06
-1.58033e-06
-0.00015133
0.000150003
-5.04224e-07
-0.000152692
-5.24895e-07
-0.000153905
-3.32108e-07
-1.87043e-07
-4.29774e-05
4.24507e-05
-4.35224e-05
-4.3874e-05
0.000119123
-5.48854e-05
0.00527489
-0.00618523
0.0102332
-0.00526893
0.0103591
-0.00422836
0.0104311
-0.00317248
0.0104855
-0.00211549
0.010556
-0.00103395
0.0106857
8.57433e-05
0.0109447
0.00114559
0.0113964
0.00183543
0.011927
0.00209042
0.0121873
0.00187933
0.0111971
0.00106106
0.00811763
-0.000185389
-0.000215497
-0.00301671
0.00284319
-0.000156755
-0.000213888
0.000170848
0.00184188
-2.6845e-05
-2.31979e-05
-0.000512733
0.000484162
-9.47125e-06
-8.9199e-06
0.000157704
2.30571e-05
2.85399e-05
0.000130799
1.74373e-05
0.000137816
8.93032e-06
0.000558783
6.14896e-06
1.1969e-06
-0.000632891
1.87536e-05
0.00160179
4.74868e-05
0.000122563
0.00377386
-9.64609e-06
-0.000143449
0.000145536
1.65686e-06
4.05686e-06
-4.29609e-05
5.09786e-05
1.02467e-05
0.000103888
0.00654653
6.81964e-05
0.00956532
-3.3496e-05
0.012452
-0.000158069
0.0148626
-0.000256796
0.0166124
-0.000303092
0.0177115
-0.000291255
0.0183062
-0.000230466
0.0185817
-0.000139128
0.0187004
-3.07617e-05
0.0187636
8.78933e-05
0.0188343
0.000207587
0.018927
0.000327327
0.0190389
0.000445974
0.0191154
0.000552727
0.0190504
0.000632315
0.0186619
0.00066568
0.0177435
0.000634963
0.0161406
0.00053659
0.0138528
0.000387676
0.0110611
0.000215829
0.0080741
0.00276519
-6.64648e-06
-1.27696e-05
-0.000624426
0.000617148
-1.53972e-06
-1.76193e-06
-1.37559e-06
-1.566e-06
-0.000146138
0.000144915
-4.80086e-07
-0.000147453
-5.06337e-07
-0.000148604
-3.17984e-07
-1.81705e-07
-4.14067e-05
4.09026e-05
-4.19316e-05
-4.22636e-05
4.99823e-05
1.06594e-06
0.00522385
-0.00622919
0.010051
-0.00522201
0.0101862
-0.00419057
0.0103213
-0.00318523
0.0104439
-0.00219773
0.0105677
-0.00120787
0.01073
-0.000216893
0.0109883
0.000701404
0.0113889
0.00135875
0.0118731
0.0017132
0.0123042
0.00181974
0.0122469
0.00148765
0.0107705
0.000809514
0.00759087
-0.00014471
-0.000138044
-0.0027264
0.00262119
-8.01711e-05
-9.87138e-05
0.00172252
-1.8059e-05
-1.93401e-05
0.000463007
-5.69039e-06
0.000445083
-5.27353e-06
-0.000148784
0.000139313
6.31091e-05
5.3067e-06
7.00854e-05
1.95405e-06
0.000147169
4.51568e-06
0.000137473
1.08932e-05
0.000234887
-0.000218153
3.39204e-07
1.68053e-06
5.76184e-05
0.00163367
3.30738e-05
0.000263978
4.93816e-06
1.34575e-05
7.80015e-05
0.00379974
-8.97586e-05
-3.05046e-07
-2.62438e-07
-7.34916e-05
7.50442e-05
1.04204e-07
6.50653e-07
1.02467e-05
0.000118345
0.00649638
8.4846e-05
0.00944698
-1.50103e-05
0.0123089
-0.000129696
0.0147355
-0.000223941
0.0165333
-0.000272856
0.0176931
-0.000264658
0.0183403
-0.000209668
0.0186523
-0.000122507
0.0187921
-1.71451e-05
0.0188687
9.72343e-05
0.0189447
0.000215792
0.0190386
0.000337192
0.0191477
0.000452007
0.0192162
0.000556741
0.019126
0.0006297
0.0186979
0.000650562
0.0177279
0.000604374
0.0160728
0.000492746
0.0137477
0.000331765
0.0109451
0.000148365
0.00797572
0.00276471
9.33548e-06
-7.786e-06
-0.000607202
0.000603437
-1.19889e-06
-1.68213e-06
-1.24418e-06
-1.57993e-06
-0.00014118
0.000140096
-4.56205e-07
-0.000142453
-4.88733e-07
-0.000143525
-3.03583e-07
-1.76205e-07
-3.98967e-05
3.94166e-05
-4.04029e-05
-4.07209e-05
-2.9846e-05
0.00010201
0.00515168
-0.00510596
0.00888476
-0.00446953
0.00929849
-0.00373626
0.00973192
-0.00296238
0.0100985
-0.00215164
0.0103978
-0.00130523
0.0106651
-0.000450184
0.0109633
0.000345507
0.0113442
0.000954059
0.0117936
0.00134314
0.0122431
0.00158154
0.0125424
0.00157961
0.0121549
0.00123021
0.0103498
0.000723886
0.00714656
-0.000157992
-0.000121584
-0.00254305
0.0024579
-5.95649e-05
-5.99048e-05
-0.00164604
0.00158359
-8.77868e-06
-8.94069e-06
-1.16993e-05
-1.05333e-05
-0.000429889
0.000416375
-4.54435e-06
-4.14693e-06
0.000133622
0.000128349
1.55534e-05
1.75075e-05
7.83756e-05
1.18434e-06
-4.89911e-07
1.87284e-05
-1.83893e-05
2.0409e-05
0.000287136
1.84565e-05
1.60029e-05
1.2427e-05
0.001696
3.24444e-06
0.000310026
8.09965e-06
2.08502e-06
2.53471e-05
3.88045e-05
9.96608e-05
0.00381843
1.86517e-05
-1.89568e-05
-1.81581e-05
1.82623e-05
0.0001362
0.00644503
8.16944e-05
0.00935027
-3.59917e-06
0.0121828
-0.00010884
0.0146204
-0.000199827
0.0164602
-0.00024804
0.0176765
-0.000243623
0.0183743
-0.000193386
0.0187232
-0.000109434
0.0188844
-6.13985e-06
0.018972
0.000106756
0.0190537
0.00022455
0.0191512
0.000342727
0.019257
0.000456546
0.0193163
0.000553125
0.0192026
0.000616256
0.0187322
0.000626762
0.0177056
0.00056791
0.0159976
0.000443101
0.0136364
0.000271359
0.0108221
8.69704e-05
0.0078589
0.00276417
7.53812e-05
2.71708e-05
-0.000597852
0.000607369
9.96578e-07
-1.17701e-06
-6.57626e-07
-1.54236e-06
-0.000136525
0.000135736
-4.09445e-07
-0.000137737
-4.69476e-07
-0.000138695
-2.8692e-07
-1.77984e-07
-3.84481e-05
3.7992e-05
-3.89368e-05
-3.92404e-05
-5.22621e-05
0.000136184
0.00506777
0.00490104
-0.00245855
0.00687378
-0.00258355
0.00814577
-0.00232725
0.0090968
-0.00186383
0.00981067
-0.00125962
0.0103522
-0.000585097
0.0108
7.74685e-05
0.0112313
0.000621026
0.0116773
0.00101067
0.0121261
0.00129349
0.0125312
0.00144899
0.012673
0.00138866
0.0119965
0.00109123
0.00998247
0.000748753
0.00680331
-0.000242743
-0.000162758
-0.0023908
0.00229967
-6.68614e-05
-5.4481e-05
-0.00153621
0.00148893
-6.51373e-06
-5.77255e-06
-6.09871e-06
-6.42211e-06
-0.000391789
0.00038505
-2.04003e-06
-0.000398888
-1.84144e-06
0.000407151
-2.47605e-06
-2.27036e-06
-0.000124202
0.000119657
1.94467e-05
4.7512e-05
9.74906e-06
5.84642e-05
5.0506e-06
0.000321272
1.50221e-06
-3.21358e-07
1.18003e-05
0.00175172
3.21371e-05
0.000326671
-1.11947e-06
-1.03568e-06
6.50099e-05
1.55395e-06
6.69016e-05
1.93275e-07
0.000136929
0.0038177
0.000115548
0.00641117
8.07362e-05
0.00926594
4.47471e-06
0.0120695
-9.49426e-05
0.0145155
-0.000181669
0.0163938
-0.000227144
0.01766
-0.000225583
0.0184065
-0.000178203
0.0187919
-9.94672e-05
0.0189778
9.6496e-07
0.0190778
0.000111643
0.0191666
0.00022771
0.0192662
0.00034551
0.019368
0.000455981
0.0194135
0.000547284
0.0192716
0.000601023
0.018758
0.000596223
0.0176772
0.000525969
0.0159148
0.000393056
0.0135147
0.000223536
0.0106856
6.90994e-05
0.00773754
0.00274091
6.33583e-05
9.60848e-05
-0.000623279
0.000650154
3.14977e-05
1.70081e-05
9.15238e-06
2.10882e-06
-0.000133125
0.000134197
-7.48962e-08
-0.00013392
-3.82181e-07
-0.000134358
-2.18999e-07
-1.64732e-07
-3.70576e-05
3.66483e-05
-3.75271e-05
-3.7814e-05
7.90493e-06
4.07916e-05
0.00501907
0.00244249
-0.000925684
0.00521592
-0.0012854
0.00710392
-0.00128107
0.00851403
-0.00101315
0.0095642
-0.00058015
0.0103472
-8.64208e-05
0.0109639
0.000363194
0.0114891
0.000721888
0.011966
0.00100946
0.0124101
0.00122457
0.0127556
0.00132566
0.012736
0.00125544
0.0118323
0.00102746
0.00970376
0.00074753
0.00662672
-0.000278657
-0.000292283
-0.002221
0.00211575
-0.000137492
-8.40871e-05
-0.00144491
0.00138997
-7.25096e-06
-4.67306e-06
-4.62401e-06
-5.83483e-06
-0.000370488
0.000365444
-1.46927e-06
-0.000375017
-1.24391e-06
0.000380305
-1.35358e-06
-1.13367e-06
-0.000113069
0.000111029
-0.000114911
0.000117181
9.74906e-06
1.47997e-05
6.79411e-05
4.62678e-07
6.77768e-05
-1.57126e-07
0.000335706
6.51795e-07
2.11378e-06
5.51306e-05
0.00178346
5.00539e-05
0.000354835
3.35331e-06
9.65501e-06
6.721e-05
-5.52619e-07
6.66822e-05
-5.07936e-07
1.63536e-05
1.65469e-05
9.32248e-05
0.00384002
0.00010635
0.00638556
8.3479e-05
0.00918694
5.96997e-06
0.0119686
-8.73991e-05
0.0144213
-0.000167141
0.0163338
-0.000212472
0.0176469
-0.000211759
0.0184401
-0.000168837
0.0188613
-9.0369e-05
0.0190691
6.04907e-06
0.0191834
0.000117434
0.0192769
0.000232026
0.0193797
0.000345789
0.0194782
0.000451842
0.0195089
0.000535623
0.019337
0.000579322
0.0187749
0.000564829
0.0176384
0.000485535
0.0158223
0.000353318
0.0133849
0.000206389
0.0105483
0.000103852
0.0076416
0.00275209
-1.27166e-06
3.08792e-05
-0.000665384
0.000688592
1.24109e-05
2.77398e-05
3.87499e-05
4.21055e-05
-0.000150419
0.000162393
1.95235e-05
-0.000141908
8.49704e-06
-0.000135513
2.75794e-06
7.93189e-07
-3.58825e-05
3.58077e-05
-3.62646e-05
-3.64835e-05
7.75039e-05
-3.28056e-05
0.00497437
0.0015168
-0.000294056
0.00422458
-0.000563705
0.00638656
-0.000598249
0.00809913
-0.00042627
0.00941032
-0.000131566
0.0103924
0.000192683
0.0111344
0.000488706
0.0117223
0.0007529
0.0122226
0.000978919
0.0126558
0.0011473
0.012934
0.00122567
0.0127658
0.0011604
0.0116993
0.000935301
0.00951599
0.000577709
0.00637986
-0.000118339
-0.000212511
-0.00204269
0.0019862
-0.000222173
-0.000219222
-0.00132118
0.00122042
-2.64773e-05
-1.02599e-05
-4.88267e-06
-1.04122e-05
-0.000353388
0.000347507
-1.3708e-06
-0.000357078
-9.82423e-07
0.000361875
-1.05514e-06
-1.0379e-06
-0.000107298
0.000105829
-0.000108542
0.000109676
1.70095e-05
1.68524e-05
6.67958e-05
5.38177e-07
6.8542e-05
3.67588e-07
0.000370047
1.82823e-05
2.16361e-05
2.73633e-05
0.00184104
8.28885e-06
0.000387267
2.11725e-05
1.16609e-05
7.10443e-05
8.51015e-07
7.69834e-05
3.71582e-06
1.62998e-05
1.57918e-05
7.84019e-05
0.00386797
0.000115699
0.00635334
7.6047e-05
0.00911686
3.80707e-06
0.0118774
-8.12579e-05
0.0143354
-0.000157025
0.0162784
-0.000200298
0.0176355
-0.000200737
0.018472
-0.000159118
0.01893
-8.4795e-05
0.0191599
1.20316e-05
0.0192888
0.000119229
0.0193897
0.00023257
0.0194929
0.000343777
0.0195863
0.00044434
0.0196002
0.000520908
0.0193954
0.000555077
0.0187846
0.000535101
0.0175888
0.000454541
0.0157211
0.000337143
0.0132541
0.000224584
0.0104275
0.000158165
0.00756094
0.00273778
-1.48471e-05
-3.64147e-06
-0.000709742
0.000710782
-2.73724e-06
4.25175e-07
1.19653e-06
8.53298e-06
-0.000198823
0.00020447
6.76421e-06
-0.000185992
1.49085e-05
-0.000174362
2.71207e-05
3.01365e-05
-4.7856e-05
6.73796e-05
-3.93589e-05
-3.66009e-05
0.000123921
-6.58452e-05
0.0049163
0.00122275
-7.76746e-05
0.00373855
-0.00019338
0.00598169
-0.00019101
0.00786387
-7.09918e-05
0.00934974
0.000117225
0.0104678
0.000325705
0.0112974
0.000540857
0.0119344
0.000748195
0.0124533
0.000930695
0.0128724
0.00107441
0.0130852
0.00113607
0.0127901
0.00104552
0.0115891
0.000786129
0.00930757
0.000379988
0.00612682
-4.46203e-05
-8.23356e-05
-0.00189766
0.00183434
-5.50255e-05
-0.000123963
-0.00112458
0.00104774
-6.54261e-05
-7.9901e-05
-4.07587e-05
-8.26284e-05
-0.000327008
0.00030574
-5.20931e-06
-0.00033497
-2.29781e-06
0.000343778
-1.15362e-06
-1.60388e-06
-0.000102754
0.000101383
-0.000103736
0.000104774
1.633e-05
1.66976e-05
8.36468e-05
1.16189e-05
9.04757e-05
1.48072e-05
0.000403768
7.99169e-06
2.871e-06
7.73636e-06
0.00189673
1.49725e-05
0.000413101
1.48319e-06
-2.52821e-06
9.9015e-05
1.26331e-05
0.000104231
6.44483e-06
1.75486e-05
2.12644e-05
0.000110824
0.00387285
0.000105858
0.00632353
6.29991e-05
0.00905767
2.29262e-06
0.0117938
-7.53682e-05
0.0142537
-0.000148103
0.0162262
-0.000192264
0.017627
-0.000192644
0.0185055
-0.000151712
0.018997
-7.9647e-05
0.0192516
1.40281e-05
0.019394
0.000120011
0.0195023
0.000230847
0.0196058
0.000338385
0.0196922
0.000434914
0.0196862
0.000504551
0.0194459
0.000533256
0.0187865
0.000510349
0.017533
0.000439459
0.0156187
0.000344232
0.0131345
0.00026241
0.0103233
0.000204212
0.00748065
0.0026984
-1.56971e-05
-1.07649e-05
-0.000710942
0.000702138
-3.46128e-06
-2.58137e-06
-2.6895e-06
-1.11135e-06
-0.000211335
0.000209762
-1.1644e-06
-0.000210413
-4.9709e-07
-0.00020983
6.13713e-07
3.1731e-06
-0.000108835
0.000114421
1.17879e-06
-9.76133e-05
3.68654e-06
-8.00908e-05
9.59832e-06
1.74254e-05
0.000148975
-7.88015e-05
0.00484613
0.00114507
-2.9391e-07
0.00354546
-1.23527e-05
0.00580303
2.47261e-05
0.00776816
0.000111008
0.00935596
0.000231915
0.0105616
0.00038098
0.0114573
0.000548042
0.0121345
0.000717577
0.0126664
0.000878247
0.0130685
0.00100552
0.0132158
0.00103842
0.0127972
0.00091395
0.0114613
0.000613459
0.0090741
0.000264056
0.00593535
-2.92172e-05
-4.33667e-05
-0.00177997
0.0017517
-1.63486e-05
-2.79644e-05
-0.000955009
0.000903388
-6.35056e-07
-2.76965e-06
-2.45061e-05
-6.72675e-06
-0.00019357
0.000128144
-0.000222343
-5.11277e-05
0.000277389
-1.24075e-05
-2.75829e-05
-9.63275e-05
9.11181e-05
-9.86253e-05
0.000100229
3.28834e-05
3.9516e-05
8.17447e-06
0.000108543
3.67933e-06
0.000109936
1.47888e-06
0.000423977
-3.13971e-06
3.2548e-05
0.00192499
5.00158e-05
0.000434908
4.04196e-06
0.000110037
1.38187e-06
0.000101519
5.98991e-06
4.82761e-05
3.87301e-06
5.33032e-05
1.41764e-06
0.00010193
0.00387677
8.05606e-05
0.00630597
5.75526e-05
0.00900241
2.00707e-06
0.0117165
-7.44366e-05
0.01418
-0.000142748
0.0161767
-0.00018304
0.0176174
-0.000185157
0.0185389
-0.000147356
0.0190647
-7.72009e-05
0.0193428
1.50247e-05
0.019499
0.000119536
0.0196136
0.00022718
0.0197171
0.000332315
0.0197948
0.000422443
0.0197683
0.00048789
0.0194913
0.000516207
0.0187806
0.000496939
0.0174755
0.000440234
0.0155227
0.000367961
0.0130289
0.000300233
0.0102273
0.000235093
0.00739453
0.00264735
-1.52623e-05
-1.24897e-05
-0.000696062
0.000686195
-3.11184e-06
-2.71741e-06
-2.62515e-06
-2.06403e-06
-0.000206601
0.000204643
-1.50277e-06
-0.000207758
-1.4243e-06
-0.000209328
-1.11929e-06
-6.77512e-07
-0.000117549
0.000116774
-3.88997e-07
-0.000117797
-2.48984e-07
-0.000117152
-3.11264e-08
4.4169e-07
-3.07103e-05
3.18891e-05
-2.70237e-05
-1.74254e-05
0.0001609
-8.36562e-05
0.00476889
0.00114478
2.93407e-05
0.00350377
6.82707e-05
0.00575949
0.000119729
0.00775943
0.000186194
0.00940168
0.000275222
0.0106674
0.000392634
0.0116127
0.000529704
0.0123224
0.000676668
0.012868
0.000823963
0.0132501
0.000930072
0.0133241
0.000930983
0.0127802
0.000771408
0.0113033
0.000479452
0.0088587
0.00020487
0.00578971
-2.73597e-05
-3.18655e-05
-0.00172146
0.00170278
-1.05425e-05
-1.31254e-05
-0.00087688
0.000861583
-3.49431e-07
-7.0195e-07
-1.032e-06
-4.24103e-07
-9.41413e-05
9.35062e-05
-9.69109e-05
0.000103638
-5.11277e-05
7.87107e-05
8.17447e-06
5.62535e-05
7.29088e-07
5.75644e-05
1.6793e-07
0.000163522
-6.55186e-05
2.56823e-07
1.18358e-07
0.000446945
2.05105e-05
4.88279e-05
0.00195186
2.62272e-05
0.000458006
3.89551e-05
0.000167859
2.07412e-08
-3.15056e-07
5.87575e-05
1.88757e-07
-7.71203e-07
1.20475e-05
1.34651e-05
6.0432e-05
0.0038969
7.54594e-05
0.00628806
5.80204e-05
0.00894639
-1.4887e-06
0.0116435
-7.43282e-05
0.0141116
-0.000139407
0.0161331
-0.000178561
0.0176108
-0.000179658
0.0185712
-0.000143174
0.0191306
-7.46356e-05
0.0194325
1.47698e-05
0.0196038
0.000117131
0.0197236
0.000222561
0.0198268
0.000324415
0.0198929
0.000413313
0.0198429
0.000477114
0.0195304
0.000504878
0.0187727
0.000493223
0.0174225
0.000452521
0.0154382
0.00039644
0.0129327
0.000329456
0.0101329
0.000251979
0.00730345
0.00259165
-1.47858e-05
-1.31638e-05
-0.000678377
0.000668726
-2.91676e-06
-2.69314e-06
-2.47831e-06
-2.1933e-06
-0.000200501
0.000198764
-1.37424e-06
-0.000201865
-1.35278e-06
-0.000203416
-1.07461e-06
-8.36839e-07
-0.000114321
0.000113231
-4.12663e-07
-0.000115397
-3.48167e-07
-0.00011625
-2.66726e-07
-1.53312e-07
-3.20507e-05
3.16618e-05
-3.22997e-05
-3.23308e-05
0.000165559
-8.4994e-05
0.00468834
0.00117412
3.84532e-05
0.00353358
9.26904e-05
0.00578653
0.000147175
0.00779845
0.000205848
0.00947106
0.000280956
0.0107791
0.000378674
0.0117637
0.000497581
0.0125015
0.000634738
0.0130572
0.000766592
0.0134136
0.00084826
0.0134068
0.000819103
0.0127325
0.000643446
0.0111394
0.000389125
0.00867445
0.000171931
0.00566328
-2.06178e-05
-2.48837e-05
-0.00168166
0.00166598
-1.16805e-05
-1.07394e-05
-0.000849401
0.000839692
-3.4426e-07
-4.887e-07
-5.63743e-07
-3.80352e-07
-9.13482e-05
9.09987e-05
-9.20501e-05
9.24742e-05
1.41942e-05
1.43621e-05
1.40365e-05
-1.37797e-05
1.41549e-05
0.000183695
9.80707e-07
3.69346e-06
0.000471345
3.54887e-05
1.35656e-05
0.00199347
5.25561e-06
0.000483156
1.44162e-05
0.000200611
1.24462e-05
9.5925e-06
-1.38398e-05
1.38605e-05
1.45509e-05
5.93182e-05
0.00391304
8.4748e-05
0.00626133
5.1091e-05
0.00889381
-8.77762e-06
0.011578
-7.53788e-05
0.0140476
-0.000136865
0.0160914
-0.000174336
0.0176055
-0.000176806
0.0186049
-0.000141433
0.0191974
-7.41717e-05
0.0195214
1.387e-05
0.019707
0.000112797
0.0198334
0.000217523
0.0199337
0.000316041
0.0199901
0.000403756
0.0199163
0.000467197
0.019568
0.000500298
0.0187656
0.000501299
0.0173738
0.000472519
0.0153621
0.000420516
0.0128417
0.000349027
0.0100359
0.000260845
0.00720817
0.00253457
-1.44395e-05
-1.3469e-05
-0.00066022
0.000650902
-2.79285e-06
-2.67316e-06
-2.41082e-06
-2.2462e-06
-0.000194545
0.000192934
-1.30575e-06
-0.000195928
-1.30975e-06
-0.000197385
-1.02011e-06
-8.15001e-07
-0.000110649
0.000109646
-3.70185e-07
-0.000111693
-3.09065e-07
-0.000112536
-2.31738e-07
-1.41573e-07
-3.08936e-05
3.0481e-05
-3.12417e-05
-3.15084e-05
0.000165881
-8.45016e-05
0.00121257
3.64458e-05
0.00358983
9.08469e-05
0.00584286
0.000144272
0.00786003
0.00019805
0.00955396
0.00026412
0.0108936
0.00035077
0.0119105
0.000463165
0.012673
0.000590908
0.0132329
0.000706972
0.0135548
0.000766357
0.0134596
0.000713954
0.012662
0.000547598
0.0109809
0.000337416
0.00850896
0.00016051
0.0055408
-2.03038e-05
-1.77291e-05
-0.00165078
0.00163529
-6.84306e-06
1.72262e-06
-9.69091e-06
-0.000829878
0.000819179
-4.82764e-07
-4.98762e-07
-4.71794e-07
-4.5334e-07
-8.95659e-05
8.92217e-05
-9.00546e-05
9.0435e-05
1.48412e-05
1.85347e-05
0.000218156
1.24465e-05
5.49772e-06
0.000491577
5.14487e-06
6.92269e-06
0.00202873
1.71384e-05
0.000496779
5.32312e-08
0.000230112
-4.5905e-08
2.50599e-06
-2.81272e-05
3.37751e-05
6.79829e-06
8.7303e-05
0.00391049
7.67934e-05
0.00623563
3.67312e-05
0.0088483
-1.34048e-05
0.011516
-7.62267e-05
0.013987
-0.000134581
0.0160516
-0.000170413
0.0175991
-0.000172679
0.0186361
-0.000139432
0.0192627
-7.60805e-05
0.0196114
1.10347e-05
0.0198088
0.000109192
0.0199417
0.000210752
0.020039
0.000309765
0.0200841
0.000396441
0.019987
0.000465455
0.0196029
0.000504735
0.0187622
0.000513523
0.0173328
0.000489931
0.0152927
0.000437876
0.0127528
0.000359354
0.00993737
0.000261947
-1.38353e-05
-0.000642091
0.000633079
-2.74558e-06
-2.67887e-06
-2.36461e-06
-2.29291e-06
-0.000188705
0.000187183
-1.27043e-06
-0.000190094
-1.28351e-06
-0.000191505
-9.99661e-07
-8.16826e-07
-0.000107145
0.000106193
-3.52781e-07
-0.000108161
-2.94006e-07
-0.000108961
-2.19595e-07
-1.30395e-07
-2.97986e-05
2.94286e-05
-3.01077e-05
-3.03394e-05
0.00124902
2.98381e-05
0.00365084
7.8487e-05
0.00590864
0.000127558
0.00793052
0.000177719
0.00964036
0.000238529
0.0110059
0.000321578
0.0120521
0.000427133
0.0128368
0.00054596
0.0133939
0.000647953
0.0136733
0.000687215
0.0134863
0.000628531
0.012581
0.000485691
0.0108326
0.000317003
0.00835247
0.000177073
0.00540643
-2.7141e-05
-1.55667e-05
-0.00162428
0.0016086
-2.61313e-06
-2.01275e-06
-2.51225e-06
-4.20844e-06
-0.000505232
0.000506813
-8.42479e-06
-0.000474671
-2.88383e-05
0.000335334
-2.70902e-07
-2.4624e-07
-8.77978e-05
8.7315e-05
-8.82965e-05
8.87499e-05
4.26171e-05
3.60444e-06
4.67239e-05
1.39092e-06
0.000235197
4.70395e-07
-4.1049e-07
0.000501051
2.65133e-06
2.96443e-05
0.00204289
4.34992e-05
0.000510804
7.38569e-06
0.000236706
-7.99708e-07
-6.55913e-07
-4.89169e-05
4.90257e-05
-1.54772e-07
3.13076e-07
6.79829e-06
7.94259e-05
0.00390786
5.32904e-05
0.00621907
2.80777e-05
0.00880682
-1.59877e-05
0.0114557
-7.7122e-05
0.0139295
-0.000134291
0.0160155
-0.000169713
0.0175961
-0.000171812
0.0186685
-0.000139387
0.019326
-7.58474e-05
0.0196983
7.8139e-06
0.0199102
0.000105275
0.0200472
0.000206104
0.0201427
0.000304492
0.0201761
0.000394686
0.0200578
0.000464542
0.0196431
0.000511225
0.0187645
0.000525329
0.0172974
0.000504937
0.0152256
0.000447762
0.0126644
0.000361741
-2.38173e-06
-2.38992e-06
-0.000182944
0.00018146
-1.2606e-06
-0.000184341
-1.28139e-06
-0.00018571
-9.95458e-07
-8.19315e-07
-0.000103726
0.0001028
-3.43944e-07
-0.000104722
-2.87714e-07
-0.000105506
-2.1503e-07
-1.29668e-07
-2.87847e-05
2.84321e-05
-2.90786e-05
-2.92982e-05
0.00127886
2.32477e-05
0.00370607
6.36493e-05
0.00597255
0.000106689
0.00800155
0.000151919
0.00972697
0.000210452
0.011117
0.000290667
0.0121886
0.000392735
0.01299
0.000501845
0.01354
0.00059093
0.0137695
0.00061899
0.0134959
0.00056745
0.0124993
0.00045545
0.0106942
0.000330078
0.00819947
0.000236662
0.00524359
-5.11978e-05
-2.26203e-05
-0.0015979
0.00157723
-4.13324e-06
-2.33591e-06
-3.03378e-06
-1.83114e-06
-0.000503209
0.000501189
-5.9287e-07
-0.000504262
-9.59232e-07
-0.000505391
-1.38385e-06
-2.78571e-06
-0.000304704
0.000298341
-2.06175e-06
1.79123e-06
8.70441e-05
8.67978e-05
1.04027e-05
1.17936e-05
4.93817e-05
1.14354e-07
4.91191e-05
-1.47834e-07
0.000239536
-2.11216e-07
3.25177e-08
0.00051817
2.22778e-05
4.0973e-05
0.00205561
2.57383e-05
0.000526174
3.5495e-05
0.000246315
9.89439e-07
-3.83458e-07
-4.86479e-05
4.81356e-05
-2.87386e-07
-1.84764e-07
-1.21067e-05
1.1952e-05
4.16019e-05
0.00391954
4.25177e-05
0.00620463
2.77292e-05
0.0087631
-1.97691e-05
0.0113984
-7.97724e-05
0.013875
-0.000134677
0.0159804
-0.000168705
0.017593
-0.000171995
0.0187011
-0.000140198
0.0193904
-7.89753e-05
0.0197851
3.86385e-06
0.0200116
9.94335e-05
0.0201539
0.00020124
0.0202459
0.000302349
0.0202684
0.000393965
0.0201284
0.000469452
0.0196848
0.000519882
0.0187699
0.000535856
0.0172665
0.000512861
0.0151605
0.00045059
-0.000179919
-9.34243e-07
-8.48447e-07
-0.00010034
9.94241e-05
-3.4454e-07
-0.000101334
-2.86189e-07
-0.000102116
-2.13524e-07
-1.34921e-07
-2.77999e-05
2.74561e-05
-2.80875e-05
-2.83024e-05
0.00130211
1.70175e-05
0.00375271
4.86486e-05
0.00603059
8.42369e-05
0.00806923
0.000126891
0.00981053
0.000184437
0.0112232
0.000261006
0.0123203
0.000359062
0.0131328
0.000460385
0.0136706
0.000540184
0.0138483
0.000568598
0.0134947
0.000533306
0.0124214
0.000455716
0.0105685
0.000379261
0.00805687
0.000361072
0.00508697
-0.000139565
-6.48829e-05
-0.00156131
0.00152231
-8.53937e-06
-3.66125e-06
-4.68312e-06
-2.01661e-06
-0.000497181
0.000494096
-1.04896e-06
-0.000498262
-1.25464e-06
-0.000500061
-1.23453e-06
-7.03794e-07
-0.000294643
0.000294117
-6.69545e-08
-0.000295415
-1.86452e-07
-0.000296514
-2.85158e-07
-9.58352e-07
-8.85891e-05
8.65273e-05
1.20663e-05
1.19185e-05
4.78714e-05
5.30317e-08
4.79906e-05
-8.67393e-08
0.0002583
2.90881e-06
7.38455e-06
0.000532842
3.43058e-05
1.37359e-05
0.00208964
-6.17045e-06
0.000540017
1.85634e-05
0.000267699
1.4367e-05
1.17293e-05
-4.77176e-05
4.86885e-05
1.85992e-08
-1.10472e-07
-1.17337e-05
1.14463e-05
2.9162e-05
0.0039329
4.96129e-05
0.00618275
2.36477e-05
0.00871969
-2.70729e-05
0.0113457
-8.35554e-05
0.0138239
-0.000134751
0.0159465
-0.000167616
0.0175886
-0.000171821
0.0187327
-0.000141722
0.0194531
-8.22435e-05
0.0198712
1.09264e-06
0.0201099
9.71911e-05
0.0202579
0.00019831
0.0203499
0.000300057
0.0203623
0.000395474
0.0202023
0.000475395
0.0197293
0.00052606
0.0187797
0.000542048
0.0172373
0.000514488
-9.87184e-05
-1.94896e-07
-1.42463e-07
-2.68217e-05
2.64774e-05
-2.71078e-05
-2.73212e-05
0.00131912
1.13316e-05
0.00379002
3.50439e-05
0.00607978
6.55561e-05
0.00813057
0.000104855
0.00989012
0.000160131
0.0113241
0.000235963
0.0124434
0.000328331
0.0132649
0.000425609
0.0137852
0.000501088
0.0139159
0.000534942
0.0134931
0.000520792
0.0123564
0.00048113
0.0104667
0.000461905
0.00795603
0.000447384
0.00504443
-0.000202466
-0.000202379
-0.00148128
0.00140525
-4.3144e-05
-2.03948e-05
-1.70407e-05
-6.81161e-06
-0.000488315
0.000482261
-2.48527e-06
-0.000490115
-1.86095e-06
-0.00049312
-1.67866e-06
-1.03999e-06
-0.00029152
0.000290718
-2.46858e-07
-0.000292539
-2.36164e-07
-0.000293577
-1.95649e-07
-1.64545e-07
-8.50974e-05
8.50304e-05
-8.52838e-05
-8.5569e-05
1.14994e-05
1.14126e-05
5.05976e-05
9.99681e-07
5.51097e-05
2.87248e-06
0.000278035
1.53813e-05
8.58771e-06
0.000540818
1.29347e-05
-8.21502e-06
0.00212702
0.000508042
2.66052e-05
0.000289298
1.7643e-06
5.53643e-06
-5.94487e-05
6.39542e-05
9.8615e-06
7.39028e-06
-1.13021e-05
1.13207e-05
5.16713e-05
0.00393084
4.88718e-05
0.00615752
1.2747e-05
0.00867987
-3.22003e-05
0.0112943
-8.5538e-05
0.0137746
-0.000136678
0.0159156
-0.00017041
0.0175872
-0.000173089
0.0187641
-0.000143397
0.0195143
-8.4925e-05
0.0199572
-3.52164e-06
0.0202106
9.23214e-05
0.0203639
0.000196535
0.0204535
0.000301299
0.0204565
0.000398071
0.0202797
0.000478953
0.0197764
0.000531302
0.0187904
0.000543493
-2.63349e-05
0.00133045
7.04918e-06
0.00381802
2.4076e-05
0.00612126
4.89863e-05
0.00818644
8.65341e-05
0.00996371
0.000139584
0.0114205
0.000213977
0.0125578
0.000302804
0.0133877
0.000395917
0.0138903
0.000473688
0.0139771
0.000517665
0.0134962
0.000526807
0.0123107
0.000517928
0.0104106
0.000482576
0.00792084
0.00032406
0.00490892
-5.44469e-05
-0.00013411
-0.00135841
0.00131697
-7.35632e-05
-8.74593e-05
-9.7521e-05
-5.80155e-05
-0.000458259
0.000434825
-1.97099e-05
-0.000468348
-1.03053e-05
-0.000478865
-6.52436e-06
-3.41533e-06
-0.000286961
0.00028488
-4.03997e-07
-0.000288496
-3.26329e-07
-0.00028986
-3.14137e-07
-1.82396e-07
-8.44341e-05
8.41872e-05
-8.46702e-05
-8.48659e-05
1.23204e-05
1.51929e-05
7.0092e-05
9.24355e-06
7.38111e-05
4.86861e-06
0.000299612
2.12736e-06
4.93186e-07
-0.000330493
-3.6585e-06
0.000833348
6.30425e-07
4.22111e-05
0.00213648
-3.01473e-06
-1.26108e-06
-7.71047e-05
7.81997e-05
6.6929e-07
2.2428e-06
-2.25832e-05
2.70384e-05
5.40626e-06
5.82009e-05
0.00392151
3.13508e-05
0.00613892
3.99521e-06
0.00864367
-3.57417e-05
0.0112445
-8.81677e-05
0.0137261
-0.000139042
0.0158842
-0.00017147
0.0175856
-0.000176081
0.0187968
-0.000146965
0.0195763
-8.77706e-05
0.0200414
-5.72689e-06
0.0203087
9.07338e-05
0.0204697
0.000195844
0.0205589
0.000302412
0.0205521
0.000400594
0.020358
0.000481373
0.0198264
0.000532411
0.0013375
3.41864e-06
0.00383868
1.52934e-05
0.00615496
3.62693e-05
0.0082367
7.03952e-05
0.0100329
0.000122203
0.0115122
0.000193532
0.012667
0.000281921
0.0135017
0.000374634
0.0139894
0.000455838
0.0140389
0.000511076
0.0135119
0.000533184
0.0122954
0.000510009
0.0103832
0.000406553
0.00783835
0.000175653
0.00477403
-8.45814e-06
-3.23029e-05
-0.00124782
0.00120761
-3.21472e-06
-1.102e-05
-1.97333e-05
-4.52338e-05
-0.000356837
0.000333834
-5.05598e-05
-0.000379032
-6.52641e-05
-0.000413348
-6.32052e-05
-3.65386e-05
-0.000268049
0.000252332
-3.99292e-06
-0.000276512
-1.84212e-06
-0.000282011
-1.02596e-06
-5.45783e-07
-8.33644e-05
8.29604e-05
-8.36907e-05
-8.40048e-05
3.35028e-05
2.77917e-06
3.73063e-05
1.0651e-06
7.95178e-05
8.09243e-07
7.96825e-05
3.28428e-07
0.000112945
-7.14051e-05
-4.53692e-05
1.11177e-07
5.90261e-08
5.76134e-06
0.000848491
2.13065e-05
0.000113818
-1.56905e-07
-8.51992e-08
5.84757e-05
0.0021362
-7.8024e-05
3.60414e-06
3.97401e-07
-3.92074e-05
3.98894e-05
-1.27454e-08
3.41786e-07
5.40626e-06
3.12506e-05
0.00392161
2.0177e-05
0.00612273
2.73015e-06
0.0086052
-3.85505e-05
0.0111949
-9.3227e-05
0.0136803
-0.000143526
0.0158562
-0.000175046
0.0175846
-0.000178322
0.0188281
-0.000149345
0.0196379
-9.06882e-05
0.0201264
-9.34031e-06
0.0204088
8.91538e-05
0.0205764
0.0001963
0.020665
0.000302242
0.0206505
0.000403713
0.0204357
0.000482
0.00134092
1.24494e-06
0.00385272
8.5453e-06
0.00618268
2.63191e-05
0.00828078
5.72811e-05
0.0100978
0.000107299
0.0115985
0.000178187
0.0127708
0.000265535
0.0136108
0.000359021
0.0140862
0.000444451
0.0141056
0.000502435
0.0135427
0.000515106
0.0122903
0.000456889
0.0103329
0.000292601
0.0077214
0.000101274
0.00468895
-3.88728e-06
-1.23033e-05
-0.00117934
0.00117166
1.87452e-07
-9.67903e-07
-6.70436e-07
-3.36005e-06
-0.000287949
0.000285431
-6.96231e-07
-0.00029656
-2.40928e-06
-0.000309325
-6.96836e-06
-2.07251e-05
-0.000162878
0.000112318
-0.000185486
-4.26553e-05
-0.000226109
-2.25824e-05
-1.03158e-05
-7.95465e-05
7.55536e-05
-8.13886e-05
-8.24146e-05
8.18543e-06
9.25054e-06
4.0489e-05
2.09664e-07
4.07777e-05
3.96786e-08
-4.11287e-05
-6.36466e-07
9.35e-06
-9.23884e-06
9.40901e-06
0.000118869
4.96405e-08
6.6105e-07
2.83633e-05
0.000863299
1.53037e-05
0.000131998
2.14238e-06
6.0344e-06
9.25211e-06
9.16692e-06
1.82377e-05
0.00214921
4.64062e-08
-9.59232e-06
9.57958e-06
1.73595e-05
0.00392443
2.41897e-05
0.00610128
2.27471e-06
0.00856437
-4.51303e-05
0.0111468
-9.84773e-05
0.0136353
-0.000147284
0.0158285
-0.000177917
0.0175842
-0.000180998
0.0188598
-0.000153419
0.0197006
-9.4059e-05
0.0202111
-1.1678e-05
0.0205096
8.75084e-05
0.0206852
0.000194253
0.020773
0.000302904
0.0207513
0.000401932
0.00134217
-7.26211e-07
0.003862
4.1651e-06
0.00620484
1.81183e-05
0.00831994
4.78674e-05
0.0101573
9.63021e-05
0.0116804
0.000166469
0.0128698
0.000254101
0.0137157
0.000349464
0.0141812
0.000433112
0.0141749
0.000482829
0.013575
0.000471521
0.0122757
0.000372194
0.0102533
0.000205147
0.00761753
6.8651e-05
0.00463222
-3.77366e-06
-8.14515e-06
-0.00116084
0.00115772
-1.30773e-07
-6.35848e-07
-3.79573e-07
-1.10164e-06
-0.000281213
0.000281273
1.27836e-07
-0.000282034
-1.46396e-07
-0.000282469
-2.35574e-07
-3.98508e-07
-8.22151e-05
8.15188e-05
-8.46243e-05
-9.15927e-05
-4.26553e-05
-6.52378e-05
9.78923e-06
9.82891e-06
-9.87531e-06
9.21658e-06
9.87763e-06
0.000143807
8.95697e-06
7.5977e-06
4.27499e-06
0.000880329
-3.06818e-06
0.000154422
3.84437e-06
8.44428e-07
1.202e-05
1.80544e-05
2.97741e-06
0.00216359
2.91466e-05
0.00391947
3.00512e-05
0.0060735
-6.07388e-06
0.00852531
-5.32056e-05
0.0111015
-0.000105239
0.0135932
-0.000151345
0.0158019
-0.000182212
0.0175854
-0.000184732
0.0188911
-0.000154978
0.0197615
-9.61606e-05
0.0202956
-1.31144e-05
0.0206102
8.58599e-05
0.0207936
0.00019347
0.0208825
0.000301947
0.00134144
-1.88786e-06
0.00386805
2.0342e-07
0.00622275
1.24299e-05
0.00835538
4.03725e-05
0.0102132
8.88908e-05
0.0117579
0.00015771
0.0129662
0.000244274
0.0138209
0.000337595
0.0142767
0.000414742
0.014243
0.000448703
0.0135978
0.000409785
0.0122381
0.000293892
0.0101645
0.000152586
0.00753359
5.34281e-05
0.00458856
-3.82661e-06
-5.94424e-06
-0.00115085
0.00114798
-2.43782e-07
-6.58383e-07
-4.53174e-07
-8.22345e-07
-0.000279573
0.000279378
6.42941e-08
-0.000280023
-1.86509e-07
-0.00028022
-1.81796e-07
-4.93832e-08
-8.07384e-05
8.08662e-05
-8.08848e-05
-8.11203e-05
2.25796e-05
4.43175e-06
2.79075e-05
2.26972e-06
0.000158646
5.41043e-07
-4.89911e-07
-2.98487e-06
0.000889231
-2.94035e-06
0.00015733
-7.79291e-07
-9.72976e-07
3.11001e-05
6.51676e-07
3.19194e-05
2.51463e-08
2.14419e-05
0.0021713
4.6029e-05
0.00390349
1.94913e-05
0.00604793
-1.73327e-05
0.00848944
-6.0789e-05
0.0110571
-0.000109768
0.0135516
-0.000156502
0.0157762
-0.000185327
0.017586
-0.000187723
0.0189238
-0.000158113
0.0198235
-9.93789e-05
0.0203819
-1.56424e-05
0.0207117
8.48058e-05
0.0209023
0.000192762
0.00133955
-2.52416e-06
0.00387078
-2.22679e-06
0.00623741
8.24387e-06
0.00838751
3.54426e-05
0.0102666
8.27692e-05
0.0118329
0.00015208
0.0130584
0.000237153
0.0139213
0.000323532
0.0143679
0.000388626
0.014303
0.000403377
0.0136042
0.00034607
0.0121859
0.000234753
0.0100824
0.000122601
0.00746442
4.62176e-05
0.00455076
-3.77368e-06
-4.64436e-06
-0.00114327
0.00114026
-3.86799e-07
-4.3892e-07
-5.06829e-07
-7.2484e-07
-0.000277939
0.000277688
7.68776e-09
-0.000278391
-2.0681e-07
-0.000278653
-1.90876e-07
-9.69682e-08
-8.04485e-05
8.05128e-05
-8.0635e-05
-8.08168e-05
4.43174e-06
6.70145e-06
3.23045e-05
1.55983e-07
3.19478e-05
-1.33256e-07
0.000155167
-3.29365e-07
-4.93038e-07
-3.13219e-07
0.000903312
7.67356e-06
0.000153853
-8.91565e-07
-7.35397e-07
3.15007e-05
-3.32179e-07
3.08459e-05
-3.18262e-07
7.35311e-06
7.37826e-06
5.26881e-05
0.00216464
3.21665e-05
0.00389081
3.40745e-06
0.00602719
-2.52413e-05
0.00845389
-6.52466e-05
0.0110126
-0.000115377
0.0135105
-0.000161605
0.0157525
-0.000189762
0.017588
-0.000190659
0.0189564
-0.00016116
0.0198853
-0.000101689
0.0204679
-1.82489e-05
0.0208148
8.15162e-05
0.00133703
-3.2596e-06
0.00387181
-3.48036e-06
0.00624913
5.98072e-06
0.00841697
3.15313e-05
0.0103179
7.88582e-05
0.0119061
0.000145689
0.0131499
0.000227832
0.014017
0.000305695
0.0144509
0.000357285
0.0143491
0.000354782
0.0135955
0.000291991
0.0121287
0.000197547
0.0100074
0.000108096
0.00740254
4.51922e-05
0.0045135
-4.42551e-06
-3.506e-06
-0.00113661
0.00113357
-3.71887e-07
-3.65981e-07
-5.26984e-07
-4.61118e-07
-0.000276453
0.000276103
-3.68934e-08
-0.000276744
-1.47155e-07
-0.000277052
-1.99023e-07
-8.93515e-08
-8.00182e-05
8.00259e-05
-8.0225e-05
-8.04159e-05
7.53424e-06
7.40098e-06
3.03998e-05
1.16689e-07
3.00111e-05
-1.04375e-07
0.000153786
-2.76845e-07
3.10705e-08
1.9407e-05
0.00091243
2.41627e-05
0.000160029
-1.06006e-07
1.53637e-06
2.94463e-05
-3.26858e-07
2.89908e-05
-2.79947e-07
7.0688e-06
6.75053e-06
3.21579e-05
0.00216465
7.91542e-06
0.00388631
-4.11391e-06
0.00600606
-2.7553e-05
0.0084162
-7.17373e-05
0.0109689
-0.000123018
0.0134719
-0.00016761
0.0157303
-0.000194112
0.0175915
-0.000193679
0.0189889
-0.000163065
0.0199466
-0.000104491
0.0205542
-2.04748e-05
0.00133377
-3.51909e-06
0.00387185
-4.82614e-06
0.00625994
4.09691e-06
0.0084444
2.99218e-05
0.0103668
7.56004e-05
0.0119762
0.00014079
0.0132369
0.000216735
0.014106
0.000286374
0.0145218
0.000322513
0.0143814
0.000311451
0.013576
0.000255592
0.0120706
0.000178951
0.00993655
0.000106536
0.0073412
5.10353e-05
0.00447062
-5.35545e-06
-2.8001e-06
-0.00113081
0.00112715
-4.42225e-07
-3.24366e-07
-3.8284e-07
-3.62289e-07
-0.0002751
0.000274713
1.54591e-08
-0.000275338
-1.27915e-07
-0.00027566
-2.05417e-07
-1.80513e-08
-7.95903e-05
7.95535e-05
-7.97375e-05
-7.99365e-05
6.8672e-06
6.76281e-06
2.85961e-05
1.17826e-07
2.86625e-05
-3.53198e-08
0.00016776
4.10588e-06
7.56982e-06
1.67032e-05
0.000925074
2.80944e-06
0.000174863
8.96775e-06
8.09162e-06
2.87369e-05
-1.80369e-07
3.00602e-05
2.12963e-07
6.43594e-06
6.15599e-06
5.7552e-07
0.00217198
1.69774e-06
0.00388049
-1.08887e-06
0.0059796
-3.22567e-05
0.00837672
-8.06859e-05
0.0109266
-0.000130984
0.0134353
-0.000171713
0.0157079
-0.000196502
0.0175943
-0.0001955
0.0190213
-0.000165674
0.0200078
-0.000104386
0.00133025
-3.6321e-06
0.00387066
-4.81194e-06
0.00626885
3.73118e-06
0.00847059
2.84899e-05
0.0104139
7.20922e-05
0.0120449
0.000134735
0.0133189
0.000203733
0.0141886
0.0002624
0.0145819
0.000292336
0.0144005
0.000279635
0.013552
0.000234501
0.0120151
0.000174739
0.00986835
0.000117245
0.00727499
6.71753e-05
0.00441356
-7.77786e-06
-2.34399e-06
-0.001125
0.00112049
-5.1099e-07
-3.38743e-07
-4.24896e-07
-2.18975e-07
-0.000273998
0.000273542
1.32991e-08
-0.00027416
-1.62013e-07
-0.000274399
-1.44159e-07
-4.84386e-08
-7.92021e-05
7.92176e-05
-7.933e-05
-7.95354e-05
6.27382e-06
6.2385e-06
3.23291e-05
1.83698e-06
3.57002e-05
4.19862e-06
0.000183506
5.83647e-06
2.22399e-06
-2.26541e-06
0.000934
-6.08659e-06
0.000186719
5.86298e-07
-9.90157e-07
3.88959e-05
5.77198e-06
4.20787e-05
4.90872e-06
6.05812e-06
6.27108e-06
-3.44101e-06
0.00217712
1.37178e-05
0.00386568
-1.41826e-06
0.00594876
-4.33774e-05
0.00833941
-9.05532e-05
0.0108862
-0.000135883
0.0133995
-0.000175859
0.0156873
-0.000198813
0.0175976
-0.000198516
0.0190542
-0.000167851
0.00132662
-3.38645e-06
0.00386923
-4.92672e-06
0.00627751
3.68299e-06
0.0084954
2.78344e-05
0.0104582
7.0661e-05
0.012109
0.000127479
0.0133952
0.000190613
0.0142604
0.000242349
0.0146319
0.000267355
0.0144128
0.000261074
0.0135254
0.000230593
0.0119592
0.000187962
0.00979763
0.00014599
0.00719617
0.000106777
0.00432502
-1.47877e-05
-3.44235e-06
-0.0011187
0.00111185
-6.61276e-07
-2.6997e-07
-3.70392e-07
-1.82792e-07
-0.000272835
0.00027236
-3.59977e-08
-0.000273063
-1.10255e-07
-0.000273359
-1.29816e-07
-3.51836e-08
-7.88629e-05
7.88763e-05
-7.9025e-05
-7.91691e-05
8.10804e-06
1.23066e-05
4.50315e-05
2.88369e-06
4.62635e-05
9.92017e-07
0.000186391
-6.72005e-07
-1.26609e-06
-5.5346e-06
0.000939225
-3.13216e-06
0.000184765
-1.61139e-06
-2.84972e-06
4.70384e-05
-1.88741e-07
4.66737e-05
-6.25476e-07
1.52282e-05
2.85028e-06
1.88931e-05
1.24382e-06
1.75952e-05
0.00217324
2.04568e-05
0.00384381
-1.53943e-05
0.00592077
-5.57513e-05
0.0083046
-9.66183e-05
0.0108469
-0.000139384
0.013363
-0.00017826
0.0156667
-0.000202196
0.0176013
-0.000201523
0.00132323
-3.42336e-06
0.00386773
-4.60631e-06
0.0062858
3.92265e-06
0.00851931
2.71319e-05
0.0105017
6.81285e-05
0.0121683
0.000121482
0.0134643
0.000178069
0.0143247
0.000225548
0.0146737
0.000252576
0.0144213
0.000255794
0.0135002
0.000240914
0.0119063
0.000218667
0.00972496
0.000200006
0.00710294
0.000195125
0.00418924
-4.63251e-05
-1.30219e-05
-0.00110898
0.00109572
-1.24169e-06
-2.90204e-07
-5.57623e-07
-6.54028e-09
-0.000271787
0.000271152
-2.56064e-08
-0.000271965
-9.26708e-08
-0.000272219
-1.15917e-07
-4.19825e-08
-7.8601e-05
7.8565e-05
-7.87113e-05
-7.88411e-05
2.11559e-05
6.20898e-07
2.20895e-05
5.83823e-08
4.62012e-05
-1.99571e-07
4.53664e-05
-4.31466e-07
0.000183957
-4.72601e-06
9.79003e-07
0.000945135
1.07054e-05
0.000183547
-2.72259e-06
4.39997e-05
-2.44852e-07
3.96569e-05
1.49301e-06
2.20652e-05
-1.64559e-07
2.16796e-05
-2.39896e-07
2.85027e-06
4.09409e-06
3.37082e-05
0.00215999
2.31194e-06
0.0038261
-3.16343e-05
0.00589666
-6.29205e-05
0.00827091
-9.96093e-05
0.0108071
-0.000142902
0.0133276
-0.000181971
0.0156465
-0.000206517
0.00131981
-2.984e-06
0.0038661
-3.95093e-06
0.00629367
4.42322e-06
0.00854202
2.73919e-05
0.0105424
6.47186e-05
0.0122251
0.00011528
0.0135271
0.000168623
0.0143816
0.000216177
0.0147101
0.000249559
0.0144275
0.000264448
0.0134767
0.000266911
0.011858
0.000269047
0.00965592
0.000286124
0.00701195
0.00035336
0.00409672
-0.000180028
-8.08131e-05
-0.00108444
0.00104455
-5.36262e-06
-1.06695e-06
-1.72503e-06
-1.99047e-08
-0.000270565
0.000269416
-9.24227e-08
-0.000270723
-1.32304e-07
-0.000271149
-1.31567e-07
-4.03341e-09
-7.83144e-05
7.82888e-05
-7.84071e-05
-7.8523e-05
4.71498e-06
4.77335e-06
2.14603e-05
1.96049e-08
2.11262e-05
-9.74389e-08
5.7642e-05
-2.28657e-05
1.25502e-07
2.8843e-08
0.000184315
2.10014e-07
1.81978e-05
0.000944284
1.63602e-05
0.000189822
5.19844e-06
5.53544e-05
-2.01153e-07
-2.34021e-07
2.0922e-05
-4.08061e-08
-4.50774e-07
4.60877e-06
4.36886e-06
9.5948e-06
0.0021527
-1.92015e-05
0.00381366
-3.92166e-05
0.00587295
-6.30494e-05
0.00823434
-0.000101113
0.0107653
-0.000146489
0.0132922
-0.000186193
0.00131683
-2.84571e-06
0.003865
-3.15562e-06
0.00630125
5.45655e-06
0.00856396
2.65797e-05
0.0105806
6.29e-05
0.0122775
0.000110831
0.0135849
0.000164186
0.0144336
0.00021363
0.014746
0.000253238
0.0144387
0.000282778
0.0134608
0.00030647
0.0118206
0.000335444
0.0096066
0.000385246
0.00698006
0.00034871
0.00401066
-9.1016e-05
-0.000171636
-0.00098858
0.000907477
-6.64553e-05
-3.24694e-05
-1.89094e-05
-5.93725e-06
-0.000267089
0.000262359
-6.33156e-07
-0.00026793
-2.25787e-07
-0.00026939
-2.64748e-07
5.91769e-09
-7.80209e-05
7.79285e-05
-7.81532e-05
-7.82848e-05
4.38844e-06
4.29097e-06
3.92482e-06
-3.79936e-06
3.95365e-06
5.5672e-05
-9.01245e-08
-1.79541e-08
0.00019353
1.44895e-05
7.67906e-06
0.000947862
-1.66402e-06
0.000198388
1.15016e-05
6.02017e-05
6.89862e-07
-2.1353e-08
-3.71963e-06
3.51843e-06
4.25013e-06
-1.5171e-05
0.00214867
-2.61736e-05
0.00380062
-3.51682e-05
0.00584507
-6.21635e-05
0.00819539
-0.000106196
0.010725
-0.000152298
0.00131398
-2.29841e-06
0.00386414
-2.56532e-06
0.00630927
5.61839e-06
0.00858492
2.72142e-05
0.0106163
6.22795e-05
0.012326
0.000109068
0.01364
0.0001625
0.0144847
0.000217905
0.0147813
0.000267829
0.0144537
0.000311387
0.0134559
0.000350983
0.0118051
0.000388994
0.00960285
0.000370837
0.00695793
0.000174716
0.00387932
-6.45457e-06
-3.69201e-05
-0.000846689
0.000781041
-5.78174e-06
-1.95863e-05
-4.90857e-05
-6.1763e-05
-0.000220331
0.000175954
-2.20785e-05
-0.00024275
-1.00499e-05
-0.000257763
-3.89685e-06
-1.3408e-06
-7.74439e-05
7.68108e-05
-7.76697e-05
-7.79344e-05
3.42827e-06
3.41028e-06
6.81698e-05
2.6437e-06
3.87753e-06
0.000202727
3.3397e-06
-4.71026e-06
0.000945064
-7.66362e-06
0.00020281
-1.74747e-06
7.49927e-05
1.18588e-06
3.49255e-06
-3.38892e-06
4.07871e-06
-2.03969e-05
0.00214289
-1.69518e-05
0.0037824
-2.91754e-05
0.00581208
-6.69574e-05
0.00815615
-0.00011331
0.00131168
-2.12672e-06
0.0038637
-1.67412e-06
0.00631656
6.76393e-06
0.00860537
2.74526e-05
0.0106511
6.14905e-05
0.0123736
0.000109053
0.0136935
0.000166962
0.0145357
0.00022588
0.0148233
0.000283773
0.0144813
0.000336599
0.0134703
0.000377894
0.0118162
0.000375796
0.00959789
0.000263294
0.00686935
8.17417e-05
0.0038039
3.18475e-07
-6.63329e-06
-0.00074619
0.000739644
2.26445e-07
-1.35875e-07
-1.10052e-07
-1.95853e-06
-8.49639e-05
7.91821e-05
-0.00010455
-0.000153636
-3.94446e-05
-6.15232e-05
3.94446e-05
-7.15731e-05
-7.54699e-05
6.72238e-06
9.11702e-06
1.48285e-06
7.81279e-05
5.23778e-07
-3.19588e-07
0.000201108
-3.00884e-06
-7.72104e-06
0.000938818
-6.43168e-06
0.000197792
-4.34734e-06
7.75425e-05
-7.05878e-07
-4.56411e-07
-1.19435e-05
1.29973e-05
1.32063e-07
6.66e-07
-7.79596e-06
0.00213374
-4.24417e-06
0.00375747
-3.39051e-05
0.00577902
-7.68997e-05
0.00130955
-1.77957e-06
0.00386381
-1.11195e-06
0.00632444
7.66619e-06
0.00862515
2.78559e-05
0.0106847
6.35401e-05
0.0124191
0.000112958
0.0137475
0.000172323
0.0145892
0.000237624
0.0148694
0.000300728
0.0145172
0.000350849
0.0134973
0.000366957
0.011825
0.000309337
0.00955185
0.00016815
0.00678295
4.52906e-05
0.00376284
-5.85698e-07
-3.64436e-06
-0.000732998
0.000733206
8.45406e-08
2.59453e-08
1.08357e-07
-9.52529e-08
-7.69777e-05
7.72041e-05
-7.71136e-05
-7.72236e-05
1.48285e-06
1.3514e-05
6.9913e-09
1.33249e-05
-1.30603e-07
7.54146e-05
-3.67856e-07
-5.13274e-07
0.000193886
-3.8155e-06
-5.20813e-06
0.00093561
6.17531e-07
0.000191478
-4.02417e-06
7.24592e-05
-7.09379e-07
-6.82923e-07
-1.30157e-05
1.25108e-05
-2.01134e-07
-1.47314e-07
-2.14885e-06
2.28088e-06
1.21316e-05
0.00211736
-8.58868e-06
0.00373215
-4.78666e-05
0.00130778
-1.63373e-06
0.00386433
-2.64499e-07
0.00633237
8.62054e-06
0.00864439
3.04469e-05
0.0107178
6.63073e-05
0.0124658
0.000117298
0.0138025
0.000178608
0.0146483
0.00024608
0.0149241
0.000306583
0.0145614
0.00034101
0.0135233
0.000323396
0.011811
0.000231646
0.00948835
0.000109279
0.00671896
3.24549e-05
0.00373423
-9.51262e-07
-2.8953e-06
-0.000729687
0.000729185
1.94039e-08
-1.02552e-07
-9.71325e-09
-1.15595e-07
-7.72432e-05
7.73277e-05
-7.72172e-05
-7.71089e-05
2.28785e-06
2.15722e-06
1.21857e-05
-4.27735e-08
1.18055e-05
-1.33156e-07
6.95387e-05
-4.2691e-07
-4.68466e-07
0.000188922
-2.65306e-06
5.32686e-06
0.000931015
1.13981e-05
0.000190463
-9.24219e-07
6.68208e-05
-6.26799e-07
-6.79803e-07
-1.12842e-05
1.07663e-05
-1.91547e-07
-1.61687e-07
-2.0099e-06
1.80873e-06
7.31347e-06
0.00210145
-2.85166e-05
0.00130614
-1.14484e-06
0.00386521
8.43524e-07
0.00634015
1.04733e-05
0.00866436
3.2674e-05
0.0107515
7.05455e-05
0.0125125
0.000121581
0.0138595
0.000185254
0.0147091
0.000249195
0.0149815
0.000299295
0.0146032
0.000312757
0.0135339
0.000264968
0.0117776
0.000169122
0.00942851
7.81875e-05
0.00667323
3.32512e-05
0.0037036
-7.24544e-07
-1.90186e-06
-0.000726475
0.000725679
-6.8827e-08
-8.6079e-08
-3.12535e-08
-1.54942e-07
-7.70999e-05
7.71193e-05
-7.72024e-05
-7.72121e-05
1.76594e-06
1.63277e-06
1.03837e-05
-4.44114e-08
1.00361e-05
-1.20997e-07
6.49627e-05
-4.29456e-07
-3.65776e-07
0.000191745
4.0445e-06
9.50337e-06
0.000926938
1.88369e-06
0.00019456
8.58281e-06
6.49656e-05
-3.13069e-07
-6.14466e-07
-9.51206e-06
9.06408e-06
-1.78996e-07
-1.55881e-07
-1.47109e-06
1.2795e-06
-1.87493e-05
0.001305
-8.71124e-07
0.00386693
1.26036e-06
0.00634936
1.24894e-05
0.00868455
3.5498e-05
0.0107865
7.38895e-05
0.0125602
0.000126572
0.0139182
0.000186947
0.0147713
0.000244602
0.0150362
0.000278606
0.0146373
0.000268861
0.01353
0.000209562
0.0117372
0.000127742
0.00937895
6.40341e-05
0.00664244
3.08621e-05
0.00159327
1.33813e-07
-5.01704e-07
0.00207984
-0.000723923
0.000723229
6.82028e-09
-3.69038e-08
-6.59814e-08
-7.97248e-08
-7.6847e-05
7.67782e-05
-7.69331e-05
-7.69643e-05
1.23506e-06
1.11403e-06
8.6846e-06
-5.00475e-08
8.4391e-06
-1.20356e-07
6.78839e-05
1.18281e-07
1.00739e-06
0.000196745
7.31764e-06
-4.71318e-06
0.000198035
5.9286e-07
7.20022e-05
2.59945e-06
1.86467e-06
-7.9917e-06
7.8638e-06
-1.85342e-07
-1.67104e-07
-9.58145e-07
7.79096e-07
0.00130413
-8.01091e-07
0.00386899
2.62742e-06
0.00635922
1.40936e-05
0.00870595
3.86431e-05
0.0108217
7.65368e-05
0.0126102
0.000128266
0.0139769
0.000184336
0.0148316
0.00023043
0.0150843
0.000248487
0.0146577
0.000225425
0.0135141
0.000166917
0.011698
0.000102298
0.00934069
5.5154e-05
0.00661815
8.94897e-05
8.80103e-06
0.00149498
-0.000722712
0.000722458
3.46268e-07
4.14522e-08
4.43322e-08
-2.957e-08
-8.91554e-06
0.00217825
-7.65956e-05
7.66024e-05
-7.66325e-05
-7.66985e-05
7.29032e-07
6.08656e-07
8.01414e-06
-3.2221e-08
8.9529e-06
6.84313e-08
7.5549e-05
2.70636e-06
1.06409e-06
-3.61797e-06
7.71074e-05
-9.62658e-07
-3.52823e-09
-1.01988e-05
1.1535e-05
1.26298e-06
6.18652e-07
-4.41552e-07
2.56154e-07
0.00130332
-1.81222e-07
0.0038718
3.26039e-06
0.00637006
1.58486e-05
0.00872875
3.98479e-05
0.0108584
7.8273e-05
0.0126602
0.000126312
0.0140349
0.000175562
0.0148865
0.000210749
0.0151221
0.000216689
0.0146664
0.000187181
0.0134939
0.000136741
0.0116636
8.53932e-05
0.00931045
-1.96381e-05
3.95506e-05
0.00658932
4.98877e-07
6.17156e-07
0.000429758
0.000300386
3.71801e-05
-5.70464e-07
0.00146733
-8.96204e-06
-7.66586e-05
7.70049e-05
-7.66172e-05
-7.65728e-05
0.00219579
2.23881e-07
2.92243e-07
1.31221e-05
1.11907e-06
1.39723e-05
2.13775e-07
-8.73239e-07
-1.26418e-06
-1.43032e-05
1.39433e-05
-6.03023e-07
-3.34642e-07
-9.10895e-07
2.21274e-06
-3.90779e-08
0.00130314
-1.70436e-07
0.00387523
4.1955e-06
0.00638171
1.7536e-05
0.00875106
4.24258e-05
0.0108943
7.86384e-05
0.0127079
0.000122372
0.0140881
0.000163421
0.0149338
0.000187807
0.015151
0.000185904
0.0146677
0.000157534
0.0134731
0.000116014
0.011633
6.99349e-05
0.00928006
-1.28889e-05
3.14776e-05
0.00657454
-3.81014e-06
-7.76221e-05
7.8121e-05
-2.24712e-05
0.000451658
2.23413e-06
0.00027568
1.48824e-05
-6.1982e-06
0.00146237
-3.72896e-06
-1.01398e-05
0.000452836
0.00219778
3.41751e-06
-8.58604e-08
3.82365e-06
-1.92532e-07
1.35612e-05
-4.91438e-07
-6.07899e-07
-3.67818e-06
3.29523e-06
-2.20373e-07
-1.89279e-07
-3.90962e-08
0.00130297
4.02853e-07
0.00387902
5.29898e-06
0.00639395
1.82754e-05
0.00877521
4.31134e-05
0.0109298
7.66102e-05
0.0127537
0.000114484
0.014137
0.000147938
0.0149737
0.000165956
0.0151709
0.000161062
0.0146642
0.000137108
0.013452
0.000100756
0.0116021
6.31326e-05
0.00924841
3.01914e-05
0.00654547
-1.45081e-06
3.36522e-07
-4.36375e-06
0.00219834
8.03551e-05
-2.28787e-06
0.000267828
0.000451573
-4.93468e-06
0.00145995
-5.81257e-07
-1.36369e-06
0.000450328
-2.48469e-06
-1.24993e-07
-3.1757e-07
2.90958e-06
-1.06044e-07
-1.68084e-07
5.06849e-07
-7.27339e-07
0.00130338
4.7323e-07
0.00388385
6.20259e-06
0.00640602
1.97332e-05
0.00879859
4.18886e-05
0.0109645
7.2933e-05
0.0127952
0.000106105
0.0141789
0.0001335
0.0150061
0.000147071
0.0151849
0.000142877
0.0146584
0.000123433
0.0134293
9.45025e-05
0.0115708
6.53567e-05
0.00921324
3.62196e-05
0.00651336
-5.07682e-06
9.69164e-07
-0.00219866
0.00219646
7.50974e-07
1.06308e-08
7.80672e-05
0.000264504
-1.61045e-06
0.00145959
1.39526e-07
2.33028e-07
-0.000449777
0.000449619
-4.23178e-07
-8.12652e-07
0.000262865
-8.45624e-07
-8.33449e-07
0.00130385
9.24134e-07
0.00388913
6.40002e-06
0.00641935
1.95488e-05
0.00882093
4.13822e-05
0.0109961
6.82671e-05
0.012833
9.70991e-05
0.0142153
0.000120263
0.0150329
0.000132558
0.0151952
0.000130901
0.0146509
0.000117856
0.013406
9.8544e-05
0.0115376
7.66078e-05
0.00917286
5.31202e-05
0.00647091
-1.01443e-05
-5.30451e-07
-0.00219648
0.00219174
-3.31475e-07
9.46231e-07
0.0014594
4.20596e-07
5.27639e-07
7.64568e-05
0.000449752
7.31553e-09
0.000449757
2.27183e-07
-0.000262383
0.000262058
-9.84454e-08
-3.30192e-07
7.56111e-05
0.00130477
8.95446e-07
0.00389463
7.01217e-06
0.00643189
1.93132e-05
0.008843
3.85042e-05
0.0110258
6.30633e-05
0.0128671
8.92106e-05
0.0142463
0.000110375
0.0150551
0.000122693
0.0152034
0.000126244
0.0146425
0.000122189
0.0133823
0.000113077
0.0115011
0.000100488
0.00912549
8.5131e-05
0.00641066
-2.05952e-05
-4.29005e-06
-0.0021917
0.00218405
-2.48983e-06
-4.94454e-07
-0.00145953
0.00145863
9.78608e-09
5.6198e-07
5.57164e-07
2.52383e-07
-0.00044996
0.000450163
2.17129e-07
3.25311e-07
0.000262017
4.86677e-08
0.000262175
6.92018e-08
-7.5281e-05
7.51825e-05
0.00130567
1.26708e-06
0.00390038
6.68774e-06
0.00644451
1.8688e-05
0.00886282
3.60305e-05
0.0110529
5.85468e-05
0.0128977
8.188e-05
0.0142748
0.000103492
0.0150743
0.000121366
0.0152083
0.000131472
0.0146333
0.00013691
0.0133585
0.000140096
0.0114615
0.000141812
0.00906881
0.000145385
-1.54385e-05
-0.00218287
0.00216895
-6.67706e-06
-3.11281e-06
-0.00145776
0.00145531
-4.33785e-07
3.89014e-07
4.47086e-07
-7.20724e-08
-0.0004507
0.000450673
3.6015e-08
-0.0004505
3.62669e-07
0.000450535
1.85342e-07
2.87269e-07
-0.000262454
0.000262599
7.1861e-08
4.58294e-08
7.52312e-05
7.53004e-05
0.00130694
1.05279e-06
0.00390601
6.35405e-06
0.00645685
1.68857e-05
0.00888196
3.39047e-05
0.0110775
5.4737e-05
0.0129249
7.82121e-05
0.0143001
0.000102589
0.0150931
0.000123722
0.0152161
0.000144131
0.014626
0.000161933
0.0133366
0.000180151
0.0114232
0.000203551
-9.79845e-06
-0.00145229
0.00144638
-9.16906e-07
1.41536e-07
5.88078e-07
-6.72531e-07
-0.000451012
0.000450631
-5.26451e-08
-0.00045079
1.66049e-07
0.000451064
5.66696e-08
2.02173e-07
-0.000263225
0.000263218
4.2689e-08
-0.000262903
4.02916e-08
0.000262692
9.22633e-08
7.7066e-08
-7.53462e-05
7.54181e-05
0.00130799
1.14837e-06
0.00391122
6.19513e-06
0.00646754
1.6553e-05
0.00889931
3.15777e-05
0.0111007
5.2508e-05
0.0129506
7.77884e-05
0.0143249
0.000104666
0.0151122
0.000134402
0.0152258
0.000163925
0.014624
0.000195781
0.013321
0.000235618
1.22716e-07
-1.71869e-06
-0.000450571
0.000449861
-2.0714e-07
-0.000450395
-3.4735e-08
0.00045123
-1.06215e-08
1.62543e-07
-0.000263526
0.000263456
1.68175e-08
-0.000263371
1.12624e-08
0.000263216
5.91733e-08
4.68829e-08
-7.56277e-05
7.56704e-05
-7.55874e-05
7.55103e-05
0.00130914
1.03658e-06
0.00391637
5.89309e-06
0.0064782
1.54005e-05
0.00891549
3.0549e-05
0.0111226
5.23494e-05
0.012976
7.95416e-05
0.01435
0.000112761
0.0151338
0.00015036
0.0152393
0.000192779
0.0146271
0.000238925
0.000450123
-1.39053e-07
-3.29766e-07
-0.000263503
0.000263354
-5.76934e-08
-0.000263532
-6.54488e-09
0.000263413
3.25665e-08
4.41518e-08
-7.57877e-05
7.58045e-05
-7.57765e-05
7.57296e-05
0.00131017
9.00281e-07
0.00392137
5.58951e-06
0.00648801
1.48069e-05
0.00893123
3.08607e-05
0.0111441
5.36097e-05
0.013002
8.51664e-05
0.0143776
0.000123694
0.0151605
0.000167542
0.0152646
0.000219951
0.000263161
5.37382e-08
-1.49959e-09
-7.58747e-05
7.5817e-05
-7.58813e-05
7.58371e-05
0.00131107
8.72495e-07
0.00392608
5.23576e-06
0.00649758
1.51216e-05
0.00894697
3.21348e-05
0.0111656
5.8017e-05
0.0130291
9.2045e-05
0.0144093
0.000135712
0.0151923
0.000189951
7.58708e-05
0.00131195
9.21812e-07
0.0039304
5.55016e-06
0.00650715
1.60346e-05
0.00896307
3.42386e-05
0.0111894
6.25505e-05
0.0130586
0.00010055
0.0144444
0.00015074
0.00131287
9.50397e-07
0.003935
5.97055e-06
0.00651722
1.69042e-05
0.00898041
3.78186e-05
0.0112141
6.73728e-05
0.0130918
0.000110584
0.00131382
9.18561e-07
0.00394005
6.43567e-06
0.00652768
1.89004e-05
0.00899932
4.04399e-05
0.011241
7.41343e-05
0.00131474
1.27896e-06
0.00394521
7.26127e-06
0.00653932
2.0239e-05
0.00901952
4.23313e-05
0.00131602
1.24009e-06
0.00395123
7.70324e-06
0.00655186
2.14508e-05
0.00131726
1.56086e-06
0.00395737
8.61602e-06
0.00131882
1.80541e-06
)
;

boundaryField
{
    inlet
    {
        type            calculated;
        value           nonuniform List<scalar> 
50
(
-0.00996188
-0.00996524
-0.0099712
-0.0099793
-0.009988
-0.0099962
-0.0100032
-0.0100086
-0.0100123
-0.0100145
-0.0100155
-0.010015
-0.010015
-0.010014
-0.010013
-0.010013
-0.010011
-0.010011
-0.010009
-0.010009
-0.010009
-0.010008
-0.010008
-0.010008
-0.010007
-0.010005
-0.010002
-0.009997
-0.009991
-0.009983
-0.009976
-0.009972
-0.009971
-0.009973
-0.009979
-0.009985
-0.009993
-0.009999
-0.010004
-0.010008
-0.01001
-0.010012
-0.010012
-0.010011
-0.010011
-0.010009
-0.010009
-0.010007
-0.010008
-0.010007
)
;
    }
    outlet
    {
        type            calculated;
        value           nonuniform 0();
    }
    wall
    {
        type            calculated;
        value           uniform 0;
    }
    front
    {
        type            empty;
        value           nonuniform 0();
    }
    back
    {
        type            empty;
        value           nonuniform 0();
    }
    vanem
    {
        type            calculated;
        value           uniform 0;
    }
    vaneu
    {
        type            calculated;
        value           uniform 0;
    }
    vanel
    {
        type            calculated;
        value           nonuniform 0();
    }
    procBoundary2to0
    {
        type            processor;
        value           nonuniform List<scalar> 10(3.13618e-07 9.26272e-07 1.57529e-06 2.30038e-06 3.16309e-06 4.29621e-06 2.63613e-06 1.31613e-06 3.00088e-06 6.65679e-07);
    }
    procBoundary2to3
    {
        type            processor;
        value           nonuniform List<scalar> 
57
(
0.00247813
-1.42288e-05
0.00460697
0.00711211
0.00983758
0.0125756
0.0150966
0.0172083
0.0188015
0.0198768
0.0205158
0.0208513
0.0209916
0.0210135
0.0209168
0.0206381
0.0200713
0.0190878
0.0176063
0.0156262
0.0132583
0.0106861
0.00811974
0.00574998
0.00371279
0.00209168
0.000922911
-1.00127e-05
0.000196938
0.00143818
0.00632787
-4.71501e-05
0.00901064
0.0113911
0.0133177
0.014646
0.0152946
0.0152315
0.0144846
0.0131282
0.0112728
0.0090404
0.00656469
0.00396418
0.00132062
0.000624017
9.79795e-05
0.000178472
7.56262e-05
1.29046e-05
2.46952e-06
7.58693e-05
0.00216331
2.61402e-05
-1.0016e-06
0.000448734
0.000262833
)
;
    }
}


// ************************************************************************* //
