/*--------------------------------*- C++ -*----------------------------------*\
| =========                 |                                                 |
| \\      /  F ield         | OpenFOAM: The Open Source CFD Toolbox           |
|  \\    /   O peration     | Version:  v1912                                 |
|   \\  /    A nd           | Website:  www.openfoam.com                      |
|    \\/     M anipulation  |                                                 |
\*---------------------------------------------------------------------------*/
FoamFile
{
    version     2.0;
    format      ascii;
    class       surfaceScalarField;
    location    "380";
    object      phi;
}
// * * * * * * * * * * * * * * * * * * * * * * * * * * * * * * * * * * * * * //

dimensions      [0 3 -1 0 0 0 0];
oriented        oriented;


internalField   nonuniform List<scalar> 
7351
(
-3.56291e-06
0.00134709
-1.32709e-05
0.00413231
-2.80701e-06
0.0013499
-3.39266e-05
0.0069503
-1.35515e-05
0.00414305
-3.84337e-06
0.00135374
-6.14655e-05
0.00968806
-3.36169e-05
0.00697036
-1.4236e-05
0.00415344
-2.79146e-06
0.00135653
-9.49622e-05
0.0121659
-6.04632e-05
0.00971491
-3.20764e-05
0.0069882
-1.157e-05
0.00416222
-2.82744e-06
0.00135936
-0.000143498
0.0141818
-9.48004e-05
0.0122003
-5.59717e-05
0.0097388
-3.04152e-05
0.00700705
-1.15139e-05
0.00417091
-2.81225e-06
0.00136218
-0.000184886
0.0155124
-0.000136936
0.014224
-9.18595e-05
0.0122361
-5.5568e-05
0.00976396
-2.59571e-05
0.00702149
-1.13505e-05
0.00417945
-1.81582e-06
0.00136399
-0.000236681
0.0160077
-0.000186052
0.0155616
-0.000132887
0.014265
-8.61338e-05
0.0122667
-4.58131e-05
0.00978381
-2.27733e-05
0.00703291
-9.36023e-06
0.00418699
-1.76365e-06
0.00136576
-0.000276755
0.0155683
-0.000230378
0.0160521
-0.000177349
0.015606
-0.00012065
0.0142995
-7.13412e-05
0.0122922
-4.15476e-05
0.00980259
-1.97685e-05
0.00704332
-7.30288e-06
0.00419253
-1.66309e-06
0.00136742
-0.00031108
0.0142461
-0.000279186
0.0156171
-0.000218809
0.0160935
-0.000150751
0.0156361
-9.96401e-05
0.0143278
-6.40441e-05
0.0123147
-3.72451e-05
0.00982006
-1.82576e-05
0.00705428
-6.42974e-06
0.0041973
-1.71863e-06
0.00136914
-0.000335496
0.0121651
-0.000322773
0.0142897
-0.000258826
0.0156571
-0.000186245
0.016129
-0.00013004
0.0156665
-8.27458e-05
0.0143465
-5.22981e-05
0.0123298
-2.77695e-05
0.00982958
-1.52956e-05
0.00706314
-6.94077e-06
0.00420252
-1.73669e-06
0.00137087
-0.000343355
0.00952579
-0.000352018
0.0121944
-0.000277201
0.0143081
-0.000206213
0.0156771
-0.000148264
0.0161472
-0.000104218
0.015688
-6.92788e-05
0.0143635
-4.26072e-05
0.0123446
-2.72983e-05
0.00984158
-1.19432e-05
0.00706815
-4.34119e-06
0.00420513
-1.33839e-06
0.00137221
0.00654744
-0.000193734
-0.000114266
-0.000372567
0.00954634
-0.000286829
0.012204
-0.000211591
0.0143135
-0.000159291
0.0156881
-0.000112718
0.0161557
-7.88514e-05
0.0156976
-5.12069e-05
0.0143721
-3.56314e-05
0.012353
-1.81319e-05
0.00984777
-1.20099e-05
0.00707582
-6.06053e-06
0.00420985
-7.13644e-07
0.00137293
0.00655289
-0.00017716
-0.000200859
-0.00215257
0.00211085
-0.000152013
-8.41667e-05
-0.000259724
0.00951924
-0.000190804
0.0121832
-0.000150852
0.014305
-0.000110107
0.0156855
-8.71718e-05
0.0161641
-6.4845e-05
0.0157112
-4.52629e-05
0.0143817
-3.07374e-05
0.0123656
-2.27493e-05
0.00985851
-1.15302e-05
0.00708129
-4.82966e-06
0.00421396
-1.44826e-06
0.00137438
0.00648299
-5.96868e-05
-0.000130137
-0.00209321
0.00206944
-0.000153384
-0.000183219
-0.00137937
0.00132148
-6.22984e-05
-3.18264e-05
-2.48937e-05
-0.000141127
0.00946956
-0.000119154
0.0121515
-9.51695e-05
0.0142901
-7.90903e-05
0.0156774
-6.23315e-05
0.0161615
-4.58163e-05
0.0157118
-3.94472e-05
0.0143904
-2.5618e-05
0.0123684
-1.72428e-05
0.00986422
-1.23928e-05
0.00708885
-5.60826e-06
0.00421812
-2.2273e-06
0.0013766
0.0063984
-1.08049e-05
-4.57377e-05
-0.00202112
0.00199777
-3.633e-05
-8.18232e-05
-0.00130381
0.00125959
-3.89396e-05
-7.02226e-05
-8.31256e-05
-8.24173e-05
-0.000417614
0.000390569
-3.52538e-05
-0.000431505
-1.79344e-05
-9.68852e-06
-6.78111e-05
0.00941822
-6.50496e-05
0.0121214
-6.19664e-05
0.014273
-5.07301e-05
0.0156658
-4.33088e-05
0.016159
-3.76908e-05
0.01571
-3.18663e-05
0.0143967
-2.50718e-05
0.0123763
-2.17135e-05
0.00987354
-1.34936e-05
0.00709673
-7.66798e-06
0.00422356
-1.20962e-06
0.00137781
0.00634756
-4.63743e-07
-1.65053e-05
-0.00196922
0.00196461
-6.19217e-06
-1.71902e-05
-0.00120674
0.00117641
-7.98585e-07
-5.20381e-06
-2.19461e-05
-7.03042e-06
-0.000320967
0.000302003
-1.99756e-05
-0.000344226
-4.69632e-05
0.000365379
-5.79355e-05
-6.12646e-05
-0.000238849
0.000213357
-9.76101e-06
-0.000252883
-3.901e-06
-1.63093e-06
-3.50005e-05
0.00938817
-3.85613e-05
0.012098
-3.70291e-05
0.0142593
-3.79464e-05
0.0156604
-3.19617e-05
0.0161533
-3.35045e-05
0.0157116
-2.63571e-05
0.014398
-2.86945e-05
0.0123832
-2.10876e-05
0.00988113
-1.5513e-05
0.00710458
-7.43706e-06
0.00422979
-2.8856e-06
0.0013807
0.0063154
4.02512e-06
-6.86481e-06
-0.00195156
0.00195213
-1.03472e-06
-3.45303e-06
-0.00116068
0.00115449
1.04938e-06
-1.04757e-06
-1.79067e-06
3.30122e-07
-0.000277122
0.000276726
-4.03462e-07
-0.000281825
-5.00433e-07
0.000286743
-6.68615e-06
-2.11243e-06
-0.000108174
8.81983e-05
-0.000155137
0.000176096
-2.06754e-05
-4.03054e-05
-7.07418e-05
6.09808e-05
-7.46427e-05
-1.46015e-05
0.00936421
-2.35144e-05
0.0120845
-2.47291e-05
0.0142461
-2.24222e-05
0.0156509
-2.9208e-05
0.016149
-2.58641e-05
0.0157111
-3.69462e-05
0.0144062
-3.371e-05
0.0123959
-2.71982e-05
0.00989282
-1.85896e-05
0.00711573
-1.03531e-05
0.00423726
-1.95895e-06
0.00138266
0.00630134
3.67623e-06
-4.21239e-06
-0.00194596
0.0019491
8.85621e-07
-7.02292e-07
-0.00115105
0.00114974
2.59321e-07
2.49347e-08
-5.00507e-07
4.81583e-07
-0.000274246
0.000275093
2.03178e-07
-0.00027544
1.45874e-07
0.000274977
-4.09342e-08
-1.33012e-07
-7.88993e-05
7.84959e-05
-7.93998e-05
8.15122e-05
4.03054e-05
-6.17748e-06
0.00934687
-6.73828e-06
0.0120665
-1.24946e-05
0.0142361
-2.00287e-05
0.0156417
-2.53632e-05
0.0161485
-3.69971e-05
0.0157112
-3.4218e-05
0.0144067
-3.68192e-05
0.0124055
-3.09225e-05
0.00990515
-2.02936e-05
0.00712567
-1.07686e-05
0.00424607
-2.66065e-06
0.00138532
0.00629416
1.89988e-06
-9.05587e-07
-0.00194496
0.00194803
6.03562e-07
-7.00381e-08
-0.00114872
0.00114949
-1.59903e-07
2.71269e-07
-8.77104e-08
4.01628e-07
-0.000274997
0.000275191
6.55392e-08
-0.000275109
1.3699e-07
0.000274817
-2.2521e-07
1.89859e-07
-7.84678e-05
7.8671e-05
-7.83219e-05
7.84549e-05
-1.50814e-07
0.00934029
-6.38245e-06
0.0120604
-1.08149e-05
0.0142269
-1.47769e-05
0.0156311
-2.77497e-05
0.0161393
-4.11152e-05
0.0157181
-5.07852e-05
0.0144207
-4.3841e-05
0.0124184
-3.66468e-05
0.0099215
-2.57237e-05
0.00714063
-1.12275e-05
0.00425464
-3.42722e-06
0.00138874
0.0062914
1.99006e-06
6.24396e-07
-0.00194726
0.00194779
1.37102e-06
-1.34742e-07
-0.00114888
0.00114949
1.40558e-07
-1.47671e-07
2.12511e-07
3.33168e-07
-0.00027573
0.000275536
3.43998e-08
-0.000275415
-4.35279e-08
0.000275092
1.11337e-08
7.83043e-08
-7.87726e-05
7.88382e-05
-7.86357e-05
7.84458e-05
-3.22152e-07
0.00933422
4.36468e-07
0.0120491
-6.20967e-06
0.0142183
-2.5383e-05
0.0156288
-3.88276e-05
0.016137
-4.98782e-05
0.0157172
-5.85914e-05
0.0144354
-5.77651e-05
0.0124395
-4.66469e-05
0.00994243
-2.72142e-05
0.00715661
-1.1285e-05
0.00426249
-2.36629e-06
0.00139111
0.00628868
1.91349e-06
4.857e-07
-0.00194817
0.00194871
1.45129e-06
2.49197e-07
-0.00114863
0.00115007
2.533e-07
-3.19157e-07
3.32877e-07
3.9142e-07
-0.000275699
0.000275882
-4.26057e-08
-0.000276007
1.59638e-07
0.000275797
-4.81504e-08
1.23209e-07
-7.88841e-05
7.89185e-05
-7.89276e-05
7.88493e-05
5.5276e-06
0.00932913
6.87698e-07
0.0120422
-1.01015e-05
0.0142031
-2.46765e-05
0.0156146
-4.95094e-05
0.0161366
-6.68231e-05
0.0157254
-7.22789e-05
0.01445
-6.7923e-05
0.0124608
-4.96378e-05
0.00996485
-2.96671e-05
0.007175
-1.43012e-05
0.00427443
-3.08053e-06
0.00139419
0.00628969
2.49266e-06
2.02072e-06
-0.00194827
0.00194989
2.9609e-07
9.20568e-07
-0.00115035
0.00115128
1.96639e-07
3.2991e-07
-3.09531e-07
2.73055e-07
-0.000276269
0.000276482
4.00354e-08
-0.000276731
1.43043e-07
0.000276201
1.39226e-08
-1.38502e-07
-7.91532e-05
7.91106e-05
-7.89936e-05
7.88704e-05
2.28805e-06
0.00932753
-2.65735e-06
0.0120348
-1.93858e-05
0.0141978
-4.26736e-05
0.0156078
-6.95624e-05
0.0161393
-9.10396e-05
0.0157442
-9.60889e-05
0.0144781
-7.91829e-05
0.0124903
-5.44816e-05
0.00998967
-3.01314e-05
0.00719083
-1.22502e-05
0.0042836
-3.39825e-06
0.00139759
0.0062896
3.88464e-07
1.99399e-06
-0.00195061
0.00195195
1.15398e-06
1.29872e-06
-0.00115203
0.00115188
2.60634e-07
1.79926e-07
-1.55744e-07
3.2433e-07
-0.000276586
0.000277027
-2.4466e-07
-0.000276416
1.60229e-07
0.000276243
-6.96421e-08
9.96477e-08
-7.91291e-05
7.91691e-05
-7.8986e-05
7.91245e-05
2.15215e-06
0.00932273
-5.89374e-06
0.0120213
-2.29959e-05
0.0141781
-5.86116e-05
0.0155968
-9.06008e-05
0.0161389
-0.000111024
0.0157591
-0.000106585
0.0145055
-8.61716e-05
0.012522
-5.93825e-05
0.0100189
-3.28253e-05
0.0072114
-1.3564e-05
0.00429376
-2.85955e-06
0.00140045
0.00628782
1.97547e-06
1.95578e-06
-0.00195373
0.00195276
1.35471e-06
2.14972e-07
-0.00115313
0.00115429
-2.84826e-07
2.7595e-07
-2.74704e-07
3.31123e-07
-0.000277135
0.000277367
2.93126e-08
-0.000277049
9.38605e-08
0.00027687
1.1586e-09
1.45084e-07
-7.93594e-05
7.91147e-05
-7.91991e-05
7.90995e-05
-1.74008e-07
0.009317
-1.3309e-05
0.0120116
-4.54341e-05
0.0141649
-8.76882e-05
0.0155939
-0.000128092
0.016156
-0.00013803
0.0157906
-0.000128963
0.0145483
-9.53557e-05
0.012558
-5.90165e-05
0.0100451
-3.19718e-05
0.00722981
-1.14509e-05
0.00430235
-1.94245e-06
0.00140239
0.00628528
4.92876e-07
1.87428e-06
-0.00195385
0.00195542
4.03331e-07
8.69773e-07
-0.00115383
0.0011552
-1.75592e-07
1.60136e-07
3.25597e-07
3.54039e-07
-0.000277478
0.000277458
-2.64089e-07
-0.000277306
1.03914e-07
0.000277084
8.22854e-09
1.08754e-07
-7.93548e-05
7.93841e-05
-7.92609e-05
7.91159e-05
-2.42284e-06
0.00930612
-2.39431e-05
0.0119901
-6.9826e-05
0.0141471
-0.000126222
0.015592
-0.000162806
0.0161807
-0.000170214
0.0158318
-0.000135729
0.0145887
-9.83188e-05
0.0125973
-6.0737e-05
0.0100739
-2.85053e-05
0.00724686
-1.09838e-05
0.0043114
-1.79426e-06
0.00140418
0.00628034
5.65493e-07
1.95159e-06
-0.00195614
0.00195625
3.86599e-07
1.15068e-06
-0.00115555
0.00115599
1.61109e-07
-2.04877e-07
3.45141e-07
1.75065e-07
-0.000278033
0.000277826
3.16379e-08
-0.000277934
6.06706e-08
0.000277755
2.79786e-08
1.75268e-07
-7.9605e-05
7.93409e-05
-7.95011e-05
7.93924e-05
-8.51448e-06
0.00929069
-4.51978e-05
0.0119655
-0.000109417
0.0141302
-0.00017045
0.0155997
-0.000205105
0.0162156
-0.00018284
0.0158789
-0.000142646
0.014633
-9.59409e-05
0.0126325
-5.14988e-05
0.0100969
-2.41133e-05
0.00725999
-8.76946e-06
0.00431837
-1.44469e-06
0.00140563
0.00627069
-8.01847e-07
1.93193e-06
-0.00195721
0.00195739
3.89255e-07
9.91397e-07
-0.0011565
0.00115696
2.65479e-07
-3.36931e-07
3.34131e-07
3.06355e-07
-0.000277934
0.000278337
-2.41971e-07
-0.000278225
8.66702e-08
0.000278108
6.36116e-08
5.74572e-08
-7.96049e-05
7.96365e-05
-7.95442e-05
7.93689e-05
-1.77716e-05
0.00926326
-7.66882e-05
0.0119328
-0.000161582
0.0141214
-0.000228628
0.0156232
-0.000230283
0.0162631
-0.000196603
0.0159329
-0.000142172
0.0146792
-8.60411e-05
0.0126671
-4.67723e-05
0.0101195
-2.06619e-05
0.00727189
-5.82123e-06
0.00432275
-3.88518e-07
0.00140602
0.00625341
-2.51371e-06
2.02997e-06
-0.00195805
0.00195714
1.05423e-07
1.27001e-06
-0.00115788
0.00115778
1.54518e-07
3.35253e-07
3.48203e-07
-2.76349e-07
-0.000278383
0.000278674
-2.55593e-08
-0.000278805
8.50444e-08
0.000278612
5.88591e-08
1.12962e-07
-7.98442e-05
7.96023e-05
-7.97576e-05
7.97001e-05
-3.84793e-05
0.00922506
-0.000130432
0.0119016
-0.000234489
0.0141272
-0.00027549
0.0156684
-0.000248726
0.0163152
-0.000187828
0.0159785
-0.000126274
0.0147195
-7.32022e-05
0.0126935
-3.87805e-05
0.0101376
-1.70708e-05
0.00728313
-3.46056e-06
0.00432582
-2.30006e-07
0.00140625
0.00622127
-8.37605e-06
2.03024e-06
-0.00195885
0.00195614
1.90541e-07
3.25948e-07
-0.00115887
0.00115899
-1.47567e-07
1.31659e-07
3.08776e-07
-1.276e-07
-0.000279035
0.000279121
6.88466e-08
-0.000278556
-1.43902e-07
0.000278953
6.9891e-08
1.20494e-07
-7.98591e-05
7.98335e-05
-7.97741e-05
7.96611e-05
-7.69503e-05
0.00917157
-0.000208157
0.0118753
-0.00029918
0.0141509
-0.000296164
0.0157159
-0.000234466
0.0163618
-0.000168966
0.0160212
-0.00010733
0.0147536
-6.33142e-05
0.012718
-3.24626e-05
0.010153
-9.90966e-06
0.00728958
-2.65344e-06
0.00432824
7.7798e-07
0.00140547
0.00616402
-1.88567e-05
-8.3682e-07
-0.0019577
0.00195102
-1.69572e-06
4.67951e-07
-0.00115884
0.00115899
-2.90689e-07
3.31439e-07
3.13851e-07
1.63601e-07
-0.000279262
0.000279106
7.91417e-09
-0.000279247
1.16759e-07
0.00027942
9.65545e-09
4.5125e-08
-7.988e-05
7.99489e-05
-8.00239e-05
7.99034e-05
-0.000146555
0.00910997
-0.000309847
0.0118859
-0.000341536
0.0141963
-0.000284388
0.0157658
-0.000209215
0.0164021
-0.000141236
0.0160551
-8.725e-05
0.0147775
-4.79764e-05
0.0127335
-1.9905e-05
0.010163
-5.99618e-06
0.00729293
1.33424e-06
0.00432769
1.1673e-06
0.0014043
0.0060744
-4.62872e-05
-1.06566e-05
-0.00195176
0.00193706
-4.15784e-06
-1.57162e-06
-0.00115923
0.0011575
-1.06164e-07
1.44689e-07
3.19625e-07
-9.66605e-08
-0.00027993
0.000279579
5.97328e-08
-0.000279466
-1.32133e-07
0.000279408
1.26298e-08
1.05137e-07
-8.01204e-05
8.01283e-05
-8.00037e-05
7.99585e-05
-0.00027784
0.00907796
-0.000369794
0.0119142
-0.000318391
0.0142303
-0.000237715
0.0157943
-0.000169052
0.0164299
-0.000107461
0.0160753
-6.40784e-05
0.0147936
-3.41245e-05
0.0127478
-1.15077e-05
0.0101685
-1.20511e-06
0.00729547
2.93035e-06
0.00432592
1.51633e-06
0.00140279
0.00597279
-0.000122073
-5.41554e-05
-0.00193369
0.00190365
-1.62464e-05
-7.29252e-06
-0.00115586
0.00115163
-2.34708e-07
3.13454e-07
3.10369e-07
-2.475e-07
-0.000279757
0.000279844
-1.93045e-07
-0.000279732
1.1935e-07
0.000279882
1.69936e-08
5.36381e-08
-8.0114e-05
8.01737e-05
-8.02461e-05
8.0141e-05
-0.000386374
0.00909454
-0.000337131
0.0119329
-0.000252639
0.0142452
-0.00018312
0.0158084
-0.00012343
0.0164459
-8.01089e-05
0.0160914
-4.26538e-05
0.0148022
-1.74256e-05
0.0127537
-4.9513e-06
0.0101723
2.89651e-06
0.0072955
3.46706e-06
0.00432397
2.81971e-06
0.00139997
0.0059675
-0.000209826
-0.000171254
-0.0018793
0.0018208
-6.35747e-05
-2.97983e-05
-0.00114453
0.00112972
-1.55758e-06
1.17575e-07
3.70184e-07
-5.66468e-07
-0.000280036
0.000279731
6.98917e-08
-0.000279787
6.51122e-08
0.00028014
1.44099e-08
1.05076e-07
-8.03637e-05
8.01706e-05
-8.02443e-05
8.01907e-05
-0.000334056
0.00909147
-0.000238931
0.0119192
-0.00017492
0.014237
-0.000128845
0.0158138
-8.85423e-05
0.0164543
-5.58477e-05
0.0161046
-2.97148e-05
0.0148145
-1.08121e-05
0.0127595
3.67498e-06
0.0101715
6.42123e-06
0.00729255
7.07559e-06
0.00431972
3.37898e-06
0.00139659
0.0059119
-9.79672e-05
-0.00018049
-0.00178345
0.00175151
-0.000177877
-0.000133911
-0.00110401
0.0010533
-1.08993e-05
-1.96765e-06
-4.33407e-07
-3.64599e-06
-0.000279541
0.000278231
-2.4727e-07
-0.000279594
1.70482e-07
0.000280048
5.29444e-08
-1.12546e-07
-8.03552e-05
8.04251e-05
-8.02901e-05
8.0185e-05
-0.000182868
0.00903541
-0.000146778
0.0118911
-0.000116424
0.0142246
-8.39417e-05
0.0158092
-5.73134e-05
0.0164558
-3.17099e-05
0.0161066
-1.39126e-05
0.0148176
-3.1092e-07
0.0127635
7.81941e-06
0.0101701
1.289e-05
0.00728673
9.99485e-06
0.0043131
3.79478e-06
0.00139279
0.0058091
-1.78568e-05
-6.22169e-05
-0.00170685
0.00166665
-5.7771e-05
-0.000135835
-0.000972061
0.000924617
-6.65164e-05
-6.39169e-05
-1.45746e-05
-3.80998e-05
-0.000273205
0.000264118
-1.8122e-06
-0.000274582
-5.90717e-07
0.000278007
-2.09183e-07
-2.21394e-07
-8.05359e-05
8.02887e-05
-8.03655e-05
8.0478e-05
-8.52603e-05
0.00897389
-8.11776e-05
0.0118558
-6.90342e-05
0.0142097
-5.21076e-05
0.015804
-3.35375e-05
0.0164576
-1.5217e-05
0.0161079
-5.47038e-07
0.0148178
1.19633e-05
0.0127594
1.581e-05
0.0101672
1.44775e-05
0.00728225
9.51011e-06
0.00430738
4.81543e-06
0.00138798
0.00574204
1.48938e-07
-1.83415e-05
-0.00162747
0.0016168
-7.1829e-06
-2.30339e-05
-0.000857547
0.000807875
-1.35318e-06
-6.74589e-06
-4.90422e-05
-1.97231e-05
-0.000184337
0.000158465
-4.06448e-05
-0.000225722
-2.2532e-05
0.000253612
-4.06872e-06
-1.02096e-05
-7.92674e-05
7.74551e-05
-7.98581e-05
8.00795e-05
-4.03607e-05
0.00893307
-4.28306e-05
0.0118296
-3.81072e-05
0.0141957
-2.89731e-05
0.0157994
-1.5802e-05
0.0164582
-2.87877e-06
0.0161102
1.29511e-05
0.0148168
1.58519e-05
0.0127593
2.06595e-05
0.010161
1.75323e-05
0.00727423
1.35899e-05
0.00429861
5.06466e-06
0.00138291
0.00570564
3.29481e-06
-7.25932e-06
-0.00160211
0.00160262
-3.58531e-07
-3.65446e-06
-0.000785546
0.000778355
2.83014e-07
-2.74799e-07
-7.31134e-07
2.64143e-08
-8.29539e-05
8.16007e-05
-8.96998e-05
0.000109423
-4.06448e-05
-6.31768e-05
7.33864e-05
-1.79714e-05
0.00890821
-2.16901e-05
0.0118132
-1.83699e-05
0.0141851
-7.34662e-06
0.0157909
5.15046e-07
0.0164548
1.27534e-05
0.0161104
1.58818e-05
0.0148168
2.52986e-05
0.0127547
2.48833e-05
0.0101537
2.31791e-05
0.00726464
1.56624e-05
0.00428801
5.87601e-06
0.00137703
0.00568814
3.88583e-06
-4.36152e-06
-0.00159637
0.00159854
1.1224e-06
-1.00789e-06
-0.000774624
0.000774206
1.1517e-07
-5.59227e-08
-4.34571e-08
1.19882e-07
-8.06211e-05
8.09041e-05
-8.08959e-05
8.08695e-05
-4.51921e-06
0.00889104
-8.2566e-06
0.0118031
-3.47608e-06
0.0141812
3.49245e-06
0.015788
1.42008e-05
0.0164533
1.99389e-05
0.0161063
3.18055e-05
0.0148103
3.25764e-05
0.012747
3.24596e-05
0.0101444
2.77508e-05
0.00725255
1.74045e-05
0.00427648
6.8028e-06
0.00137023
0.00568225
3.47048e-06
-2.09893e-06
-0.00159408
0.00159789
7.96368e-08
9.17286e-08
-0.000772935
0.000773979
1.9163e-07
-1.13498e-07
1.01104e-07
1.61908e-07
-8.09246e-05
8.10397e-05
-8.09805e-05
8.08606e-05
-2.28393e-07
0.00888301
2.25327e-06
0.0117974
5.52727e-06
0.0141792
1.18623e-05
0.0157903
2.39894e-05
0.0164493
3.0673e-05
0.0161075
3.19438e-05
0.0148109
3.61848e-05
0.0127433
3.49019e-05
0.0101372
3.11356e-05
0.00723882
2.06857e-05
0.0042626
7.79073e-06
0.00136244
0.00568024
2.75426e-06
-9.70943e-07
-0.00159543
0.00159803
8.73724e-07
3.57831e-07
-0.000773909
0.000774102
3.26748e-08
-1.45769e-07
8.69769e-08
7.43213e-08
-8.11892e-05
8.13808e-05
-8.13027e-05
8.11408e-05
2.722e-06
0.00888254
8.91164e-06
0.011794
1.57704e-05
0.0141753
2.32004e-05
0.0157911
2.71002e-05
0.0164529
4.05544e-05
0.0160989
4.62856e-05
0.0148008
4.83976e-05
0.0127298
4.27457e-05
0.0101256
3.59331e-05
0.00722357
2.31282e-05
0.00424726
8.75988e-06
0.00135368
0.00568011
2.79105e-06
5.71225e-08
-0.00159723
0.00159909
8.98306e-07
-1.71948e-07
-0.000774342
0.000775288
4.70135e-08
-1.19716e-07
5.81626e-08
5.93067e-08
-8.13963e-05
8.1429e-05
-8.15421e-05
8.14678e-05
7.18678e-06
0.00888427
1.39781e-05
0.0117958
1.834e-05
0.0141801
3.22301e-05
0.015786
4.21816e-05
0.0164512
4.70283e-05
0.0160981
4.95946e-05
0.0147996
5.36335e-05
0.0127189
5.06785e-05
0.0101109
4.1338e-05
0.00720536
2.69221e-05
0.0042291
9.63834e-06
0.00134404
0.00568426
2.88688e-06
1.49681e-07
-0.00159848
0.00160067
6.08161e-07
6.58871e-07
-0.000774983
0.000775854
-5.82119e-08
8.57529e-08
6.34213e-08
6.94156e-08
-8.14267e-05
8.14737e-05
-8.15464e-05
8.14871e-05
8.49477e-06
0.00888975
1.54259e-05
0.0117987
2.79065e-05
0.0141845
3.54095e-05
0.0157927
4.41752e-05
0.0164541
5.44348e-05
0.0160933
6.17264e-05
0.0147915
6.06954e-05
0.0127089
5.8272e-05
0.0100939
4.52079e-05
0.00718707
3.00073e-05
0.00420873
1.09755e-05
0.00133307
0.00568836
3.06104e-06
1.34073e-06
-0.00160012
0.00160237
6.44326e-07
6.93757e-07
-0.000776372
0.000776869
5.15663e-08
5.95172e-08
6.59036e-08
7.53713e-08
-8.16923e-05
8.1634e-05
-8.16065e-05
8.15371e-05
1.04693e-05
0.00889471
1.98874e-05
0.0118067
2.90594e-05
0.0141908
4.19721e-05
0.0157949
5.52655e-05
0.0164533
6.28147e-05
0.0160922
7.10288e-05
0.0147812
7.0171e-05
0.012697
6.58774e-05
0.0100733
5.39828e-05
0.0071631
3.25067e-05
0.0041872
1.1881e-05
0.00132119
0.00569537
3.06175e-06
3.90698e-07
-0.00160298
0.00160524
7.9978e-07
7.30138e-07
-0.000777627
0.000778158
5.59207e-08
5.74124e-08
-1.17626e-07
5.31276e-08
-8.18348e-05
8.18864e-05
-8.17753e-05
8.16999e-05
1.17384e-05
0.00890286
2.18868e-05
0.0118139
3.53451e-05
0.0141974
4.67825e-05
0.0158034
6.17169e-05
0.0164544
7.23093e-05
0.0160909
7.77913e-05
0.0147736
8.42613e-05
0.0126786
7.54671e-05
0.0100518
6.04923e-05
0.00713511
3.78189e-05
0.00416126
1.21739e-05
0.00130901
0.00570252
3.11378e-06
1.48142e-06
-0.00160486
0.00160718
7.44132e-07
7.64857e-07
-0.000778692
0.000779481
9.35234e-08
-8.24827e-08
6.81124e-08
1.27645e-07
-8.18793e-05
8.19352e-05
-8.18219e-05
8.17687e-05
1.1795e-05
0.00891295
2.44867e-05
0.0118248
4.14636e-05
0.0142028
5.88379e-05
0.0158063
7.20806e-05
0.0164546
8.57089e-05
0.016083
9.34933e-05
0.0147643
9.28683e-05
0.0126612
8.60731e-05
0.0100262
6.63018e-05
0.00710663
4.02868e-05
0.00413315
1.05922e-05
0.00129842
0.00571123
2.75546e-06
3.29033e-07
-0.00160789
0.00161024
7.5724e-07
7.76465e-07
-0.000780099
0.000780908
4.90877e-08
-1.13501e-07
7.24499e-08
7.37984e-08
-8.20484e-05
8.21419e-05
-8.21309e-05
8.20033e-05
1.31419e-05
0.00892429
2.84928e-05
0.0118377
4.60569e-05
0.0142155
6.52221e-05
0.0158132
8.0866e-05
0.0164594
9.39642e-05
0.0160825
0.000105588
0.0147516
0.000101723
0.0126455
9.52173e-05
0.00999729
7.54712e-05
0.00707145
4.30534e-05
0.00410069
1.31791e-05
0.00128524
0.00572234
1.15518e-06
8.75717e-07
-0.0016099
0.00161219
4.64147e-07
6.74151e-07
-0.000781545
0.000782358
-1.122e-07
5.72633e-08
6.81227e-08
7.0729e-08
-8.21747e-05
8.22237e-05
-8.22882e-05
8.22144e-05
1.62852e-05
0.0089365
3.296e-05
0.0118508
5.53303e-05
0.0142254
7.16169e-05
0.0158224
9.24646e-05
0.0164609
0.0001079
0.0160802
0.000117125
0.0147362
0.000120072
0.0126207
0.00010686
0.0099659
8.14467e-05
0.00703305
4.35999e-05
0.00407027
3.16753e-05
0.00125357
0.00573393
2.61784e-06
2.07434e-06
-0.00161319
0.00161615
-1.79803e-06
-1.30047e-07
-0.000782888
0.000783153
1.12748e-07
8.64675e-08
6.34746e-08
7.99394e-08
-8.24198e-05
8.23076e-05
-8.23626e-05
8.22919e-05
1.99927e-05
0.00894947
3.97108e-05
0.0118664
5.89549e-05
0.0142381
8.41152e-05
0.0158308
0.000105769
0.0164631
0.000123726
0.0160736
0.000132833
0.0147234
0.000128781
0.0125988
0.000118856
0.00992849
8.6743e-05
0.00698991
7.42276e-05
0.00402772
7.38741e-05
0.00574427
5.4789e-06
4.17701e-06
-0.00162172
0.00161929
-1.47119e-06
6.51996e-06
-3.49701e-06
-0.000783117
0.000781316
1.11513e-08
-7.99744e-09
3.39756e-08
-1.27813e-07
-8.25375e-05
8.26502e-05
-8.2451e-05
8.23711e-05
2.44227e-05
0.00896476
4.17499e-05
0.0118836
6.68597e-05
0.0142554
9.08326e-05
0.0158457
0.000115605
0.0164712
0.000134927
0.0160715
0.000146818
0.0147054
0.000147974
0.0125696
0.000127265
0.00988797
0.000114861
0.00694928
0.000135776
0.00575798
5.4797e-06
5.23328e-06
-0.00162201
0.00162376
2.32645e-06
1.40682e-06
2.00494e-06
-5.5405e-07
-0.000486292
0.000491683
-6.86296e-06
-0.000461052
-1.87195e-05
0.000317023
-9.49145e-09
-2.47043e-07
-8.25484e-05
8.25595e-05
-8.25564e-05
8.26842e-05
2.40882e-05
0.00898242
4.88039e-05
0.0119017
7.49894e-05
0.0142712
0.000107826
0.0158535
0.00013547
0.0164706
0.000154911
0.0160634
0.000165252
0.0146881
0.000162122
0.0125348
0.000155058
0.00984777
0.000179152
0.00577338
4.30568e-06
4.38324e-06
-0.00162588
0.00162917
1.41561e-06
7.74335e-07
1.85571e-06
1.25662e-06
-0.00049706
0.000498172
1.21408e-06
-0.000496215
5.61954e-07
-0.000493507
-7.02885e-07
-2.37817e-06
-0.000295234
0.000289736
-1.3644e-06
3.06895e-06
8.255e-05
8.2303e-05
2.74246e-05
0.0090038
5.34335e-05
0.0119233
8.57052e-05
0.0142933
0.000117175
0.0158718
0.000145839
0.0164797
0.00017156
0.0160571
0.000177881
0.0146724
0.000187153
0.0125027
0.000210802
0.00579044
4.75919e-06
5.59837e-06
-0.0016316
0.00163421
1.04501e-06
6.48569e-07
1.34178e-06
6.15626e-07
-0.000500374
0.000500992
7.97372e-07
-0.000499827
2.27523e-07
-0.000498771
7.99881e-07
6.57591e-07
-0.000288593
0.000289713
9.41533e-08
-0.000288087
5.56092e-08
-0.00028842
-3.69305e-07
-1.06259e-06
-8.53719e-05
8.40075e-05
3.02e-05
0.00902703
6.17661e-05
0.0119472
9.724e-05
0.0143133
0.000134724
0.0158829
0.000165845
0.0164854
0.000183215
0.0160518
0.00020808
0.0146514
0.000229169
0.00580933
5.22681e-06
6.08509e-06
-0.00163791
0.00164078
1.15828e-06
7.35387e-07
1.1458e-06
7.5e-07
-0.000502318
0.000502827
5.3688e-07
-0.000502077
4.07547e-07
-0.000500953
2.17369e-07
6.54944e-07
-0.000290694
0.000291328
1.62471e-07
-0.000290655
1.88763e-07
-0.000290105
2.50437e-07
2.65113e-07
-8.26312e-05
8.27253e-05
-8.25756e-05
-8.29449e-05
3.62319e-05
0.00905256
6.82655e-05
0.0119762
0.000109683
0.0143383
0.000147973
0.0159007
0.000176296
0.0164923
0.000211647
0.0160482
0.00023476
0.00583391
5.92724e-06
5.72234e-06
-0.00164479
0.00164801
1.19529e-06
8.14491e-07
1.23498e-06
8.33102e-07
-0.000504215
0.000505162
2.11055e-07
-0.000503946
4.65742e-07
-0.000503253
4.53589e-07
3.23071e-07
-0.000292376
0.000292798
1.15264e-07
-0.000292087
1.17879e-07
-0.000291825
-4.43863e-08
1.58552e-07
-8.34296e-05
8.35921e-05
-8.32409e-05
-8.29904e-05
3.89655e-05
0.00908186
8.07327e-05
0.0120051
0.000124739
0.0143615
0.000161343
0.0159157
0.000200194
0.0165038
0.000223834
0.0058588
6.53907e-06
7.53846e-06
-0.00165129
0.00165516
1.3266e-06
7.3105e-07
1.52325e-06
9.14744e-07
-0.000506684
0.000507276
6.036e-07
-0.00050595
8.07905e-08
-0.000505218
5.03002e-07
7.77378e-07
-0.000293828
0.000293902
1.36771e-07
-0.000293323
-3.96587e-08
-0.000292999
1.29727e-07
1.21877e-07
-8.38241e-05
8.39394e-05
-8.37062e-05
-8.37506e-05
4.6704e-05
0.00911589
9.13453e-05
0.0120385
0.000134582
0.0143883
0.000175567
0.0159403
0.000199032
0.00588876
7.75843e-06
8.98091e-06
-0.00165993
0.00166401
1.52834e-06
9.29978e-07
1.67716e-06
1.09114e-06
-0.00050902
0.000509673
6.74125e-07
-0.000508794
5.04791e-07
-0.000507415
1.43975e-07
7.75739e-07
-0.000294804
0.000295469
-6.14997e-08
-0.000294847
1.23531e-07
-0.000294494
1.49816e-07
1.86263e-07
-8.41513e-05
8.4288e-05
-8.4191e-05
-8.40612e-05
5.55906e-05
0.00915165
0.000106888
0.0120662
0.0001466
0.0144173
0.000160366
0.00592439
9.89235e-06
1.00686e-05
-0.00166979
0.00167466
1.72394e-06
1.16266e-06
1.90132e-06
1.30178e-06
-0.000511687
0.000512706
5.08652e-07
-0.000511367
6.10378e-07
-0.0005103
6.09625e-07
4.64173e-07
-0.000296429
0.000297131
-2.75282e-08
-0.00029612
1.95385e-07
-0.000296104
1.28429e-07
1.40438e-07
-8.47476e-05
8.46861e-05
-8.46241e-05
-8.44743e-05
7.01523e-05
0.00918838
0.000111938
0.0121009
0.000117678
0.00596622
1.46231e-05
1.37023e-05
-0.00168105
0.00168762
1.39265e-06
1.92663e-06
1.57937e-06
2.10711e-06
-0.000515172
0.000515933
9.63166e-07
-0.000514325
3.154e-07
-0.000513154
7.30663e-07
8.54066e-07
-0.000298322
0.000298652
1.77997e-07
-0.000297886
1.74349e-07
-0.000297441
1.65399e-07
1.53578e-07
-8.51504e-05
8.51228e-05
-8.4955e-05
-8.48266e-05
8.19887e-05
0.00921833
7.39168e-05
0.00600574
2.35983e-05
1.88715e-05
-0.00169632
0.00170462
3.44642e-06
2.88099e-06
2.48663e-06
2.51392e-06
-0.000519385
0.000519741
1.03634e-06
-0.000518265
8.06439e-07
-0.000517096
4.10649e-07
9.44267e-07
-0.000300118
0.000300892
1.88341e-07
-0.000299983
1.81382e-07
-0.000299281
2.84762e-08
2.25112e-07
-8.56161e-05
8.57941e-05
-8.54418e-05
-8.52764e-05
4.43506e-05
1.56579e-05
4.24843e-05
-0.00171527
0.00172646
7.47194e-06
4.92719e-06
4.13654e-06
4.08648e-06
-0.000524679
0.000526185
1.94014e-06
-0.000523025
1.2271e-06
-0.000521172
6.33279e-07
1.08342e-06
-0.000302613
0.000303453
1.96525e-07
-0.000301835
2.91951e-08
-0.00030163
2.04892e-07
2.06928e-07
-8.62291e-05
8.64175e-05
-8.60477e-05
-8.60193e-05
-0.00174412
8.85908e-06
2.14351e-05
1.48185e-05
1.00065e-05
-0.000532872
0.000536611
3.73239e-06
-0.000530416
2.47145e-06
-0.000528546
2.26699e-06
1.72518e-06
-0.000305627
0.000307184
3.83293e-07
-0.000304701
3.01536e-07
-0.000304309
2.41665e-07
2.26572e-07
-8.68585e-05
8.7055e-05
-8.68293e-05
-8.66244e-05
-0.000550362
1.33454e-05
-0.000544175
1.52485e-05
-0.000539697
1.03398e-05
6.92133e-06
-0.000312015
0.00031476
9.87485e-07
-0.000310146
6.02226e-07
-0.000308481
6.0275e-07
4.27332e-07
-8.78248e-05
8.82081e-05
-8.75233e-05
-8.72816e-05
-0.000330476
2.05782e-05
-0.000325236
1.00089e-05
-0.00031964
4.74394e-06
2.04094e-06
-8.98404e-05
9.08279e-05
-8.92382e-05
-8.86355e-05
-0.000107622
-9.76128e-05
-9.28689e-05
-1.38767e-05
1.38774e-05
7.16408e-06
-2.10405e-05
-5.95326e-05
5.31688e-05
2.02432e-05
1.95916e-05
-7.19596e-05
3.54761e-06
-2.45871e-05
1.64588e-05
3.67132e-05
-0.000118723
0.000111837
2.71326e-05
3.00112e-05
-0.000129143
1.19929e-05
-8.04057e-05
1.57063e-06
-2.61587e-05
2.31858e-05
0.000105112
6.94478e-06
2.97709e-05
-0.000411802
6.45548e-05
0.000397572
-1.88687e-05
6.81745e-05
-0.000431092
-0.000136019
7.06383e-06
-8.59005e-05
8.19525e-07
-2.69788e-05
1.4899e-05
9.7161e-05
2.40339e-06
2.73685e-05
-4.21142e-05
-0.00143914
0.00139153
0.000154317
-6.8676e-06
0.000377227
-4.35632e-05
0.000164008
-0.0014914
-1.46492e-05
-0.000452288
-7.71626e-06
-0.000143605
4.09009e-06
-8.91715e-05
3.12341e-07
-2.72908e-05
9.26966e-05
1.06003e-06
2.63073e-05
-2.519e-05
0.000111108
-0.00201633
0.00196055
0.00021012
-4.43185e-06
-1.89527e-06
0.000222289
-0.0020746
-3.17854e-05
0.000135077
-0.00157504
-1.96349e-05
-0.000473872
-6.5684e-06
-3.63018e-06
-0.00014723
2.34658e-06
-9.12033e-05
3.4877e-07
-2.76384e-05
8.93243e-05
4.89152e-07
2.58169e-05
0.000184461
-0.00234473
0.00228418
0.000270686
8.7918e-05
0.000283825
-0.00240626
0.000216375
-0.00215589
0.000120339
-1.84895e-05
-0.00166045
-1.64252e-05
-0.000486898
-3.97693e-06
-2.62723e-06
-0.000151452
-1.63706e-06
-0.000153444
-9.24913e-05
3.03051e-07
-2.79409e-05
2.22696e-07
0.000252833
-0.00241288
0.00235732
0.000326263
0.000338856
-0.0024679
0.0002901
-0.00247998
0.000213404
-0.00224895
-0.000499467
-2.86021e-06
-3.05573e-06
0.000127449
-1.87598e-05
-0.00174807
-2.10406e-05
-0.000509839
-4.41332e-06
-1.63465e-06
-0.00015586
-1.56023e-06
-0.000157183
-1.30214e-06
-9.37483e-05
2.96434e-07
-2.82363e-05
0.000312442
-0.0022046
0.00216298
0.000367895
0.000378005
-0.00224374
0.000350182
-0.00252798
0.000297475
-0.00256405
0.000225028
-0.00234652
-0.000158921
-1.12013e-06
-0.000160241
-1.73284e-06
-0.000521598
-6.9927e-06
0.000151428
-2.16532e-05
-0.00184553
-3.23051e-05
-0.00053455
-8.08005e-06
-0.000160885
-3.76914e-06
-0.000152516
-1.00027e-05
-9.47531e-05
1.85309e-07
-2.84195e-05
0.000357874
-0.00169642
0.00167585
0.00038848
0.000392438
-0.00171085
0.000387842
-0.0022814
0.000361284
-0.00259179
0.000311756
-0.00265078
0.000248945
-0.00244403
-9.56869e-05
-9.69222e-05
-4.95896e-07
-0.000269592
0.00011035
-1.02364e-07
-1.5615e-07
-0.000548012
-8.18585e-06
0.00019762
-4.15045e-05
-0.00193237
-6.9269e-05
-0.000568445
-1.18663e-05
-0.000276963
-3.67438e-07
-3.36283e-07
-9.99031e-05
-7.87336e-07
4.44715e-07
-2.89153e-05
0.000384264
-0.000855916
0.000862436
0.00038197
0.000375114
-0.00083859
0.000395484
-0.0017185
0.000397073
-0.00231719
0.000375542
-0.00265557
0.000333164
-0.002735
0.000282945
-0.00252936
-2.93591e-05
2.92576e-05
-2.95148e-05
-0.000284596
-2.29675e-07
-3.18538e-07
-0.000590109
-1.98365e-05
0.000235092
-8.71786e-05
-0.00199033
-8.99543e-05
-0.000618331
-4.10434e-05
-0.000295666
-4.83979e-07
-3.08615e-07
2.98511e-05
-3.02175e-05
-2.97023e-05
0.000387255
0.000361418
-0.000322918
0.000343473
0.000321071
0.00041546
0.000366602
-0.000809709
0.000397282
-0.00171871
0.000406964
-0.00234861
0.000392579
-0.00271499
0.000358377
-0.00281044
0.000309351
-0.00260362
-3.04468e-05
-3.0765e-05
-0.000314066
-3.30535e-07
-1.10317e-06
-0.000636185
-6.9323e-05
0.000227015
-7.53451e-05
-0.00208955
-5.24532e-05
-0.00065509
-7.10492e-05
-0.000343949
-8.50971e-06
-2.6478e-06
3.10736e-05
-3.15569e-05
0.000362978
0.00200843
-0.00193401
0.000269054
0.000225552
0.00210395
0.000295233
0.000486824
0.000355401
-0.000767829
0.000397834
-0.00170958
0.000416434
-0.00237247
0.000410206
-0.00276682
0.000379272
-0.00288036
0.000318176
-0.00269478
-3.18872e-05
-3.29901e-05
-0.000366991
-2.08524e-05
-2.54271e-05
-0.000686578
-4.3856e-05
0.000203262
-4.75184e-05
-0.00220817
-3.71352e-05
-0.000710853
-2.81791e-05
-0.00039642
-1.39032e-05
-2.77159e-05
3.56379e-05
-4.41471e-05
0.00030834
0.00414101
-0.00402749
0.000155528
8.42696e-05
0.00428229
0.000176296
0.00222289
0.000265058
0.000577165
0.000340726
-0.000710721
0.000395607
-0.00168875
0.000424567
-0.00238683
0.000424695
-0.00281224
0.000393103
-0.0029553
0.000315135
-0.00280666
-6.49992e-05
-7.35674e-05
-1.68585e-05
-0.000427766
-8.88965e-06
-3.62041e-06
-0.000737369
-2.10023e-05
0.000197442
-3.77592e-05
-0.00233171
-3.6146e-05
-0.00075677
-1.77362e-05
-0.000450195
-1.96349e-06
-3.78627e-06
9.18296e-05
-0.000101248
-4.48392e-06
-9.4534e-06
0.000220368
0.00680121
-0.00664559
-8.58221e-08
-0.000105088
0.00699056
5.61991e-06
0.00445296
0.000121067
0.00236688
0.000229629
0.00068826
0.000321828
-0.000636942
0.000390278
-0.00165446
0.000429928
-0.00239206
0.000436639
-0.00285578
0.000401819
-0.00304199
0.000320204
-0.00292943
-1.68584e-05
-0.000108245
-1.89303e-06
-0.000111014
-8.50424e-07
-0.000467084
-2.53212e-06
-1.58094e-06
-0.000777797
-1.67322e-05
0.000210272
-3.71745e-05
-0.00246279
-4.20273e-05
-0.000797407
-1.65373e-05
-0.000481213
-1.69506e-06
-1.91139e-06
0.000114067
-0.000115635
-3.95758e-07
-7.33243e-07
2.63118e-05
-3.07956e-05
9.68797e-05
0.00998572
-0.00978715
-0.00019865
-0.000342804
0.0102234
-0.00021925
0.00721543
-8.09347e-05
0.00465496
5.8436e-05
0.00253807
0.000187682
0.000822405
0.000297474
-0.00054414
0.000380785
-0.00160531
0.000432114
-0.00238754
0.000445481
-0.00289945
0.000412536
-0.00313432
0.000338041
-0.00305721
-3.26886e-05
-3.35389e-05
-0.000117744
-4.22652e-07
-0.000118863
-4.6147e-07
-0.000494438
-1.82023e-06
-1.68744e-06
-0.000817959
-1.66241e-05
0.000244195
-4.37212e-05
-0.00260461
-5.86675e-05
-0.000841094
-1.88945e-05
-0.000507091
-2.08769e-06
-1.79652e-06
0.00012035
-0.000121643
-4.01863e-07
-4.24643e-07
3.42722e-05
-3.46678e-05
-6.42358e-05
0.0136161
-0.0133762
-0.000438555
-0.000625322
0.0138986
-0.000498388
0.0105026
-0.000343813
0.00747831
-0.000177539
0.00489093
-1.2854e-05
0.0027386
0.000138189
0.000981689
0.000266882
-0.00043024
0.000366635
-0.00153983
0.00043125
-0.00237332
0.000453085
-0.00294
0.000429683
-0.00322598
0.000371606
-0.00318463
-3.50904e-05
-3.55519e-05
-0.000123146
-3.17508e-07
-0.000124403
-4.30276e-07
-0.000520211
-1.67065e-06
-1.83327e-06
-0.000864239
-2.05773e-05
0.000304093
-6.77158e-05
-0.00273922
-0.00010179
-0.00089594
-2.69699e-05
-0.000534888
-2.26443e-06
-1.95372e-06
0.000125779
-0.000127433
-4.3327e-07
-4.19972e-07
3.59765e-05
-3.63783e-05
-0.000263142
0.0175038
-0.0172294
-0.000713012
-0.000943912
0.0178224
-0.000825698
0.0142259
-0.000666285
0.010825
-0.000480728
0.0077815
-0.000284808
0.00516289
-9.43216e-05
0.00297111
7.99261e-05
0.00116864
0.000229466
-0.000293076
0.000347356
-0.00145594
0.000426624
-0.00234686
0.000462263
-0.00297259
0.000454583
-0.00330896
0.000416629
-0.00329718
-3.66958e-05
-3.71261e-05
-0.000128794
-3.09765e-07
-0.000130168
-4.59156e-07
-0.00055113
-1.92156e-06
-2.41453e-06
-0.000926849
-3.68082e-05
0.000367977
-0.000126133
-0.00283694
-0.000144152
-0.000968554
-6.00898e-05
-0.000572689
-3.24877e-06
-2.1627e-06
0.000131621
-0.000133415
-4.70747e-07
-5.0056e-07
3.75461e-05
-3.79792e-05
-0.00049603
0.0213576
-0.0210583
-0.0010124
-0.00128151
0.0216953
-0.00118763
0.0181844
-0.00103931
0.0145989
-0.000847386
0.0111917
-0.000629248
0.00812594
-0.000405115
0.00547368
-0.00018702
0.00323805
1.20958e-05
0.00138601
0.000184059
-0.000129785
0.000321596
-0.00135092
0.00041883
-0.00230344
0.000471576
-0.0029896
0.000482868
-0.00337522
0.000458817
-0.00338804
-3.8289e-05
-3.87481e-05
-0.00013498
-3.56536e-07
-0.000136753
-6.41157e-07
-0.000601462
-2.68526e-06
-5.35204e-06
-0.000997403
-9.72874e-05
0.000382808
-0.000143973
-0.00296149
-0.000114284
-0.00102513
-0.000116429
-0.000640836
-1.43784e-05
-6.3396e-06
0.000138416
-0.000141028
-6.37027e-07
-4.99428e-07
3.92487e-05
-3.97193e-05
-0.000755632
0.0248331
-0.0245254
-0.00132011
-0.00162209
0.0251737
-0.00156615
0.0220738
-0.00144662
0.0185917
-0.00126741
0.0150189
-0.00104422
0.0116067
-0.000795092
0.00851591
-0.000539216
0.00582587
-0.000292491
0.00354263
-6.68161e-05
0.00163688
0.0001292
6.26019e-05
0.000288604
-0.0012207
0.000406011
-0.00223789
0.000478609
-0.00298536
0.000506323
-0.00342274
0.000481059
-0.0034863
-4.00759e-05
-4.07171e-05
-0.000143142
-5.71372e-07
-0.000147413
-1.08201e-06
-0.000674766
-2.35469e-05
-3.98123e-05
-0.00106358
-0.000105532
0.000366114
-0.000109097
-0.00312957
-8.89242e-05
-0.00110123
-7.66362e-05
-0.000695238
-4.77807e-05
-4.81794e-05
0.000151891
-0.000161939
-4.33162e-06
-1.8613e-06
4.12165e-05
-4.18536e-05
-0.00103141
0.0276139
-0.0273122
-0.00162178
-0.00194502
0.0279368
-0.00193846
0.025546
-0.00186451
0.0224917
-0.00172056
0.0190448
-0.00151309
0.0154878
-0.00125767
0.0120692
-0.000975944
0.00895263
-0.000688677
0.00622205
-0.000412145
0.00388795
-0.000158487
0.00192456
6.31658e-05
0.000288028
0.000246478
-0.00106119
0.000386393
-0.0021457
0.000479896
-0.00295896
0.000520241
-0.00346192
0.00048542
-0.00360556
-4.2425e-05
-4.35071e-05
-0.000173654
-1.18324e-05
-0.000187031
-2.64356e-05
-0.000738515
-3.92093e-05
-2.30492e-05
-0.00114899
-6.13346e-05
0.000360861
-9.49845e-05
-0.0033035
-9.18424e-05
-0.00118505
-5.28612e-05
-0.00078332
-1.16104e-05
-2.02243e-05
0.00020081
-0.000213721
-3.48711e-05
-3.44012e-05
4.53684e-05
-4.97001e-05
-0.0013112
0.0295094
-0.0292325
-0.00189872
-0.00223307
0.0297975
-0.00228167
0.02828
-0.00226761
0.0259491
-0.00217891
0.02295
-0.00201176
0.0195435
-0.00177523
0.0160054
-0.00148937
0.0125827
-0.00117518
0.00943913
-0.000855418
0.00666532
-0.000547677
0.00427714
-0.00026489
0.00225261
-1.5656e-05
0.000550141
0.00019368
-0.000868502
0.000358541
-0.00202437
0.000473229
-0.00291195
0.000523737
-0.00350022
0.000489097
-0.00373375
-6.15327e-05
-8.79688e-05
-0.000231321
-2.16107e-05
-0.000241651
-1.27205e-05
-0.000823509
-1.23826e-05
-8.76467e-06
-0.00122746
-5.25721e-05
0.000372018
-0.000103553
-0.00348344
-8.83945e-05
-0.00126342
-5.58658e-05
-0.000858204
-8.11125e-06
-1.0055e-05
0.000253179
-0.000258878
-5.91357e-06
-8.69763e-06
9.94425e-05
-0.000121566
-1.27493e-05
-2.29282e-05
-0.00157792
0.0304611
-0.0302274
-0.00213249
-0.00246495
0.030693
-0.00257989
0.0300957
-0.0026304
0.0286428
-0.00261055
0.0263807
-0.00250728
0.0234455
-0.00231901
0.0200873
-0.00205685
0.0165728
-0.00173975
0.0131472
-0.00139379
0.0099775
-0.00104123
0.00715887
-0.0007015
0.00471374
-0.000387795
0.00262474
-0.000109164
0.000852959
0.000128441
-0.000638426
0.00032021
-0.00187135
0.000457284
-0.00284545
0.000522107
-0.00353313
0.000499907
-0.00386152
-0.000136843
-6.33464e-06
-0.000146442
-3.12362e-06
-0.00026647
-4.7912e-06
-0.000271112
-4.1248e-06
-0.000892555
-9.41465e-06
-8.80373e-06
-0.00129978
-6.71604e-05
0.000403336
-0.000219815
-0.00366676
-0.00128944
-9.8693e-05
-0.000926128
-1.17464e-05
-1.05357e-05
0.000277109
-0.000281478
-3.74516e-06
-4.05872e-06
0.000153496
-0.000158213
-1.19789e-06
-1.64457e-06
2.29282e-05
-3.5678e-05
-0.00181257
0.0304749
-0.0303094
-0.002298
-0.00261634
0.0306263
-0.0028064
0.0309195
-0.00293364
0.0303989
-0.00299173
0.029024
-0.00296722
0.0268407
-0.00285252
0.023979
-0.00264591
0.0206763
-0.00235849
0.0171916
-0.00201215
0.0137656
-0.0016338
0.0105701
-0.00124803
0.00770539
-0.000875227
0.00520116
-0.000529223
0.00304478
-0.000219193
0.00120057
4.95466e-05
-0.000367759
0.000270287
-0.00168432
0.000431704
-0.00275497
0.000517936
-0.00355106
0.000520884
-0.00397895
-4.2013e-05
-4.51369e-05
-0.000161994
-1.0127e-06
-0.000165223
-8.97056e-07
-0.000287088
-3.80546e-06
-0.0002916
-4.29196e-06
-0.000972198
-1.31786e-05
-7.89278e-06
0.00105806
-1.54823e-05
-0.00253381
-1.79036e-05
0.000440991
-0.000242815
-0.00386472
-1.28237e-05
0.000296945
-0.000302404
-6.28281e-06
-5.19065e-06
0.000168516
-0.000171386
-8.77408e-07
-7.65565e-07
4.67815e-05
-4.79802e-05
-0.00199025
0.0295632
-0.0294956
-0.00236557
-0.00265772
0.0296045
-0.00293904
0.0307589
-0.00315317
0.0311391
-0.00329569
0.0307029
-0.00336087
0.0294176
-0.00333731
0.0273255
-0.00321301
0.0245461
-0.00299008
0.0213079
-0.00267977
0.0178592
-0.00230652
0.0144383
-0.00189807
0.0112201
-0.00147792
0.00830808
-0.00107092
0.00574284
-0.000690758
0.00351633
-0.000346877
0.00159701
-4.51118e-05
-5.22961e-05
0.000206762
-0.00145928
0.000397137
-0.00263407
0.000512906
-0.00354297
0.000543763
-0.0040816
-4.89932e-05
-4.98906e-05
-0.000174223
-9.69317e-07
-0.000177554
-9.6156e-07
-0.000306128
-9.45403e-06
-0.000295296
-1.87195e-05
-0.000534591
0.000520677
-5.44343e-07
-9.90574e-07
-2.03914e-05
-0.00273173
-2.43607e-05
-0.000550651
-7.76385e-07
-1.04299e-06
0.000489422
-0.000291907
-0.00406203
0.000213312
-3.81068e-07
-3.65502e-07
0.000181502
-0.000185983
-1.80173e-06
-1.24361e-06
5.06562e-05
-5.15343e-05
-0.00207904
0.0277109
-0.027766
-0.00231048
-0.00256775
0.027621
-0.002951
0.0296165
-0.0032651
0.0308709
-0.00350358
0.031347
-0.00366496
0.031007
-0.00373992
0.0298203
-0.00371838
0.0278308
-0.00358867
0.0251447
-0.0033526
0.0219808
-0.00302346
0.0185761
-0.002624
0.0151642
-0.0021842
0.0119264
-0.00173237
0.00896952
-0.00129053
0.0063426
-0.000874882
0.00404435
-0.000495168
0.00204712
-0.000158355
0.000312955
0.000126996
-0.00118898
0.000350233
-0.00247127
0.000498636
-0.00349774
0.000562111
-0.0041542
-5.2504e-05
-5.34656e-05
-0.000193698
-1.7367e-06
8.96414e-07
-5.86367e-05
5.80947e-05
-5.96236e-05
-0.000568934
-8.63357e-07
-1.20172e-06
-2.40902e-05
-0.00296442
-3.49966e-05
-0.000591073
-1.14238e-06
-1.04362e-06
-6.03967e-05
-6.14397e-05
0.00054903
-0.000394791
-0.00421611
-5.77292e-05
5.735e-05
5.47092e-05
-5.65107e-05
-0.00205539
0.0249355
-0.02512
-0.00212599
-0.00234405
0.0247118
-0.00282165
0.0274916
-0.0032419
0.0295933
-0.00358804
0.0309553
-0.0038556
0.0315376
-0.00403767
0.0313047
-0.00412765
0.0302295
-0.00411055
0.0283527
-0.00398002
0.0257722
-0.00373507
0.0226924
-0.00338887
0.019341
-0.00296687
0.0159469
-0.00249869
0.0126927
-0.00201357
0.00969256
-0.00153596
0.00700369
-0.00108353
0.00463276
-0.000666804
0.00255565
-0.000293756
0.000733821
2.69737e-05
-0.00086558
0.000284826
-0.00225735
0.00046736
-0.00340292
0.000566591
-0.0041717
-5.82464e-05
-6.23001e-05
-6.34961e-05
-0.000612762
-1.14552e-06
-1.20269e-06
-5.02307e-05
-0.00320165
-0.000107233
-0.000645055
-1.06854e-06
-1.60067e-06
-6.46333e-05
-6.56768e-05
0.000583743
-0.000495809
-0.00430393
-0.00190747
0.0213708
-0.0216651
-0.00183166
-0.00200545
0.0210322
-0.00255047
0.0244406
-0.00306576
0.0273155
-0.0035238
0.0295291
-0.00390641
0.0310061
-0.00420485
0.0317048
-0.00441292
0.03159
-0.00451945
0.0306384
-0.00451367
0.0288864
-0.00438545
0.0264225
-0.00413581
0.0234393
-0.00377765
0.0201518
-0.00333482
0.016783
-0.00283953
0.0135186
-0.00232279
0.0104794
-0.00181006
0.00773027
-0.00132004
0.00528609
-0.00086512
0.00312715
-0.000455823
0.00121675
-9.88491e-05
-0.000481817
0.000193959
-0.00198391
0.000411017
-0.00324731
0.000539856
-0.00412776
-6.68184e-05
-6.80141e-05
-0.000690724
-1.44262e-06
-3.07352e-06
-0.000178293
-0.00334655
-0.000172531
-0.000770974
-6.92189e-06
-2.00377e-05
-6.90766e-05
-7.06784e-05
0.000549962
-0.00044876
-0.00440502
-0.0016492
0.0172867
-0.0176544
-0.00146399
-0.00159822
0.0168795
-0.00216515
0.0206469
-0.00274364
0.0241185
-0.00329658
0.0270882
-0.00379497
0.0294176
-0.00421746
0.0310187
-0.00455089
0.0318427
-0.00478744
0.031858
-0.00491547
0.0310402
-0.00492433
0.0294252
-0.00480483
0.0270916
-0.0045542
0.0242159
-0.00418781
0.0210048
-0.00372913
0.0176726
-0.00321032
0.0144062
-0.00266249
0.0113319
-0.00211498
0.00852526
-0.00158761
0.00600865
-0.00109555
0.00376696
-0.000648467
0.00176642
-0.000256502
-3.13302e-05
7.07275e-05
-0.00164359
0.000320907
-0.00302832
0.000472945
-0.00405067
-7.21175e-05
-7.51851e-05
-0.000841708
-4.78288e-05
-5.96953e-05
-0.000125776
-0.0035972
-7.22589e-05
-0.000911006
-6.85915e-05
-3.46173e-05
-8.21016e-05
-0.000102141
0.00047192
-0.000359651
-0.00451718
-0.0013171
0.0130597
-0.0134478
-0.00107596
-0.00117312
0.0126346
-0.00171247
0.0164268
-0.00230559
0.0202088
-0.00291809
0.02374
-0.00351145
0.0268047
-0.00405158
0.0292517
-0.00451621
0.0309841
-0.00488877
0.0319441
-0.00515863
0.0321011
-0.00531345
0.0314294
-0.00534159
0.029962
-0.00523404
0.0277714
-0.00499097
0.025019
-0.00462031
0.0218959
-0.00415012
0.0186125
-0.00361018
0.0153539
-0.00303491
0.0122519
-0.00245373
0.00939148
-0.00188935
0.00680252
-0.00136042
0.00447895
-0.000877901
0.00238783
-0.000450564
0.000489945
-8.87418e-05
-0.00123393
0.000195081
-0.0027504
0.000367184
-0.00394585
-0.000149968
-0.000170666
-3.89844e-05
-0.001001
-2.3829e-05
-1.19251e-05
-6.72187e-05
-0.00384124
-4.83192e-05
-0.00105472
-1.13826e-05
-7.14705e-06
-0.000215798
-2.34426e-05
-0.000238693
-1.17154e-05
0.000384972
-0.000306924
-0.00459511
-0.000959492
0.00906741
-0.00942844
-0.000714929
-0.000778926
0.00867321
-0.00124774
0.0121699
-0.00180599
0.0159272
-0.00242658
0.0197173
-0.00307263
0.0233012
-0.00370693
0.0264601
-0.00429253
0.0290281
-0.00480155
0.0308968
-0.00521642
0.0320019
-0.00552251
0.0323102
-0.00570973
0.0317975
-0.00576514
0.0304931
-0.00567565
0.0284561
-0.00544226
0.025841
-0.00507516
0.022821
-0.00459773
0.0196
-0.00404124
0.0163603
-0.00344125
0.0132394
-0.0028291
0.0103313
-0.0022312
0.00767333
-0.0016666
0.00526764
-0.00114707
0.00308432
-0.000683625
0.00108482
-0.000284941
-0.000753863
3.16216e-05
-0.00241477
0.000233083
-0.00379388
-3.89821e-05
-0.000257303
-5.22065e-06
-0.000266393
-2.82545e-06
-0.00110784
-8.14589e-06
-5.92266e-06
-5.20692e-05
-0.00405116
-4.48799e-05
-0.00114314
-7.36249e-06
-5.64143e-06
-0.000275282
-2.48369e-06
-0.000280555
-1.87025e-06
-6.24217e-05
-7.41374e-05
0.000293304
-0.000264905
-0.00462341
-0.000625593
0.00562145
-0.00592108
-0.000415303
-0.000449257
0.00529177
-0.000820231
0.0082457
-0.00130136
0.0116652
-0.00187803
0.0153786
-0.00252446
0.0191691
-0.00320462
0.0227988
-0.00387971
0.0260472
-0.00451111
0.0287376
-0.0050682
0.0307486
-0.00552943
0.0320088
-0.00587888
0.0324794
-0.00610222
0.0321346
-0.00618829
0.0310057
-0.00612463
0.0291384
-0.00590862
0.0266745
-0.00555031
0.0237736
-0.00507065
0.0206295
-0.00450332
0.0174224
-0.00388303
0.0142934
-0.00324329
0.0113434
-0.0026129
0.00861964
-0.00201271
0.00613327
-0.00145757
0.00385825
-0.000956495
0.00175638
-0.00051985
-0.000202343
-0.000167716
-0.00201389
7.35008e-05
-0.00357399
-7.93577e-05
-8.21799e-05
-0.000287188
-1.51748e-06
-0.000291522
-1.58162e-06
-0.00118247
-6.6838e-06
-6.02839e-06
-4.65611e-05
-0.004227
-4.24504e-05
-0.00121482
-6.4911e-06
-6.03923e-06
-0.00029724
-1.63533e-06
-0.000301225
-1.654e-06
-8.46611e-05
-8.65326e-05
0.000182709
-0.000219547
-0.00458648
-0.000353909
0.00292009
-0.00314261
-0.000192792
-0.000203161
0.00267399
-0.000466048
0.00493758
-0.0008445
0.00778883
-0.00133655
0.0111238
-0.00193029
0.0147845
-0.00260078
0.0185653
-0.00331442
0.0222336
-0.00402984
0.025566
-0.00470716
0.0283766
-0.0053138
0.030533
-0.00582421
0.0319541
-0.00622101
0.0325981
-0.00648845
0.0324347
-0.0066107
0.0314918
-0.00657801
0.0298078
-0.0063859
0.0275101
-0.00604312
0.0247461
-0.00556975
0.021696
-0.00499433
0.0185337
-0.00436062
0.0154108
-0.00369824
0.0124287
-0.003039
0.00964591
-0.00240322
0.00707891
-0.00181031
0.00471206
-0.00127041
0.00250697
-0.000795452
0.000425458
-0.000404106
-0.00153622
-0.000116522
-0.0032747
-8.80504e-05
-8.96293e-05
-0.000306454
-1.45842e-06
-0.000311143
-1.33366e-06
-0.00124986
-5.76798e-06
-5.7316e-06
-4.11354e-05
-0.00436596
-3.94077e-05
-0.00127991
-6.54834e-06
-5.84647e-06
-0.000315894
-1.73206e-06
-0.000320232
-1.70054e-06
-9.12623e-05
-9.29177e-05
5.30342e-05
-0.000164413
-0.00447502
-0.000163663
0.00105704
-0.00119952
-2.668e-05
-2.36303e-05
0.000904269
-2.63274e-05
-2.4068e-05
-0.000205945
0.00241387
-0.000472047
0.00456511
-0.00085546
0.00730773
-0.00135604
0.0105495
-0.00196367
0.0141474
-0.0026559
0.0179067
-0.00339925
0.021603
-0.00415279
0.0250116
-0.00487605
0.0279388
-0.00553393
0.0302427
-0.00609795
0.031831
-0.00654595
0.0326557
-0.0068614
0.0326854
-0.00702858
0.0319424
-0.00703414
0.0304561
-0.00687357
0.0283406
-0.00655244
0.0257288
-0.00609107
0.0227928
-0.00552027
0.0196934
-0.00487545
0.016588
-0.0041931
0.0135828
-0.00350575
0.0107484
-0.00283957
0.00810818
-0.0022092
0.00565088
-0.00162863
0.00334017
-0.00111442
0.00113581
-0.000680227
-0.000972464
-0.000340122
-0.00288148
-9.43766e-05
-9.57078e-05
-0.000324836
-1.17023e-06
-0.000329199
-1.36487e-06
-0.00130981
-5.41198e-06
-5.80662e-06
-3.44492e-05
-0.00446123
-3.46475e-05
-0.00133759
-5.60806e-06
-6.01895e-06
-0.000333953
-1.78909e-06
-0.000338162
-1.63769e-06
-9.7438e-05
-9.91404e-05
-0.000101725
-0.000102474
-0.00427072
-2.69458e-05
-2.10597e-05
-0.000173677
0.000154098
-3.67702e-06
-3.42277e-06
-0.000192299
-2.60209e-06
-2.40532e-06
0.000748166
-2.58181e-05
-2.40326e-05
-0.000134986
0.000115599
-3.5744e-06
-3.3688e-06
-2.55458e-06
-2.40312e-06
-0.000204522
0.00214633
-0.000470666
0.00418031
-0.000855372
0.00680706
-0.00136079
0.0099466
-0.00197837
0.0134698
-0.00268776
0.0171952
-0.00345734
0.0209075
-0.00424744
0.024383
-0.00501761
0.0274225
-0.00572713
0.0298719
-0.0063467
0.0316318
-0.00685143
0.0326457
-0.0072207
0.0328776
-0.0074376
0.0323459
-0.00748792
0.0310705
-0.00736517
0.0291533
-0.00707414
0.026712
-0.00663317
0.0239057
-0.00607098
0.020889
-0.00542388
0.0178188
-0.00472795
0.014805
-0.00401714
0.011926
-0.00331835
0.00921735
-0.0026513
0.00667356
-0.00203448
0.00426027
-0.00147927
0.00193488
-0.00100024
-0.000312303
-0.000601974
-0.00238117
-0.000100312
-0.000101675
-0.000342513
-1.06651e-06
-0.000346731
-1.58822e-06
-0.00136268
-4.20528e-06
-5.13945e-06
-2.48909e-05
-0.00450944
-2.93313e-05
-0.00138731
-5.34875e-06
-4.67189e-06
-0.000350705
-1.63067e-06
-0.000355098
-1.62689e-06
-0.000103463
-0.000105102
-0.000284712
-3.48815e-05
-0.00395104
-0.000211806
-3.89156e-06
-3.54246e-06
-2.78229e-06
-2.65175e-05
2.39269e-05
-1.08477e-06
-2.89857e-05
-9.5382e-07
-3.11245e-05
-4.64019e-07
-3.33481e-05
-1.80602e-07
0.000592271
-2.50591e-05
-2.35793e-05
-9.64573e-05
7.74006e-05
-3.47015e-06
-3.29665e-06
-2.50999e-06
-2.38638e-06
-1.71719e-05
1.46484e-05
-1.05177e-06
-1.96085e-05
-9.32628e-07
-2.17102e-05
-4.54177e-07
-1.86775e-07
-0.000200368
0.00187601
-0.000463411
0.00378833
-0.000846297
0.00629256
-0.00135242
0.00932064
-0.00197557
0.0127576
-0.00269827
0.0164362
-0.00349046
0.0201505
-0.00431307
0.0236784
-0.00512536
0.0268207
-0.00588826
0.0294135
-0.00656645
0.0313468
-0.0071319
0.0325569
-0.00756054
0.0330005
-0.00783284
0.0326908
-0.00793551
0.0316408
-0.00785784
0.0299371
-0.00760476
0.0276836
-0.00719241
0.0250271
-0.0066469
0.022112
-0.00600395
0.0190948
-0.0053001
0.016088
-0.00457058
0.0131782
-0.00384233
0.0104084
-0.00314356
0.00778266
-0.0024899
0.00527092
-0.00189517
0.00282982
-0.0013685
0.000454258
-0.000908004
-0.00175782
-0.00010617
-0.000107758
-0.000358412
-8.97777e-07
-0.000362459
-1.09345e-06
-0.00140472
-3.67104e-06
-3.79729e-06
-1.48195e-05
-0.00450165
-2.78134e-05
-0.00142573
-4.32035e-06
-3.99932e-06
-0.000366219
-1.58769e-06
-0.0003694
-1.49219e-06
-0.000109388
-0.000111016
-0.000505042
3.47336e-05
-0.00348063
-3.60882e-05
-1.14887e-06
-3.86226e-05
-1.00629e-06
-5.21466e-07
-4.1576e-06
3.07305e-06
-5.11159e-06
-5.57558e-06
-5.75568e-06
0.000438841
-2.41159e-05
-2.28346e-05
-5.85795e-05
4.0043e-05
-3.33898e-06
-3.18949e-06
-2.43388e-06
-2.32942e-06
-7.99336e-06
5.54081e-06
-1.01918e-06
-1.03834e-05
-9.08433e-07
-1.2452e-05
-4.44241e-07
-1.91338e-07
-1.4991e-06
4.46907e-07
-2.432e-06
-2.88628e-06
-0.000194162
0.00160674
-0.000451729
0.00339375
-0.000829365
0.00576949
-0.00133178
0.00867683
-0.00195591
0.0120152
-0.00268589
0.0156316
-0.00349481
0.0193322
-0.00434714
0.0229002
-0.00520061
0.0261331
-0.00601526
0.0288623
-0.00675326
0.0309682
-0.0073796
0.032376
-0.00787663
0.0330444
-0.0082108
0.0329662
-0.00837043
0.0321535
-0.00834617
0.0306785
-0.00813908
0.0286303
-0.00776311
0.0261433
-0.00724299
0.023351
-0.00661241
0.0204071
-0.00590776
0.0174252
-0.00516438
0.0145003
-0.00441479
0.0116797
-0.00368292
0.00897569
-0.00299627
0.00637204
-0.00236416
0.00382549
-0.00178715
0.00133343
-0.00126409
-0.00099873
-0.000111916
-0.000113009
-0.000372453
-6.22573e-07
-0.00037532
-9.30862e-07
-0.00143553
-2.17185e-06
-2.83997e-06
-1.94294e-05
-0.00438315
-6.42962e-05
-0.00145657
-2.90447e-06
-3.85813e-06
-0.000378213
-1.42698e-06
-0.000380753
-1.4608e-06
-0.000114597
-0.00011609
-0.000774208
0.000119568
-0.00282592
-6.9041e-06
-7.91025e-06
0.00028954
-2.29904e-05
-2.18838e-05
-2.17813e-05
3.90605e-06
-3.18818e-06
-3.05866e-06
-2.33442e-06
-2.24329e-06
9.28478e-07
-3.28957e-06
-9.79522e-07
-1.38719e-06
-8.75586e-07
-3.39787e-06
-4.25995e-07
-1.87882e-07
1.09814e-06
-2.11799e-06
1.89104e-07
-2.55569e-07
-0.000186373
0.00134136
-0.000436242
0.00300061
-0.000805215
0.00524291
-0.0013005
0.00802142
-0.00192003
0.0112494
-0.0026523
0.0147891
-0.00347258
0.0184577
-0.00434864
0.0220482
-0.00524025
0.0253581
-0.00610624
0.0282153
-0.00690592
0.0304945
-0.00760159
0.0321009
-0.0081625
0.0329961
-0.00856458
0.0331604
-0.00878746
0.0325948
-0.00882298
0.0313624
-0.00866918
0.0295363
-0.00833838
0.0272387
-0.00785272
0.0245913
-0.00724322
0.0217425
-0.0065444
0.0188053
-0.00579281
0.0158784
-0.00502655
0.0130233
-0.00427246
0.0102519
-0.00355312
0.00756101
-0.00287858
0.00491694
-0.00225541
0.00232477
-0.00166579
-0.000107107
-0.000116714
-0.000117645
-0.000382691
-2.35569e-07
-0.000384909
-6.21398e-07
-0.00147037
-1.00286e-06
-4.62486e-06
-9.41202e-05
-0.00400753
-0.000161914
-0.00151241
-6.0662e-06
-1.61726e-05
-0.000386784
-1.02837e-06
-0.000389318
-1.32466e-06
-0.000119072
-0.000120533
-0.00109141
0.000319438
-0.00205385
0.000145667
-2.17293e-05
-2.07863e-05
1.3628e-05
-3.07113e-05
-3.01357e-06
-2.90021e-06
-2.21659e-06
-2.13752e-06
9.51194e-06
-1.17672e-05
-9.34576e-07
7.28907e-06
-8.37604e-07
5.35433e-06
-4.02382e-07
-1.79879e-07
3.6085e-06
-4.58869e-06
2.73232e-06
2.30587e-06
-0.00017727
0.00108237
-0.000417594
0.00261297
-0.000775453
0.00471785
-0.00125903
0.00736041
-0.00186959
0.0104667
-0.0025976
0.0139141
-0.00342405
0.0175331
-0.00431905
0.021127
-0.00524549
0.0244973
-0.00616042
0.0274698
-0.00701983
0.0299128
-0.00778394
0.0317224
-0.0084153
0.0328468
-0.00888778
0.0332607
-0.00918075
0.0329526
-0.00928211
0.0319753
-0.0091895
0.0303875
-0.00891165
0.0282977
-0.00846877
0.0258169
-0.00788865
0.0230868
-0.00720666
0.0202191
-0.00645801
0.0173098
-0.00567897
0.0144298
-0.00490618
0.011605
-0.00415377
0.0088362
-0.00344348
0.00610503
-0.00276252
0.00342153
-0.0020919
0.000893432
-0.00012077
-0.000121391
-0.000390252
-6.85478e-08
-0.000393884
-9.9008e-07
-0.00152917
-2.28414e-05
-5.4524e-05
-0.000124114
-0.00352633
-3.76122e-05
-0.00150826
-8.15198e-05
-0.000101302
-0.000397781
-2.1659e-06
-0.000409256
-4.69636e-06
-0.000122419
-0.000123744
-0.00142382
0.000583987
-0.00121388
8.29665e-06
-2.03656e-05
-1.95511e-05
4.73899e-05
-6.35799e-05
-2.82226e-06
-2.72405e-06
-2.091e-06
-2.02085e-06
1.76909e-05
-1.98234e-05
-8.82833e-07
1.55801e-05
-7.91196e-07
1.37363e-05
-3.75264e-07
-1.69677e-07
6.00959e-06
-6.94482e-06
5.1714e-06
4.76857e-06
-0.000167133
0.000831883
-0.000396389
0.00223389
-0.000740286
0.00419908
-0.00120879
0.0066996
-0.00180486
0.00967391
-0.00252369
0.0130137
-0.00334985
0.0165639
-0.00425849
0.02014
-0.00521567
0.0235526
-0.00617653
0.0266265
-0.00709492
0.0292238
-0.00792405
0.0312312
-0.00862823
0.0325873
-0.00917469
0.0332547
-0.00954203
0.0332125
-0.00971574
0.0325016
-0.00969098
0.0311668
-0.00947529
0.0293042
-0.00908322
0.0270115
-0.00854196
0.0244221
-0.00788127
0.0216424
-0.00714444
0.0187753
-0.0063666
0.0158903
-0.00557336
0.0130246
-0.0047944
0.0101871
-0.00403296
0.00737549
-0.00328042
0.00461008
-0.00251726
0.00198696
-0.000123812
-0.000124801
-0.000422306
-9.79075e-06
-0.000447744
-2.9086e-05
-0.00147784
-9.54624e-05
-5.90738e-05
2.83335e-05
-0.00304828
7.76394e-05
-0.00146432
-3.94177e-05
-1.17029e-05
-0.000464866
-6.43986e-05
-0.000485094
-8.10731e-05
-0.000126966
-0.000131662
-0.00174809
0.000821609
-0.000287214
-0.000121742
-1.89121e-05
-1.81989e-05
7.92939e-05
-9.45082e-05
-2.62169e-06
-2.53676e-06
-1.95265e-06
-1.8881e-06
2.54167e-05
-2.74145e-05
-8.26342e-07
2.34306e-05
-7.39758e-07
2.16856e-05
-3.48441e-07
-1.59851e-07
8.28193e-06
-9.16545e-06
7.49019e-06
7.1145e-06
-0.000156239
0.000591711
-0.000373022
0.00186661
-0.000701019
0.0036913
-0.00115082
0.00604555
-0.0017281
0.00887831
-0.00243156
0.0120954
-0.00325254
0.0155579
-0.0041709
0.0190953
-0.00515269
0.0225288
-0.00615509
0.0256867
-0.00712714
0.0284269
-0.00802098
0.030624
-0.00879558
0.0322082
-0.00941669
0.0331293
-0.00986175
0.0333585
-0.0101127
0.0329233
-0.0101646
0.0318561
-0.0100181
0.0302391
-0.00968694
0.0281565
-0.00919093
0.0257318
-0.0085711
0.0230691
-0.00785217
0.0202609
-0.00707289
0.0173898
-0.00626858
0.0144988
-0.00545087
0.0116051
-0.00463342
0.0087285
-0.00379674
0.00588961
-0.00293002
0.003169
-0.000141453
-0.000170539
-0.000501688
-7.88669e-05
-0.000517862
-4.28996e-05
-0.00144147
-2.89643e-06
8.3791e-06
0.000109763
-0.00246707
0.000130677
-0.00138876
9.34815e-06
1.56166e-05
-0.000534139
-2.31369e-05
-0.000536493
-9.34476e-06
-0.000234937
-0.000255607
-6.04006e-05
-0.00206713
0.00103725
0.000742859
-0.000243834
-1.74015e-05
-1.67636e-05
0.000109165
-0.000123332
-2.41317e-06
-2.33866e-06
-1.80203e-06
-1.7437e-06
3.26442e-05
-3.44996e-05
-7.68229e-07
3.0792e-05
-6.86242e-07
2.91563e-05
-3.19038e-07
-1.47311e-07
1.04145e-05
-1.12415e-05
9.67416e-06
9.3253e-06
-0.000144751
0.00036342
-0.000348217
0.00151379
-0.000658313
0.00319877
-0.00108643
0.00540386
-0.00164061
0.00808735
-0.00232471
0.0111676
-0.00313544
0.0145225
-0.00405757
0.0180001
-0.00505968
0.0214333
-0.00609629
0.0246558
-0.00711563
0.0275215
-0.00806896
0.0298973
-0.00891118
0.0317027
-0.00960989
0.0328775
-0.0101349
0.0333807
-0.0104687
0.0332275
-0.0106006
0.0324386
-0.0105296
0.0310818
-0.0102682
0.0292338
-0.00983313
0.0269938
-0.00925266
0.0244696
-0.00855959
0.0217476
-0.00779051
0.0189118
-0.00696718
0.0160151
-0.00611244
0.0130841
-0.00522598
0.0101578
-0.00429703
0.00725669
-0.00333979
0.00444176
-0.000301335
-3.31348e-05
-0.000328858
-1.53699e-05
-0.000538642
-7.37399e-07
-0.000532955
2.69644e-06
-0.00132002
1.9148e-05
2.18603e-05
0.000160068
-0.0017619
0.000172034
-0.00123617
2.19339e-05
2.49258e-05
-0.000527328
3.73637e-06
-0.000517488
5.78468e-06
-0.000345842
-6.14886e-06
-0.000352906
-2.27042e-06
-6.03999e-05
-0.00237972
0.00124263
0.00188006
-0.000357458
-1.58665e-05
-1.52777e-05
0.000136866
-0.000149938
-2.20087e-06
-2.13529e-06
-1.64315e-06
-1.58886e-06
3.93389e-05
-4.10448e-05
-7.0903e-07
3.76289e-05
-6.30304e-07
3.61122e-05
-2.87139e-07
-1.32077e-07
1.23949e-05
-1.31638e-05
1.17082e-05
1.13888e-05
-0.000132965
0.000148149
-0.000322408
0.00117786
-0.000613259
0.00272559
-0.00101728
0.00478052
-0.00154503
0.00730767
-0.00220601
0.0102382
-0.00300346
0.0134684
-0.00392428
0.0168648
-0.0049375
0.0202745
-0.00599881
0.023539
-0.00705776
0.0265103
-0.0080648
0.029051
-0.00897293
0.0310657
-0.00974529
0.0324878
-0.0103511
0.0332631
-0.0107704
0.0333973
-0.0109891
0.032898
-0.0110024
0.0318161
-0.0108161
0.0302167
-0.0104468
0.028188
-0.00991785
0.0258279
-0.00926023
0.0232174
-0.00849681
0.0204414
-0.00765973
0.0175624
-0.0067604
0.0146185
-0.00579643
0.0116572
-0.00478755
0.00870449
-0.00374379
0.00580594
-9.35328e-05
-0.000108901
-0.000354083
4.49603e-07
-0.000351918
5.49347e-07
-0.00050766
9.34082e-06
-0.000495309
9.50481e-06
-0.00113505
2.89445e-05
2.99904e-05
0.000202043
-0.000930847
0.00020955
-0.00102483
3.00485e-05
3.17987e-05
-0.000482246
8.88337e-06
-0.000467678
1.03552e-05
-0.000349036
8.63467e-07
-0.000344513
1.28642e-06
-0.000115047
-0.000117314
-0.00269506
0.00144841
0.00312715
-0.000462335
-1.43349e-05
-1.37692e-05
0.000162308
-0.000174262
-1.989e-06
-1.92991e-06
-1.48092e-06
-1.42929e-06
4.54739e-05
-4.70275e-05
-6.49027e-07
4.39115e-05
-5.74265e-07
4.25205e-05
-2.53636e-07
-1.14013e-07
1.42141e-05
-1.49237e-05
1.35834e-05
1.32959e-05
-0.000121115
-5.31616e-05
-0.000296294
0.000860883
-0.000566778
0.00227508
-0.000944473
0.00417996
-0.0014438
0.00654545
-0.00208025
0.00931494
-0.0028603
0.0124044
-0.00377304
0.0157003
-0.0047885
0.0190642
-0.0058653
0.0223465
-0.00695349
0.025399
-0.00800481
0.0280828
-0.0089735
0.0302939
-0.00981751
0.0319542
-0.010506
0.0329987
-0.0110118
0.03342
-0.0113192
0.0332148
-0.0114219
0.0324218
-0.0113185
0.0310884
-0.011022
0.0292922
-0.010549
0.0271166
-0.00992569
0.0246463
-0.00917892
0.0219606
-0.00832285
0.0191249
-0.00737634
0.0161985
-0.00634932
0.013219
-0.0052674
0.0102282
-0.00414434
0.00725546
-0.000116858
-0.000116304
-0.000337624
2.46139e-06
-0.000330082
1.98273e-06
-0.000452076
1.33597e-05
-0.000435503
1.34078e-05
-0.000897102
3.69921e-05
3.73244e-05
0.000244903
2.24312e-05
0.00025052
-0.000763063
3.715e-05
3.84023e-05
-0.000418285
1.28425e-05
-0.000400203
1.37143e-05
-0.000323256
2.0518e-06
-0.000315058
2.17125e-06
-0.000115434
-0.000114142
-0.0030062
0.00165547
0.00447847
-0.00055838
-1.28307e-05
-1.22555e-05
0.000185448
-0.000196284
-1.78064e-06
-1.72472e-06
-1.31752e-06
-1.26678e-06
5.10378e-05
-5.2439e-05
-5.89397e-07
4.96246e-05
-5.17933e-07
4.8362e-05
-2.195e-07
-9.54051e-08
1.58663e-05
-1.65159e-05
1.52917e-05
1.50378e-05
-0.000109469
-0.000240002
-0.000270483
0.000564575
-0.000519838
0.00185044
-0.000870159
0.00360632
-0.00134065
0.00580586
-0.00195136
0.00840601
-0.0027101
0.0113414
-0.00360662
0.0145184
-0.00461435
0.0178133
-0.0056938
0.0210868
-0.00680231
0.0241965
-0.00789254
0.0270019
-0.00890985
0.0293863
-0.00982219
0.0312705
-0.0105896
0.0325765
-0.0111841
0.033285
-0.011584
0.0333769
-0.0117779
0.0328813
-0.0117633
0.0318297
-0.0115485
0.0302917
-0.0111387
0.0283297
-0.0105557
0.026023
-0.00981666
0.0234545
-0.00895194
0.0207005
-0.00796539
0.0178145
-0.00688895
0.0148406
-0.00573679
0.0118208
-0.00454791
0.00879767
-0.000111673
-0.00010969
-0.000305182
3.48145e-06
-0.000294662
2.90148e-06
-0.000379988
1.68033e-05
-0.000359329
1.66583e-05
-0.000607058
4.32926e-05
4.56023e-05
0.000285477
0.00109676
0.000295934
-0.000441797
8.53161e-05
-0.000337757
1.55999e-05
-0.000316182
1.68326e-05
-0.000284718
2.88602e-06
-0.000274169
3.18257e-06
-0.000107635
-0.000105464
-0.003322
0.00186575
0.00593558
-0.000645718
-1.13891e-05
-1.07561e-05
0.00020628
-0.000216016
-1.57789e-06
-1.52262e-06
-1.15586e-06
-1.10436e-06
5.60265e-05
-5.72771e-05
-5.31385e-07
5.47632e-05
-4.62454e-07
5.36302e-05
-1.85355e-07
-7.60959e-08
1.73492e-05
-1.79391e-05
1.6831e-05
1.66113e-05
-9.84066e-05
-0.00041209
-0.000245659
0.000290385
-0.000473603
0.00145387
-0.000796476
0.00306212
-0.00123892
0.00509339
-0.0018235
0.00751938
-0.00255603
0.0102908
-0.00342707
0.0133311
-0.00441553
0.016535
-0.00548822
0.0197727
-0.00660354
0.0229075
-0.00771715
0.0258092
-0.00878323
0.0283473
-0.00975719
0.030438
-0.0105999
0.0319923
-0.0112804
0.0329814
-0.0117731
0.0333721
-0.0120613
0.0331793
-0.0121366
0.0324179
-0.0119997
0.0311527
-0.0116564
0.0294304
-0.0111199
0.0273263
-0.0104087
0.0249112
-0.00953114
0.0222663
-0.00852013
0.0194457
-0.00740351
0.0165075
-0.00620465
0.0134779
-0.0049467
0.0104227
-0.000101978
-9.90794e-05
-0.000261496
4.12796e-06
-0.000248557
3.73761e-06
-0.000291938
1.9065e-05
-0.00025949
1.31668e-05
-0.000262316
0.000106082
0.000334223
0.00228426
0.000344669
-8.10689e-05
0.000114752
0.000203581
-0.000388762
5.24534e-06
5.79464e-06
-0.000236718
3.75169e-06
-0.00022405
4.17512e-06
-9.61905e-05
-9.30077e-05
-0.00364956
0.00208113
0.0075044
-0.000724786
-1.00572e-05
-9.29316e-06
0.000224832
-0.000233515
-1.38503e-06
-1.32631e-06
-9.96979e-07
-9.42681e-07
6.04454e-05
-6.15494e-05
-4.7505e-07
5.93299e-05
-4.07812e-07
5.83258e-05
-1.52045e-07
-5.59939e-08
1.86634e-05
-1.91952e-05
1.82008e-05
1.80152e-05
-8.8475e-05
-0.000569281
-0.000222836
3.96098e-05
-0.00042944
0.00108682
-0.00072683
0.00255001
-0.00114334
0.00441319
-0.0016985
0.00666183
-0.00239779
0.00926151
-0.0032353
0.0121509
-0.00419427
0.015241
-0.00524824
0.0184174
-0.00636206
0.0215524
-0.00749142
0.0245174
-0.00859268
0.0271828
-0.00961896
0.0294571
-0.0105326
0.0312444
-0.0112945
0.0325029
-0.0118785
0.0331894
-0.0122623
0.0333049
-0.0124307
0.032849
-0.0123774
0.0318737
-0.0121049
0.0304154
-0.0116239
0.0285414
-0.0109333
0.0263133
-0.0100676
0.0238138
-0.00904647
0.0210888
-0.0078981
0.0182012
-0.00666184
0.0151933
-0.00536358
0.0121368
-8.88748e-05
-8.51399e-05
-0.000210709
5.72752e-06
6.04137e-06
-0.000294584
6.16429e-06
5.76606e-06
0.000121865
0.000131441
0.000379252
0.0035937
0.000392605
0.000329346
0.000137424
-0.000191617
5.85995e-06
5.97564e-06
5.96452e-05
-5.43977e-05
6.54414e-05
-8.13877e-05
-7.72118e-05
-0.00400139
0.00231512
0.00919068
-0.000796462
-8.91754e-06
-7.89229e-06
0.000241178
-0.000248896
-1.20543e-06
-1.13718e-06
-8.4644e-07
-7.83202e-07
6.43047e-05
-6.527e-05
-4.20463e-07
6.33338e-05
-3.55832e-07
6.24559e-05
-1.19072e-07
-3.62564e-08
1.98112e-05
-2.02865e-05
1.94033e-05
1.92512e-05
-8.06601e-05
-0.000711467
-0.000203438
-0.000186421
-0.000389481
0.000749437
-0.00066344
0.00207008
-0.00105388
0.00376854
-0.00157597
0.00583999
-0.00223573
0.00826191
-0.00303147
0.010988
-0.0039532
0.013946
-0.00497953
0.0170349
-0.00607908
0.0201401
-0.00721367
0.0231383
-0.00833867
0.0259025
-0.00941051
0.028335
-0.0103856
0.0303354
-0.0112249
0.0318492
-0.0118957
0.0328228
-0.0123711
0.0332454
-0.0126374
0.033109
-0.0126675
0.0324363
-0.0124695
0.0312611
-0.0120381
0.0296462
-0.0113884
0.0276341
-0.0105403
0.0253077
-0.00952781
0.0227188
-0.00837442
0.019914
-0.00712727
0.0169571
-0.00578974
0.0139251
-7.14828e-05
-4.8231e-05
-4.2461e-05
-7.44185e-05
7.34197e-06
6.98314e-06
0.000557096
0.000151726
0.000424778
0.00503864
0.000445541
0.000791613
0.000158217
4.88208e-05
7.09467e-06
7.23729e-06
3.64853e-05
-3.06177e-05
-0.00440832
0.00260682
0.010992
-0.00086233
-8.20493e-06
-6.60441e-06
0.000255453
-0.000262369
-1.04766e-06
-9.56996e-07
-7.07178e-07
-6.27107e-07
6.76264e-05
-6.84622e-05
-3.7024e-07
6.67942e-05
-3.04963e-07
6.60364e-05
-8.81921e-08
-1.67425e-08
2.07977e-05
-2.12183e-05
2.04419e-05
2.03228e-05
-7.73556e-05
-0.000837586
-0.000189216
-0.000386749
-0.000354878
0.000440818
-0.000607018
0.00162317
-0.000968871
0.00316141
-0.00145332
0.00505755
-0.0020688
0.00729922
-0.0028185
0.00985333
-0.00369602
0.0126625
-0.00468612
0.0156419
-0.00576243
0.0186888
-0.0068904
0.0216901
-0.00802888
0.0245209
-0.00913315
0.0270826
-0.0101599
0.0292705
-0.0110687
0.0310223
-0.0118217
0.0322734
-0.0123874
0.0329954
-0.0127404
0.033182
-0.0128625
0.0328292
-0.0127437
0.0319667
-0.0123813
0.0306392
-0.011782
0.028876
-0.0109714
0.0267515
-0.00997445
0.024319
-0.00883508
0.0216219
-0.00757736
0.0187447
-0.00625662
0.0157733
-2.32692e-05
-1.62737e-05
0.000184266
8.39221e-06
8.07735e-06
0.00104454
0.000171858
0.000476566
0.0066473
0.000521389
0.00131019
0.000179937
0.000325862
8.29947e-06
8.41188e-06
9.03644e-06
-1.91653e-06
-0.00487047
0.00301846
0.0128437
-0.000924847
-9.0874e-06
-5.77791e-06
0.000267912
-0.000274402
-9.33464e-07
-7.85311e-07
-5.87767e-07
-4.72189e-07
7.04375e-05
-7.11618e-05
-3.23638e-07
6.97387e-05
-2.58009e-07
6.90912e-05
-5.89421e-08
2.10163e-09
2.1628e-05
-2.19983e-05
2.13232e-05
2.1235e-05
-8.3103e-05
-0.000943729
-0.000179973
-0.000561684
-0.00032495
0.000158718
-0.000553756
0.00120802
-0.000884644
0.00259272
-0.00132938
0.00431811
-0.00189911
0.00637983
-0.00259891
0.00875621
-0.0034273
0.0114036
-0.00437377
0.0142532
-0.00541713
0.0172156
-0.00652711
0.0201883
-0.00766608
0.0230538
-0.00879236
0.025715
-0.00986044
0.0280622
-0.0108276
0.0300282
-0.0116545
0.0315406
-0.0123046
0.0325596
-0.0127469
0.0330664
-0.0129574
0.0330429
-0.0129218
0.0325073
-0.0126304
0.0314877
-0.0121026
0.0300074
-0.0113385
0.0281157
-0.0103895
0.0258735
-0.00928058
0.0233252
-0.0080538
0.0205418
-0.00672244
0.017625
6.50185e-06
1.46051e-05
0.000479125
9.39645e-06
9.23518e-06
0.00159208
0.000194617
0.000581926
0.00838849
0.000695159
0.00190433
0.000209057
0.000640027
9.47679e-06
9.5484e-06
-2.3017e-05
3.13398e-05
-0.00533792
0.00348518
0.0146962
-0.000981107
-1.86076e-05
-8.28896e-06
0.000279339
-0.000286786
-1.0007e-06
-6.47846e-07
-5.27341e-07
-3.12763e-07
7.27791e-05
-7.34298e-05
-2.83027e-07
7.22082e-05
-2.14053e-07
7.16542e-05
-3.27587e-08
2.05209e-08
2.23128e-05
-2.26364e-05
2.2055e-05
2.19962e-05
-0.000100079
-0.0010237
-0.000168682
-0.000718022
-0.000293244
-0.000101843
-0.000499691
0.00082304
-0.000799405
0.00206273
-0.00120517
0.00362416
-0.00172828
0.00550918
-0.0023767
0.00770561
-0.00315231
0.0101822
-0.00404885
0.012885
-0.00505041
0.0157389
-0.00613191
0.0186541
-0.00726009
0.0215215
-0.00839376
0.0242484
-0.00949116
0.0267257
-0.010507
0.0288807
-0.0113988
0.0306347
-0.012126
0.0319387
-0.0126528
0.0327617
-0.0129534
0.0330746
-0.0130041
0.0328811
-0.0127995
0.0321846
-0.01234
0.031009
-0.0116528
0.0293791
-0.0107568
0.0273498
-0.00970203
0.0249734
-0.0084969
0.0223161
-0.00718784
0.0194748
4.07456e-05
4.99889e-05
0.000813866
1.0319e-05
1.04215e-05
0.00224192
0.00024421
0.000848729
0.0100785
0.000946272
0.00262013
0.000316882
0.00100143
1.10321e-05
1.03969e-05
-5.95373e-05
6.90078e-05
-0.00583395
0.00383071
-0.0010055
-4.68088e-05
-2.89122e-05
0.000293721
-0.000307489
-3.50554e-06
-1.35159e-06
-1.04571e-06
-3.08883e-07
7.47639e-05
-7.54958e-05
-2.69964e-07
7.42943e-05
-1.78242e-07
7.37797e-05
-1.20357e-08
3.72555e-08
2.28622e-05
-2.31452e-05
2.26485e-05
2.26158e-05
-9.9425e-05
-0.00109297
-0.000145614
-0.000865667
-0.000258372
-0.000343182
-0.000444235
0.000467849
-0.000714591
0.00157213
-0.00108225
0.00297813
-0.00155935
0.00469182
-0.00215558
0.00670888
-0.00287554
0.00900886
-0.0037175
0.0115521
-0.00467001
0.014277
-0.00571343
0.0171075
-0.00681788
0.0199457
-0.00794756
0.0227048
-0.00906362
0.0252823
-0.0101121
0.0275941
-0.0110574
0.0295661
-0.0118541
0.03114
-0.0124625
0.0322708
-0.0128487
0.0329192
-0.012986
0.0330678
-0.0128664
0.0327112
-0.0125029
0.0318593
-0.0118955
0.0305179
-0.0110837
0.0287315
-0.0100661
0.0265424
-0.00892445
0.0240525
-0.00771864
7.93237e-05
8.97439e-05
0.00122078
1.17212e-05
1.30431e-05
0.00298958
0.000479156
0.00103442
0.000838985
0.00334138
0.000594341
0.00149655
2.5598e-05
1.54224e-05
-0.000100141
0.000111156
-0.00102715
-2.84821e-05
-4.93176e-05
0.000319834
-0.000326222
-2.28885e-05
-1.75481e-05
-1.15205e-05
-5.05196e-06
7.77375e-05
-8.03181e-05
-9.29804e-07
7.67593e-05
-3.74973e-07
7.58158e-05
-1.02738e-07
1.07244e-08
2.32979e-05
-2.35681e-05
2.31199e-05
2.31079e-05
-7.00724e-05
-0.00116856
-0.000119584
-0.0010045
-0.000222713
-0.000564736
-0.00038934
0.000142581
-0.00063166
0.00112152
-0.000962618
0.00238139
-0.00139461
0.00393085
-0.00193852
0.00577185
-0.00260184
0.00789319
-0.00338527
0.0102673
-0.00428277
0.0128463
-0.00527884
0.0155684
-0.00634981
0.0183479
-0.00746232
0.0211035
-0.00857687
0.023747
-0.00965119
0.0261879
-0.0106401
0.0283521
-0.011496
0.0301736
-0.0121791
0.0316013
-0.0126505
0.0325838
-0.0128838
0.0330853
-0.0128686
0.0330769
-0.0125967
0.0325605
-0.0120878
0.031522
-0.0113387
0.030004
-0.0104324
0.0280503
-0.00938669
0.000122866
0.0001359
0.00180646
5.53395e-05
0.000113801
0.00382144
0.000554286
0.000405546
0.00206885
0.000164495
0.000167371
-0.000151323
0.000176893
-0.00107057
-7.83159e-06
-1.88422e-05
0.000336653
-0.000349083
-5.09146e-06
-1.09688e-05
-1.48968e-05
-2.3991e-05
9.4068e-05
-9.91157e-05
-1.78444e-05
8.91451e-05
-1.26281e-05
8.33708e-05
-5.74922e-06
-2.00094e-06
2.40354e-05
-2.49666e-05
2.36603e-05
2.35574e-05
-4.61471e-05
-0.001242
-9.54906e-05
-0.00113173
-0.000188247
-0.000765839
-0.000336406
-0.000152684
-0.000551948
0.000710848
-0.000847538
0.00183432
-0.00123587
0.0032282
-0.00172846
0.00489847
-0.00233424
0.00684217
-0.00305747
0.00904202
-0.00389589
0.0114634
-0.00483833
0.014057
-0.0058651
0.0167507
-0.00694867
0.0194753
-0.00805303
0.0221489
-0.00913737
0.0246852
-0.0101555
0.0270116
-0.011062
0.0290565
-0.0118065
0.0307574
-0.0123632
0.0320632
-0.0126924
0.0329093
-0.0127718
0.033252
-0.0126029
0.0330756
-0.0121777
0.0323609
-0.0115818
0.0311533
-0.0107438
0.000232215
0.000345985
0.00243252
0.00012952
6.10466e-05
-7.41179e-06
2.42475e-05
-0.000418354
0.000520341
6.24514e-05
9.49816e-05
-0.00110763
-2.29937e-06
-6.80241e-06
0.000362159
-0.00036758
-5.5929e-07
-1.85608e-06
-1.54645e-06
-4.22112e-06
0.000117071
-0.000119255
-2.90947e-06
0.000111528
-5.42657e-06
0.000106301
-9.6707e-06
-1.68072e-05
4.53468e-05
-5.12807e-05
-1.19136e-05
3.27177e-05
2.69676e-05
-3.02078e-05
-0.00130732
-7.46112e-05
-0.0012454
-0.00015619
-0.000946071
-0.000286265
-0.000418374
-0.000476111
0.000339419
-0.000737891
0.00133634
-0.00108407
0.00258381
-0.00152692
0.00409116
-0.00207631
0.00586101
-0.00273868
0.00788483
-0.00351456
0.0101396
-0.00439764
0.0125895
-0.00537363
0.0151757
-0.00641806
0.0178403
-0.00750008
0.0205116
-0.00858085
0.0231106
-0.00961609
0.0255658
-0.0105606
0.0278106
-0.0113712
0.0297654
-0.011995
0.0313658
-0.0124094
0.0325469
-0.0125922
0.0332412
-0.0125305
0.0334282
-0.0122765
0.0330555
-0.0116745
0.000614311
3.55321e-05
0.000661983
1.3366e-05
-0.000696863
-2.9421e-05
-1.06361e-05
-9.49816e-05
0.000157421
-0.00113456
-4.8217e-07
-2.80163e-06
0.000373487
-0.000375307
-6.51274e-09
-4.73685e-07
-7.99199e-08
-8.14174e-07
0.000124137
-0.000124283
-4.12304e-07
0.000122884
-6.04179e-07
0.000121997
-6.59789e-07
-1.47961e-06
7.2362e-05
-7.46674e-05
-6.06574e-07
6.81086e-05
-1.17428e-06
6.12864e-05
-2.84972e-06
-6.80235e-06
-1.19137e-05
-1.92286e-05
-0.0013627
-5.67243e-05
-0.00134487
-0.000126675
-0.00110566
-0.000238998
-0.00065549
-0.000404153
5.67978e-06
-0.000633592
0.000885873
-0.000939774
0.00199667
-0.00133474
0.00334961
-0.00182941
0.00495176
-0.00243165
0.00680193
-0.00314484
0.00888682
-0.00396574
0.0111816
-0.00488443
0.0136421
-0.00588129
0.0162215
-0.00692972
0.0188605
-0.00799465
0.0214892
-0.00903575
0.024041
-0.0100063
0.0264457
-0.01086
0.0286304
-0.0115591
0.0305155
-0.0120613
0.032016
-0.0123447
0.0330554
-0.01243
0.0335817
-0.0121154
0.000192949
0.000206313
-0.000195677
-0.00115338
5.06081e-07
-9.2259e-07
0.000378208
-0.000378783
1.69343e-07
-7.87337e-08
2.14238e-07
-1.13936e-07
0.000125552
-0.000125448
-1.09083e-07
0.000125178
-9.98007e-08
0.000125024
7.47967e-08
-7.33978e-08
7.70437e-05
-7.73649e-05
-9.21475e-08
7.65224e-05
-8.32116e-08
7.59588e-05
-9.71196e-08
-1.88839e-07
2.27407e-05
-2.33481e-05
2.15661e-05
1.87161e-05
-1.10396e-05
-0.00140841
-4.10687e-05
-0.0014305
-9.92499e-05
-0.00124542
-0.000194173
-0.000865468
-0.000335556
-0.000292351
-0.000534398
0.000480506
-0.000802788
0.00146474
-0.00115281
0.00267301
-0.00159551
0.00411563
-0.00213968
0.00579679
-0.00279046
0.00771157
-0.00354799
0.00984524
-0.00440531
0.0121661
-0.00534827
0.0146402
-0.00635477
0.0172207
-0.00739331
0.0198468
-0.00842645
0.0224612
-0.0094104
0.0249961
-0.0103019
0.0273732
-0.0110546
0.0295088
-0.0116411
0.0313123
-0.0120545
0.0326799
-0.0120291
-0.00116593
1.2381e-06
2.71584e-07
0.000380235
-0.000380149
2.89056e-07
1.30528e-07
3.62748e-07
1.66841e-07
0.000125816
-0.000125639
-6.65961e-09
0.000125701
3.62702e-08
0.000125706
2.10227e-07
1.44277e-07
7.75546e-05
-7.76326e-05
-3.12993e-08
7.74542e-05
1.32294e-09
7.74972e-05
3.19762e-08
5.88648e-08
2.37178e-05
-2.38102e-05
2.36344e-05
2.35369e-05
-4.39271e-06
-0.00144508
-2.69132e-05
-0.00150283
-7.32884e-05
-0.00136631
-0.000151173
-0.00104985
-0.000269792
-0.000556952
-0.000440022
0.000117752
-0.000673405
0.000985352
-0.000981655
0.00205918
-0.00137572
0.0033517
-0.00186491
0.00487128
-0.00245555
0.0066192
-0.00314988
0.0085899
-0.00394472
0.0107627
-0.00482937
0.0131148
-0.00578561
0.015613
-0.00678826
0.0182086
-0.00780231
0.0208531
-0.00879204
0.0234862
-0.00970219
0.0260208
-0.0105102
0.028378
-0.0111737
0.0304314
-0.0114392
-0.00117337
1.87347e-06
1.16996e-06
0.000380685
-0.000380114
3.90079e-07
2.78196e-07
4.69942e-07
3.38844e-07
0.000125587
-0.000125356
5.87899e-08
0.000125603
1.14185e-07
0.000125695
2.71549e-07
2.21927e-07
7.74136e-05
-7.7414e-05
-7.11229e-09
7.74252e-05
2.50988e-08
7.75794e-05
5.64249e-08
9.11232e-08
2.3718e-05
-2.37492e-05
2.37194e-05
2.37513e-05
1.38057e-06
-0.00147339
-1.35626e-05
-0.00156258
-4.80743e-05
-0.00146941
-0.000109435
-0.0012102
-0.000206792
-0.000790172
-0.000350652
-0.000204986
-0.000552121
0.000555841
-0.000822406
0.0015059
-0.00117205
0.00265888
-0.00161021
0.00402599
-0.00214411
0.00561352
-0.00277742
0.00742271
-0.00350929
0.00944276
-0.00433266
0.011662
-0.00523426
0.0140591
-0.00619212
0.0165985
-0.00718016
0.0192412
-0.00814805
0.0219321
-0.00908654
0.024597
-0.00992007
0.0271243
-0.0104297
-0.00117641
2.48107e-06
1.94067e-06
0.000379968
-0.000378977
4.84401e-07
4.00551e-07
5.60655e-07
4.65561e-07
0.000125023
-0.000124743
1.1133e-07
0.00012513
1.71556e-07
0.000125287
3.13267e-07
2.70042e-07
7.70147e-05
-7.69656e-05
9.0712e-09
7.7089e-05
3.99012e-08
7.72925e-05
6.78904e-08
1.00229e-07
2.35764e-05
-2.35836e-05
2.36016e-05
2.3658e-05
6.9246e-06
-0.00149387
-3.79684e-07
-0.00161027
-2.32315e-05
-0.00155561
-6.89724e-05
-0.00134802
-0.000146899
-0.000993916
-0.000267173
-0.000489919
-0.000440398
0.000173859
-0.000676976
0.00101087
-0.000986685
0.00203547
-0.00137858
0.00326063
-0.00185975
0.00469604
-0.00243479
0.00634835
-0.00310513
0.00821527
-0.00386669
0.0102944
-0.00470922
0.0125762
-0.00561655
0.0150349
-0.00655793
0.0176511
-0.00752337
0.0203689
-0.00842813
0.0231051
-0.00911824
-0.00117529
3.1231e-06
2.67887e-06
0.000378261
-0.000376871
5.78068e-07
5.14117e-07
6.5081e-07
5.75126e-07
0.000124184
-0.000123857
1.5837e-07
0.000124367
2.19036e-07
0.000124581
3.48129e-07
3.04032e-07
7.64429e-05
-7.63533e-05
2.19815e-08
7.65633e-05
5.1638e-08
7.68008e-05
7.59345e-08
1.05164e-07
2.33758e-05
-2.33668e-05
2.34156e-05
2.34834e-05
1.2512e-05
-0.00150678
1.29301e-05
-0.00164645
1.227e-06
-0.00162581
-3.04591e-05
-0.00146445
-9.13547e-05
-0.00116972
-0.000191401
-0.000738896
-0.000340514
-0.000162553
-0.000548072
0.00057235
-0.0008231
0.00148011
-0.00117366
0.00257472
-0.00160678
0.00386823
-0.00212771
0.00537112
-0.00273887
0.00708767
-0.00343847
0.00902387
-0.00422024
0.01118
-0.00506921
0.0135462
-0.00597532
0.0161031
-0.00686199
0.0188028
-0.00765747
-0.00117006
3.83574e-06
3.45197e-06
0.000375622
-0.000373811
6.83568e-07
6.31173e-07
7.46111e-07
6.85642e-07
0.000123097
-0.000122721
2.03658e-07
0.000123346
2.65292e-07
0.000123617
3.8048e-07
3.36155e-07
7.57318e-05
-7.56063e-05
3.32348e-08
7.5891e-05
6.07681e-08
7.61575e-05
8.223e-08
1.08483e-07
2.31341e-05
-2.31119e-05
2.31857e-05
2.32616e-05
1.83279e-05
-0.00151217
2.63106e-05
-0.00167153
2.46571e-05
-0.00168093
5.0799e-06
-0.00156088
-4.19278e-05
-0.00131919
-0.000125774
-0.000953615
-0.000255461
-0.000455094
-0.000439235
0.000188658
-0.000684934
0.000991629
-0.000999676
0.00196785
-0.00139003
0.00313078
-0.0018611
0.00449351
-0.00241687
0.00606606
-0.00305523
0.00785876
-0.00377229
0.00988304
-0.00456619
0.012137
-0.00537385
0.0146149
-0.00619952
-0.00116068
4.64713e-06
4.29943e-06
0.000372017
-0.000369742
8.0618e-07
7.59261e-07
8.55852e-07
8.04483e-07
0.000121758
-0.000121326
2.5347e-07
0.000122077
3.12337e-07
0.000122406
4.17797e-07
3.7101e-07
7.48936e-05
-7.47342e-05
4.40084e-08
7.50899e-05
6.95799e-08
7.53819e-05
8.89319e-08
1.11962e-07
2.28601e-05
-2.28266e-05
2.2921e-05
2.30034e-05
2.4459e-05
-0.00151033
3.93022e-05
-0.00168618
4.61488e-05
-0.00172199
3.58282e-05
-0.00163863
-9.88407e-07
-0.00144394
-7.32111e-05
-0.00113579
-0.00018859
-0.000705629
-0.000354172
-0.000141941
-0.000576195
0.000568386
-0.00086089
0.00143896
-0.00121373
0.00248359
-0.00163963
0.00371643
-0.00214201
0.00515306
-0.00272133
0.00680797
-0.00337989
0.00869679
-0.00407571
0.0108389
-0.00486414
-0.00114699
5.54234e-06
5.22886e-06
0.000367366
-0.00036457
9.49219e-07
9.07528e-07
9.88572e-07
9.37596e-07
0.000120141
-0.000119642
3.09817e-07
0.000120536
3.65403e-07
0.000120934
4.59826e-07
4.12545e-07
7.39241e-05
-7.37259e-05
5.55055e-08
7.41571e-05
7.95963e-08
7.44794e-05
9.56253e-08
1.1614e-07
2.25559e-05
-2.25119e-05
2.26256e-05
2.27146e-05
3.04802e-05
-0.00150151
5.11731e-05
-0.00169121
6.42208e-05
-0.0017504
5.99707e-05
-0.00169959
2.90397e-05
-0.00154617
-3.64891e-05
-0.00128781
-0.000143053
-0.000916555
-0.000295962
-0.000421892
-0.000500183
0.000207971
-0.000760476
0.000985949
-0.00108137
0.0019255
-0.00146706
0.00304151
-0.00192047
0.00435209
-0.0024465
0.00587444
-0.00302038
0.0076414
-0.00372919
-0.00112916
6.46109e-06
6.19312e-06
0.000361573
-0.000358213
1.1106e-06
1.07525e-06
1.14135e-06
1.09238e-06
0.000118208
-0.000117632
3.75938e-07
0.000118688
4.2855e-07
0.000119165
5.13455e-07
4.61923e-07
7.28045e-05
-7.25626e-05
6.88066e-08
7.30801e-05
9.08779e-08
7.34353e-05
1.05197e-07
1.22157e-07
2.22205e-05
-2.21649e-05
2.23001e-05
2.23957e-05
3.59759e-05
-0.0014863
6.08166e-05
-0.00168781
7.75162e-05
-0.00176793
7.56428e-05
-0.00174615
4.61305e-05
-0.0016287
-1.78006e-05
-0.00141294
-0.000120878
-0.00109152
-0.000266743
-0.000655191
-0.000458692
-9.36219e-05
-0.000700072
0.000604828
-0.000994554
0.00145309
-0.00134495
0.002466
-0.00175518
0.00366075
-0.00221814
0.00507218
-0.00282686
-0.00110755
7.28272e-06
7.09227e-06
0.000354584
-0.000350644
1.27783e-06
1.24919e-06
1.30402e-06
1.26174e-06
0.00011592
-0.000115258
4.49464e-07
0.000116496
5.00834e-07
0.000117062
5.76954e-07
5.22835e-07
7.1508e-05
-7.1215e-05
8.35831e-08
7.18333e-05
1.04834e-07
7.22312e-05
1.16665e-07
1.31043e-07
2.18464e-05
-2.17771e-05
2.19375e-05
2.20428e-05
4.02904e-05
-0.00146579
6.73573e-05
-0.00167767
8.46887e-05
-0.00177697
8.12334e-05
-0.00178121
4.85462e-05
-0.00169497
-1.84664e-05
-0.0015152
-0.00012279
-0.0012352
-0.000266359
-0.000847212
-0.000450937
-0.000342544
-0.000678576
0.000288926
-0.0009517
0.00105979
-0.00127234
0.00198302
-0.00164312
0.0030856
-0.00214541
-0.00108286
7.83239e-06
7.7773e-06
0.000346433
-0.000341979
1.42569e-06
1.40832e-06
1.45918e-06
1.42448e-06
0.000113256
-0.000112502
5.26069e-07
0.000113928
5.7839e-07
0.000114586
6.46424e-07
5.90813e-07
7.00072e-05
-6.96586e-05
1.00977e-07
7.03882e-05
1.20858e-07
7.08346e-05
1.31377e-07
1.42694e-07
2.1424e-05
-2.13399e-05
2.15291e-05
2.16461e-05
4.2638e-05
-0.00144104
7.00672e-05
-0.00166298
8.48374e-05
-0.0017805
7.57557e-05
-0.00180834
3.58689e-05
-0.00174919
-3.81996e-05
-0.00159966
-0.000147608
-0.0013539
-0.000292662
-0.00100548
-0.000473595
-0.0005475
-0.000691524
2.86997e-05
-0.000947515
0.000734781
-0.00124591
0.00158563
-0.00164851
-0.00105588
7.64903e-06
7.99978e-06
0.000337321
-0.000332489
1.49609e-06
1.50877e-06
1.5722e-06
1.54882e-06
0.000110226
-0.000109393
5.95496e-07
0.000110986
6.49062e-07
0.000111735
7.11971e-07
6.57761e-07
6.82837e-05
-6.78764e-05
1.19424e-07
6.87244e-05
1.38203e-07
6.9224e-05
1.47215e-07
1.56288e-07
2.09446e-05
-2.08434e-05
2.10657e-05
2.11972e-05
4.313e-05
-0.00141413
6.85688e-05
-0.00164673
7.71224e-05
-0.00178183
5.89153e-05
-0.00183131
8.65187e-06
-0.00179595
-7.52043e-05
-0.00167192
-0.000191971
-0.00145433
-0.000340387
-0.00113845
-0.000519816
-0.000719188
-0.000730164
-0.00018885
-0.000974603
0.000463259
-0.00129048
-0.00102746
7.39047e-06
7.35716e-06
0.00032754
-0.000322233
1.04609e-06
1.29591e-06
1.49602e-06
1.55549e-06
0.000106916
-0.000106036
6.1649e-07
0.000107737
6.88501e-07
0.000108553
7.58056e-07
7.08731e-07
6.6343e-05
-6.58831e-05
1.3629e-07
6.68385e-05
1.54642e-07
6.73885e-05
1.6271e-07
1.70025e-07
2.04015e-05
-2.02819e-05
2.05398e-05
2.06871e-05
4.20685e-05
-0.00138752
6.21966e-05
-0.00163167
6.14751e-05
-0.0017843
3.13094e-05
-0.0018539
-3.13735e-05
-0.00183969
-0.000126178
-0.00173764
-0.000250779
-0.00154403
-0.000402594
-0.0012559
-0.000579919
-0.000869704
-0.000783613
-0.000380064
-0.00102728
-0.00100019
7.44562e-06
7.36154e-06
0.000318158
-0.000312546
1.7777e-06
2.31446e-06
9.65432e-07
0.000103372
-0.000102301
-2.64319e-08
0.000104283
3.85174e-07
0.000105151
6.27639e-07
6.71241e-07
6.42433e-05
-6.37673e-05
1.40843e-07
6.47694e-05
1.63396e-07
6.53546e-05
1.73613e-07
1.80524e-07
1.97941e-05
-1.96574e-05
1.9949e-05
2.01118e-05
3.85486e-05
-0.0013639
5.05962e-05
-0.00162082
3.81291e-05
-0.0017911
-5.37924e-06
-0.00187983
-8.10531e-05
-0.00188475
-0.000186237
-0.00180209
-0.000316838
-0.00162967
-0.000469453
-0.00136641
-0.000642483
-0.001011
-0.000836001
-0.000975936
7.0615e-06
7.29644e-06
0.000307535
-0.000302784
2.70438e-06
2.35188e-06
9.55311e-05
-0.000160748
1.31338e-07
6.67308e-05
1.31308e-07
0.000100634
-2.79044e-06
-7.01726e-07
6.24647e-05
-6.24761e-05
-1.58092e-08
6.27709e-05
7.8878e-08
6.32637e-05
1.35119e-07
1.67631e-07
1.91395e-05
-1.89983e-05
1.93031e-05
1.94769e-05
3.21901e-05
-0.00134534
3.41369e-05
-0.00161668
8.5468e-06
-0.00180495
-4.88887e-05
-0.00191195
-0.000136456
-0.00193447
-0.000249258
-0.00186969
-0.000382277
-0.00171705
-0.000531424
-0.00147769
-0.000690664
-0.000956165
5.97951e-06
6.44355e-06
0.000298248
-0.000293924
2.75662e-06
2.76301e-06
0.000158671
-0.000156237
1.36271e-07
1.39109e-07
1.3971e-07
1.35335e-07
1.77412e-05
-1.76105e-05
6.31732e-05
7.66005e-07
1.78721e-05
-5.03281e-09
1.86166e-05
-1.86328e-05
1.86955e-05
1.88307e-05
2.29661e-05
-0.00133425
1.33727e-05
-0.00162158
-2.58892e-05
-0.00182795
-9.60324e-05
-0.00195234
-0.000192504
-0.0019912
-0.000308798
-0.00194323
-0.000438687
-0.00180989
-0.000573342
-0.000942459
4.35156e-06
4.99219e-06
0.000290006
-0.000286396
2.39211e-06
2.53108e-06
0.000153771
-0.000151287
1.40155e-07
1.44273e-07
1.48464e-07
1.4936e-07
1.71961e-05
-1.70595e-05
1.73353e-05
-1.74706e-05
1.86378e-05
1.15072e-05
-0.00133219
-1.04784e-05
-0.00163682
-6.28737e-05
-0.00186104
-0.000143177
-0.00200164
-0.000244187
-0.00205584
-0.000358035
-0.00202394
-0.000474184
-0.000936343
2.29332e-06
3.08327e-06
0.000283396
-0.000280807
1.78947e-06
1.99751e-06
0.000149029
-0.000146873
1.21054e-07
1.28148e-07
1.37886e-07
1.35803e-07
1.66165e-05
-1.64758e-05
1.67612e-05
-1.69106e-05
-1.9803e-06
-0.00134082
-3.63936e-05
-0.00166342
-0.000100015
-0.00190422
-0.000186299
-0.00205954
-0.000286015
-0.00212789
-0.000387557
-0.000938981
-9.55557e-08
8.35103e-07
0.000278992
-0.000277689
1.01808e-06
1.2766e-06
0.000145093
-0.000143475
8.97348e-08
9.97709e-08
1.11269e-07
1.06524e-07
1.60729e-05
-1.59515e-05
1.62016e-05
-1.63374e-05
-1.66825e-05
-0.00136033
-6.27551e-05
-0.0017005
-0.000134321
-0.00195616
-0.000221069
-0.00212451
-0.000310431
-0.000951257
-2.77273e-06
-1.6828e-06
0.000277268
-0.000277459
1.1755e-07
4.18688e-07
0.00014234
-0.000141416
4.91645e-08
6.27881e-08
7.56848e-08
6.76789e-08
1.56329e-05
-1.55423e-05
1.57332e-05
-1.58397e-05
-3.23234e-05
-0.00139092
-8.82823e-05
-0.00174668
-0.000162544
-0.00201475
-0.000241028
-0.000973369
-5.75172e-06
-4.44071e-06
0.000278591
-0.000280452
-8.97463e-07
-5.4721e-07
0.000141052
-0.000140943
2.83728e-09
1.92742e-08
3.37583e-08
2.22836e-08
1.53344e-05
-1.52846e-05
1.53981e-05
-1.54657e-05
-4.85791e-05
-0.00143058
-0.000110369
-0.00179885
-0.000178777
-0.00100506
-9.34468e-06
-7.62308e-06
0.000283267
-0.000286957
-2.06019e-06
-1.62624e-06
0.000141448
-0.000142259
-4.97488e-08
-2.98704e-08
-1.35234e-08
-2.89437e-08
1.52084e-05
-1.5206e-05
1.52281e-05
-1.52504e-05
-6.44637e-05
-0.00147659
-0.000123412
-0.00104402
-1.39507e-05
-1.16328e-05
0.000291672
-0.000297506
-3.51856e-06
-2.90896e-06
0.000143737
-0.000145601
-1.09923e-07
-8.60532e-08
-6.61193e-08
-8.51258e-08
1.52781e-05
-1.53298e-05
1.52484e-05
-1.52194e-05
-7.47055e-05
-1.8124e-05
-1.55858e-05
0.000304487
-0.00031279
-5.68787e-06
-4.65894e-06
0.000148233
-0.000151415
-1.8607e-07
-1.56447e-07
-1.28611e-07
-1.52256e-07
1.55688e-05
-1.56817e-05
1.54819e-05
-1.53968e-05
0.000321054
-9.61411e-06
-7.33329e-06
0.000155617
-0.000160731
-3.26569e-07
-2.69215e-07
-2.14606e-07
-2.49089e-07
1.6121e-05
-1.63106e-05
1.59636e-05
-1.58113e-05
0.000167033
-1.57235e-06
-1.01982e-06
-4.2869e-07
-6.10751e-07
1.70476e-05
-1.73801e-05
1.67763e-05
-1.65273e-05
1.94451e-05
1.84224e-05
-1.78116e-05
)
;

boundaryField
{
    inlet
    {
        type            calculated;
        value           nonuniform 0();
    }
    outlet
    {
        type            calculated;
        value           nonuniform List<scalar> 
55
(
-0.00108505
-0.00152533
-0.00185425
-0.00207701
-0.00219392
-0.00220503
-0.00211059
-0.00190907
-0.00159506
-0.00115641
-0.000571427
0.000199981
0.00122753
0.00258863
0.0043907
0.00673905
0.0097039
0.0132795
0.0173448
0.0216443
0.0258128
0.0294218
0.03209
0.0334953
0.0334964
0.0320839
0.0294074
0.0257206
0.0213594
0.0166993
0.0120357
0.00599195
0.0092479
0.0121446
0.0144599
0.015979
0.0165286
0.0160591
0.0146459
0.0124843
0.00981612
0.0069059
0.00396581
0.00117969
-2.10213e-05
-0.000174076
-0.000329595
0.00425486
0.00282122
0.000718867
0.0001282
0.000323243
0.00172949
0.000166254
0.000545876
)
;
    }
    wall
    {
        type            calculated;
        value           uniform 0;
    }
    front
    {
        type            empty;
        value           nonuniform 0();
    }
    back
    {
        type            empty;
        value           nonuniform 0();
    }
    vanem
    {
        type            calculated;
        value           uniform 0;
    }
    vaneu
    {
        type            calculated;
        value           uniform 0;
    }
    vanel
    {
        type            calculated;
        value           nonuniform 0();
    }
    procBoundary3to2
    {
        type            processor;
        value           nonuniform List<scalar> 
58
(
-0.00131518
-0.00333287
-0.00619276
-0.00976235
-0.0138054
-0.0179865
-0.0219234
-0.0252679
-0.0277897
-0.0294068
-0.0301317
-0.0299927
-0.0289657
-0.0270324
-0.0242496
-0.0207987
-0.0169965
-0.0131772
-0.00962604
-0.0065221
-0.00393952
-0.00187937
-0.000298648
0.000859453
0.00164946
0.00211756
0.00229772
0.00221583
0.00188723
0.00131768
-0.00658279
-0.00951793
-0.0121407
-0.0142118
-0.0155282
-0.0159559
-0.0154711
-0.0141333
-0.0121324
-0.00966052
-0.00692964
-0.0041226
-0.00134353
-8.43155e-06
-1.2039e-05
0.000358363
1.47609e-06
-8.76879e-06
-0.00142988
-0.000227735
-2.34739e-06
2.55939e-05
-0.000446711
-0.00218267
-4.08825e-05
-7.62737e-05
8.66647e-05
-0.00026094
)
;
    }
}


// ************************************************************************* //
