/*--------------------------------*- C++ -*----------------------------------*\
| =========                 |                                                 |
| \\      /  F ield         | OpenFOAM: The Open Source CFD Toolbox           |
|  \\    /   O peration     | Version:  v1912                                 |
|   \\  /    A nd           | Website:  www.openfoam.com                      |
|    \\/     M anipulation  |                                                 |
\*---------------------------------------------------------------------------*/
FoamFile
{
    version     2.0;
    format      ascii;
    class       surfaceScalarField;
    location    "410";
    object      phi;
}
// * * * * * * * * * * * * * * * * * * * * * * * * * * * * * * * * * * * * * //

dimensions      [0 3 -1 0 0 0 0];
oriented        oriented;


internalField   nonuniform List<scalar> 
7194
(
-1.8035e-06
0.0013212
0.00396612
-1.95404e-06
0.00132316
-9.0778e-06
0.00397324
-2.10622e-06
0.00132526
-2.41749e-05
0.00658323
-9.46318e-06
0.0039806
-2.10964e-06
0.00132737
-4.48132e-05
0.00906603
-2.40422e-05
0.00659781
-9.466e-06
0.00398796
-1.99079e-06
0.00132937
-7.508e-05
0.0113096
-4.80841e-05
0.00909008
-2.35633e-05
0.0066119
-9.34011e-06
0.00399531
-2.0332e-06
0.0013314
-0.000115846
0.0131768
-7.91149e-05
0.0113406
-4.53733e-05
0.00911189
-2.41793e-05
0.00662674
-9.72471e-06
0.004003
-1.71684e-06
0.00133312
-0.000162284
0.0145398
-0.000119518
0.0132172
-7.90074e-05
0.0113743
-4.63586e-05
0.00913407
-2.17576e-05
0.00663878
-8.08175e-06
0.00400936
-1.59314e-06
0.00133471
-0.00020856
0.0152863
-0.000165211
0.0145855
-0.000117865
0.0132561
-7.33234e-05
0.0114012
-4.14293e-05
0.00915374
-1.95594e-05
0.00665025
-7.26219e-06
0.00401503
-1.48964e-06
0.0013362
-0.000249874
0.0153464
-0.000214741
0.0153358
-0.000162551
0.0146302
-0.000112564
0.0132953
-7.07215e-05
0.0114305
-3.7786e-05
0.00917197
-1.82217e-05
0.00666121
-6.63962e-06
0.00402018
-1.16366e-06
0.00133736
-0.000280284
0.0146857
-0.000258815
0.0153904
-0.000211733
0.015385
-0.000156043
0.0146737
-0.00010104
0.0133256
-6.1745e-05
0.0114545
-3.35525e-05
0.0091873
-1.55273e-05
0.0066701
-4.56793e-06
0.00402359
-1.1779e-06
0.00133854
-0.00029372
0.0133395
-0.000301223
0.0147281
-0.000258752
0.0154375
-0.00019806
0.015427
-0.000137173
0.0147098
-9.21415e-05
0.013356
-5.43186e-05
0.0114753
-2.99351e-05
0.0092017
-1.41735e-05
0.00667971
-5.19557e-06
0.0040276
-8.4522e-07
0.00133939
-0.000286867
0.0113913
-0.000331676
0.01337
-0.000297198
0.0147665
-0.000237678
0.0154771
-0.000173708
0.0154636
-0.000122678
0.0147404
-7.85194e-05
0.0133802
-4.75547e-05
0.0114929
-2.56604e-05
0.00921319
-1.08922e-05
0.0066854
-4.57445e-06
0.00403133
-7.50842e-07
0.00134014
-0.000246336
0.00897556
-0.000351618
0.0114112
-0.000327512
0.0134003
-0.000264158
0.014793
-0.000201345
0.0155047
-0.000149496
0.0154904
-0.000102512
0.0147643
-6.5826e-05
0.0133985
-3.94891e-05
0.0115067
-2.14473e-05
0.00922375
-1.13748e-05
0.0066922
-4.16892e-06
0.00403475
-7.87195e-07
0.00134092
-5.07076e-05
0.00624555
-0.000109951
-0.00035824
0.00898218
-0.00034479
0.0114285
-0.000276839
0.013413
-0.0002178
0.0148094
-0.000166868
0.0155221
-0.000119753
0.0155076
-8.42811e-05
0.0147828
-5.80074e-05
0.013417
-3.63533e-05
0.0115216
-2.06464e-05
0.00923302
-1.02428e-05
0.00669828
-4.00809e-06
0.00403797
-7.72014e-07
0.0013417
0.00211958
-0.00213777
-3.25175e-05
-0.000141945
0.00623141
-0.000202156
0.00207353
-6.39087e-05
-0.000350038
0.00898743
-0.00026948
0.0114212
-0.000211924
0.0134071
-0.000167229
0.0148098
-0.0001297
0.015532
-0.000101324
0.0155247
-7.36752e-05
0.0147985
-4.7814e-05
0.0134285
-3.02756e-05
0.0115312
-1.74244e-05
0.0092402
-8.68832e-06
0.00670296
-3.88592e-06
0.00404109
-8.40085e-07
0.00134254
-2.0106e-05
0.00139758
-0.00142253
-9.10107e-07
-6.65402e-06
0.00204284
-0.000111254
-0.000195587
0.00621709
-0.000140131
0.00201501
-0.000174323
0.00135411
-1.55276e-05
-4.91496e-06
-0.000228519
0.00894647
-0.000183991
0.0113932
-0.000154284
0.0133941
-0.000128879
0.014809
-0.000105361
0.0155361
-8.07569e-05
0.0155317
-5.75278e-05
0.0148082
-4.23636e-05
0.0134406
-2.77305e-05
0.0115415
-1.88109e-05
0.00925032
-1.02258e-05
0.0067093
-3.42961e-06
0.00404368
-1.08244e-06
0.00134362
-3.60885e-06
-6.08667e-08
0.000446245
-0.000446387
-7.67723e-07
0.000441348
-1.75651e-06
0.00129956
-1.68798e-05
-3.98185e-05
0.0019912
-0.000171776
-0.000100557
0.00613083
-4.1696e-05
0.00196043
-0.000109365
0.00126529
-8.70166e-05
-5.30325e-05
-0.000439077
0.000429049
-5.49944e-06
-2.64478e-06
-0.000124925
0.00888741
-0.000117254
0.0113562
-0.000107671
0.0133729
-9.61759e-05
0.0147998
-8.0146e-05
0.0155355
-6.39128e-05
0.0155381
-5.21417e-05
0.014818
-3.8445e-05
0.0134513
-2.71101e-05
0.0115498
-1.71635e-05
0.00925726
-1.07641e-05
0.00671663
-4.98797e-06
0.00404758
-1.14327e-06
0.00134476
-0.000448933
-1.06338e-06
-1.88227e-08
0.000261343
-0.000262048
-6.20343e-08
0.000259861
-2.7517e-07
0.000421364
-9.1942e-06
0.000399826
-1.82808e-05
0.00123718
-8.00614e-05
-6.36105e-05
0.00191438
-5.45019e-05
-3.65631e-05
0.00605071
-8.24735e-06
0.00189701
-2.43332e-05
0.00118529
-1.70252e-05
-4.04496e-05
-0.000380014
0.000352982
-5.99847e-05
-3.32205e-05
-0.00025763
0.000252895
-7.63867e-07
-4.13813e-07
-6.7152e-05
0.0088373
-7.47891e-05
0.0113233
-7.62678e-05
0.013353
-7.25465e-05
0.0147922
-6.50104e-05
0.0155366
-5.80181e-05
0.015544
-4.68155e-05
0.0148263
-3.67559e-05
0.0134609
-2.91571e-05
0.0115618
-2.05525e-05
0.00926705
-1.06075e-05
0.00672225
-5.31156e-06
0.00405175
-1.21037e-06
0.00134597
-0.000262997
-1.14155e-07
-4.4894e-08
7.56873e-05
-7.57494e-05
7.54122e-05
0.000245427
-1.72618e-06
0.000230929
-3.7826e-06
0.000331381
-5.84605e-05
0.000311308
-4.35373e-05
0.00114377
-1.04077e-05
-2.57231e-06
0.00187301
-1.25597e-05
-1.53372e-05
0.00599953
-6.31097e-07
0.00187021
-5.44248e-06
0.00112275
-1.75631e-07
-3.14019e-06
-0.000289541
0.000278832
-6.31645e-06
-1.86829e-05
-0.000207442
0.000168764
-2.13066e-05
-9.73418e-06
-7.49984e-05
7.42345e-05
-3.7314e-05
0.00879983
-4.90007e-05
0.011296
-5.43272e-05
0.0133348
-5.46904e-05
0.0147819
-5.41795e-05
0.0155327
-4.90363e-05
0.0155462
-4.31678e-05
0.0148327
-3.80033e-05
0.0134698
-2.95276e-05
0.0115708
-2.03533e-05
0.00927679
-1.36251e-05
0.00673057
-6.15808e-06
0.0040567
-1.53434e-06
0.00134751
-7.58635e-05
7.25083e-05
6.87257e-05
0.000147989
-3.7685e-05
0.000104451
0.000270704
-2.27928e-06
0.000268803
-6.71547e-07
0.00111118
-1.20251e-06
2.16689e-07
0.00185841
-3.54089e-06
-7.89685e-06
0.00596916
9.52444e-07
0.00185879
-1.00712e-06
0.00110583
5.49882e-07
-6.39137e-07
-0.000266038
0.000265956
-9.28973e-08
-3.7516e-07
-8.57686e-05
7.94522e-05
-5.89916e-05
3.7685e-05
-2.20566e-05
0.00877289
-3.35214e-05
0.0112752
-4.06434e-05
0.0133207
-4.67532e-05
0.0147745
-4.76488e-05
0.0155313
-4.67268e-05
0.0155498
-4.59001e-05
0.0148406
-4.06397e-05
0.0134809
-3.25891e-05
0.011583
-2.51026e-05
0.00928827
-1.51167e-05
0.00673952
-6.92579e-06
0.00406209
-1.57244e-06
0.00134908
7.71729e-05
7.65014e-05
0.000264926
-1.73278e-07
0.000265118
2.45815e-08
0.0011024
-3.34795e-07
2.24426e-07
0.00185231
-1.41841e-06
-5.00478e-06
0.00595046
1.64889e-06
0.00185389
-6.28471e-07
0.00110131
4.03294e-07
-3.2355e-07
-0.000264423
0.000264914
5.92669e-08
5.64754e-08
-7.61262e-05
7.60333e-05
-1.4042e-05
0.00875341
-2.49362e-05
0.0112595
-3.2035e-05
0.013306
-3.78021e-05
0.0147646
-4.44428e-05
0.015529
-4.77035e-05
0.0155516
-4.93112e-05
0.0148493
-4.53493e-05
0.0134936
-3.9366e-05
0.0115973
-2.85275e-05
0.00930168
-1.70067e-05
0.00674961
-7.77255e-06
0.00406829
-1.93563e-06
0.00135102
7.586e-05
7.58846e-05
0.000264665
-8.64245e-08
0.000264834
5.56557e-08
0.00109993
-1.88742e-07
1.51724e-07
0.00184954
-6.58268e-07
-3.15084e-06
0.00593861
9.62796e-07
0.00185122
-3.14859e-08
0.0010992
2.6355e-07
-1.61812e-07
-0.00026443
0.0002648
3.29769e-08
8.06174e-08
-7.59411e-05
7.60004e-05
-1.01788e-05
0.00873865
-1.72768e-05
0.0112448
-2.74738e-05
0.0132957
-3.55533e-05
0.0147557
-4.37914e-05
0.0155251
-5.34259e-05
0.0155557
-5.5746e-05
0.0148597
-5.42289e-05
0.0135085
-4.52135e-05
0.011614
-3.4008e-05
0.00931868
-2.04263e-05
0.00676226
-9.34064e-06
0.0040757
-2.03604e-06
0.00135305
7.5914e-05
7.59696e-05
0.00026468
-6.8608e-08
0.000264799
3.265e-08
0.00109864
-1.5232e-07
4.68652e-08
0.00184862
-5.46732e-07
-1.86609e-06
0.00592956
7.37222e-07
0.00184936
2.23248e-07
0.00109846
2.52914e-07
-9.59411e-08
-0.000264572
0.000264825
1.05854e-08
6.57217e-08
-7.60502e-05
7.60832e-05
-7.08112e-06
0.00872845
-1.4302e-05
0.0112316
-2.4995e-05
0.0132851
-3.63513e-05
0.0147483
-4.92195e-05
0.0155209
-5.91056e-05
0.0155591
-6.58541e-05
0.0148713
-6.35014e-05
0.0135268
-5.3383e-05
0.0116334
-3.58921e-05
0.00933415
-2.07586e-05
0.00677368
-8.8817e-06
0.00408254
-1.84784e-06
0.0013549
7.60146e-05
7.60473e-05
0.000264752
-7.96204e-08
0.000264782
1.67928e-08
0.00109796
-8.80734e-08
3.45959e-08
0.00184788
-3.9092e-07
-1.48338e-06
0.0059228
1.15984e-06
0.00184844
1.7918e-07
0.00109813
1.64177e-07
-1.08396e-07
-0.000264615
0.00026486
8.25148e-09
7.10546e-08
-7.6113e-05
7.61236e-05
-5.93753e-06
0.00872009
-1.30253e-05
0.0112196
-2.39981e-05
0.0132728
-4.21209e-05
0.0147412
-6.09101e-05
0.0155227
-7.56608e-05
0.0155689
-7.95333e-05
0.0148874
-7.31836e-05
0.0135466
-5.86999e-05
0.0116562
-4.11115e-05
0.0093545
-2.29075e-05
0.0067877
-8.78794e-06
0.00408948
-1.91791e-06
0.00135682
7.6044e-05
7.60608e-05
0.000264852
-8.04763e-08
0.000264873
1.40456e-08
0.0010978
-2.02755e-08
-4.4618e-08
0.00184717
-2.12909e-07
-1.18036e-06
0.00591707
9.69331e-07
0.00184811
2.24575e-07
0.00109786
1.62494e-07
-4.35153e-08
-0.000264696
0.000264858
2.09102e-09
6.83522e-08
-7.61318e-05
7.61401e-05
-4.11879e-06
0.00871118
-1.27319e-05
0.0112084
-2.84796e-05
0.0132591
-4.73509e-05
0.0147276
-7.08797e-05
0.015518
-8.95225e-05
0.0155789
-9.74278e-05
0.0149116
-8.6918e-05
0.0135748
-6.64392e-05
0.0116815
-4.3408e-05
0.009375
-2.24064e-05
0.00680132
-9.48715e-06
0.00409705
-2.49838e-06
0.00135932
7.60596e-05
7.60736e-05
0.000264918
-8.01439e-08
0.000264865
8.5113e-09
0.00109771
-1.8808e-08
-3.87104e-08
0.00184711
-1.85296e-07
-6.4506e-07
0.00591277
8.25546e-07
0.00184785
2.32928e-07
0.0010978
1.66269e-07
-3.16183e-08
-0.000264724
0.000264881
5.48708e-09
9.71328e-08
-7.6142e-05
7.61441e-05
-5.07099e-06
0.00870352
-1.51419e-05
0.011195
-3.42855e-05
0.0132461
-6.49904e-05
0.0147217
-9.42393e-05
0.0155227
-0.000113058
0.0155945
-0.000113243
0.0149379
-9.73355e-05
0.0136057
-7.14316e-05
0.0117095
-4.46332e-05
0.00939723
-2.27494e-05
0.00681458
-7.72989e-06
0.00410228
-7.22647e-07
0.00136004
7.6064e-05
7.60725e-05
0.000264946
-8.36014e-08
0.000264891
1.62438e-08
0.00109767
-1.15509e-08
-4.88998e-08
0.00184719
1.12875e-08
-3.46237e-07
0.00590762
4.32957e-07
0.00184775
2.6984e-07
0.00109776
1.64823e-07
-2.25513e-08
-0.000264794
0.000264954
6.07114e-09
6.54368e-08
-7.61696e-05
7.61751e-05
-4.35105e-06
0.00869273
-2.03537e-05
0.0111811
-4.81123e-05
0.0132292
-8.47915e-05
0.0147123
-0.00011873
0.0155283
-0.00013683
0.0156181
-0.000130132
0.0149707
-0.000106802
0.0136411
-7.50711e-05
0.01174
-4.20334e-05
0.00941651
-2.13378e-05
0.00682819
-6.7075e-06
0.00410827
-6.53539e-07
0.00136069
7.60915e-05
7.61077e-05
0.000265031
-8.80417e-08
0.000264873
1.08637e-07
0.00109782
-6.89423e-09
-3.87353e-08
0.00184734
5.75388e-08
1.81954e-07
0.00590383
-7.46817e-07
0.00184764
1.32714e-07
0.00109794
1.6905e-07
-1.63028e-08
-0.000264864
0.000265035
-6.54865e-09
-1.34771e-08
-7.61732e-05
7.61793e-05
-7.55198e-06
0.00867993
-2.78051e-05
0.0111608
-6.49633e-05
0.0132094
-0.000113806
0.0147074
-0.00015153
0.015543
-0.000163718
0.0156517
-0.000145041
0.015009
-0.000111086
0.0136771
-7.22823e-05
0.0117702
-4.11087e-05
0.00943629
-1.74312e-05
0.00683892
-6.20133e-06
0.00411381
-4.02697e-07
0.0013611
7.60912e-05
7.61999e-05
0.000265075
-4.65528e-08
0.000264924
1.11976e-07
0.00109803
3.40098e-09
-3.28223e-08
0.00184773
9.56106e-08
1.06076e-06
0.00589626
-1.04211e-06
0.00184684
1.45945e-07
0.001098
1.69933e-07
-1.36486e-08
-0.00026492
0.000265094
-5.35411e-09
-1.1482e-08
-7.61864e-05
7.61798e-05
-1.12087e-05
0.00866333
-4.06584e-05
0.0111365
-9.53976e-05
0.013191
-0.000151895
0.0147077
-0.000188518
0.0155678
-0.000185962
0.0156926
-0.000155132
0.015053
-0.000111103
0.0137159
-6.8204e-05
0.0117973
-3.63976e-05
0.00945525
-1.59702e-05
0.00684869
-2.99108e-06
0.0041164
-1.8156e-07
0.00136128
7.61333e-05
7.62453e-05
0.000265176
-7.89329e-08
0.000265031
1.12826e-07
0.00109812
3.15562e-09
-2.4108e-08
0.00184772
1.72727e-07
1.39393e-06
0.00588566
-2.0089e-06
0.00184687
-1.90456e-07
0.00109812
1.65794e-07
-2.01029e-08
-0.000265027
0.000265203
-5.58074e-09
-1.0236e-08
-7.62338e-05
7.62285e-05
-1.83487e-05
0.00864102
-6.47379e-05
0.0111058
-0.000135747
0.0131748
-0.000199785
0.014719
-0.000223711
0.0156056
-0.000197808
0.0157353
-0.000153788
0.0150957
-0.000101929
0.0137496
-6.10294e-05
0.0118219
-3.09613e-05
0.00947024
-1.06857e-05
0.00685638
-2.735e-06
0.00411896
1.91943e-07
0.00136109
7.61495e-05
7.62624e-05
0.00026525
-4.38046e-08
0.000265146
7.96973e-08
0.00109832
-2.62588e-10
-2.96379e-08
0.0018478
4.64709e-07
9.07645e-07
0.00586986
-3.45569e-06
0.00184621
-4.12785e-07
0.00109795
1.79407e-07
2.927e-09
-0.000265104
0.000265278
-8.26758e-09
2.2176e-08
-7.62521e-05
7.62465e-05
-3.09047e-05
0.00860719
-0.000101048
0.0110711
-0.00019216
0.0131672
-0.000249427
0.0147447
-0.000241677
0.0156495
-0.000201081
0.0157826
-0.000142846
0.0151366
-9.28051e-05
0.0137814
-5.1849e-05
0.0118428
-2.28528e-05
0.00948241
-6.4837e-06
0.00686013
7.63533e-07
0.00411839
1.74598e-06
0.00135934
7.62027e-05
7.62824e-05
0.000265362
-8.39494e-08
0.00026524
9.14625e-08
0.00109841
1.81406e-08
-1.20037e-08
0.00184657
5.42444e-07
1.63304e-06
0.00584323
-5.90369e-06
0.00184376
-6.44095e-07
0.00109788
1.08398e-07
6.83999e-09
-0.000265234
0.000265411
2.59924e-09
9.48319e-09
-7.63046e-05
7.62964e-05
-5.55227e-05
0.00856167
-0.000161584
0.0110406
-0.000260572
0.0131783
-0.000281776
0.0147848
-0.000246045
0.0156944
-0.000184866
0.0158246
-0.000126702
0.0151705
-7.7245e-05
0.0138068
-4.12933e-05
0.0118613
-1.56835e-05
0.00949161
-3.03606e-06
0.00686393
1.6658e-06
0.00411847
2.07808e-06
0.00135726
7.62124e-05
7.63039e-05
0.000265507
-7.77754e-08
0.000265398
9.66956e-08
0.00109839
9.36689e-08
-6.35127e-08
0.00184543
-4.20792e-08
-1.89806e-07
0.00579997
-1.20742e-05
0.00184048
-9.51215e-07
0.00109762
5.02197e-08
8.07715e-08
-0.000265393
0.000265503
-1.65073e-09
1.18309e-08
-7.63134e-05
7.6316e-05
-0.000104581
0.00850466
-0.000243196
0.0110232
-0.000311395
0.013208
-0.000288442
0.0148272
-0.000224632
0.0157342
-0.000159787
0.0158577
-0.000103861
0.0151971
-6.16017e-05
0.0138271
-2.86937e-05
0.0118743
-9.33421e-06
0.00949791
1.02426e-06
0.00686457
5.28103e-06
0.00411526
2.47602e-06
0.00135479
7.62382e-05
7.63349e-05
0.000265642
-4.53276e-08
0.000265509
6.90798e-08
0.00109752
1.77357e-07
-1.26457e-07
0.0018411
-8.09955e-07
-5.22663e-06
0.00572864
-2.80247e-05
0.00183191
-2.88397e-06
0.00109647
-4.05452e-10
9.89764e-08
-0.000265545
0.000265589
5.5805e-09
4.55374e-08
-7.63467e-05
7.63451e-05
-0.000192722
0.00845419
-0.00033087
0.0110427
-0.000323227
0.0132427
-0.000256712
0.0148593
-0.000189014
0.0157634
-0.000130146
0.0158839
-8.24194e-05
0.0152179
-4.37795e-05
0.0138422
-1.8429e-05
0.0118834
-2.32284e-06
0.00950126
3.69138e-06
0.00686616
7.33102e-06
0.00411041
2.85675e-06
0.00135193
7.62998e-05
7.63688e-05
0.00026584
-7.27956e-08
0.00026561
1.02696e-07
0.00109564
1.92644e-07
-1.70812e-07
0.00182998
-3.29928e-06
-2.60919e-05
0.00563321
-7.11992e-05
0.00181073
-8.76952e-06
0.00109297
-3.13568e-07
9.7844e-08
-0.000265694
0.000265724
-2.988e-08
1.52836e-08
-7.64144e-05
7.642e-05
-0.000323978
0.0084473
-0.000349371
0.0110688
-0.000276191
0.0132622
-0.000206802
0.0148771
-0.00014761
0.0157809
-9.98392e-05
0.0159014
-5.87696e-05
0.0152329
-2.92414e-05
0.013853
-8.51595e-06
0.0118896
4.02768e-06
0.00950092
1.08586e-05
0.00686263
7.65678e-06
0.00410561
3.33153e-06
0.0013486
7.63472e-05
7.64499e-05
0.000265944
-2.7751e-08
0.000265695
7.78941e-08
0.00108972
4.46866e-07
-4.91595e-07
0.00179873
-1.40918e-05
-9.56786e-05
0.00558002
-0.000175113
0.00175861
-3.108e-05
0.0010816
-8.07303e-07
1.58305e-07
-0.000265741
0.000265462
-3.43767e-08
5.17243e-08
-7.64652e-05
7.64353e-05
-0.000363431
0.00846136
-0.000275917
0.0110685
-0.000206592
0.013262
-0.000154371
0.0148838
-0.000108629
0.0157897
-6.96473e-05
0.0159122
-3.93998e-05
0.0152431
-1.38192e-05
0.0138583
2.89122e-06
0.0118907
1.15389e-05
0.00950024
1.1997e-05
0.00685829
9.2183e-06
0.00409972
3.86958e-06
0.00134473
7.64075e-05
7.64854e-05
0.000265956
-4.71645e-08
0.000265387
7.80067e-08
0.00106881
1.39247e-07
-1.44013e-06
0.00172272
-5.97884e-05
-0.000196002
0.00557341
-0.00016082
0.00167379
-0.000126187
0.00104158
-3.59465e-06
-2.52667e-07
-0.00026552
0.00026479
-7.68219e-08
2.48696e-08
-7.65371e-05
7.65028e-05
-0.000239995
0.00842544
-0.000179377
0.0110413
-0.000139542
0.0132472
-0.000103926
0.0148791
-7.42558e-05
0.0157943
-4.68722e-05
0.0159197
-2.06681e-05
0.0152499
-3.61308e-06
0.0138648
1.08751e-05
0.0118914
1.54145e-05
0.00949682
1.95339e-05
0.00684798
1.07576e-05
0.00409283
4.59958e-06
0.00134013
7.64556e-05
7.65336e-05
0.00026503
-1.01394e-07
0.000263617
-2.71185e-08
0.000994465
-2.17415e-06
-1.05031e-05
0.00164647
-0.000168682
-0.000107025
0.00548319
-4.27468e-05
0.00161297
-0.00012732
0.00091968
-3.70882e-05
-1.43142e-05
-0.000263434
0.000260362
-5.22211e-07
-6.95514e-08
-7.65585e-05
7.64817e-05
-0.000121383
0.00836744
-0.000106774
0.0110085
-8.98015e-05
0.0132331
-6.96221e-05
0.0148745
-4.8648e-05
0.0157961
-2.48905e-05
0.0159239
-6.75303e-06
0.0152531
8.35477e-06
0.0138673
1.81615e-05
0.0118886
2.16429e-05
0.00949471
1.75275e-05
0.00684121
1.52039e-05
0.00408223
6.31777e-06
0.00133381
7.63803e-05
7.63532e-05
0.000258794
-6.06122e-07
0.000250024
-1.73382e-06
0.000874167
-5.95581e-05
-6.36113e-05
0.00156082
-5.48733e-05
-3.17579e-05
0.00539887
-5.3044e-06
0.00153818
-2.01068e-05
0.000810469
-1.86615e-05
-4.496e-05
-0.000239531
0.000212414
-9.97192e-06
-3.82053e-06
-7.62836e-05
7.57614e-05
-5.67045e-05
0.00831737
-5.9121e-05
0.0109779
-5.32503e-05
0.0132167
-4.11767e-05
0.014867
-2.33278e-05
0.0157945
-7.15401e-06
0.0159243
6.75402e-06
0.0152547
2.06653e-05
0.0138648
2.58156e-05
0.0118845
2.83129e-05
0.00948393
2.5586e-05
0.00683082
1.5358e-05
0.00407319
5.77567e-06
0.00132803
7.51553e-05
7.34215e-05
0.000174941
-2.20841e-05
0.000148874
-3.75449e-05
0.000763203
-6.36336e-06
-1.24391e-06
0.00151491
-8.48346e-06
-1.10453e-05
0.00535144
1.77241e-06
0.0015122
-2.59867e-06
0.000743877
9.83429e-08
-8.78905e-07
-0.000103914
8.52526e-05
-6.96009e-05
5.9629e-05
-2.73454e-05
0.0082856
-3.29385e-05
0.0109575
-2.84703e-05
0.013204
-1.94099e-05
0.0148631
-8.99074e-06
0.0157963
4.37889e-06
0.0159267
1.70632e-05
0.0152583
2.7411e-05
0.0138632
3.16028e-05
0.0118812
3.28271e-05
0.00947669
2.79973e-05
0.00681819
1.9129e-05
0.00405983
6.59566e-06
0.00132144
3.75449e-05
7.88893e-05
7.76454e-05
0.000735443
-1.94874e-07
1.45448e-07
0.00150252
-1.36392e-06
-5.00786e-06
0.00532595
3.14875e-06
0.00150419
1.04212e-07
0.000732782
1.46022e-07
-8.41901e-08
-7.67664e-05
7.68648e-05
-1.13356e-05
0.008264
-1.38918e-05
0.010943
-1.22285e-05
0.0131968
-4.07431e-06
0.0148582
6.72117e-06
0.015794
1.83239e-05
0.0159255
2.92921e-05
0.0152564
3.54409e-05
0.0138594
3.98427e-05
0.0118741
4.12629e-05
0.00946342
3.18591e-05
0.00680545
2.15209e-05
0.00404491
8.51507e-06
0.00131292
7.66699e-05
7.68154e-05
0.000731311
-1.84524e-08
1.25642e-07
0.00149931
-1.32007e-07
-2.81245e-06
0.00531453
2.89775e-06
0.00150203
4.27478e-07
0.00073135
9.56613e-08
-3.03503e-08
-7.67312e-05
7.68772e-05
-3.37435e-06
0.00825348
-3.25737e-06
0.010934
9.97906e-07
0.0131917
8.67922e-06
0.0148562
1.92397e-05
0.0157931
2.84732e-05
0.0159263
3.85397e-05
0.0152533
4.41048e-05
0.0138551
4.85267e-05
0.0118669
4.35893e-05
0.00945169
3.72814e-05
0.00678969
2.1587e-05
0.00403184
8.06985e-06
0.00130485
7.68588e-05
7.69844e-05
0.000731158
-3.04747e-08
9.02532e-08
0.00149911
1.12012e-07
-1.19566e-06
0.00530963
2.72482e-06
0.00150148
5.26032e-07
0.000731542
6.37853e-08
-1.96894e-08
-7.69541e-05
7.70497e-05
1.85142e-06
0.00824837
3.8142e-06
0.0109312
9.45095e-06
0.013191
1.67986e-05
0.0148587
2.68085e-05
0.0157947
3.8478e-05
0.0159263
4.56941e-05
0.0152517
5.40726e-05
0.0138496
5.55959e-05
0.0118549
4.96793e-05
0.00943929
4.08194e-05
0.00677046
2.43848e-05
0.00401552
8.97189e-06
0.00129588
7.70193e-05
7.71095e-05
0.000731575
-4.28887e-09
8.26745e-08
0.00149996
3.28349e-07
-2.65284e-07
0.00530868
3.06978e-06
0.0015021
5.845e-07
0.000732076
5.27833e-08
-2.77755e-08
-7.70898e-05
7.71536e-05
4.29863e-06
0.00824788
9.09133e-06
0.0109315
1.69232e-05
0.0131908
2.62834e-05
0.0148592
3.62038e-05
0.015797
4.69863e-05
0.015925
5.63073e-05
0.0152495
6.08642e-05
0.0138443
5.76973e-05
0.0118469
5.50939e-05
0.00942502
4.25106e-05
0.00675234
2.99065e-05
0.00399459
9.37723e-06
0.00128651
7.71493e-05
7.7232e-05
0.000732327
2.82798e-08
4.94954e-08
0.00150141
4.25157e-07
-1.03197e-07
0.00531012
2.9623e-06
0.00150388
5.97897e-07
0.000732801
3.31099e-08
7.76273e-08
-7.72042e-05
7.7257e-05
7.50138e-06
0.00824947
1.43847e-05
0.0109341
2.25375e-05
0.0131946
3.38972e-05
0.0148615
4.61271e-05
0.0157979
5.55429e-05
0.0159258
6.36591e-05
0.0152467
6.92957e-05
0.0138327
7.20832e-05
0.0118299
6.28271e-05
0.0094047
5.28608e-05
0.00672938
3.05429e-05
0.00397342
9.95531e-06
0.00127655
7.72853e-05
7.73348e-05
0.00073314
3.13058e-08
5.50802e-08
0.00150334
4.37538e-07
8.16746e-07
0.00531429
2.50708e-06
0.00150568
6.24911e-07
0.000733718
2.04542e-08
-9.67637e-10
-7.74124e-05
7.74455e-05
8.99422e-06
0.00825487
1.70683e-05
0.0109396
2.74671e-05
0.013201
4.08579e-05
0.0148668
5.22168e-05
0.0158012
6.49351e-05
0.0159245
7.52942e-05
0.0152407
7.92083e-05
0.0138256
8.15656e-05
0.0118111
7.24363e-05
0.00938513
5.44379e-05
0.00670549
3.43215e-05
0.00394906
1.34342e-05
0.00126312
7.74768e-05
7.75319e-05
0.000734105
7.27933e-09
4.29448e-08
0.00150588
6.15811e-07
1.09654e-06
0.00531961
2.57759e-06
0.00150771
6.7267e-07
0.000734676
2.44273e-08
2.92896e-08
-7.7531e-05
7.75514e-05
1.0425e-05
0.00826151
2.10251e-05
0.010946
3.35291e-05
0.0132083
4.67301e-05
0.0148723
6.09982e-05
0.0158051
7.44867e-05
0.0159253
8.2503e-05
0.0152374
8.75594e-05
0.0138196
8.4717e-05
0.0117989
8.01499e-05
0.00935941
6.13747e-05
0.00667843
3.7759e-05
0.00392473
2.76852e-05
0.00123543
7.75587e-05
7.76016e-05
0.000735201
3.33584e-08
5.77278e-08
0.00150815
6.61599e-07
1.25906e-06
0.00532646
2.32428e-06
0.00150978
9.39648e-07
0.000735841
2.79319e-08
5.08129e-09
-7.76309e-05
7.76553e-05
1.15393e-05
0.00827099
2.49291e-05
0.0109546
4.13444e-05
0.0132137
5.55306e-05
0.0148777
7.18357e-05
0.0158078
8.23885e-05
0.0159255
9.35237e-05
0.0152314
9.78484e-05
0.0138065
9.62419e-05
0.0117828
8.60067e-05
0.00933478
6.80175e-05
0.00664818
5.82592e-05
0.00389416
5.46396e-05
7.76887e-05
7.77464e-05
0.000736409
3.47817e-08
5.90553e-08
0.00151029
7.54597e-07
1.1358e-06
0.00533525
1.61059e-06
0.00151206
5.50152e-07
0.000737236
1.05716e-07
5.96691e-09
-7.77515e-05
7.77794e-05
1.30497e-05
0.00828287
2.79865e-05
0.010968
4.50661e-05
0.0132242
6.33014e-05
0.0148863
7.91681e-05
0.015811
9.3996e-05
0.015925
0.000103031
0.0152263
0.000106581
0.0137961
0.00010396
0.0117648
9.14138e-05
0.00931139
8.77425e-05
0.00661869
9.95843e-05
7.78142e-05
7.78733e-05
0.000737888
7.186e-08
3.15401e-08
0.0015129
3.0126e-07
7.60933e-07
0.0053464
1.13899e-06
0.00151471
-2.05295e-07
0.00073838
3.10674e-08
2.66039e-08
-7.78792e-05
7.79849e-05
1.71724e-05
0.00829369
3.38646e-05
0.0109792
5.12035e-05
0.0132363
6.95395e-05
0.0148959
8.69036e-05
0.0158181
0.000102873
0.0159251
0.000112504
0.0152203
0.0001198
0.0137803
0.000116802
0.0117394
0.000114048
0.00928508
0.000129559
7.80568e-05
7.80883e-05
0.000738617
1.58207e-08
4.90457e-08
0.00151682
-1.34199e-06
1.47603e-06
0.00535697
5.12733e-06
0.00151989
-1.93822e-06
0.000738462
-9.86796e-10
-5.00721e-08
-7.81149e-05
7.8146e-05
2.08e-05
0.00830675
3.69596e-05
0.0109934
5.79798e-05
0.0132478
7.85187e-05
0.0149043
9.82682e-05
0.0158227
0.000110965
0.0159267
0.000123059
0.0152171
0.000128336
0.0137688
0.000133898
0.0117196
0.000151141
7.81618e-05
7.82109e-05
0.000737075
2.31031e-08
2.21359e-08
0.0015179
5.20723e-06
-1.73602e-06
5.31659e-06
0.00536723
5.21893e-06
0.0015222
-4.05369e-07
1.22904e-06
0.000435984
-2.20836e-07
0.000299378
-4.61021e-09
-7.81608e-05
7.81598e-05
2.23551e-05
0.00832136
4.2357e-05
0.011009
6.31657e-05
0.0132632
8.67962e-05
0.0149158
0.00010463
0.015829
0.000121415
0.0159283
0.000130289
0.0152151
0.000143151
0.0137595
0.000159814
7.81829e-05
7.8205e-05
0.000456922
-1.57307e-05
0.000462001
-6.81453e-06
0.00152446
1.23859e-06
1.82037e-06
4.60655e-06
0.0053805
4.47875e-06
0.00152694
1.23807e-06
1.5055e-06
0.000464666
-3.07028e-06
0.000466821
-9.25961e-07
-7.82004e-05
7.79796e-05
0.000280806
2.84176e-06
2.42477e-05
0.00833947
4.6651e-05
0.0110255
7.13553e-05
0.0132786
9.45878e-05
0.0149258
0.00011368
0.0158368
0.000130039
0.0159286
0.000146223
0.015212
0.000164541
0.00027488
-8.88674e-07
0.000467756
3.03017e-07
0.000469051
5.25285e-07
0.00152924
1.0183e-06
1.28373e-06
4.83706e-06
0.00539539
4.52719e-06
0.00153188
7.65721e-07
1.07569e-06
0.000469647
6.42175e-07
0.00047034
8.12885e-07
0.000272857
-1.04742e-06
0.000272447
-5.15559e-07
8.08214e-05
2.76565e-05
0.00835846
5.14005e-05
0.0110455
7.85847e-05
0.0132946
0.00010082
0.0149387
0.000120576
0.0158462
0.000138827
0.015936
0.000157948
7.99327e-05
0.00027275
-5.27837e-10
0.000273171
1.04695e-07
0.000470762
5.96295e-07
0.000471627
4.18668e-07
0.00153494
7.78101e-07
9.99851e-07
5.20075e-06
0.00541288
4.95711e-06
0.00153759
1.05575e-06
8.19928e-07
0.000471981
4.11789e-07
0.00047249
5.66773e-07
0.000273652
1.61008e-07
0.000274318
1.46223e-07
7.88853e-05
7.83697e-05
3.04847e-05
0.00837938
5.79088e-05
0.0110662
8.48598e-05
0.0133106
0.000106073
0.0149532
0.000127194
0.0158579
0.000141222
7.83692e-05
7.84739e-05
0.00027473
1.84791e-07
0.000275014
1.3431e-07
0.000472852
4.15861e-07
0.00047339
4.61748e-07
0.00154094
1.04308e-06
8.04249e-07
5.89063e-06
0.00543211
5.37018e-06
0.00154399
1.11891e-06
7.92717e-07
0.00047407
3.75959e-07
0.000474518
3.71601e-07
0.000275328
9.77065e-08
0.000275796
9.90215e-08
7.86349e-05
7.87811e-05
3.50133e-05
0.00840227
6.45975e-05
0.0110864
9.01525e-05
0.0133265
0.000110757
0.0149696
0.0001175
7.89659e-05
7.91002e-05
0.000276118
9.38494e-08
0.000276453
1.26646e-07
0.000474981
5.79805e-07
0.000475404
3.81901e-07
0.00154775
1.23033e-06
8.98402e-07
6.63416e-06
0.00545429
6.19423e-06
0.00155102
1.21778e-06
8.83285e-07
0.00047619
3.32934e-07
0.00047658
4.02257e-07
0.000276773
5.63144e-08
0.000277052
9.21743e-08
7.91979e-05
7.9297e-05
4.05651e-05
0.00842631
7.14195e-05
0.0111052
9.09979e-05
0.0133463
9.14147e-05
7.93908e-05
7.95175e-05
0.000277507
1.24855e-07
0.000277796
9.27403e-08
0.000477189
6.21356e-07
0.000477673
4.14324e-07
0.001555
1.36433e-06
1.2844e-06
8.03115e-06
0.00547973
7.09647e-06
0.00155879
1.12636e-06
1.28602e-06
0.00047852
3.70908e-07
0.00047879
6.13148e-07
0.000278033
9.66221e-08
0.000278334
1.00609e-07
7.95738e-05
7.96659e-05
4.9282e-05
0.00844844
7.25041e-05
0.0111237
6.47605e-05
7.97908e-05
7.98835e-05
0.00027886
9.56546e-08
0.000279067
2.07317e-07
0.000479639
5.15451e-07
0.000480449
4.74113e-07
0.00156404
1.30692e-06
1.4685e-06
1.04807e-05
0.0055083
1.023e-05
0.00156822
1.42135e-06
1.4921e-06
0.000481087
4.88883e-07
0.000481691
6.81491e-07
0.000279356
8.22035e-08
0.000279858
1.11492e-07
7.99802e-05
8.00808e-05
5.398e-05
0.00846697
4.2092e-05
8.01764e-05
8.03837e-05
0.000280229
1.43702e-07
0.000280587
1.16174e-07
0.000482413
5.85393e-07
0.000483321
5.60627e-07
0.00157502
1.72984e-06
1.95692e-06
1.45583e-05
0.00553193
1.57907e-05
0.00158072
2.16577e-06
2.36413e-06
0.000484226
5.161e-07
0.000484878
8.40444e-07
0.000280959
1.1739e-07
0.000281561
7.86893e-08
8.04659e-05
8.05774e-05
2.80468e-05
8.07211e-05
8.08373e-05
0.000281994
1.52421e-07
0.00028242
1.34586e-07
0.000485888
7.1999e-07
0.000487101
7.43928e-07
0.00158914
2.77052e-06
3.36823e-06
3.11147e-05
1.23172e-05
0.00159614
3.82016e-06
4.96808e-06
0.00048831
9.56519e-07
0.000489356
1.31758e-06
0.000282799
1.37972e-07
0.000283496
1.43366e-07
8.09547e-05
8.10334e-05
8.11858e-05
8.13204e-05
0.000284029
1.86452e-07
0.000284598
1.75274e-07
0.000490719
1.40776e-06
0.000492484
1.6038e-06
0.00160841
8.05674e-06
1.07847e-05
1.61075e-05
7.83332e-06
0.000494497
1.80643e-06
0.000496639
2.82643e-06
0.000285337
2.17233e-07
0.000286363
2.91362e-07
8.14584e-05
8.16017e-05
8.17882e-05
8.19634e-05
0.00028742
3.50894e-07
0.00028864
3.84447e-07
0.000499773
4.92211e-06
0.00050306
7.49775e-06
0.000507453
1.17154e-05
1.12562e-05
0.000289963
4.83152e-07
0.00029206
7.29124e-07
8.21807e-05
8.2472e-05
8.28229e-05
8.32073e-05
0.000295503
1.47887e-06
0.000299616
3.38472e-06
0.000303878
7.4534e-06
1.53214e-05
8.36905e-05
8.44196e-05
8.58985e-05
8.92832e-05
9.67366e-05
-6.89176e-06
6.89178e-06
4.14872e-06
-1.10406e-05
-3.07248e-05
1.04666e-05
2.71501e-05
9.89254e-06
-3.64684e-05
1.94885e-06
-1.29895e-05
2.61869e-05
0.000137906
-0.000143734
7.93758e-06
1.92123e-05
6.38113e-06
-4.09008e-05
8.53131e-07
-1.38426e-05
-1.86261e-05
0.00047392
4.75855e-05
-0.000476695
-3.44998e-06
2.07941e-05
0.0001285
-2.75904e-06
-0.000153219
1.57624e-05
-4.28066e-05
3.87639e-07
-1.42301e-05
-9.23343e-06
0.000460463
4.34872e-05
0.000345882
5.60139e-05
-0.000354295
-1.20581e-05
4.03956e-05
-0.000499106
-5.92241e-06
-1.30149e-06
0.000120948
-3.80349e-07
-2.0804e-06
-0.000162376
-8.21181e-07
1.44608e-05
-4.44994e-05
1.85184e-07
-1.44155e-05
-5.4211e-06
0.000434251
3.43094e-05
-2.68271e-06
0.000333489
5.58744e-05
-0.000181352
7.27042e-05
0.000164657
5.70668e-05
-0.00037097
3.33831e-05
-0.000523584
-3.43952e-06
-5.46864e-06
-0.000166928
-4.48155e-07
-9.23001e-07
0.000115923
-2.68979e-07
-1.27599e-07
1.40804e-05
-4.51355e-05
2.04072e-07
-1.46197e-05
0.000406964
3.20309e-05
-2.81692e-06
-1.92496e-06
0.000311632
5.6175e-05
0.000113444
-1.34847e-07
-7.01574e-08
-0.000199269
7.3799e-05
-0.00112421
9.73488e-05
0.00109957
7.66715e-05
0.00014506
5.73489e-05
-0.000394929
3.00633e-05
-0.000546586
-3.16349e-06
-3.89696e-06
0.000171471
-0.000174101
-3.28854e-07
-4.80933e-07
-3.46375e-07
-5.79323e-07
4.58544e-05
-1.46307e-07
-4.61566e-05
1.38113e-05
1.36838e-05
-1.47661e-05
3.48137e-05
-1.38031e-06
-9.44345e-07
0.000183636
0.000190836
0.000286662
5.69918e-05
0.000110846
-1.13904e-07
-1.05952e-07
0.000109078
-8.96258e-08
-6.8124e-08
-0.000221425
7.83273e-05
1.35489e-05
1.34786e-05
-0.00114926
9.88495e-05
-0.0024973
0.000128458
0.00246619
0.000101651
0.00107459
8.1539e-05
0.000120864
5.72444e-05
-0.000422116
2.86768e-05
-0.000568545
-3.26254e-06
-3.45973e-06
0.000177253
-0.000179628
-3.68279e-07
-4.21401e-07
-3.35618e-07
-4.09171e-07
4.73196e-05
-4.75339e-05
-1.14676e-07
4.6952e-05
-1.1343e-07
4.66748e-05
-6.93169e-08
-6.12649e-08
-1.48274e-05
0.000264942
5.65374e-05
0.000107806
-5.65934e-08
-5.1309e-08
0.000106955
-6.59046e-08
-2.78181e-08
1.063e-05
-2.15301e-06
0.000175159
1.4628e-05
0.000186839
-0.000246943
8.25118e-05
1.33645e-05
1.32585e-05
1.31688e-05
1.31005e-05
-0.00117568
0.000104751
-0.00252875
0.000130297
-0.00430309
0.000164106
0.00426744
0.000131857
0.00243599
0.000107967
0.00104816
8.50361e-05
9.30782e-05
5.68624e-05
-0.000450298
2.81e-05
-0.000590045
-3.40003e-06
-3.20123e-06
0.000182393
-0.000184834
-4.00416e-07
-4.21898e-07
-3.34721e-07
-3.59813e-07
4.84902e-05
-4.87423e-05
-1.16391e-07
4.81761e-05
-1.07413e-07
4.79039e-05
-6.34934e-08
-3.92687e-08
1.50102e-05
-1.5125e-05
1.48967e-05
-1.50136e-05
0.000239796
5.47817e-05
-0.000274986
8.45745e-05
1.30438e-05
1.29925e-05
1.67991e-08
3.01631e-08
4.49144e-05
5.984e-05
1.29266e-05
1.28987e-05
7.8986e-06
-5.86399e-07
-1.41785e-06
0.000169264
0.000179723
-0.0012041
0.000110936
-0.0025602
0.00013621
-0.00433951
0.000166719
-0.00651762
0.000201733
0.00647999
0.000166006
0.00423329
0.000137743
0.00240621
0.000113308
0.00101989
8.64653e-05
6.34668e-05
5.61571e-05
-0.000478364
2.75898e-05
-0.000611158
-3.53312e-06
-2.95133e-06
0.000187352
-0.000189926
-4.18203e-07
-4.0912e-07
-3.49152e-07
-3.34946e-07
4.96436e-05
-4.99232e-05
-1.20985e-07
4.9332e-05
-1.10378e-07
4.9059e-05
-6.18506e-08
-4.31135e-08
1.53352e-05
-1.54517e-05
1.52278e-05
1.51643e-05
-1.38923e-05
0.00021389
5.40958e-05
-1.43037e-05
-0.000304445
8.42344e-05
-0.00123442
0.00011488
1.29155e-05
1.29455e-05
2.52627e-06
3.42174e-07
4.20457e-05
6.17798e-05
-1.1803e-06
6.15422e-05
7.72289e-06
-1.43481e-06
0.000164341
-1.3664e-06
0.000173553
-0.00259246
0.000143185
-0.00437475
0.000171448
-0.00655537
0.00020447
-0.00907647
0.000236442
0.00904176
0.00020142
0.00644458
0.000170394
0.00420064
0.00014303
0.00237649
0.000115786
0.000990568
8.56156e-05
3.40126e-05
5.41846e-05
-0.000504957
2.71493e-05
-0.000631698
-4.06924e-06
-2.54469e-06
0.000192235
-0.000194971
-4.29225e-07
-3.69271e-07
-3.49793e-07
-2.92872e-07
5.07955e-05
-5.10937e-05
-1.20301e-07
5.0496e-05
-1.09712e-07
5.02149e-05
-6.82157e-08
-4.3275e-08
1.56671e-05
-1.57882e-05
1.55567e-05
1.54948e-05
0.000190771
5.09687e-05
-1.31637e-05
-1.46889e-05
-0.000331853
8.14987e-05
-7.68661e-06
0.000166935
-0.00126553
0.000115346
-0.00262517
0.000147583
1.32876e-05
-6.21471e-08
4.09274e-05
6.09295e-05
-8.22257e-07
-1.30197e-06
0.000159134
-1.17825e-06
6.02556e-05
-6.92673e-07
-0.00441002
0.000178453
-0.00659305
0.000209128
-0.00911163
0.00023963
-0.0118647
0.000265412
0.0118357
0.000236079
0.00900711
0.000204207
0.00641076
0.000174528
0.00416914
0.000145276
0.002347
0.000114633
0.000961548
8.17351e-05
6.45201e-06
4.98958e-05
-0.000527713
2.69064e-05
-0.000648074
-7.64828e-06
-2.89024e-06
0.000196985
-0.000200325
-4.15777e-07
-3.15942e-07
-3.26744e-07
-2.0437e-07
5.19014e-05
-5.22118e-05
-1.19202e-07
5.16348e-05
-1.02745e-07
5.13485e-05
-6.37174e-08
-3.81611e-08
1.60095e-05
-1.61299e-05
1.58997e-05
1.58315e-05
0.000175992
4.63003e-05
-1.42686e-05
-1.72541e-05
-0.000355872
7.49876e-05
0.000161476
-7.70521e-06
0.000155172
-8.38507e-06
-0.00129548
0.000111441
-0.0026583
0.000148477
-0.00444541
0.000182977
1.32255e-05
4.02688e-05
-1.63755e-07
-5.96609e-05
5.88843e-05
-5.25616e-07
0.000154107
-1.22267e-06
-1.4551e-06
-5.83644e-07
3.97141e-05
-1.38062e-07
-0.00662965
0.000215057
-0.00914736
0.000244854
-0.011894
0.000268948
-0.0147158
0.000281219
0.0147
0.000263319
0.0118084
0.000236093
0.00897522
0.000206086
0.00637921
0.000175259
0.00413916
0.000143323
0.00231831
0.000109009
0.000934274
7.35343e-05
-1.71802e-05
4.12782e-05
-0.000542078
2.6516e-05
-0.000641614
-2.25997e-05
-1.0374e-05
0.00020264
-0.000208709
-1.18551e-06
-3.96709e-07
-4.52318e-07
-1.23046e-07
5.28962e-05
-5.31982e-05
-1.14228e-07
5.26657e-05
-8.56225e-08
5.23932e-05
-5.4501e-08
-2.30132e-08
1.63346e-05
-1.6454e-05
1.62319e-05
1.61681e-05
0.000171557
4.11064e-05
-1.77373e-05
-1.89318e-05
-0.000375438
6.5866e-05
0.00015049
-9.58664e-06
0.000145564
-1.23286e-05
-0.00132366
0.000103168
0.000148472
-1.58963e-06
-1.16094e-06
-0.0026914
0.000144541
-0.00448088
0.000183945
-0.0066657
0.000219025
1.30617e-05
5.8206e-05
-5.44583e-07
-3.92672e-05
3.8864e-05
-1.22664e-07
5.73518e-05
-6.00924e-07
-1.36849e-07
1.29236e-05
-0.00918214
0.000249843
-0.0119225
0.000273427
-0.0147317
0.000284872
-0.0174353
0.000279946
0.0174365
0.000277937
0.0146853
0.000260972
0.0117836
0.00023577
0.00894553
0.000206107
0.00634836
0.000172667
0.00410982
0.000136477
0.00229084
9.81628e-05
0.000909643
5.91738e-05
-3.50872e-05
2.56422e-05
-0.000541215
1.01329e-05
-0.000614821
-1.3878e-05
-2.3052e-05
0.000213861
-0.000218089
-1.17525e-05
-6.62109e-06
-3.92757e-06
-1.29463e-06
5.39725e-05
-5.48832e-05
-2.75243e-07
5.37101e-05
-1.34516e-07
5.33169e-05
-5.93794e-08
-4.44153e-09
1.66172e-05
-1.67316e-05
1.65316e-05
1.6477e-05
0.000162812
4.00449e-05
-1.75508e-05
-1.37503e-05
-0.000392688
5.83548e-05
0.00014413
-1.63027e-05
0.000143693
-1.84947e-05
-0.00135095
9.31538e-05
0.000142521
-1.36946e-06
-2.26601e-06
0.000136039
-3.81262e-06
-2.03381e-06
-0.00272468
0.000136451
-5.67405e-05
5.57624e-05
-6.11558e-07
-5.49599e-07
-0.00451686
0.000180521
-0.0067029
0.000221146
-0.00921752
0.000254398
3.84512e-05
-1.31863e-07
-1.27867e-05
1.2664e-05
3.7963e-05
-1.12735e-07
-0.011951
0.000278279
-0.0147488
0.000290494
-0.0174337
0.000283334
-0.0198299
0.000256498
0.0198534
0.000274551
0.0174399
0.000274483
0.0146718
0.000258908
0.0117604
0.000233584
0.00891806
0.000202022
0.006319
0.000165419
0.00408087
0.000124755
0.00226425
8.17008e-05
0.000887117
3.71057e-05
-4.65463e-05
-9.8625e-07
-0.000530094
-2.66007e-05
-0.000595835
8.85077e-06
-1.23499e-06
0.000214974
-0.000215644
-3.8833e-06
-9.32514e-06
-1.22679e-05
-1.39001e-05
6.10697e-05
-6.43875e-05
-8.43529e-06
5.8294e-05
-3.84561e-06
5.57345e-05
-1.36834e-06
-4.43402e-07
1.69301e-05
-1.72055e-05
1.67956e-05
1.67361e-05
0.000142816
4.17238e-05
-1.20649e-05
-9.66647e-06
-0.000411082
5.8437e-05
0.000142002
-1.58592e-05
0.000138375
-1.01236e-05
-0.00137824
8.56434e-05
0.000132006
-4.44826e-06
-7.82195e-06
0.000132674
-9.89574e-06
-9.26584e-06
-0.00275877
0.000127246
5.50689e-05
-6.75912e-07
5.37268e-05
-9.23937e-07
-5.28235e-05
5.07344e-05
-1.72346e-06
-1.13052e-06
-0.00455435
0.000173935
-3.7547e-05
3.70493e-05
-1.13955e-07
-1.33618e-07
-0.00674066
0.000218278
-0.0092523
0.000255928
-0.0119789
0.00028229
1.25321e-05
1.24193e-05
-0.0147648
0.000294355
-0.0174314
0.000288151
-0.0198077
0.000261107
-0.021758
0.000211344
0.0218031
0.000251644
0.0198763
0.000271584
0.0174428
0.000271448
0.0146593
0.000255826
0.0117382
0.000229375
0.0088907
0.000194037
0.00629038
0.000152664
0.00405296
0.000108021
0.00223793
5.9021e-05
0.000865198
7.47607e-06
-5.50166e-05
-3.68303e-05
-0.000519864
-5.98401e-05
-0.000571322
1.99476e-05
1.53865e-05
0.000216077
-0.000211708
2.91864e-06
1.56229e-06
9.57708e-07
-1.75974e-06
7.26778e-05
-7.3939e-05
-2.62242e-06
6.9196e-05
-5.84374e-06
6.73019e-05
-1.0374e-05
-1.09858e-05
2.2863e-05
-3.12986e-05
1.90173e-05
1.76489e-05
0.000117517
4.3115e-05
-9.35953e-06
-8.45866e-06
-0.0004336
6.42404e-05
0.000133126
-6.81736e-06
0.000128418
-4.95825e-06
-0.00140574
8.59365e-05
0.000129947
-8.25459e-06
-4.87776e-06
0.00012413
-1.26983e-06
-3.03737e-06
-0.00279429
0.000121151
4.90491e-05
-2.76289e-06
4.59886e-05
-4.76148e-06
-4.44377e-05
4.22347e-05
-7.69256e-06
-7.71488e-06
-0.00459415
0.000167047
3.65281e-05
-1.54737e-07
3.57722e-05
-1.68045e-07
-3.48965e-05
3.35462e-05
-3.73249e-07
-2.54746e-07
-0.00678081
0.000214078
-1.22857e-05
1.21717e-05
-0.00928892
0.000254896
-0.0120072
0.000284237
-0.0147805
0.000297977
-0.0174298
0.000292731
-0.019784
0.000264481
-0.0217119
0.000215027
-0.0231489
0.000146917
0.0232134
0.000206386
0.0218484
0.000246706
0.0199011
0.000266645
0.0174476
0.000266604
0.0146485
0.000250443
0.0117171
0.000221131
0.00886361
0.00018272
0.00626033
0.000137413
0.00402357
8.75563e-05
0.00220939
3.13673e-05
0.000841305
-2.73097e-05
-6.45358e-05
-6.96996e-05
-0.000510001
-7.011e-05
2.15114e-05
2.28044e-05
0.000204207
-0.000194321
5.31941e-06
4.74345e-06
4.31859e-06
3.5676e-06
7.37801e-05
-7.22585e-05
1.39708e-06
7.44378e-05
9.04598e-07
7.49929e-05
4.02406e-07
-7.05908e-07
4.43649e-05
-4.63494e-05
-6.38395e-07
4.04193e-05
-1.89841e-06
3.45691e-05
-4.52405e-06
-7.7154e-06
9.08068e-05
4.35885e-05
-8.48133e-06
-8.39808e-06
-0.000460175
6.96891e-05
0.000123412
-4.35427e-06
0.000118788
-3.83498e-06
-0.00143358
9.20855e-05
0.000119016
-1.14381e-06
-5.6033e-07
0.000114983
-3.40198e-07
-5.85274e-07
-0.00282934
0.000120993
3.99753e-05
-5.99505e-06
3.78989e-05
-2.80144e-06
-3.59492e-05
3.50779e-05
-3.987e-07
-1.08765e-06
-0.004635
0.000162001
3.15105e-05
-7.27178e-07
2.83121e-05
-1.56302e-06
-2.39139e-05
2.18354e-05
-5.61401e-06
-3.31671e-06
-0.00682259
0.000208828
1.2017e-05
1.18489e-05
-1.15942e-05
1.12209e-05
-0.00932743
0.000252587
-0.0120376
0.000285338
-0.0147977
0.000301379
-0.0174288
0.000297037
-0.0197608
0.000269505
-0.0216669
0.000219496
-0.0230833
0.000149365
-0.0240105
7.0162e-05
0.0240872
0.000142073
0.0232777
0.000201403
0.0218937
0.000241535
0.0199262
0.000261404
0.0174528
0.000260638
0.0146383
0.000242697
0.0116956
0.000210524
0.00883581
0.000167795
0.00622994
0.000119615
0.00399151
6.37091e-05
0.00217705
-1.52942e-07
0.00081415
-5.96174e-05
-7.46142e-05
-8.13056e-05
0.000183991
6.15435e-06
7.05843e-06
6.4875e-06
5.98687e-06
6.61583e-05
-6.35584e-05
2.7198e-06
6.84708e-05
2.43109e-06
7.05873e-05
2.20204e-06
1.89635e-06
4.61456e-05
-4.51478e-05
3.99024e-07
4.67544e-05
2.95777e-07
4.70046e-05
1.51972e-07
-5.08396e-08
1.4138e-05
-1.47766e-05
1.22395e-05
7.7154e-06
6.51859e-05
4.29343e-05
-8.42895e-06
-8.88497e-06
-0.000488422
7.18349e-05
0.000114152
-3.84547e-06
0.000109399
-3.64551e-06
-0.00146298
9.90866e-05
0.000111581
-5.35618e-07
-4.17114e-07
0.000108498
-3.31408e-07
-4.20469e-07
-0.00286355
0.000126291
3.41868e-05
-2.52876e-07
3.37792e-05
-1.52875e-07
-3.33217e-05
3.30474e-05
-6.60739e-08
-1.27782e-07
-0.00467616
0.000162151
1.58404e-05
1.3039e-05
-1.19513e-05
1.15526e-05
-0.00686631
0.000205719
1.04937e-05
8.93072e-06
-5.61401e-06
-0.00936761
0.000249005
-0.0120687
0.000283627
-0.0148146
0.000302248
-0.0174268
0.000299351
-0.0197351
0.000271347
-0.021619
0.000221593
-0.0230164
0.000152641
-0.0239334
7.22831e-05
-0.0243761
-1.16855e-05
0.024458
6.55969e-05
0.0241637
0.000138301
0.0233408
0.000195179
0.0219401
0.000236088
0.0199516
0.000254144
0.0174593
0.000252055
0.014629
0.000232462
0.0116736
0.00019718
0.00880642
0.000152672
0.00619689
0.000100045
0.00395518
3.76693e-05
0.00213923
-3.02233e-05
0.000784758
-7.30814e-05
5.5065e-05
4.01382e-06
5.79586e-05
4.1649e-06
6.07918e-05
3.65454e-06
3.22031e-06
4.04125e-05
-3.84487e-05
7.56041e-07
4.21796e-05
6.64007e-07
4.37921e-05
5.89459e-07
5.40636e-07
1.43799e-05
-1.39809e-05
1.46756e-05
1.48275e-05
4.40922e-05
4.00951e-05
-8.91294e-06
-1.00892e-05
-0.000515236
6.97475e-05
0.000104835
-3.86494e-06
9.98909e-05
-3.94098e-06
-0.00149277
0.000101623
0.000105554
-4.64062e-07
-4.37021e-07
0.000102643
-3.54304e-07
-3.80459e-07
-0.00289673
0.000132263
3.26203e-05
-1.08496e-07
3.23027e-05
-9.95747e-08
-3.19784e-05
3.1697e-05
-5.00161e-08
-9.61659e-08
-0.0047151
0.00016523
1.12996e-05
1.11467e-05
-1.1019e-05
1.09528e-05
-0.00690915
0.000204988
-0.0094091
0.000247206
-0.0121026
0.000282946
-0.0148338
0.000302884
-0.017425
0.000300501
-0.0197116
0.000275831
-0.0215721
0.000224438
-0.0229505
0.00015564
-0.0238538
7.30302e-05
-0.0242927
-1.11143e-05
-0.0242902
-8.68629e-05
0.0243654
-1.47166e-05
0.0245383
6.1043e-05
0.024241
0.000131108
0.0234048
0.000189735
0.0219864
0.000228524
0.0199772
0.000245652
0.0174657
0.000242894
0.0146185
0.000220141
0.0116507
0.000183823
0.00877527
0.000136796
0.00616014
7.93058e-05
0.00391354
1.24193e-05
0.00209659
-4.49249e-05
3.10263e-05
1.8136e-06
3.36352e-05
1.5562e-06
3.61527e-05
1.13712e-06
9.24318e-07
1.21869e-05
-1.14308e-05
1.28509e-05
1.34403e-05
3.28432e-05
3.35709e-05
-1.02202e-05
-1.21027e-05
-0.000537945
6.28043e-05
9.53669e-05
-4.38908e-06
9.02878e-05
-5.01035e-06
-0.00152165
9.86237e-05
9.96953e-05
-4.31964e-07
-4.85456e-07
9.65232e-05
-4.15614e-07
-3.53305e-07
-0.00292993
0.000134828
3.13359e-05
-1.02998e-07
3.10047e-05
-1.05885e-07
-3.07094e-05
3.04182e-05
-6.31493e-08
-8.51089e-08
-0.00475306
0.000170216
1.08443e-05
1.07447e-05
-1.06486e-05
1.05986e-05
-0.00695163
0.000207717
-0.00945146
0.000247346
-0.0121367
0.000281338
-0.0148533
0.000302438
-0.0174244
0.00030226
-0.0196872
0.000276106
-0.0215232
0.000226967
-0.0228811
0.000155032
-0.0237716
7.34792e-05
-0.0242089
-1.07963e-05
-0.0242135
-8.7863e-05
-0.0237481
-0.000146335
0.0238075
-8.82996e-05
0.024439
-1.7732e-05
0.0246171
5.52115e-05
0.0243169
0.000124763
0.0234698
0.000182065
0.0220329
0.000221689
0.0200011
0.000238851
0.0174698
0.000233614
0.014605
0.000209337
0.0116251
0.000171765
0.0087403
0.00012165
0.00611779
6.08188e-05
0.00386514
-1.47611e-06
7.81316e-06
9.36939e-06
1.05065e-05
3.00936e-05
2.6811e-05
-1.21854e-05
-1.18774e-05
-0.000556329
5.19543e-05
8.642e-05
-6.35259e-06
8.30031e-05
-8.68616e-06
-0.00154914
9.02949e-05
9.31275e-05
-4.27394e-07
-5.66135e-07
8.90793e-05
-5.85693e-07
-3.7659e-07
-0.00296285
0.000131542
3.00882e-05
-1.01962e-07
2.97064e-05
-1.03686e-07
-2.94379e-05
2.90829e-05
-6.06485e-08
-8.48156e-08
-0.00478996
0.000171735
1.04956e-05
1.03897e-05
-1.03046e-05
1.02414e-05
-0.0069921
0.000210682
-0.00949315
0.000249405
-0.0121722
0.000282781
-0.0148745
0.000302515
-0.0174248
0.000302846
-0.019663
0.00027803
-0.0214742
0.000227083
-0.0228115
0.00015738
-0.0236891
7.24779e-05
-0.0241213
-1.41582e-05
-0.0241341
-9.02349e-05
-0.0236861
-0.00014988
-0.0227055
-0.000181309
0.0227404
-0.000146219
0.0238655
-9.30118e-05
0.0245143
-2.5365e-05
0.0246976
4.80831e-05
0.0243935
0.000116042
0.0235358
0.000175291
0.0220793
0.000211767
0.0200282
0.000229115
0.0174743
0.000222697
0.0145917
0.000198727
0.0115982
0.000158847
0.0087031
0.000107734
0.00607088
4.89073e-05
1.92398e-05
3.01793e-05
-1.07635e-05
-8.56351e-06
-0.000573822
4.43031e-05
8.29472e-05
-1.21297e-05
8.29084e-05
-1.18389e-05
-0.0015768
7.96195e-05
8.43049e-05
-5.52571e-07
-1.02583e-06
7.88001e-05
-2.20499e-06
-9.76421e-07
-0.00299657
0.000124011
2.87606e-05
-1.05065e-07
2.83194e-05
-1.25011e-07
-2.80366e-05
2.75401e-05
-8.92734e-08
-9.3761e-08
-0.00482781
0.000169387
1.01394e-05
1.00357e-05
-9.95092e-06
9.89027e-06
-0.00703239
0.000212019
-0.00953332
0.000250853
-0.0122061
0.000283351
-0.0148956
0.000303871
-0.0174263
0.000304015
-0.0196397
0.000279638
-0.0214262
0.000230007
-0.0227416
0.000157189
-0.0236028
7.1115e-05
-0.0240332
-1.5617e-05
-0.0240519
-9.62698e-05
-0.0236204
-0.000155864
-0.0226673
-0.000188035
-0.0211274
-0.000190295
0.0211364
-0.000181884
0.0227761
-0.000151419
0.0239239
-0.000100082
0.024589
-3.31661e-05
0.0247789
4.08309e-05
0.0244687
0.000110671
0.0236005
0.000167465
0.0221236
0.00020495
0.0200524
0.000219908
0.017477
0.000215329
0.0145751
0.000189623
0.0115674
0.000150072
0.00866076
9.95682e-05
-1.06699e-06
3.54537e-05
-7.96915e-06
-7.1793e-06
-0.000592485
4.88416e-05
8.00999e-05
-7.95525e-06
7.61799e-05
-4.64381e-06
-0.00160522
7.27138e-05
7.64519e-05
-3.29515e-06
-6.48654e-06
7.50869e-05
-4.74462e-06
-5.72962e-06
-0.00303172
0.000114768
2.71325e-05
-1.45123e-07
2.63151e-05
-2.08473e-07
-2.5625e-05
2.39658e-05
-5.45848e-07
-2.86351e-07
-0.00486697
0.000163169
9.78519e-06
9.66017e-06
-9.56641e-06
9.47711e-06
-0.00707376
0.000210766
-0.0095735
0.000252195
-0.0122411
0.000285781
-0.0149173
0.000305017
-0.0174274
0.000304897
-0.0196157
0.000279932
-0.021376
0.000229425
-0.0226693
0.000157724
-0.0235161
7.05147e-05
-0.0239412
-2.08385e-05
-0.0239649
-0.000102688
-0.0235523
-0.000164374
-0.022625
-0.000198135
-0.021117
-0.000198468
-0.0190227
-0.000172241
0.0190046
-0.000187959
0.0211425
-0.000185476
0.0228101
-0.000157823
0.0239816
-0.000108391
0.0246642
-4.21801e-05
0.0248619
3.134e-05
0.0245481
0.000100941
0.023667
0.000158686
0.0221698
0.000197914
0.0200744
0.000213559
0.0174788
0.000206772
0.0145579
0.000183871
0.0115336
0.00014557
-2.45623e-05
3.81706e-05
-7.3094e-06
-7.36755e-06
-0.000614623
5.75899e-05
7.16928e-05
-3.48228e-06
6.73536e-05
-2.84054e-06
-0.00163272
7.63426e-05
7.01213e-05
-2.21625e-06
-7.73566e-07
6.5916e-05
-1.13303e-07
-3.25418e-07
-0.0030688
0.000109794
2.1938e-05
-1.26732e-06
1.80999e-05
-2.64854e-06
-1.67457e-05
1.2001e-05
-4.37538e-06
-0.0049092
0.000157003
9.33196e-06
9.12347e-06
-8.83712e-06
8.29125e-06
-0.00711694
0.000206344
-0.00961454
0.000251813
-0.0122749
0.000286019
-0.0149382
0.000306721
-0.0174288
0.000306409
-0.0195927
0.000281896
-0.0213267
0.00023061
-0.0225967
0.000156795
-0.0234279
6.95306e-05
-0.0238476
-2.30594e-05
-0.0238773
-0.000108385
-0.0234817
-0.000173305
-0.0225787
-0.000210722
-0.0211016
-0.000213544
-0.0190369
-0.000184243
-0.016476
-0.000134308
0.0164381
-0.00016953
0.0189862
-0.000193877
0.0211509
-0.000195162
0.0228475
-0.000169635
0.0240429
-0.000117889
0.0247399
-5.12018e-05
0.0249444
2.41029e-05
0.0246249
9.45486e-05
0.0237311
0.00015096
0.0222168
0.000190206
0.0200977
0.000206451
0.0174791
0.000202977
0.0145388
0.000180295
-4.85014e-05
3.82912e-05
-7.33793e-06
-7.01582e-06
-0.000639862
6.34084e-05
6.30495e-05
-3.00554e-06
5.88803e-05
-3.19881e-06
-0.00165987
8.47367e-05
6.27451e-05
-1.76153e-07
-1.35473e-07
6.00952e-05
-7.93156e-08
-1.11654e-07
-0.00310486
0.000112405
9.78473e-06
9.01114e-06
-8.68572e-06
8.57238e-06
-0.00495223
0.000152823
7.02393e-06
4.37538e-06
-0.00716203
0.00020209
-0.00965722
0.000249021
-0.0123099
0.000286783
-0.0149596
0.000307441
-0.0174297
0.000307656
-0.0195688
0.000282549
-0.0212762
0.000231441
-0.0225238
0.000157702
-0.0233393
6.81681e-05
-0.0237513
-2.68074e-05
-0.0237859
-0.000114501
-0.0234063
-0.000183759
-0.0225282
-0.000223813
-0.0210813
-0.000231047
-0.0190479
-0.000202524
-0.0165107
-0.000149609
-0.0136458
-8.44944e-05
0.013596
-0.000130436
0.016399
-0.000176543
0.0189688
-0.000205325
0.0211611
-0.000206938
0.0228848
-0.00018046
0.0241054
-0.000130675
0.0248194
-5.90695e-05
0.0250276
1.59448e-05
0.0247035
8.83767e-05
0.0237937
0.000147072
0.0222599
0.000185436
0.0201188
0.000205888
0.0174762
0.000200331
-6.914e-05
3.48542e-05
-7.18314e-06
-7.03413e-06
-0.000665075
6.35034e-05
5.56238e-05
-4.08145e-06
5.16909e-05
-1.39969e-06
-1.68363e-06
-0.0016877
9.12424e-05
5.73967e-05
-1.52977e-07
-1.54304e-07
5.44014e-05
-9.15364e-08
-1.12272e-07
-0.00313856
0.000118438
8.39619e-06
8.26069e-06
-8.14903e-06
8.06966e-06
-0.00499423
0.000154408
-0.00720853
0.000199329
-0.00970086
0.00024573
-0.0123461
0.000285282
-0.0149816
0.000308734
-0.0174318
0.00030958
-0.019545
0.000283899
-0.0212267
0.000233014
-0.0224506
0.000158248
-0.0232491
6.75386e-05
-0.0236533
-2.98253e-05
-0.0236928
-0.00011992
-0.0233272
-0.000193605
-0.0224735
-0.000238443
-0.0210568
-0.000248231
-0.0190542
-0.000224795
-0.0165406
-0.000172546
-0.0136914
-0.000104028
-0.010733
-3.35698e-05
0.010682
-7.98998e-05
0.0135454
-0.000138882
0.0163613
-0.000190741
0.0189543
-0.000220417
0.0211745
-0.000221704
0.022926
-0.000193379
0.0241681
-0.000139018
0.0248994
-6.78536e-05
0.0251114
9.14185e-06
0.0247828
8.17443e-05
0.023859
0.000141958
0.0223034
0.000184503
0.0201401
0.000201078
-8.08215e-05
2.59717e-05
-7.07136e-06
-7.22084e-06
-0.00068692
5.66985e-05
4.7807e-05
-1.64738e-06
-1.65196e-06
4.3339e-05
-1.26557e-06
-1.30089e-06
-0.00171533
9.11318e-05
2.72809e-05
-4.78334e-08
2.30915e-05
-4.6793e-09
2.74059e-05
-1.52483e-06
2.6553e-05
-8.30776e-07
-0.00317106
0.000123741
7.91664e-06
7.7623e-06
-7.65003e-06
7.55844e-06
-0.00503426
0.000158469
-0.00725435
0.00020022
-0.00974636
0.000244827
-0.0123846
0.000284241
-0.0150045
0.000308192
-0.0174334
0.000310311
-0.0195214
0.000285962
-0.021177
0.000234243
-0.022376
0.000158419
-0.0231574
6.65278e-05
-0.0235548
-3.09602e-05
-0.0235968
-0.000125755
-0.0232454
-0.00020173
-0.0224155
-0.000251564
-0.0210283
-0.000266999
-0.0190545
-0.00024785
-0.0165663
-0.000199163
-0.0137328
-0.000131138
-0.0107806
-5.64238e-05
-0.00793988
1.09062e-05
0.00789541
-2.80192e-05
0.0106302
-9.18395e-05
0.0134984
-0.00015804
0.0163286
-0.000209654
0.0189435
-0.000238192
0.021191
-0.000236459
0.0229691
-0.000204147
0.0242333
-0.000147201
0.0249787
-7.64125e-05
0.025197
4.00739e-06
0.0248605
7.83517e-05
0.0239226
0.000139824
0.0223481
0.000180167
-8.18233e-05
1.3176e-05
-6.43039e-06
-5.74568e-06
-0.000704202
4.32522e-05
3.9417e-05
-1.42404e-06
-1.72552e-06
3.58438e-05
-1.56196e-06
-2.08593e-06
-0.00174167
8.3039e-05
2.5795e-05
-8.89504e-07
2.49888e-05
-8.458e-07
2.43063e-05
-5.83165e-07
2.34735e-05
-4.68101e-07
-0.00320301
0.000123078
7.51059e-06
2.14991e-05
6.76259e-08
7.5059e-06
2.06939e-05
-2.57337e-08
-0.00507211
0.000161584
-0.0072987
0.000202828
-0.00979139
0.000245247
-0.0124234
0.000283603
-0.0150284
0.0003082
-0.0174351
0.000309865
-0.0194968
0.000285713
-0.0211251
0.000234055
-0.0223011
0.000159352
-0.0230653
6.62734e-05
-0.0234546
-3.3631e-05
-0.0234992
-0.000128624
-0.023162
-0.000209207
-0.0223552
-0.000262092
-0.0209973
-0.000282593
-0.0190532
-0.000268338
-0.0165895
-0.0002246
-0.0137709
-0.000161054
-0.0108227
-8.90082e-05
-0.00797852
-1.77826e-05
-0.00543066
4.20001e-05
0.00539957
1.78866e-05
0.0078495
-4.30234e-05
0.0105813
-0.000115535
0.0134559
-0.000181718
0.0163007
-0.000230858
0.0189362
-0.000255031
0.0212096
-0.000249186
0.0230142
-0.000214762
0.0243008
-0.000155123
0.0250574
-7.99497e-05
0.0252809
-1.02587e-06
0.0249399
7.55237e-05
0.0239869
0.000136235
-8.62872e-05
1.53789e-05
-5.87701e-06
-5.03999e-06
-0.000720734
2.97071e-05
3.52876e-05
-2.3955e-06
-3.47885e-06
3.7029e-05
-3.74485e-06
-3.74267e-06
-0.00176778
6.93644e-05
2.27738e-05
-7.24455e-07
2.19066e-05
-8.58321e-07
2.11269e-05
-7.82249e-07
2.00211e-05
-9.80159e-07
-0.00323587
0.000115903
1.99952e-05
-1.90902e-07
1.93477e-05
-1.98347e-07
1.89197e-05
-1.5519e-07
1.85212e-05
-6.96971e-08
-0.00511031
0.000161283
7.5735e-06
7.54773e-06
-0.00734165
0.000204532
-0.0098352
0.000246641
-0.0124623
0.00028414
-0.0150528
0.000307914
-0.0174388
0.000311913
-0.0194752
0.000288216
-0.0210762
0.000236802
-0.022227
0.000159931
-0.0229727
6.67867e-05
-0.023354
-3.44064e-05
-0.0234009
-0.000131885
-0.0230768
-0.000213811
-0.0222934
-0.00027101
-0.0209634
-0.000295905
-0.0190488
-0.000286987
-0.0166105
-0.000247336
-0.0138075
-0.000188001
-0.0108638
-0.00011993
-0.0080146
-5.29308e-05
-0.00545485
6.4041e-06
-0.00332059
5.52843e-05
0.0033073
5.14599e-05
0.00536599
-2.73286e-06
0.00780921
-7.30698e-05
0.0105389
-0.000143283
0.0134175
-0.000205868
0.0162757
-0.000250392
0.0189315
-0.000270013
0.0212304
-0.000259844
0.0230592
-0.000222033
0.0243677
-0.000160418
0.0251379
-8.43569e-05
0.0253642
-1.42213e-06
0.0250168
7.2482e-05
-0.000102208
2.52828e-05
-4.92322e-06
-4.44096e-06
-0.000737131
3.17748e-05
3.71239e-05
-3.59253e-06
-2.37965e-06
3.43951e-05
-1.51308e-06
-7.98651e-07
-0.00179608
5.8e-05
1.92582e-05
-1.63275e-06
1.82254e-05
-2.44607e-06
1.79273e-05
-3.44679e-06
1.74665e-05
-3.28203e-06
-0.00327052
0.000104015
1.79745e-05
-1.77791e-07
1.73082e-05
-1.921e-07
1.67268e-05
-2.00831e-07
1.59548e-05
-2.08227e-07
-0.00514926
0.000154853
7.35679e-06
7.15844e-06
7.00323e-06
6.93351e-06
-0.00738331
0.000202945
-0.00987861
0.000247942
-0.0125001
0.00028449
-0.0150768
0.000308215
-0.0174418
0.000310879
-0.0194506
0.000287322
-0.021025
0.000237031
-0.0221514
0.000161274
-0.0228809
6.80808e-05
-0.0232528
-3.4407e-05
-0.0233021
-0.000133271
-0.0229898
-0.000218829
-0.0222278
-0.000279347
-0.0209266
-0.000307826
-0.0190427
-0.000302055
-0.0166302
-0.000267301
-0.013843
-0.000211877
-0.0109051
-0.000146722
-0.00805129
-8.32478e-05
-0.00547902
-2.87615e-05
-0.00332756
1.33822e-05
-0.0016761
1.51172e-05
0.00168376
3.25025e-05
6.89393e-05
0.00328982
2.43261e-05
0.00533893
-3.73843e-05
0.00777352
-0.000104225
0.0104998
-0.000170718
0.0133823
-0.000227199
0.0162525
-0.000267491
0.018929
-0.000281365
0.0212519
-0.000268375
0.0231056
-0.000226807
0.0244341
-0.000164315
0.0252178
-8.58922e-05
0.0254487
-5.9416e-06
-0.000123439
2.99668e-05
-4.48066e-06
-4.25604e-06
-0.000755526
4.36768e-05
3.10332e-05
-8.62618e-07
-6.98908e-07
2.75013e-05
-5.15691e-07
-3.93852e-07
-0.00182295
5.86458e-05
1.69325e-05
-3.05867e-06
1.61027e-05
-1.54988e-06
1.51811e-05
-5.91568e-07
1.45736e-05
-1.91257e-07
-0.00330768
9.51514e-05
1.48124e-05
-4.90498e-07
1.32791e-05
-9.12748e-07
1.1586e-05
-1.75375e-06
1.13013e-05
-2.99746e-06
-0.00519147
0.000146218
6.75569e-06
6.56359e-06
6.36275e-06
6.1545e-06
-0.00742785
0.000199385
-0.0099233
0.000247636
-0.0125376
0.000285371
-0.0151023
0.000309972
-0.0174459
0.000312377
-0.0194289
0.00028923
-0.0209757
0.000238029
-0.0220778
0.000163414
-0.0227874
6.78527e-05
-0.0231511
-3.36291e-05
-0.0232014
-0.00013504
-0.0229011
-0.000222034
-0.0221617
-0.000284966
-0.0208896
-0.000316371
-0.0190362
-0.000314267
-0.0166494
-0.000282855
-0.0138807
-0.000229558
-0.0109496
-0.000167369
-0.00809214
-0.000105867
-0.00550837
-5.3892e-05
-0.00334009
-1.62326e-05
-0.0016688
-2.83569e-06
8.92445e-06
0.000408363
-0.00040308
9.83382e-06
3.78881e-05
0.001685
2.98145e-05
0.000417614
2.32515e-05
3.28419e-05
0.00328131
-1.50585e-05
0.00531661
-7.08598e-05
0.00774016
-0.000132268
0.0104614
-0.000193035
0.0133481
-0.000245128
0.0162301
-0.000279857
0.0189275
-0.000290844
0.0212744
-0.000274588
0.0231534
-0.000231288
0.0245011
-0.000165711
0.0252977
-8.8411e-05
-0.000144782
3.01942e-05
-4.50425e-06
-4.34832e-06
-0.000776985
5.14255e-05
2.42309e-05
-6.02276e-07
-6.08205e-07
2.08023e-05
-4.4261e-07
-3.8527e-07
-0.0018476
6.83309e-05
1.39735e-05
-2.62642e-07
1.35038e-05
-2.29324e-07
1.30834e-05
-9.52909e-08
1.26973e-05
-7.91568e-09
-0.00334417
9.51435e-05
8.24262e-06
6.69272e-06
6.10113e-06
5.90983e-06
-0.00523598
0.000139666
5.66398e-06
4.75122e-06
2.99746e-06
-0.00747398
0.000192355
-0.00996764
0.000243728
-0.0125746
0.000284655
-0.0151259
0.000308971
-0.0174486
0.000312665
-0.0194063
0.00028978
-0.0209252
0.000238682
-0.0220027
0.000162925
-0.0226936
6.95697e-05
-0.02305
-3.32186e-05
-0.0231002
-0.000134896
-0.0228127
-0.000223403
-0.0220938
-0.000289934
-0.0208502
-0.000324398
-0.0190273
-0.000325253
-0.0166683
-0.000295363
-0.0139186
-0.000244954
-0.0109958
-0.00018336
-0.00813723
-0.000122283
-0.00554398
-7.02641e-05
-0.00336188
-3.21095e-05
-0.00167498
-8.03955e-06
-2.01549e-06
0.000396792
-0.000398485
-1.14339e-06
2.63695e-06
0.000191804
-0.000184576
3.12899e-07
2.29337e-06
0.000424537
3.09648e-05
1.93959e-05
0.00169489
3.54986e-06
0.000432098
2.22541e-05
0.000202229
8.51411e-06
4.31208e-06
-6.36806e-06
0.00327261
-4.63461e-05
0.00529209
-9.69509e-05
0.00770484
-0.000154136
0.0104225
-0.000210974
0.013314
-0.00025911
0.0162094
-0.000289931
0.0189266
-0.00029741
0.0212972
-0.000277749
0.0231998
-0.00023241
0.0245678
-0.000168479
-0.000160659
2.52158e-05
-4.83586e-06
-4.50422e-06
-0.000798149
5.13576e-05
1.75117e-05
-5.84328e-07
-6.29553e-07
1.40105e-05
-4.43715e-07
-4.03756e-07
-0.00187174
7.55657e-05
1.22676e-05
-1.72748e-07
1.18571e-05
-1.97692e-07
1.14926e-05
-7.81491e-08
1.10984e-05
8.79224e-09
-0.00337623
0.000100382
5.64715e-06
5.41782e-06
5.32251e-06
5.31455e-06
-0.00527882
0.000137978
-0.00752208
0.000187766
-0.0100145
0.000239164
-0.0126132
0.000282285
-0.0151507
0.000309467
-0.0174533
0.000313686
-0.0193837
0.000290049
-0.0208755
0.000240117
-0.0219295
0.000165501
-0.0226028
7.20945e-05
-0.0229484
-3.20152e-05
-0.0229994
-0.000133966
-0.0227236
-0.000224007
-0.0220262
-0.000291037
-0.0208112
-0.000328912
-0.0190193
-0.00033239
-0.0166874
-0.000306163
-0.0139578
-0.000256175
-0.0110453
-0.000195449
-0.00818641
-0.000134177
-0.00558547
-8.07906e-05
-0.00339169
-4.04517e-05
-0.00169205
-9.3351e-06
-5.70806e-06
0.000398211
-0.000402915
-3.33572e-06
-2.28953e-06
0.000181698
-0.000182182
-4.93292e-07
-1.65745e-07
2.19253e-07
-4.6126e-07
3.51717e-05
-3.49185e-05
5.95962e-08
3.6964e-05
5.00973e-07
0.00021034
1.19334e-05
1.09203e-05
0.000441435
1.00582e-05
7.20207e-07
0.00169556
-7.75379e-06
0.000443067
1.91811e-06
0.00022083
3.53593e-06
8.22842e-06
-3.94648e-05
4.34636e-05
4.51518e-06
1.81131e-06
-2.97187e-05
0.00325599
-6.68474e-05
0.00526199
-0.00011573
0.00766643
-0.000170192
0.0103817
-0.000223736
0.0132786
-0.000268085
0.0161876
-0.000295284
0.0189244
-0.000299655
0.0213191
-0.000278552
0.023246
-0.000233753
-0.000164673
1.07562e-05
-4.3067e-06
-2.43739e-06
-0.000814693
4.17598e-05
1.05159e-05
-6.3274e-07
-7.08698e-07
7.05085e-06
-5.19947e-07
-5.19544e-07
-0.00189446
7.40713e-05
1.06884e-05
-1.74455e-07
1.02634e-05
-2.04596e-07
9.89947e-06
-7.9855e-08
9.4851e-06
1.05169e-08
-0.00340557
0.000104911
5.14177e-06
4.94407e-06
4.86591e-06
4.87466e-06
-0.00531824
0.000139809
-0.00756891
0.000184802
-0.0100615
0.000234857
-0.0126537
0.000279684
-0.0151756
0.000307177
-0.0174564
0.000312506
-0.0193611
0.000291073
-0.0208267
0.00024124
-0.021856
0.000166599
-0.0225104
7.30978e-05
-0.0228475
-2.8841e-05
-0.0228992
-0.000132238
-0.0226337
-0.000223856
-0.0219566
-0.000293552
-0.0207694
-0.000332816
-0.0190092
-0.000339014
-0.0167068
-0.000312939
-0.0139985
-0.000265453
-0.0110972
-0.000204329
-0.00823924
-0.00014262
-0.00563213
-8.75211e-05
-0.00342739
-4.50909e-05
-0.00171566
-9.69695e-06
-7.14465e-06
0.000405202
-0.000410715
-3.82216e-06
-3.42077e-06
0.000183571
-0.000186049
-5.01125e-07
-3.56178e-07
-3.47851e-07
-5.53174e-07
3.50926e-05
-3.54876e-05
-9.83615e-08
3.50021e-05
-7.52905e-08
-3.46468e-05
-5.24561e-08
-1.05959e-07
7.88667e-06
-7.82711e-06
8.38762e-06
4.78081e-05
7.58885e-06
5.16299e-05
7.09859e-06
0.000228215
2.52066e-06
1.52172e-07
0.000445427
-1.64013e-06
-6.49315e-06
0.00168318
-1.08465e-05
0.000441766
-4.09263e-06
0.000230767
-8.73175e-07
2.39839e-07
-5.5891e-05
5.77097e-05
1.71719e-06
3.96731e-06
-1.01989e-05
1.47141e-05
-4.18291e-05
0.00323097
-7.98852e-05
0.00522614
-0.00012799
0.00762423
-0.000181619
0.0103396
-0.000232194
0.0132427
-0.000273313
0.0161656
-0.000297916
0.0189227
-0.000299427
0.02134
-0.000279393
-0.000163973
-4.6977e-08
-7.11517e-09
-6.47438e-07
-0.00082832
2.43816e-05
4.42365e-06
-7.43735e-07
-9.35974e-07
3.95343e-06
-8.56901e-07
-1.11053e-06
-0.00191629
6.35891e-05
9.03945e-06
-1.87217e-07
8.55489e-06
-2.24204e-07
8.13466e-06
-9.97382e-08
7.63671e-06
-2.16917e-08
-0.00343452
0.000103019
4.70017e-06
4.49558e-06
4.41571e-06
4.42619e-06
-0.005355
0.000141667
-0.00761463
0.000185529
-0.0101095
0.000232761
-0.0126948
0.000276025
-0.0152014
0.000305484
-0.0174603
0.000311094
-0.0193383
0.00028973
-0.0207766
0.000240936
-0.0217821
0.000167361
-0.0224187
7.49188e-05
-0.0227472
-2.7178e-05
-0.0227995
-0.000128547
-0.0225442
-0.000221787
-0.0218883
-0.000292129
-0.0207289
-0.000334094
-0.0189995
-0.000342496
-0.0167265
-0.000319339
-0.0140394
-0.000272076
-0.0111508
-0.000211776
-0.00829443
-0.000149143
-0.0056821
-9.26476e-05
-0.00346703
-4.7879e-05
-0.00174307
-9.82528e-06
-7.85403e-06
0.000414101
-0.000419831
-3.96704e-06
-3.75919e-06
0.000188484
-0.000191418
-4.89736e-07
-3.98116e-07
-4.37369e-07
-5.48533e-07
3.64282e-05
-3.68291e-05
-1.00243e-07
3.6161e-05
-8.89324e-08
-3.57227e-05
-1.12701e-07
-1.14932e-07
8.06084e-06
-8.15922e-06
7.98554e-06
-7.87958e-06
1.87729e-05
3.53004e-06
2.37197e-05
2.15172e-06
5.95144e-05
7.15949e-07
5.95942e-05
7.2426e-08
0.000230639
-4.61176e-07
-1.05175e-06
0.000439911
-4.63824e-06
-9.08776e-06
0.00166199
-1.15575e-05
0.000434529
-5.46379e-06
0.00022855
-1.17394e-06
-8.29733e-07
-5.9977e-05
5.94809e-05
-3.77124e-07
-1.4296e-07
-2.691e-05
2.84352e-05
1.91937e-07
7.77064e-07
-4.81457e-05
0.00319923
-8.79162e-05
0.00518607
-0.00013688
0.00757949
-0.000188916
0.0102963
-0.000238013
0.0132074
-0.000277348
0.016145
-0.000297306
0.0189206
-0.000301035
-0.000177509
1.91822e-05
-2.68846e-06
-2.96003e-06
-0.000843335
1.49678e-05
6.55827e-06
-1.47736e-06
-1.13479e-06
7.93984e-06
-1.35686e-06
-6.72504e-07
-0.00193966
4.77562e-05
7.13162e-06
-2.38758e-07
6.50286e-06
-3.07264e-07
5.93012e-06
-2.8416e-07
5.28365e-06
-4.64107e-07
-0.00346379
9.28583e-05
4.23894e-06
4.01474e-06
3.91499e-06
3.89326e-06
-0.00539139
0.00013941
-0.00765768
0.000184712
-0.0101557
0.00023168
-0.0127357
0.000273585
-0.015228
0.000302649
-0.0174642
0.000309388
-0.0193164
0.000289153
-0.0207272
0.000240336
-0.021709
0.000167799
-0.0223289
7.75731e-05
-0.0226488
-2.3524e-05
-0.0227003
-0.000126346
-0.0224549
-0.000217782
-0.0218202
-0.000289922
-0.0206873
-0.000333668
-0.0189891
-0.000344496
-0.0167452
-0.000323804
-0.0140808
-0.000277851
-0.0112052
-0.000217671
-0.00835258
-0.000153625
-0.0057354
-9.58488e-05
-0.00350988
-4.98033e-05
-0.00177275
-9.90252e-06
-8.29447e-06
0.000423773
-0.000429562
-4.03611e-06
-3.91169e-06
0.000194169
-0.000197241
-4.82325e-07
-4.12432e-07
-4.65309e-07
-5.43051e-07
3.78841e-05
-3.82761e-05
-9.76954e-08
3.75784e-05
-9.22977e-08
-3.71461e-05
-1.20305e-07
-1.16272e-07
8.47577e-06
-8.576e-06
8.38684e-06
-8.27191e-06
3.53004e-06
5.68176e-06
2.91172e-05
3.40312e-08
2.92483e-05
-5.87161e-08
5.93707e-05
-3.50919e-07
5.87475e-05
-4.28554e-07
0.000225891
-8.80133e-07
-1.09855e-06
0.00043084
-5.39977e-06
-1.01877e-05
0.00163574
-1.1706e-05
0.000425039
-5.75586e-06
0.000222575
-1.14774e-06
-9.99736e-07
-5.83544e-05
5.76823e-05
-5.01786e-07
-4.36651e-07
-2.91835e-05
2.8921e-05
-1.14647e-07
-7.81509e-08
-6.45883e-06
6.65077e-06
-5.17546e-05
0.00316307
-9.32798e-05
0.00514247
-0.000142699
0.00753327
-0.000194426
0.0102527
-0.000241479
0.0131716
-0.000275371
0.0161231
-0.000300265
3.69952e-05
-1.87781e-06
-1.41927e-06
-6.52179e-05
-0.00014599
-0.000854386
3.02324e-05
5.94229e-06
-4.07675e-07
-2.83456e-07
3.26868e-06
-1.64671e-07
-1.22121e-07
-0.00196462
3.99247e-05
4.86666e-06
-1.06045e-06
5.27029e-06
-1.53846e-06
3.9134e-06
3.24084e-06
-0.00349598
7.99442e-05
3.65448e-06
3.34721e-06
3.06305e-06
2.59893e-06
-0.00542919
0.000130659
-0.00770035
0.000182089
-0.0102008
0.000229834
-0.0127764
0.000272418
-0.0152557
0.000301284
-0.017469
0.000307414
-0.0192942
0.000287222
-0.0206774
0.000239423
-0.0216354
0.000166757
-0.0222398
7.8729e-05
-0.0225498
-2.13729e-05
-0.0226028
-0.000120991
-0.0223683
-0.000212957
-0.0217511
-0.000286921
-0.0206457
-0.000331515
-0.0189778
-0.000344979
-0.0167635
-0.000326257
-0.0141232
-0.000281401
-0.0112616
-0.000221486
-0.00841258
-0.000157673
-0.00579044
-9.85765e-05
-0.00355451
-5.12185e-05
-0.00180397
-9.96936e-06
-8.61508e-06
0.000433846
-0.000439665
-4.08365e-06
-4.0102e-06
0.000200131
-0.000203267
-4.78503e-07
-4.21645e-07
-4.79577e-07
-5.41923e-07
3.93647e-05
-3.97512e-05
-9.58338e-08
3.90458e-05
-9.34054e-08
-3.86182e-05
-1.2323e-07
-1.15437e-07
8.90485e-06
-9.00251e-06
8.81256e-06
-8.69629e-06
6.6848e-06
6.62609e-06
2.86574e-05
-8.72543e-08
2.83409e-05
-1.12047e-07
5.72365e-05
-4.34324e-07
5.65886e-05
-4.50634e-07
0.000219193
-9.58332e-07
-1.05941e-06
0.000420483
-5.63178e-06
-1.08023e-05
0.00160657
-1.17779e-05
0.000414605
-5.82814e-06
0.000215573
-1.10599e-06
-1.02984e-06
-5.60467e-05
5.53918e-05
-4.92849e-07
-4.57845e-07
-2.80079e-05
2.76301e-05
-1.24037e-07
-1.03614e-07
-6.54794e-06
6.4333e-06
-5.43593e-05
0.00312415
-9.77408e-05
0.00509751
-0.000147532
0.00748638
-0.000197832
0.0102091
-0.000240972
0.0131372
-0.000281071
-0.000859895
4.25009e-05
1.60136e-06
-1.07889e-07
-1.02971e-07
3.48073e-07
-9.1499e-08
-7.48644e-08
-8.43645e-07
-5.6351e-06
-5.87398e-05
1.91617e-05
-0.000165997
-0.00198195
4.75593e-05
2.83313e-06
2.54968e-06
2.38499e-06
2.26282e-06
-0.00352922
7.31667e-05
1.53846e-06
-0.00546989
0.000120646
-0.00774502
0.000175321
-0.0102452
0.000226539
-0.0128161
0.00026954
-0.0152812
0.000297885
-0.0174728
0.000305137
-0.0192718
0.000284996
-0.0206273
0.000237078
-0.0215637
0.000167719
-0.0221515
7.83806e-05
-0.0224515
-1.95516e-05
-0.0225071
-0.000117113
-0.022282
-0.000207276
-0.0216842
-0.000279859
-0.0206051
-0.000327563
-0.0189673
-0.000342073
-0.0167818
-0.000326617
-0.0141656
-0.00028393
-0.011318
-0.000225045
-0.00847315
-0.000160913
-0.00584707
-0.000101049
-0.00360069
-5.23959e-05
-0.00183626
-1.00412e-05
-8.88479e-06
0.000444188
-0.000450022
-4.13524e-06
-4.0925e-06
0.000206242
-0.000209418
-4.78461e-07
-4.29048e-07
-4.90731e-07
-5.43922e-07
4.08594e-05
-4.12425e-05
-9.52932e-08
4.05312e-05
-9.34412e-08
-4.01052e-05
-1.25438e-07
-1.15914e-07
9.33455e-06
-9.43034e-06
9.24116e-06
-9.12572e-06
6.34605e-06
6.23401e-06
2.72864e-05
-9.06259e-08
2.69461e-05
-1.10224e-07
5.48707e-05
-4.37195e-07
5.42523e-05
-4.4096e-07
0.000211951
-9.78169e-07
-1.03212e-06
0.000409559
-5.75577e-06
-1.13302e-05
0.00157551
-1.19773e-05
0.000403672
-5.89088e-06
0.000208244
-1.08126e-06
-1.03948e-06
-5.36734e-05
5.30448e-05
-4.77415e-07
-4.50928e-07
-2.65891e-05
2.62156e-05
-1.19297e-07
-1.00905e-07
-6.13039e-06
6.00637e-06
-5.71311e-05
0.00308354
-0.000102203
0.00505218
-0.000152344
0.00744089
-0.000199719
0.0101678
-0.000249874
-1.33073e-05
4.03589e-05
-0.00199571
5.62643e-05
2.15489e-06
2.05192e-06
-7.6389e-08
-5.02158e-08
3.13018e-07
-5.47389e-06
1.96038e-06
1.88545e-06
4.56506e-06
-1.32148e-06
-9.13985e-07
-6.10702e-05
-0.000174739
-0.00355763
7.59661e-05
-0.00551132
0.000114592
-0.00779172
0.000167346
-0.010291
0.000221117
-0.012856
0.000266452
-0.0153068
0.000295147
-0.0174775
0.000302618
-0.0192491
0.000282469
-0.0205779
0.000235559
-0.0214904
0.000163721
-0.0220614
7.77084e-05
-0.0223563
-1.68684e-05
-0.0224131
-0.000113545
-0.0221984
-0.000200748
-0.0216184
-0.00027301
-0.0205652
-0.000319767
-0.0189564
-0.000338394
-0.0167999
-0.000323994
-0.0142074
-0.000284746
-0.011374
-0.00022785
-0.0085349
-0.000163293
-0.00590524
-0.000102739
-0.00364831
-5.34227e-05
-0.00186941
-1.01251e-05
-9.12196e-06
0.000454741
-0.000460599
-4.18249e-06
-4.16535e-06
0.000212462
-0.00021568
-4.80668e-07
-4.35977e-07
-5.00664e-07
-5.48349e-07
4.23674e-05
-4.27504e-05
-9.53238e-08
4.20328e-05
-9.43568e-08
-4.16055e-05
-1.27709e-07
-1.16593e-07
9.76509e-06
-9.86034e-06
9.67167e-06
-9.55576e-06
5.91574e-06
5.80552e-06
2.5866e-05
-8.75791e-08
2.55307e-05
-1.05705e-07
5.24997e-05
-4.33048e-07
5.18979e-05
-4.30272e-07
0.000204499
-9.89758e-07
-1.02132e-06
0.000398248
-5.9069e-06
-1.20695e-05
0.00154301
-1.25558e-05
0.000392325
-6.05426e-06
0.000200734
-1.07322e-06
-1.05212e-06
-5.13053e-05
5.06947e-05
-4.70612e-07
-4.46857e-07
-2.51771e-05
2.48151e-05
-1.15358e-07
-9.73043e-08
-5.70462e-06
5.58533e-06
-6.11944e-05
0.00304253
-0.000108099
0.00500794
-0.000157182
0.00739836
-0.000211611
5.35489e-05
-0.00358083
7.94622e-05
1.80902e-06
1.75876e-06
-2.16832e-07
-1.01568e-07
6.31197e-07
-7.01228e-06
-6.45924e-08
-7.86178e-06
6.18064e-06
-1.36721e-06
-1.37341e-06
-0.00554897
0.000113619
-0.0078382
0.000161073
-0.010339
0.000215348
-0.0128965
0.000261571
-0.0153325
0.00029218
-0.0174812
0.000298821
-0.0192251
0.000278582
-0.0205269
0.000231467
-0.0214165
0.000161729
-0.0219745
7.67369e-05
-0.0222617
-1.68552e-05
-0.0223197
-0.000110285
-0.0221163
-0.000195639
-0.021555
-0.00026421
-0.0205271
-0.000311099
-0.0189459
-0.000330269
-0.0168176
-0.000320682
-0.0142477
-0.000283736
-0.0114305
-0.000228301
-0.00859763
-0.000165122
-0.0059639
-0.000104636
-0.00369669
-5.43677e-05
-0.00190327
-1.02117e-05
-9.35505e-06
0.000465481
-0.000471368
-4.23766e-06
-4.24064e-06
0.000218782
-0.000222037
-4.84694e-07
-4.42585e-07
-5.10473e-07
-5.5335e-07
4.38926e-05
-4.42775e-05
-9.56971e-08
4.35518e-05
-9.51346e-08
-4.31212e-05
-1.29869e-07
-1.17706e-07
1.0199e-05
-1.02942e-05
1.01046e-05
-9.98803e-06
5.49776e-06
5.39206e-06
2.44675e-05
-8.53987e-08
2.41412e-05
-1.03886e-07
5.01352e-05
-4.30206e-07
4.95411e-05
-4.27145e-07
0.00019687
-1.01304e-06
-1.0296e-06
0.00038648
-6.22462e-06
-1.34154e-05
0.00150919
-1.39561e-05
0.000380396
-6.471e-06
0.000192991
-1.09394e-06
-1.08144e-06
-4.89364e-05
4.83318e-05
-4.68532e-07
-4.47422e-07
-2.37892e-05
2.34304e-05
-1.1179e-07
-9.48665e-08
-5.29476e-06
5.17942e-06
-6.7868e-05
0.0030023
-0.000116389
0.00496715
-0.000171526
7.53943e-05
-0.00558263
0.000113124
1.65715e-06
1.0751e-07
4.58974e-07
-8.69774e-06
-5.31397e-07
-6.00976e-07
-0.00788355
0.000158977
-0.0103884
0.000210436
-0.0129383
0.00025713
-0.0153599
0.000288978
-0.0174848
0.000295767
-0.0192018
0.000275503
-0.0204754
0.000227072
-0.0213433
0.000158276
-0.0218846
7.18919e-05
-0.0221655
-1.95156e-05
-0.0222281
-0.000108483
-0.0220369
-0.000189651
-0.0214961
-0.000254518
-0.0204918
-0.000299468
-0.0189386
-0.000318467
-0.0168361
-0.000311809
-0.0142882
-0.000280165
-0.0114864
-0.000227846
-0.00865923
-0.000166698
-0.00602309
-0.000105933
-0.00374605
-5.52673e-05
-0.00193774
-1.0306e-05
-9.58644e-06
0.000476407
-0.000482323
-4.29517e-06
-4.31601e-06
0.000225198
-0.000228497
-4.88198e-07
-4.50379e-07
-5.20333e-07
-5.59072e-07
4.5436e-05
-4.58249e-05
-9.57642e-08
4.50901e-05
-9.65845e-08
-4.46552e-05
-1.32676e-07
-1.18455e-07
1.06369e-05
-1.07326e-05
1.05418e-05
-1.04241e-05
5.09404e-06
4.99017e-06
2.30858e-05
-8.55527e-08
2.27619e-05
-1.03128e-07
4.77546e-05
-4.35737e-07
4.71577e-05
-4.32625e-07
0.000188907
-1.06491e-06
-1.07542e-06
0.000373922
-6.94174e-06
-1.60558e-05
0.00147429
-1.69156e-05
0.000367448
-7.4823e-06
0.000184767
-1.17113e-06
-1.16054e-06
-4.65335e-05
4.5917e-05
-4.77309e-07
-4.57262e-07
-2.24088e-05
2.20517e-05
-1.11357e-07
-9.43076e-08
-4.8953e-06
4.78355e-06
-7.81264e-05
0.00296404
-0.000131919
0.000108572
-0.00792636
0.000155923
1.76463e-06
2.11751e-08
-9.37145e-08
-1.0153e-07
-0.0104351
0.000205725
-0.0129802
0.000252333
-0.0153864
0.000283619
-0.0174872
0.000291424
-0.0191771
0.000271034
-0.0204234
0.000223519
-0.0212684
0.00015216
-0.0217943
6.79318e-05
-0.0220711
-2.24719e-05
-0.0221371
-0.000110499
-0.021958
-0.000187383
-0.0214385
-0.000247238
-0.0204594
-0.000286932
-0.0189323
-0.000305728
-0.0168541
-0.000300405
-0.0143282
-0.000271848
-0.0115412
-0.000225332
-0.00872055
-0.000166531
-0.00608274
-0.000107044
-0.00379588
-5.61088e-05
-0.00197279
-1.04024e-05
-9.81667e-06
0.000487516
-0.000493468
-4.35411e-06
-4.39339e-06
0.000231715
-0.000235059
-4.92089e-07
-4.58941e-07
-5.31128e-07
-5.66664e-07
4.70012e-05
-4.73929e-05
-9.6491e-08
4.66486e-05
-9.7765e-08
-4.621e-05
-1.35226e-07
-1.20446e-07
1.10802e-05
-1.1176e-05
1.09837e-05
-1.08652e-05
4.69803e-06
4.59493e-06
2.17019e-05
-8.58581e-08
2.13731e-05
-1.03693e-07
4.53076e-05
-4.55452e-07
4.46865e-05
-4.54265e-07
0.000180233
-1.19675e-06
-1.21015e-06
0.000359934
-8.54188e-06
-2.08666e-05
0.00143896
-2.19295e-05
0.000352694
-9.6746e-06
0.000175494
-1.38332e-06
-1.36069e-06
-4.40145e-05
4.33558e-05
-5.12326e-07
-4.88545e-07
-2.10119e-05
2.06478e-05
-1.13161e-07
-9.60198e-08
-4.50062e-06
4.38932e-06
-9.24784e-05
0.00015051
-0.0104813
0.000202095
1.67088e-06
-0.0130224
0.000247976
-0.015413
0.000278879
-0.0174904
0.000286808
-0.0191508
0.000265174
-0.0203697
0.000217372
-0.0211906
0.000145722
-0.0217034
6.12876e-05
-0.0219739
-2.93043e-05
-0.0220444
-0.000115154
-0.021882
-0.000186515
-0.0213846
-0.000241295
-0.0204311
-0.000275539
-0.018931
-0.000288238
-0.0168767
-0.000283158
-0.0143679
-0.000260668
-0.0115935
-0.000219579
-0.00878064
-0.000165237
-0.00614167
-0.000107597
-0.00384609
-5.68299e-05
-0.00200834
-1.0492e-05
-1.00613e-05
0.000498811
-0.000504792
-4.42205e-06
-4.47356e-06
0.000238337
-0.000241726
-4.9774e-07
-4.66878e-07
-5.42691e-07
-5.73362e-07
4.85905e-05
-4.89852e-05
-9.7329e-08
4.82306e-05
-9.90867e-08
-4.7786e-05
-1.37985e-07
-1.22121e-07
1.15294e-05
-1.16259e-05
1.14316e-05
-1.13112e-05
4.30349e-06
4.19983e-06
2.02825e-05
-9.0018e-08
1.99362e-05
-1.07915e-07
4.26684e-05
-5.09322e-07
4.19763e-05
-5.1793e-07
0.00017003
-1.52106e-06
-1.55572e-06
0.000343596
-1.17667e-05
-2.60689e-05
-2.64148e-05
0.000335355
-1.36874e-05
0.000164117
-1.91303e-06
-1.84885e-06
-4.11903e-05
4.042e-05
-6.12905e-07
-5.74676e-07
-1.95503e-05
1.91584e-05
-1.20329e-07
-1.02582e-07
-4.10381e-06
3.99071e-06
0.000196887
-0.0130645
0.000244141
-0.0154397
0.000274744
-0.0174935
0.000281917
-0.0191252
0.00026124
-0.0203154
0.000210905
-0.0211134
0.000140161
-0.0216108
5.31284e-05
-0.0218761
-3.64337e-05
-0.0219524
-0.000121285
-0.0218043
-0.000192864
-0.02133
-0.000241123
-0.0204061
-0.000266355
-0.0189349
-0.000271662
-0.016901
-0.000263965
-0.0144081
-0.00024302
-0.0116453
-0.000208805
-0.00883906
-0.00016116
-0.00619959
-0.000107315
-0.00389627
-5.74117e-05
-0.00204429
-1.05737e-05
-1.03136e-05
0.000510298
-0.000516304
-4.48588e-06
-4.55477e-06
0.000245062
-0.000248506
-5.02544e-07
-4.75498e-07
-5.53825e-07
-5.83603e-07
5.02029e-05
-5.06024e-05
-9.83184e-08
4.98365e-05
-1.00516e-07
-4.9387e-05
-1.409e-07
-1.23882e-07
1.19851e-05
-1.20824e-05
1.1886e-05
-1.17639e-05
3.90073e-06
3.79285e-06
1.87515e-05
-1.02359e-07
1.83558e-05
-1.22092e-07
3.95516e-05
-6.52601e-07
3.86846e-05
-6.88622e-07
0.000157021
-2.28216e-06
-2.3873e-06
0.000325768
-1.64814e-05
-1.84442e-05
0.000149438
-3.13236e-06
-2.97161e-06
-3.76355e-05
3.66054e-05
-8.82786e-07
-7.99699e-07
-1.79029e-05
1.74336e-05
-1.43476e-07
-1.21808e-07
-3.69027e-06
3.57001e-06
0.000238456
-0.0154659
0.000270329
-0.0174965
0.000277763
-0.0190993
0.000255966
-0.0202607
0.000206464
-0.0210344
0.000131905
-0.0215153
4.46429e-05
-0.0217767
-4.62766e-05
-0.0218576
-0.000131277
-0.0217249
-0.000200665
-0.0212772
-0.000245651
-0.0203846
-0.000262555
-0.0189424
-0.000258875
-0.0169314
-0.000241228
-0.0144519
-0.000220076
-0.0116962
-0.000192175
-0.00889376
-0.000154096
-0.00625509
-0.000105655
-0.00394587
-5.77121e-05
-0.00208048
-1.06329e-05
-1.05808e-05
0.000521973
-0.000527993
-4.55344e-06
-4.64491e-06
0.000251903
-0.000255395
-5.07432e-07
-4.86082e-07
-5.66899e-07
-5.91205e-07
5.18433e-05
-5.22471e-05
-9.87625e-08
5.14705e-05
-1.02693e-07
-5.10116e-05
-1.44599e-07
-1.247e-07
1.24478e-05
-1.25461e-05
1.23472e-05
-1.22234e-05
3.46768e-06
3.34563e-06
1.69173e-05
-1.36158e-07
1.6392e-05
-1.6329e-07
3.53438e-05
-1.02055e-06
3.40915e-05
-1.13479e-06
0.000140862
-3.87524e-06
-4.02925e-06
-4.70081e-06
-4.58318e-06
-3.24976e-05
3.09447e-05
-1.57912e-06
-1.37773e-06
-1.57684e-05
1.50973e-05
-2.11626e-07
-1.76e-07
-3.22382e-06
3.08042e-06
0.000266666
-0.0174995
0.000273327
-0.019073
0.0002515
-0.0202042
0.000199481
-0.0209537
0.000125729
-0.0214192
3.5836e-05
-0.0216744
-5.76576e-05
-0.0217599
-0.000143989
-0.0216439
-0.000212278
-0.0212229
-0.000254943
-0.020364
-0.000266256
-0.018955
-0.000249908
-0.0169695
-0.00022078
-0.0145008
-0.000192386
-0.011748
-0.000168306
-0.00894533
-0.000140603
-0.00630764
-0.000101548
-0.00399405
-5.74781e-05
-0.00211668
-1.06545e-05
-1.08567e-05
0.000533841
-0.000539857
-4.61627e-06
-4.73252e-06
0.00025886
-0.000262403
-5.14109e-07
-4.9592e-07
-5.8099e-07
-5.99319e-07
5.35118e-05
-5.39193e-05
-9.98417e-08
5.31301e-05
-1.04404e-07
-5.26655e-05
-1.48487e-07
-1.26637e-07
1.29181e-05
-1.30169e-05
1.28154e-05
-1.26907e-05
2.94429e-06
2.78103e-06
1.43079e-05
-2.31136e-07
1.34571e-05
-2.83832e-07
2.89835e-05
-1.91387e-06
2.71322e-05
-2.17766e-06
-2.50972e-05
-2.92215e-06
-2.54808e-06
-1.24166e-05
1.12595e-05
-4.21908e-07
-3.3728e-07
-2.60503e-06
2.39346e-06
0.000268665
-0.0190453
0.000245619
-0.0201472
0.000194508
-0.0208723
0.000118147
-0.0213214
2.7938e-05
-0.0215704
-6.81683e-05
-0.0216593
-0.00015826
-0.0215589
-0.00022897
-0.0211638
-0.000271384
-0.0203403
-0.000278731
-0.0189678
-0.000253471
-0.0170117
-0.000207688
-0.0145573
-0.00016427
-0.0118029
-0.000137469
-0.00899461
-0.000119028
-0.00635496
-9.32828e-05
-0.00403938
-5.62126e-05
-0.00215241
-1.06011e-05
-1.1143e-05
0.000545888
-0.000551863
-4.67861e-06
-4.82551e-06
0.000265934
-0.000269523
-5.1946e-07
-5.07696e-07
-5.9413e-07
-6.07548e-07
5.52084e-05
-5.56214e-05
-1.01045e-07
5.48188e-05
-1.06195e-07
-5.43482e-05
-1.51995e-07
-1.2874e-07
1.33964e-05
-1.34962e-05
1.3292e-05
-1.31653e-05
2.16234e-06
1.87853e-06
9.87e-06
-5.24135e-07
8.36869e-06
-6.76114e-07
-6.68867e-06
-1.16434e-06
-8.67979e-07
-1.54125e-06
1.11942e-06
0.000240619
-0.0200896
0.000188072
-0.0207893
0.000111424
-0.0212219
1.86093e-05
-0.0214635
-7.89784e-05
-0.021557
-0.000170491
-0.0214711
-0.000246084
-0.0211022
-0.000290573
-0.0203136
-0.000298055
-0.0189795
-0.000267008
-0.0170564
-0.000208837
-0.0146215
-0.000143513
-0.0118657
-0.000101453
-0.00904444
-8.76359e-05
-0.00639609
-7.7888e-05
-0.00407974
-5.29233e-05
-0.00218679
-1.03963e-05
-1.14355e-05
0.000558089
-0.00056396
-4.7289e-06
-4.91736e-06
0.000273122
-0.000276756
-5.23376e-07
-5.20256e-07
-6.09753e-07
-6.16258e-07
5.69362e-05
-5.7354e-05
-1.01548e-07
5.65366e-05
-1.08092e-07
-5.60599e-05
-1.55579e-07
-1.30899e-07
1.38831e-05
-1.39841e-05
1.37769e-05
-1.36482e-05
5.95385e-07
-8.06458e-08
9.48625e-07
0.000182561
-0.0207068
0.000105621
-0.0211218
1.13715e-05
-0.0213549
-9.00262e-05
-0.0214505
-0.000185463
-0.021378
-0.000263628
-0.0210357
-0.000312588
-0.0202808
-0.000323393
-0.0189867
-0.000290853
-0.0171004
-0.000222939
-0.0146895
-0.000140818
-0.0119375
-7.16635e-05
-0.00910038
-4.55142e-05
-0.00643275
-5.09807e-05
-0.00411215
-4.54708e-05
-0.00221814
-9.8791e-06
-1.16914e-05
0.000570388
-0.000576036
-4.74787e-06
-5.00717e-06
0.000280424
-0.000284093
-5.25869e-07
-5.33555e-07
-6.26351e-07
-6.2391e-07
5.86967e-05
-5.91172e-05
-1.0272e-07
5.82866e-05
-1.10064e-07
-5.78042e-05
-1.59409e-07
-1.33873e-07
1.43787e-05
-1.44802e-05
1.42706e-05
-1.41397e-05
9.8352e-05
-0.0210201
3.84551e-06
-0.0212458
-9.77539e-05
-0.0213434
-0.000197068
-0.0212843
-0.000279203
-0.0209642
-0.000335162
-0.0202439
-0.000349467
-0.0189896
-0.0003205
-0.0171398
-0.000251506
-0.0147557
-0.000156711
-0.0120157
-6.26764e-05
-0.00916729
-4.75633e-06
-0.00646994
-8.32198e-06
-0.00413397
-2.91597e-05
-0.00224319
-8.63281e-06
-1.17873e-05
0.000582644
-0.000587813
-4.70838e-06
-5.08343e-06
0.00028782
-0.000291492
-5.27419e-07
-5.48309e-07
-6.46444e-07
-6.32649e-07
6.04896e-05
-6.09114e-05
-1.03918e-07
6.00683e-05
-1.12191e-07
-5.958e-05
-1.63506e-07
-1.35604e-07
1.48835e-05
-1.49861e-05
1.47734e-05
-1.46396e-05
-3.91785e-06
-0.0211349
-0.000106975
-0.0212334
-0.000207803
-0.021185
-0.000296274
-0.0208886
-0.000354816
-0.0202017
-0.000377389
-0.0189859
-0.000353147
-0.0171729
-0.000287336
-0.0148171
-0.000190162
-0.0120917
-8.06511e-05
-0.00924235
1.2382e-05
-0.00652
4.53085e-05
-0.00414773
5.44181e-06
-0.00225594
-5.24087e-06
-1.11674e-05
0.000594504
-0.000598618
-4.51732e-06
-5.09688e-06
0.000295268
-0.000298883
-5.24057e-07
-5.69601e-07
-6.68875e-07
-6.37936e-07
6.23176e-05
-6.27403e-05
-1.04538e-07
6.1884e-05
-1.14577e-07
-6.13897e-05
-1.6806e-07
-1.38345e-07
1.53974e-05
-1.55013e-05
1.52852e-05
-1.51496e-05
-0.000113989
-0.0211228
-0.000217604
-0.0210851
-0.000307757
-0.02081
-0.000374883
-0.0201548
-0.000401667
-0.0189775
-0.000385842
-0.0172016
-0.000324527
-0.0148734
-0.000230998
-0.0121619
-0.00011997
-0.00931379
-9.20457e-06
-0.00658113
7.35097e-05
-0.00416895
6.65301e-05
-0.00224951
5.96354e-06
-6.95495e-06
0.000604919
-0.000606478
-3.68102e-06
-4.86631e-06
0.000302642
-0.000306044
-5.12267e-07
-6.03014e-07
-7.01423e-07
-6.3593e-07
6.41849e-05
-6.46033e-05
-1.05504e-07
6.37331e-05
-1.17717e-07
-6.32351e-05
-1.74019e-07
-1.39861e-07
1.59222e-05
-1.60267e-05
1.58077e-05
-1.56693e-05
-0.000225194
-0.0209832
-0.000319531
-0.0207281
-0.000389592
-0.0201054
-0.000424308
-0.0189657
-0.000413431
-0.017227
-0.000360398
-0.0149259
-0.000272047
-0.0122276
-0.000165297
-0.00937739
-5.63714e-05
-0.00663413
4.38021e-05
-0.00420799
0.000112547
-0.00223522
3.98201e-05
1.24221e-05
0.000610234
-0.000604855
5.84975e-07
-3.19847e-06
0.000309525
-0.000312076
-4.62332e-07
-6.66928e-07
-7.58903e-07
-6.25784e-07
6.60957e-05
-6.65017e-05
-1.06171e-07
6.56171e-05
-1.24289e-07
-6.51237e-05
-1.81012e-07
-1.42442e-07
1.64582e-05
-1.65637e-05
1.63405e-05
-1.62007e-05
-0.000326733
-0.0206453
-0.00040231
-0.020053
-0.000441991
-0.0189503
-0.000439787
-0.0172483
-0.000392098
-0.0149768
-0.000309488
-0.0122912
-0.000208509
-0.00943759
-0.000105097
-0.00667818
-1.23219e-05
-0.00423232
6.81319e-05
-0.00224423
6.1455e-05
6.01008e-05
0.000599042
-0.000581372
2.21501e-05
6.6091e-06
0.000313931
-0.000312569
-7.85189e-08
-6.97955e-07
-8.41279e-07
-5.02456e-07
6.80746e-05
-6.84271e-05
-1.09742e-07
6.75433e-05
-1.35527e-07
-6.70663e-05
-1.94171e-07
-1.48695e-07
1.70114e-05
-1.71175e-05
1.68871e-05
-1.67447e-05
-0.000410597
-0.0199985
-0.000456744
-0.0189336
-0.000458633
-0.0172696
-0.0004185
-0.0150274
-0.000341492
-0.0123568
-0.000243898
-0.00950113
-0.000144963
-0.00672438
-5.88937e-05
-0.00425021
5.57619e-06
-0.00223137
1.35225e-05
4.17549e-05
0.000568842
-0.000558947
5.15596e-05
4.75713e-05
0.000306037
-0.00028922
4.56392e-06
7.6954e-07
-6.24656e-07
7.02118e-07
6.99631e-05
-6.99628e-05
-7.87251e-08
6.94086e-05
-1.43392e-07
-6.90554e-05
-2.12932e-07
-1.49259e-07
1.75958e-05
-1.77055e-05
1.74603e-05
-1.73116e-05
-0.000465075
-0.0189154
-0.000474922
-0.017289
-0.000439285
-0.0150797
-0.000366175
-0.0124261
-0.000272186
-0.00957021
-0.000174815
-0.00677881
-9.05341e-05
-0.00427877
-3.03345e-05
-0.00222685
-5.75973e-06
6.82043e-06
0.000541229
-0.000534832
7.12634e-06
2.40374e-05
0.000268044
-0.000246495
1.22826e-05
1.77284e-05
8.24301e-06
1.81521e-05
6.90846e-05
-6.52185e-05
6.97793e-07
6.972e-05
1.34306e-07
-7.04167e-05
-1.7064e-07
5.42117e-09
1.82111e-05
-1.82897e-05
1.80677e-05
-1.79184e-05
-0.00048529
-0.0173096
-0.000454253
-0.0151319
-0.000387103
-0.012498
-0.000294197
-0.00964557
-0.000196824
-0.00684232
-0.0001113
-0.00432067
-4.86343e-05
-0.00224331
-9.90114e-06
-3.97522e-06
0.000528949
-0.000532889
-1.81921e-06
9.36984e-07
0.000228215
-0.000221366
-1.23763e-07
4.01346e-07
4.72947e-06
1.02768e-06
3.87177e-05
-2.6435e-05
4.6764e-05
9.68213e-06
-5.91472e-05
2.17178e-06
5.76887e-06
1.83206e-05
-1.76228e-05
1.84549e-05
-1.84604e-05
-0.000465874
-0.0151845
-0.000401626
-0.0125736
-0.000311513
-0.00972643
-0.000213342
-0.00691384
-0.000125299
-0.00437337
-5.85941e-05
-0.00227366
-1.091e-05
-7.36821e-06
0.000534303
-0.000541004
-3.19928e-06
-2.5611e-06
0.000220144
-0.000221734
-1.60512e-07
-6.75551e-08
-5.99616e-08
-2.25547e-07
2.02765e-05
-2.04002e-05
2.06778e-05
-2.17055e-05
9.68213e-06
-1.5451e-05
-0.000410938
-0.0126516
-0.000323704
-0.00981198
-0.000225954
-0.00699178
-0.000135407
-0.00443388
-6.4787e-05
-0.0023121
-1.12969e-05
-8.86432e-06
0.000545028
-0.000552415
-3.5227e-06
-3.3441e-06
0.000223897
-0.000226828
-1.55062e-07
-1.128e-07
-1.69044e-07
-2.29172e-07
2.07532e-05
-2.09137e-05
2.06857e-05
-2.04601e-05
-0.000332416
-0.00989994
-0.000235748
-0.00707465
-0.000143079
-0.00450006
-6.92288e-05
-0.00235551
-1.15818e-05
-9.79018e-06
0.000557626
-0.000565252
-3.67082e-06
-3.65206e-06
0.000229749
-0.000232997
-1.50882e-07
-1.23408e-07
-1.94339e-07
-2.28994e-07
2.14246e-05
-2.15796e-05
2.13119e-05
-2.10827e-05
-0.000241948
-0.00716129
-0.000149105
-0.00457022
-7.29148e-05
-0.00240227
-1.19187e-05
-1.05504e-05
0.000571179
-0.00057896
-3.79942e-06
-3.86277e-06
0.00023621
-0.000239599
-1.50486e-07
-1.30705e-07
-2.06956e-07
-2.31477e-07
2.21263e-05
-2.22771e-05
2.20029e-05
-2.17739e-05
-0.000153365
-0.00464321
-7.61152e-05
-0.00245139
-1.24449e-05
-1.13474e-05
0.000585445
-0.000593385
-3.97748e-06
-4.06561e-06
0.000243009
-0.000246517
-1.52708e-07
-1.37959e-07
-2.17524e-07
-2.35208e-07
2.28461e-05
-2.29965e-05
2.27155e-05
-2.2484e-05
-7.83298e-05
-0.00250197
-1.31551e-05
-1.23762e-05
0.000600391
-0.000608537
-4.29786e-06
-4.34127e-06
0.000250111
-0.000253782
-1.59242e-07
-1.46543e-07
-2.28337e-07
-2.4297e-07
2.35871e-05
-2.37397e-05
2.34492e-05
-2.3214e-05
-1.29243e-05
-1.32225e-05
0.000616061
-0.000624311
-4.90486e-06
-4.85186e-06
0.000257622
-0.000261576
-1.77477e-07
-1.66044e-07
-2.44732e-07
-2.5631e-07
2.43574e-05
-2.45166e-05
2.42109e-05
-2.3968e-05
0.000630876
-0.000637171
-1.82854e-06
-4.79928e-06
-6.65641e-06
0.000265862
-0.000270437
-1.59564e-07
-1.69856e-07
-2.78724e-07
-2.86675e-07
2.51836e-05
-2.5361e-05
2.50176e-05
-2.47613e-05
-2.55608e-06
-2.19833e-06
0.000178562
-0.000181916
1.52566e-06
0.000167064
6.69873e-06
-0.000110038
-3.57512e-08
4.56948e-08
2.60962e-05
-2.62556e-05
2.59263e-05
-2.56397e-05
0.000183759
-9.66336e-07
-3.55246e-07
0.000102177
-0.000100984
3.33077e-07
-1.163e-06
-2.62913e-05
-2.62456e-05
0.00010127
-1.83493e-07
-6.92784e-08
2.74086e-05
-2.70754e-05
2.71447e-05
)
;

boundaryField
{
    inlet
    {
        type            calculated;
        value           nonuniform 0();
    }
    outlet
    {
        type            calculated;
        value           nonuniform List<scalar> 
55
(
0.00118079
0.00384921
0.00658872
0.0092635
0.0117109
0.0137548
0.0152186
0.0159527
0.0158816
0.0149957
0.0133729
0.0111463
0.00848101
0.00551655
-0.000545525
-0.000498804
-8.28374e-05
0.000756602
0.00205314
0.00381476
0.00602022
0.00861476
0.0114989
0.0145188
0.0174755
0.0201611
0.022392
0.0240507
0.0250952
0.0255312
0.0253777
0.0246331
0.0232916
0.0213617
0.0189198
0.0161039
0.013106
0.0101295
0.00735827
0.00492754
0.0029246
0.00139897
0.00159679
0.000299813
0.000112058
-5.99951e-06
-2.88261e-05
-0.000175692
2.33188e-05
0.000317798
0.000131702
0.00050403
-5.29241e-05
4.93109e-06
-2.11287e-06
)
;
    }
    wall
    {
        type            calculated;
        value           uniform 0;
    }
    front
    {
        type            empty;
        value           nonuniform 0();
    }
    back
    {
        type            empty;
        value           nonuniform 0();
    }
    vanem
    {
        type            calculated;
        value           uniform 0;
    }
    vaneu
    {
        type            calculated;
        value           nonuniform 0();
    }
    vanel
    {
        type            calculated;
        value           uniform 0;
    }
    procBoundary1to0
    {
        type            processor;
        value           nonuniform List<scalar> 
58
(
-0.0013194
-0.00395931
-8.61177e-06
-0.00656813
-0.0090454
-0.0112793
-0.013136
-0.0144934
-0.01524
-0.015305
-0.0146552
-0.0133261
-0.0113982
-0.00901609
-0.00633123
4.68794e-05
-0.00216454
-6.45106e-05
-0.000867785
1.10964e-05
-0.0020089
-0.00360267
-0.00561581
-0.00796829
-0.0105277
-0.013106
-0.0154941
-0.0175015
-0.0190173
-0.0200316
-0.0206226
-0.0209178
-0.0210249
-0.0210115
-0.0208816
-0.0205615
-0.0199441
-0.0188952
-0.0173291
-0.0152395
-0.0127301
-0.0099904
-0.00724987
-0.00471824
-0.00255415
1.35089e-05
-0.000645924
-0.00143897
-0.000448975
-0.000262971
1.56932e-06
-0.000179655
-2.73281e-05
-7.59084e-05
-9.47028e-06
-4.78398e-07
-0.000102052
-0.000185349
)
;
    }
}


// ************************************************************************* //
