/*--------------------------------*- C++ -*----------------------------------*\
| =========                 |                                                 |
| \\      /  F ield         | OpenFOAM: The Open Source CFD Toolbox           |
|  \\    /   O peration     | Version:  v1912                                 |
|   \\  /    A nd           | Website:  www.openfoam.com                      |
|    \\/     M anipulation  |                                                 |
\*---------------------------------------------------------------------------*/
FoamFile
{
    version     2.0;
    format      ascii;
    class       surfaceScalarField;
    location    "270";
    object      phi;
}
// * * * * * * * * * * * * * * * * * * * * * * * * * * * * * * * * * * * * * //

dimensions      [0 3 -1 0 0 0 0];
oriented        oriented;


internalField   nonuniform List<scalar> 
7191
(
-1.95725e-06
0.00132168
-9.08307e-06
0.00396841
-2.10918e-06
0.00132379
-2.41719e-05
0.00657476
-9.46717e-06
0.00397577
-2.11244e-06
0.0013259
-4.47876e-05
0.00905384
-2.40375e-05
0.00658933
-9.46952e-06
0.00398312
-1.99345e-06
0.00132789
-7.50057e-05
0.0112939
-4.80511e-05
0.00907786
-2.35577e-05
0.00660342
-9.34298e-06
0.00399047
-2.03541e-06
0.00132993
-0.000115692
0.013158
-7.90312e-05
0.0113248
-4.53414e-05
0.00909964
-2.41714e-05
0.00661825
-9.72613e-06
0.00399816
-1.71912e-06
0.00133165
-0.000162029
0.0145186
-0.000119354
0.0131983
-7.89205e-05
0.0113584
-4.63231e-05
0.00912179
-2.17513e-05
0.00663027
-8.08432e-06
0.00400453
-1.59527e-06
0.00133324
-0.000206413
0.0152628
-0.000164946
0.0145642
-0.0001177
0.0132371
-7.32417e-05
0.0113853
-4.13984e-05
0.00914144
-1.95544e-05
0.00664174
-7.26486e-06
0.0040102
-1.49159e-06
0.00133474
-0.000249416
0.0153243
-0.000215247
0.0153131
-0.000162286
0.0146088
-0.000112405
0.0132762
-7.06411e-05
0.0114146
-3.77579e-05
0.00915964
-1.82168e-05
0.00665269
-6.64217e-06
0.00401535
-1.16577e-06
0.0013359
-0.00027977
0.0146636
-0.000258336
0.0153674
-0.000211356
0.0153622
-0.000155786
0.0146522
-0.000100895
0.0133065
-6.1675e-05
0.0114385
-3.3528e-05
0.00917495
-1.55244e-05
0.00666157
-4.57226e-06
0.00401876
-1.17974e-06
0.00133708
-0.000292469
0.0133188
-0.000300654
0.0147059
-0.000258265
0.0154143
-0.000197706
0.0154041
-0.000136943
0.0146882
-9.20074e-05
0.0133368
-5.42563e-05
0.0114592
-2.99133e-05
0.00918934
-1.41709e-05
0.00667117
-5.19835e-06
0.00402278
-8.47194e-07
0.00133793
-0.000285748
0.0113745
-0.000331775
0.0133499
-0.00029745
0.0147451
-0.000237228
0.0154538
-0.000174257
0.0154414
-0.000122469
0.0147187
-7.84023e-05
0.013361
-4.74996e-05
0.0114768
-2.56426e-05
0.00920081
-1.08926e-05
0.00667687
-4.57726e-06
0.00402651
-7.52696e-07
0.00133868
-0.000245913
0.00896313
-0.000352224
0.011395
-0.000326937
0.0133794
-0.000263644
0.0147715
-0.000200961
0.0154805
-0.000148349
0.0154673
-0.000102331
0.0147426
-6.57252e-05
0.0133792
-3.94435e-05
0.0114906
-2.14334e-05
0.00921135
-1.13732e-05
0.00668366
-4.17149e-06
0.00402992
-7.88845e-07
0.00133947
0.00623714
-0.000110077
-5.03352e-05
-0.000357286
0.0089682
-0.000343609
0.0114116
-0.000277028
0.0133928
-0.000216585
0.0147871
-0.000166532
0.0154987
-0.000119511
0.0154845
-8.41252e-05
0.014761
-5.79162e-05
0.0133977
-3.631e-05
0.0115055
-2.06318e-05
0.00922061
-1.02415e-05
0.00668973
-4.01027e-06
0.00403315
-7.73518e-07
0.00134024
0.00622286
-0.00020103
-0.000141976
-0.00211689
0.00207043
-6.36105e-05
-3.26751e-05
-0.00213455
-0.000349463
0.00897405
-0.000269015
0.0114036
-0.00021081
0.013387
-0.000166877
0.0147875
-0.00012942
0.0155086
-0.000101111
0.0155015
-7.35342e-05
0.0147766
-4.77362e-05
0.0134091
-3.02391e-05
0.0115151
-1.74126e-05
0.00922778
-8.68783e-06
0.00669441
-3.88769e-06
0.00403626
-8.41358e-07
0.00134108
0.00620892
-0.000139949
-0.000195573
-0.00203975
0.00201257
-0.000173853
-0.000111296
-0.00139552
0.00135231
-1.55022e-05
-4.9039e-06
-9.11736e-07
-0.00142063
-6.64769e-06
-2.00852e-05
-0.000228154
0.00893319
-0.000183634
0.0113764
-0.000153959
0.0133741
-0.000128589
0.0147867
-0.00010512
0.0155126
-8.05765e-05
0.0155085
-5.74101e-05
0.0147863
-4.22922e-05
0.0134211
-2.76959e-05
0.0115254
-1.87956e-05
0.00923789
-1.02222e-05
0.00670075
-3.43138e-06
0.00403885
-1.08328e-06
0.00134217
0.00612282
-4.18788e-05
-0.000100173
-0.00198854
0.00195782
-0.000109229
-0.000171542
-0.00129764
0.00126364
-8.68961e-05
-5.29564e-05
-1.69769e-05
-3.96502e-05
-0.000438505
0.000428491
-5.48782e-06
-0.000440769
-2.64031e-06
0.000445661
-0.000445805
-7.67653e-07
-3.60428e-06
-6.04786e-08
-1.75604e-06
-0.000125133
0.00887469
-0.000117012
0.0113395
-0.000107424
0.0133529
-9.59391e-05
0.0147775
-7.99448e-05
0.015512
-6.37582e-05
0.0155148
-5.20313e-05
0.0147961
-3.83779e-05
0.0134318
-2.70747e-05
0.0115337
-1.7149e-05
0.00924482
-1.07588e-05
0.00670807
-4.98729e-06
0.00404275
-1.14389e-06
0.00134331
0.00604242
-8.22871e-06
-3.65078e-05
-0.00191208
0.0018945
-2.43023e-05
-5.44291e-05
-0.00123558
0.00118376
-1.70059e-05
-4.04001e-05
-7.99552e-05
-6.35277e-05
-0.000379525
0.000352533
-5.99045e-05
-0.000399305
-3.31766e-05
0.000420698
-9.18388e-06
-1.82569e-05
-0.000257298
0.000252572
-7.61506e-07
-0.000259525
-4.13316e-07
-0.000448347
-1.06184e-06
0.000261006
-0.000261711
-6.21483e-08
-1.87962e-08
-2.75526e-07
-6.70152e-05
0.00882469
-7.46145e-05
0.0113067
-7.60695e-05
0.013333
-7.23478e-05
0.0147699
-6.48335e-05
0.0155131
-5.78729e-05
0.0155207
-4.67125e-05
0.0148044
-3.669e-05
0.0134414
-2.91173e-05
0.0115456
-2.0532e-05
0.00925459
-1.06014e-05
0.00671369
-5.30999e-06
0.00404692
-1.21077e-06
0.00134452
0.00599133
-6.20673e-07
-1.53072e-05
-0.00187053
0.00186773
-5.43079e-06
-1.25379e-05
-0.0011423
0.00112131
-1.75205e-07
-3.13615e-06
-1.03957e-05
-2.56986e-06
-0.000289178
0.000278481
-6.30952e-06
-0.000310918
-1.86602e-05
0.000330963
-5.83848e-05
-4.34824e-05
-0.000207179
0.000168553
-2.12789e-05
-0.000230634
-9.72166e-06
0.000245112
-1.72379e-06
-3.77849e-06
-7.49027e-05
7.41412e-05
-7.5316e-05
-0.000262659
-1.13871e-07
7.55916e-05
-7.56537e-05
-4.48821e-08
-3.72192e-05
0.0087873
-4.88645e-05
0.0112795
-5.41635e-05
0.0133149
-5.4521e-05
0.0147596
-5.40207e-05
0.0155092
-4.89054e-05
0.0155229
-4.30699e-05
0.0148108
-3.79344e-05
0.0134503
-2.94857e-05
0.0115546
-2.03317e-05
0.00926432
-1.36141e-05
0.00672199
-6.15498e-06
0.00405186
-1.53422e-06
0.00134606
0.00596103
9.59727e-07
-7.87733e-06
-0.00185596
0.00185634
-1.00157e-06
-3.53233e-06
-0.00110975
0.00110441
5.49949e-07
-6.37582e-07
-1.20047e-06
2.17053e-07
-0.000265702
0.00026562
-9.2766e-08
-0.000268464
-3.74733e-07
0.000270363
-2.27695e-06
-6.70961e-07
-8.5664e-05
7.93544e-05
-0.000104324
0.000147807
-3.76384e-05
-5.89173e-05
3.76384e-05
-6.86389e-05
7.24174e-05
-7.57676e-05
-2.19861e-05
0.00876042
-3.34091e-05
0.0112587
-4.05026e-05
0.0133008
-4.65984e-05
0.0147521
-4.75018e-05
0.0155078
-4.66001e-05
0.0155264
-4.57976e-05
0.0148186
-4.05657e-05
0.0134613
-3.25415e-05
0.0115668
-2.50732e-05
0.00927578
-1.51029e-05
0.00673094
-6.92129e-06
0.00405725
-1.57214e-06
0.00134763
0.00594238
1.65434e-06
-4.99021e-06
-0.00184987
0.00185146
-6.23668e-07
-1.41246e-06
-0.00110099
0.0010999
4.03386e-07
-3.22595e-07
-3.33866e-07
2.24623e-07
-0.000264091
0.000264581
5.9414e-08
-0.000264785
5.65931e-08
0.000264592
-1.72958e-07
2.47235e-08
-7.60318e-05
7.5939e-05
-7.64065e-05
7.70775e-05
-1.39841e-05
0.00874099
-2.48383e-05
0.0112431
-3.19096e-05
0.0132861
-3.76635e-05
0.0147423
-4.43024e-05
0.0155055
-4.75759e-05
0.0155282
-4.92032e-05
0.0148273
-4.52673e-05
0.0134741
-3.93074e-05
0.011581
-2.84922e-05
0.00928917
-1.69895e-05
0.00674101
-7.7665e-06
0.00406345
-1.93474e-06
0.00134956
0.00593057
9.69122e-07
-3.13909e-06
-0.00184712
0.0018488
-2.79086e-08
-6.538e-07
-0.00109853
0.0010978
2.63792e-07
-1.61083e-07
-1.8803e-07
1.52019e-07
-0.000264099
0.000264469
3.30992e-08
-0.000264502
8.06363e-08
0.000264333
-8.621e-08
5.56987e-08
-7.58474e-05
7.59068e-05
-7.57908e-05
7.57661e-05
-1.01271e-05
0.00872628
-1.71918e-05
0.0112283
-2.7358e-05
0.0132758
-3.54206e-05
0.0147334
-4.36536e-05
0.0155016
-5.32903e-05
0.0155323
-5.56278e-05
0.0148376
-5.4133e-05
0.0134889
-4.51453e-05
0.0115977
-3.39639e-05
0.00930615
-2.04038e-05
0.00675364
-9.33217e-06
0.00407084
-2.03491e-06
0.0013516
0.00592155
7.43861e-07
-1.85601e-06
-0.00184621
0.00184695
2.26509e-07
-5.42589e-07
-0.00109725
0.00109707
2.53099e-07
-9.53677e-08
-1.51717e-07
4.72218e-08
-0.000264242
0.000264495
1.073e-08
-0.000264469
6.57532e-08
0.00026435
-6.84314e-08
3.27233e-08
-7.59569e-05
7.599e-05
-7.58763e-05
7.58206e-05
-7.03483e-06
0.00871612
-1.42236e-05
0.0112152
-2.48851e-05
0.0132653
-3.62203e-05
0.014726
-4.90752e-05
0.0154974
-5.89614e-05
0.0155356
-6.57208e-05
0.0148492
-6.33909e-05
0.0135071
-5.33017e-05
0.011617
-3.58442e-05
0.00932159
-2.07348e-05
0.00676505
-8.87333e-06
0.00407768
-1.84675e-06
0.00135345
0.00591483
1.16554e-06
-1.47406e-06
-0.00184548
0.00184604
1.82564e-07
-3.86917e-07
-0.00109658
0.00109675
1.64482e-07
-1.07801e-07
-8.75803e-08
3.49478e-08
-0.000264287
0.000264532
8.37829e-09
-0.000264453
7.10614e-08
0.000264423
-7.94447e-08
1.68677e-08
-7.60201e-05
7.60308e-05
-7.59543e-05
7.59216e-05
-5.89314e-06
0.00870779
-1.29477e-05
0.0112033
-2.38953e-05
0.013253
-4.19848e-05
0.0147189
-6.07472e-05
0.0154992
-7.54931e-05
0.0155454
-7.93794e-05
0.0148652
-7.30576e-05
0.0135269
-5.86097e-05
0.0116398
-4.10554e-05
0.00934191
-2.288e-05
0.00677905
-8.77914e-06
0.00408461
-1.91641e-06
0.00135536
0.00590913
9.75289e-07
-1.17146e-06
-0.00184478
0.00184571
2.27608e-07
-2.09196e-07
-0.00109642
0.00109649
1.62818e-07
-4.29856e-08
-1.98516e-08
-4.41522e-08
-0.000264369
0.000264531
2.22876e-09
-0.000264545
6.83656e-08
0.000264524
-8.03067e-08
1.41188e-08
-7.60393e-05
7.60476e-05
-7.59682e-05
7.59513e-05
-4.07801e-06
0.00869892
-1.26716e-05
0.011192
-2.83693e-05
0.0132394
-4.71971e-05
0.0147053
-7.07067e-05
0.0154944
-8.9335e-05
0.0155553
-9.72461e-05
0.0148894
-8.67708e-05
0.0135551
-6.63368e-05
0.0116651
-4.33475e-05
0.00936237
-2.23787e-05
0.00679265
-9.4766e-06
0.00409217
-2.49597e-06
0.00135786
0.00590486
8.29079e-07
-6.39381e-07
-0.00184472
0.00184546
2.36392e-07
-1.81773e-07
-0.00109633
0.00109643
1.66534e-07
-3.11492e-08
-1.83842e-08
-3.82573e-08
-0.000264399
0.000264556
5.6267e-09
-0.000264539
9.71164e-08
0.000264591
-7.997e-08
8.59554e-09
-7.60498e-05
7.60521e-05
-7.59815e-05
7.59673e-05
-4.64495e-06
0.0086909
-1.50546e-05
0.0111787
-3.48054e-05
0.013227
-6.483e-05
0.0146995
-9.40324e-05
0.0154991
-0.000112835
0.0155709
-0.000113037
0.0149157
-9.71715e-05
0.0135859
-7.13209e-05
0.011693
-4.457e-05
0.00938457
-2.27195e-05
0.0068059
-7.72089e-06
0.0040974
-7.22124e-07
0.00135858
0.00590011
4.45975e-07
-3.34081e-07
-0.00184481
0.00184537
2.70981e-07
1.41067e-08
-0.0010963
0.0010964
1.65208e-07
-2.19956e-08
-1.1175e-08
-4.84586e-08
-0.00026447
0.00026463
6.19267e-09
-0.000264566
6.54484e-08
0.000264621
-8.34209e-08
1.63203e-08
-7.60778e-05
7.60834e-05
-7.59807e-05
7.59721e-05
-4.69873e-06
0.00868054
-2.02846e-05
0.0111642
-4.73434e-05
0.0132095
-8.45962e-05
0.01469
-0.000118486
0.0155047
-0.000136571
0.0155945
-0.000129899
0.0149484
-0.000106623
0.0136212
-7.49556e-05
0.0117234
-4.1971e-05
0.00940382
-2.13089e-05
0.00681948
-6.69899e-06
0.00410338
-6.5262e-07
0.00135923
0.00589596
-7.43754e-07
1.87097e-07
-0.00184497
0.00184528
1.3945e-07
6.12162e-08
-0.00109646
0.00109657
1.68953e-07
-1.61655e-08
-6.49889e-09
-3.83442e-08
-0.000264541
0.000264713
-6.36774e-09
-0.00026455
-1.33429e-08
0.000264707
-8.78687e-08
1.08587e-07
-7.60818e-05
7.6088e-05
-7.60163e-05
7.6e-05
-7.51726e-06
0.00866777
-2.77151e-05
0.0111446
-6.48038e-05
0.0131897
-0.000113568
0.0146851
-0.000151239
0.0155194
-0.000163413
0.015628
-0.000144788
0.0149866
-0.000110898
0.0136571
-7.2163e-05
0.0117536
-4.10469e-05
0.00942355
-1.74061e-05
0.00683019
-6.19224e-06
0.00410892
-4.01674e-07
0.00135963
0.00588842
-1.03611e-06
1.06292e-06
-0.00184537
0.00184448
1.47158e-07
1.00102e-07
-0.00109666
0.00109665
1.70808e-07
-1.26872e-08
3.64763e-09
-3.24289e-08
-0.000264597
0.000264772
-5.34404e-09
-0.000264602
-1.14564e-08
0.000264752
-4.64097e-08
1.11939e-07
-7.60953e-05
7.6089e-05
-7.61087e-05
7.60001e-05
-1.11655e-05
0.00865122
-4.0553e-05
0.0111203
-9.51974e-05
0.0131713
-0.0001516
0.0146855
-0.000188932
0.0155449
-0.000185632
0.0156688
-0.00015486
0.0150305
-0.000110211
0.0136952
-6.80961e-05
0.0117807
-3.63407e-05
0.00944249
-1.59448e-05
0.00683994
-2.98488e-06
0.0041115
-1.80368e-07
0.00135981
0.00587786
-2.00012e-06
1.39793e-06
-0.00184537
0.00184452
-1.88488e-07
1.73311e-07
-0.00109676
0.00109677
1.65807e-07
-1.98053e-08
3.93159e-09
-2.33741e-08
-0.000264706
0.000264882
-5.25317e-09
-0.000264709
-1.00066e-08
0.000264854
-7.88187e-08
1.12732e-07
-7.6143e-05
7.61377e-05
-7.61545e-05
7.60426e-05
-1.82938e-05
0.00862897
-6.46019e-05
0.0110897
-0.000135489
0.0131552
-0.000199424
0.014696
-0.00022255
0.0155819
-0.000197455
0.0157114
-0.000153528
0.0150738
-0.000102459
0.0137295
-6.09262e-05
0.0118052
-3.09086e-05
0.00945745
-1.06654e-05
0.00684762
-2.72794e-06
0.00411405
1.93097e-07
0.00135962
0.0058621
-3.4453e-06
9.1264e-07
-0.00184545
0.00184386
-4.09313e-07
4.66631e-07
-0.00109697
0.0010966
1.79408e-07
3.07431e-09
-2.73009e-10
-2.96179e-08
-0.000264785
0.000264959
-8.19469e-09
-0.000264827
2.22175e-08
0.00026493
-4.35526e-08
7.9809e-08
-7.61616e-05
7.61563e-05
-7.61716e-05
7.60589e-05
-3.08357e-05
0.0085952
-0.000100862
0.0110551
-0.000191824
0.0131476
-0.000248987
0.0147224
-0.000241248
0.0156256
-0.000199961
0.0157578
-0.000142588
0.015114
-9.26421e-05
0.0137613
-5.17554e-05
0.0118261
-2.28089e-05
0.0094696
-6.46693e-06
0.00685136
7.67589e-07
0.00411347
1.74568e-06
0.00135788
0.00583551
-5.89091e-06
1.63637e-06
-0.00184423
0.00184142
-6.40504e-07
5.44616e-07
-0.00109706
0.00109653
1.08712e-07
7.23023e-09
1.83641e-08
-1.17162e-08
-0.000264915
0.000265092
2.65331e-09
-0.000264921
9.48746e-09
0.000265042
-8.38744e-08
9.1328e-08
-7.62148e-05
7.62066e-05
-7.61926e-05
7.61128e-05
-5.54227e-05
0.00854976
-0.000161312
0.0110246
-0.000260122
0.0131587
-0.000281297
0.0147625
-0.000244867
0.0156706
-0.0001853
0.0158006
-0.000126471
0.0151478
-7.71014e-05
0.0137866
-4.12128e-05
0.0118445
-1.56468e-05
0.00947878
-3.02157e-06
0.00685515
1.66999e-06
0.00411355
2.07783e-06
0.0013558
0.00579233
-1.20548e-05
-1.85632e-07
-0.0018431
0.00183815
-9.47534e-07
-3.95833e-08
-0.00109705
0.00109627
5.05658e-08
8.10494e-08
9.38926e-08
-6.31011e-08
-0.000265075
0.000265185
-1.52217e-09
-0.000265079
1.19043e-08
0.000265188
-7.76431e-08
9.66385e-08
-7.62236e-05
7.62262e-05
-7.62141e-05
7.61227e-05
-0.000104408
0.00849286
-0.000243299
0.0110078
-0.000310904
0.0131884
-0.00028795
0.0148055
-0.000224986
0.0157102
-0.000158732
0.0158328
-0.000103662
0.0151744
-6.14789e-05
0.0138069
-2.86284e-05
0.0118575
-9.30317e-06
0.00948506
1.03597e-06
0.00685579
5.28236e-06
0.00411034
2.47587e-06
0.00135332
0.00572091
-2.77688e-05
-5.21345e-06
-0.00183878
0.0018296
-2.87863e-06
-8.07035e-07
-0.00109618
0.00109514
-3.3209e-11
9.91925e-08
1.77417e-07
-1.26034e-07
-0.000265227
0.000265272
5.69038e-09
-0.000265192
4.5565e-08
0.000265324
-4.52044e-08
6.90751e-08
-7.62571e-05
7.62556e-05
-7.62452e-05
7.61486e-05
-0.000192443
0.008442
-0.000329387
0.0110263
-0.0003227
0.0132231
-0.000255592
0.0148361
-0.000188668
0.0157402
-0.000130653
0.0158598
-8.22528e-05
0.0151951
-4.36795e-05
0.0138219
-1.83746e-05
0.0118666
-2.29801e-06
0.00948839
3.70238e-06
0.00685737
7.33139e-06
0.00410549
2.8569e-06
0.00135047
0.00562561
-7.16472e-05
-2.54993e-05
-0.00182768
0.00180866
-8.75239e-06
-3.29372e-06
-0.00109431
0.00109164
-3.12924e-07
9.79661e-08
1.9263e-07
-1.70406e-07
-0.000265378
0.000265407
-2.97338e-08
-0.000265294
1.53364e-08
0.000265522
-7.26573e-08
1.02632e-07
-7.6325e-05
7.63307e-05
-7.62795e-05
7.62104e-05
-0.0003235
0.00843611
-0.000349323
0.0110529
-0.000275735
0.0132432
-0.000207117
0.0148546
-0.000147328
0.0157568
-9.88844e-05
0.0158764
-5.86329e-05
0.0152101
-2.9159e-05
0.0138327
-8.47189e-06
0.0118727
4.04782e-06
0.00948805
1.08634e-05
0.00685383
7.65905e-06
0.00410068
3.33195e-06
0.00134713
0.00557276
-0.000175075
-9.55797e-05
-0.00179723
0.00175664
-3.10551e-05
-1.40682e-05
-0.00108839
0.00108029
-8.05775e-07
1.58598e-07
4.46517e-07
-4.90759e-07
-0.000265426
0.000265147
-3.42409e-08
-0.000265379
5.17037e-08
0.000265628
-2.7677e-08
7.78413e-08
-7.6376e-05
7.63463e-05
-7.63607e-05
7.62581e-05
-0.000362919
0.00844971
-0.000275498
0.0110526
-0.00020625
0.0132424
-0.000154087
0.0148614
-0.000108407
0.0157664
-7.02377e-05
0.015888
-3.92896e-05
0.0152202
-1.37562e-05
0.013838
2.92404e-06
0.0118738
1.15532e-05
0.00948736
1.20041e-05
0.00684949
9.22088e-06
0.0040948
3.87028e-06
0.00134326
0.0055664
-0.000160804
-0.000195755
-0.00172049
0.00167185
-0.000126438
-5.94286e-05
-0.00106752
0.00104031
-3.59242e-06
-2.5483e-07
1.39612e-07
-1.43822e-06
-0.000265205
0.000264476
-7.66949e-08
-0.000265072
2.49507e-08
0.00026564
-4.70687e-08
7.7934e-08
-7.64482e-05
7.64139e-05
-7.63965e-05
7.63186e-05
-0.000239668
0.00841388
-0.000179097
0.0110255
-0.000139295
0.0132276
-0.000103715
0.0148567
-7.4084e-05
0.0157702
-4.67451e-05
0.0158955
-2.05802e-05
0.015227
-3.55815e-06
0.0138445
1.09018e-05
0.0118745
1.54288e-05
0.00948393
1.95355e-05
0.00683917
1.07612e-05
0.0040879
4.60035e-06
0.00133866
0.00547611
-4.26833e-05
-0.000106696
-0.00164455
0.0016108
-0.000127047
-0.000168456
-0.000993541
0.000918446
-3.70474e-05
-1.42956e-05
-2.10049e-06
-1.05573e-05
-0.00026312
0.000260051
-5.2348e-07
-0.000263306
-6.97269e-08
0.000264717
-1.01246e-07
-2.65418e-08
-7.64697e-05
7.63931e-05
-7.64448e-05
7.63669e-05
-0.000121208
0.00835599
-0.000106587
0.0109928
-8.96172e-05
0.0132135
-6.94637e-05
0.014852
-4.85131e-05
0.015772
-2.47905e-05
0.0158997
-5.96061e-06
0.0152294
8.39612e-06
0.013847
1.81843e-05
0.0118717
2.1655e-05
0.00948181
1.75366e-05
0.0068324
1.52048e-05
0.0040773
6.31759e-06
0.00133234
0.00539192
-5.29671e-06
-3.17149e-05
-0.0015589
0.0015363
-2.00806e-05
-5.48011e-05
-0.000873011
0.00080951
-1.86388e-05
-4.49067e-05
-5.94341e-05
-6.35872e-05
-0.000239249
0.000212163
-9.96185e-06
-0.000249698
-3.84686e-06
0.000258555
-6.04296e-07
-1.69975e-06
-7.61955e-05
7.56721e-05
-7.62653e-05
7.62918e-05
-5.69371e-05
0.00830634
-5.94734e-05
0.0109626
-5.31355e-05
0.0131972
-4.10593e-05
0.0148446
-2.32278e-05
0.0157704
-7.08073e-06
0.0159008
6.08665e-06
0.0152318
2.06968e-05
0.0138445
2.58352e-05
0.0118676
2.83227e-05
0.00947103
2.55901e-05
0.00682201
1.53623e-05
0.00406826
5.77744e-06
0.00132657
0.00534425
1.76473e-06
-1.10358e-05
-0.00151306
0.00151035
-2.59508e-06
-8.47246e-06
-0.000762308
0.000743007
9.82606e-08
-8.77909e-07
-6.35618e-06
-1.2428e-06
-0.000103795
8.51561e-05
-0.000148702
0.000174787
-2.20573e-05
-3.7502e-05
-6.95212e-05
5.95593e-05
-7.3368e-05
7.50678e-05
-2.69798e-05
0.00827385
-3.24048e-05
0.0109419
-2.83823e-05
0.0131845
-1.93214e-05
0.0148407
-8.91005e-06
0.0157723
4.44519e-06
0.0159025
1.71083e-05
0.0152353
2.74409e-05
0.0138429
3.16228e-05
0.0118643
3.28386e-05
0.00946378
2.80044e-05
0.00680937
1.91323e-05
0.0040549
6.59787e-06
0.00131997
0.00531912
3.14814e-06
-5.00058e-06
-0.00150068
0.00150235
1.01097e-07
-1.36355e-06
-0.000734584
0.000731927
1.45953e-07
-8.40219e-08
-1.94631e-07
1.45326e-07
-7.66792e-05
7.67775e-05
-7.75572e-05
7.87999e-05
3.7502e-05
-1.12982e-05
0.00825274
-1.38372e-05
0.0109274
-1.21617e-05
0.0131773
-4.00672e-06
0.0148358
6.78239e-06
0.0157699
1.83747e-05
0.0159012
2.93279e-05
0.0152335
3.54682e-05
0.013839
3.98605e-05
0.0118572
4.12717e-05
0.00945051
3.18683e-05
0.00679664
2.15257e-05
0.00403997
8.51667e-06
0.00131145
0.00530774
2.89679e-06
-2.80589e-06
-0.00149748
0.0015002
4.27594e-07
-1.33279e-07
-0.000730456
0.000730492
9.53435e-08
-3.05189e-08
-1.84968e-08
1.25421e-07
-7.66442e-05
7.67901e-05
-7.67282e-05
7.65829e-05
-3.35259e-06
0.00824225
-3.22044e-06
0.0109184
1.04563e-06
0.0131723
8.7307e-06
0.0148338
1.92882e-05
0.015769
2.85154e-05
0.015902
3.85714e-05
0.0152303
4.41301e-05
0.0138347
4.85433e-05
0.01185
4.36051e-05
0.00943877
3.72914e-05
0.00678087
2.15968e-05
0.00402689
8.07408e-06
0.00130338
0.00530285
2.72406e-06
-1.19128e-06
-0.00149728
0.00149965
5.26616e-07
1.133e-07
-0.0007303
0.000730683
6.37657e-08
-1.96449e-08
-3.06059e-08
8.99873e-08
-7.68665e-05
7.69619e-05
-7.68971e-05
7.67716e-05
1.86408e-06
0.00823717
3.84157e-06
0.0109156
9.48851e-06
0.0131715
1.68426e-05
0.0148363
2.68518e-05
0.0157707
3.8514e-05
0.0159021
4.57265e-05
0.0152288
5.40957e-05
0.0138292
5.5615e-05
0.011838
4.96984e-05
0.00942637
4.08341e-05
0.00676163
2.43973e-05
0.00401057
8.9775e-06
0.0012944
0.00530191
3.06833e-06
-2.62537e-07
-0.00149813
0.00150027
5.84733e-07
3.29008e-07
-0.000730718
0.000731219
5.28254e-08
-2.76568e-08
-4.21534e-09
8.26557e-08
-7.70016e-05
7.70654e-05
-7.70213e-05
7.69313e-05
4.30961e-06
0.0082367
9.11315e-06
0.010916
1.69529e-05
0.0131714
2.63184e-05
0.0148368
3.62406e-05
0.0157729
4.70201e-05
0.0159008
5.63367e-05
0.0152265
6.08917e-05
0.0138239
5.7728e-05
0.0118299
5.51189e-05
0.00941208
4.25337e-05
0.0067435
2.99188e-05
0.00398963
9.3859e-06
0.00128502
0.00530336
2.96127e-06
-1.00449e-07
-0.00149958
0.00150205
5.98004e-07
4.25511e-07
-0.000731471
0.000731945
3.31393e-08
7.75892e-08
2.82816e-08
4.94769e-08
-7.71162e-05
7.7169e-05
-7.71438e-05
7.70612e-05
7.50954e-06
0.00823831
1.44011e-05
0.0109185
2.2563e-05
0.0131752
3.39271e-05
0.0148391
4.61582e-05
0.0157738
5.55764e-05
0.0159015
6.36925e-05
0.0152237
6.93265e-05
0.0138123
7.21097e-05
0.0118129
6.28562e-05
0.00939176
5.28823e-05
0.00672053
3.05633e-05
0.00396845
9.9694e-06
0.00127505
0.00530754
2.50692e-06
8.18704e-07
-0.00150151
0.00150385
6.25114e-07
4.37948e-07
-0.000732284
0.000732862
2.04904e-08
-9.21679e-10
3.12894e-08
5.50411e-08
-7.73243e-05
7.73575e-05
-7.72467e-05
7.71973e-05
9.00151e-06
0.0082437
1.70833e-05
0.010924
2.749e-05
0.0131816
4.08851e-05
0.0148444
5.225e-05
0.0157771
6.49684e-05
0.0159003
7.5329e-05
0.0152177
7.92447e-05
0.0138052
8.1597e-05
0.0117942
7.24691e-05
0.00937217
5.44721e-05
0.00669662
3.43485e-05
0.00394407
1.34554e-05
0.00126159
0.00531287
2.57749e-06
1.09832e-06
-0.00150405
0.00150589
6.72954e-07
6.16152e-07
-0.00073325
0.000733821
2.44677e-08
2.93093e-08
7.29354e-09
4.29241e-08
-7.74429e-05
7.74634e-05
-7.74438e-05
7.73888e-05
1.04314e-05
0.00825036
2.10375e-05
0.0109305
3.3549e-05
0.0131889
4.6758e-05
0.0148499
6.1031e-05
0.0157811
7.45235e-05
0.0159011
8.32325e-05
0.0152137
8.76026e-05
0.0137992
8.47648e-05
0.0117819
8.0192e-05
0.00934645
6.1417e-05
0.00666956
3.78026e-05
0.00391972
2.77092e-05
0.00123388
0.00531971
2.32458e-06
1.26075e-06
-0.00150632
0.00150796
9.39646e-07
6.61959e-07
-0.000734346
0.000734986
2.79767e-08
5.1372e-09
3.33523e-08
5.76991e-08
-7.75429e-05
7.75674e-05
-7.75136e-05
7.74707e-05
1.15457e-05
0.00825985
2.494e-05
0.0109391
4.13602e-05
0.0131943
5.55563e-05
0.0148554
7.18679e-05
0.0157837
8.24286e-05
0.0159019
9.28835e-05
0.0152084
9.79014e-05
0.013786
9.62974e-05
0.0117658
8.60636e-05
0.00932181
6.80752e-05
0.00663928
5.83197e-05
0.00388911
5.46429e-05
0.00532851
1.61187e-06
1.13775e-06
-0.00150847
0.00151024
5.50642e-07
7.54874e-07
-0.000735554
0.000736382
1.05671e-07
6.02225e-09
3.4779e-08
5.90295e-08
-7.76636e-05
7.76915e-05
-7.76584e-05
7.76007e-05
1.30564e-05
0.00827173
2.79985e-05
0.0109525
4.50852e-05
0.0132048
6.33287e-05
0.0148639
7.92062e-05
0.0157869
9.4045e-05
0.0159007
0.000103088
0.0152033
0.000106647
0.0137757
0.000104031
0.0117478
9.14903e-05
0.00929839
8.78251e-05
0.00660978
9.96221e-05
0.00533966
1.1416e-06
7.63619e-07
-0.00151107
0.00151289
-2.03931e-07
3.02088e-07
-0.000737034
0.000737527
3.1112e-08
2.66379e-08
7.18166e-08
3.15471e-08
-7.77914e-05
7.7897e-05
-7.77853e-05
7.77263e-05
1.71774e-05
0.00828255
3.38741e-05
0.0109637
5.12237e-05
0.0132169
6.95728e-05
0.0148735
8.69509e-05
0.015794
0.000102933
0.0159009
0.000112575
0.0151973
0.000119876
0.0137598
0.000116885
0.0117224
0.000114143
0.00927207
0.00012963
0.00535023
5.12535e-06
1.4791e-06
-0.00151499
0.00151807
-1.93598e-06
-1.33932e-06
-0.000737764
0.000737611
-9.11948e-10
-4.99585e-08
1.58446e-08
4.90371e-08
-7.8027e-05
7.80582e-05
-7.80004e-05
7.79689e-05
2.08029e-05
0.00829562
3.69715e-05
0.0109779
5.80024e-05
0.0132285
7.85567e-05
0.0148819
9.83227e-05
0.0157986
0.00011104
0.0159024
0.000123146
0.0151941
0.000128431
0.0137483
0.000134003
0.0117026
0.000151232
0.0053605
5.21712e-06
5.31443e-06
-0.00151608
0.00152038
1.22811e-06
-4.04136e-07
-1.73324e-06
5.20179e-06
-0.000736226
0.000435479
0.000299036
-2.20347e-07
-4.44567e-09
2.30858e-08
2.21353e-08
-7.80731e-05
7.80722e-05
-7.8123e-05
7.8074e-05
2.23594e-05
0.00831024
4.23695e-05
0.0109935
6.3196e-05
0.0132438
8.68446e-05
0.0148934
0.000104701
0.015805
0.000121505
0.015904
0.000130398
0.0151921
0.000143268
0.013739
0.000159927
0.00537378
4.47848e-06
4.60586e-06
-0.00152264
0.00152512
1.50437e-06
1.23717e-06
1.81859e-06
1.23753e-06
-0.000464127
0.000466279
-9.24487e-07
-0.000461465
-3.06613e-06
-0.000456392
-6.80562e-06
-1.57113e-05
0.000280486
2.83854e-06
-7.81129e-05
7.78926e-05
-7.81174e-05
7.80953e-05
2.42536e-05
0.00832835
4.66685e-05
0.0110101
7.13913e-05
0.0132593
9.46422e-05
0.0149035
0.000113768
0.0158127
0.000130149
0.0159043
0.000146348
0.015189
0.000164666
0.00538867
4.52752e-06
4.83682e-06
-0.00152742
0.00153006
1.07534e-06
7.65663e-07
1.28292e-06
1.0178e-06
-0.000469103
0.000469795
8.12226e-07
-0.000468508
6.41612e-07
-0.000467214
5.2473e-07
3.02823e-07
-0.000272548
0.000272138
-5.14772e-07
-0.000274568
-1.04589e-06
-8.87218e-07
8.07311e-05
2.7664e-05
0.00834736
5.14204e-05
0.01103
7.91613e-05
0.0132748
0.000100905
0.0149163
0.000120681
0.0158222
0.000138961
0.0159117
0.00015809
0.00540617
4.95796e-06
5.20103e-06
-0.00153312
0.00153577
8.20048e-07
1.05553e-06
9.99591e-07
7.78119e-07
-0.000471436
0.000471945
5.66558e-07
-0.000471082
4.11665e-07
-0.000470217
4.18395e-07
5.95832e-07
-0.000273342
0.000274008
1.46122e-07
-0.000272861
1.60837e-07
-0.000272441
1.04584e-07
-4.75404e-10
-7.8798e-05
7.82833e-05
-7.98439e-05
3.04946e-05
0.00836828
5.79464e-05
0.0110513
8.43904e-05
0.0132913
0.000106785
0.0149302
0.000127332
0.0158338
0.000141381
0.00542541
5.37166e-06
5.89116e-06
-0.00153912
0.00154217
7.93074e-07
1.11882e-06
8.0441e-07
1.04297e-06
-0.000473525
0.000473973
3.71696e-07
-0.000472845
3.75975e-07
-0.000472307
4.6155e-07
4.15749e-07
-0.000275018
0.000275485
9.9023e-08
-0.000274704
9.76552e-08
-0.000274419
1.34194e-07
1.84607e-07
-7.85482e-05
7.86943e-05
-7.83874e-05
-7.82828e-05
3.50299e-05
0.0083912
6.46369e-05
0.011071
9.02393e-05
0.0133078
0.000110274
0.0149473
0.000117673
0.0054476
6.19702e-06
6.63578e-06
-0.00154593
0.0015492
8.83741e-07
1.21777e-06
8.98648e-07
1.23021e-06
-0.000475645
0.000476035
4.02413e-07
-0.000474859
3.33096e-07
-0.000474436
3.81887e-07
5.79592e-07
-0.000276462
0.000276741
9.22068e-08
-0.000276142
5.63402e-08
-0.000275807
1.26576e-07
9.3813e-08
-7.91108e-05
7.92098e-05
-7.90131e-05
-7.88789e-05
4.05891e-05
0.00841525
7.14802e-05
0.0110898
9.11067e-05
0.013327
9.15873e-05
0.00547306
7.10152e-06
8.03411e-06
-0.00155319
0.00155697
1.28646e-06
1.12689e-06
1.28455e-06
1.36438e-06
-0.000477975
0.000478246
6.13148e-07
-0.000477129
3.71108e-07
-0.000476644
4.14359e-07
6.2119e-07
-0.000277722
0.000278023
1.00656e-07
-0.000277485
9.66274e-08
-0.000277196
9.27319e-08
1.24806e-07
-7.94865e-05
7.95787e-05
-7.94302e-05
-7.93036e-05
4.9315e-05
0.00843741
7.25897e-05
0.0111083
6.49271e-05
0.00550165
1.02366e-05
1.04851e-05
-0.00156223
0.00156642
1.49297e-06
1.42218e-06
1.469e-06
1.30756e-06
-0.000480543
0.000481148
6.81618e-07
-0.000479905
4.8914e-07
-0.000479095
4.74239e-07
5.15537e-07
-0.000279045
0.000279546
1.11542e-07
-0.000278756
8.22423e-08
-0.000278549
2.07202e-07
9.56612e-08
-7.98929e-05
7.99935e-05
-7.97963e-05
-7.97035e-05
5.4031e-05
0.00845597
4.22396e-05
0.00552531
1.58011e-05
1.45655e-05
-0.00157321
0.00157892
2.36534e-06
2.16695e-06
1.95779e-06
1.73086e-06
-0.000483683
0.000484335
8.40702e-07
-0.000482778
5.16602e-07
-0.000481869
5.609e-07
5.85633e-07
-0.000280648
0.000281251
7.8823e-08
-0.000280276
1.17433e-07
-0.000279918
1.16195e-07
1.43683e-07
-8.03786e-05
8.04902e-05
-8.02964e-05
-8.00892e-05
2.81594e-05
1.23513e-05
3.11223e-05
-0.00158734
0.00159435
4.96933e-06
3.82185e-06
3.36937e-06
2.77203e-06
-0.000487769
0.000488816
1.31796e-06
-0.000486559
9.57086e-07
-0.000485346
7.44435e-07
7.2046e-07
-0.000282489
0.000283186
1.43499e-07
-0.00028211
1.38056e-07
-0.000281684
1.34644e-07
1.52446e-07
-8.08675e-05
8.09463e-05
-8.075e-05
-8.06339e-05
-0.00160663
7.84144e-06
1.61049e-05
1.07842e-05
8.0575e-06
-0.00049396
0.000496102
2.82678e-06
-0.000491945
1.80726e-06
-0.00049018
1.6043e-06
1.40828e-06
-0.000285029
0.000286055
2.91495e-07
-0.000284289
2.17363e-07
-0.00028372
1.75391e-07
1.86528e-07
-8.13714e-05
8.15149e-05
-8.12334e-05
-8.10987e-05
-0.000506919
1.12566e-05
-0.000502526
1.1712e-05
-0.000499238
7.49605e-06
4.92156e-06
-0.000289656
0.000291754
7.29234e-07
-0.000288332
4.83298e-07
-0.000287112
3.84577e-07
3.50992e-07
-8.20942e-05
8.23857e-05
-8.18768e-05
-8.17014e-05
-0.000303572
1.53127e-05
-0.000299309
7.44943e-06
-0.000295197
3.38324e-06
1.47862e-06
-8.36045e-05
8.43338e-05
-8.31213e-05
-8.27367e-05
-9.66451e-05
-8.91956e-05
-8.58124e-05
1.92462e-06
-1.92476e-06
7.07141e-06
1.51376e-06
-6.66111e-06
1.14765e-06
-3.07254e-06
5.27985e-06
1.79121e-06
7.75544e-06
1.1876e-06
-7.42996e-06
1.73185e-06
-7.24567e-06
6.37494e-07
-3.71021e-06
9.95293e-07
4.28438e-06
7.97032e-06
1.57586e-06
-1.31439e-06
-4.67644e-07
-8.58302e-07
3.8248e-06
-7.0127e-06
1.43379e-06
-8.04233e-06
3.75673e-07
-4.08602e-06
1.22268e-06
7.74239e-06
3.87069e-07
3.89708e-06
5.00711e-07
1.82864e-06
-1.34018e-06
-0.000232024
-4.61373e-06
0.000237112
-1.57719e-06
5.42352e-06
-1.36283e-06
-7.15627e-06
1.07449e-06
-8.74147e-06
1.48645e-07
-4.23483e-06
8.22264e-07
7.30682e-06
1.1068e-07
3.78616e-06
-2.26172e-06
-0.000229257
-1.29821e-08
-5.21426e-07
9.09468e-07
-0.000982087
2.51461e-06
0.000974949
-3.72824e-06
1.20184e-05
0.000234123
-5.3094e-06
4.11867e-06
-1.25448e-06
-1.17018e-06
-7.44471e-06
6.48933e-07
-9.24197e-06
1.71689e-07
-4.40666e-06
6.89587e-06
2.24812e-07
3.56102e-06
-3.23928e-06
-0.00023749
1.50913e-05
-3.62612e-06
-0.00098855
6.44538e-06
-6.48537e-07
-1.06568e-06
-6.16815e-07
-0.00217568
1.6711e-05
0.00216148
1.79437e-05
0.000969017
2.43535e-05
-5.52835e-06
0.00022155
-6.26041e-06
1.43304e-06
-1.37062e-06
-1.25412e-06
-8.05041e-06
-6.07846e-07
-8.61305e-06
-9.67824e-06
1.76615e-07
-4.58348e-06
6.47196e-06
2.15956e-07
3.34482e-06
-0.000252273
2.21674e-05
-3.68329e-06
-3.70916e-06
-0.000995664
2.2199e-05
-3.92502e-06
-3.46665e-07
-4.212e-07
-0.00218816
1.89252e-05
6.07095e-06
-0.00380526
3.43942e-05
0.00378757
2.84937e-05
0.00215092
3.38367e-05
0.000959527
-1.87207e-06
-1.08599e-06
-1.13855e-06
2.91365e-05
-6.0644e-06
0.0002049
-6.43106e-06
-5.11989e-06
-1.51419e-06
-1.49958e-06
-9.24598e-06
-7.37999e-07
-9.84876e-06
-6.51568e-07
-1.02397e-05
1.6784e-07
-4.75148e-06
8.02491e-08
3.26436e-06
-0.000267404
2.26827e-05
-3.65185e-06
-3.90707e-06
-0.00100587
3.23708e-05
6.53742e-06
-9.5101e-06
-3.30377e-07
-3.81846e-07
-5.64489e-07
-5.32781e-07
-0.00219765
3.16828e-05
-5.73e-06
8.79659e-09
5.37412e-06
-0.00382249
3.61516e-05
-0.00584054
5.42631e-05
0.00582067
4.2631e-05
0.00377343
4.3347e-05
0.0021414
4.18228e-05
0.000946834
-1.05443e-05
-3.90687e-07
-1.1156e-05
-5.27151e-07
-8.28496e-06
-1.45397e-06
-1.44646e-06
2.8504e-05
-6.44739e-06
0.000188928
-6.09269e-06
-1.07268e-05
-3.99068e-06
-1.18911e-05
-7.79616e-07
-1.26323e-05
-7.58616e-07
-1.07236e-05
5.27623e-08
-4.80442e-06
3.27308e-06
-0.000276242
1.62736e-05
-3.26969e-06
-4.1743e-06
-0.00101611
3.29136e-05
1.23001e-05
-1.52321e-05
-3.35371e-07
-3.8624e-07
-5.80533e-07
-5.36983e-07
-0.00220607
4.0779e-05
-4.31613e-06
3.96164e-06
2.37439e-08
-4.63142e-06
-6.68519e-08
-5.00441e-06
-1.91803e-07
-1.63219e-07
-0.00383446
4.36444e-05
-0.00585894
5.45414e-05
-0.00820791
7.30217e-05
0.00818914
5.93361e-05
0.00580396
5.45848e-05
0.00376218
5.20003e-05
0.00213122
4.10654e-05
0.000934267
-1.10616e-05
-1.14464e-05
-1.42621e-07
-1.3545e-05
-5.41637e-07
-1.41381e-05
-8.53651e-07
-1.42745e-05
-2.90147e-06
2.3265e-05
-5.93562e-06
0.000177267
-5.67668e-06
-1.76839e-05
-2.68491e-06
1.40704e-05
-3.21685e-05
-3.8521e-08
6.61313e-09
-1.20456e-05
-1.80658e-07
-1.26491e-05
-1.55538e-07
-4.94713e-06
3.10977e-06
-0.000273396
-1.74905e-06
1.43583e-06
-2.54027e-06
-0.001022
2.21561e-05
1.81747e-05
-2.05904e-05
-3.97056e-07
-4.58765e-07
-6.40783e-07
-5.91424e-07
-0.00221339
4.02307e-05
-2.88896e-06
2.52466e-06
2.8488e-08
-3.20729e-06
-6.8207e-08
-3.59051e-06
-1.97608e-07
-1.66005e-07
-0.00384394
5.0259e-05
-2.85104e-06
2.87464e-06
-2.91797e-06
-0.00587394
5.86441e-05
-0.0082259
7.25219e-05
-0.0107878
8.74264e-05
0.0107733
7.53034e-05
0.00817317
6.68591e-05
0.00579168
6.13769e-05
0.0037528
5.11897e-05
0.00212109
3.26004e-05
0.000924926
-1.32151e-05
2.42059e-08
1.48078e-09
-3.48909e-05
-8.0491e-08
-9.97386e-08
-2.12004e-05
-2.42098e-06
1.27957e-05
-5.48163e-06
0.000174988
-5.04118e-06
-2.40907e-05
-2.78786e-06
-3.72827e-05
-1.43965e-07
-1.50519e-07
5.25136e-06
-5.29008e-06
5.2579e-06
-5.1279e-06
-5.28351e-06
-0.000267258
-1.41033e-05
3.13257e-06
4.82439e-06
-0.0010264
2.6504e-06
2.18372e-05
-1.97732e-05
-1.68419e-07
-4.61562e-07
-6.50796e-07
-6.4324e-07
-0.0022207
2.94602e-05
-1.317e-06
9.18458e-07
9.94945e-10
-1.68686e-06
-8.92446e-08
-2.11306e-06
-2.1492e-07
-1.79994e-07
-0.00385337
4.96475e-05
-2.44266e-06
2.47099e-06
-2.51095e-06
-2.70863e-06
-0.00588641
6.27295e-05
-0.00824325
7.59985e-05
-0.0108038
8.85896e-05
-0.0134076
9.46084e-05
0.0134004
8.86543e-05
0.01076
8.03793e-05
0.00815965
7.22082e-05
0.00578084
6.08559e-05
0.00374313
4.22754e-05
0.00211141
1.98092e-05
0.000917908
-5.25938e-06
-5.37072e-06
-5.4706e-06
-3.95422e-05
-6.9858e-08
-9.28378e-08
-2.63128e-05
-3.26112e-06
5.37e-06
-4.24333e-06
0.000178566
-4.71089e-06
-2.65419e-05
-4.81311e-06
-4.20461e-05
-1.53725e-07
-1.31508e-07
5.62112e-06
-5.76535e-06
-0.000273955
9.89891e-06
-2.29653e-06
-9.12719e-07
-0.00103334
-7.17508e-06
1.54606e-05
-1.20138e-05
-1.6977e-07
-1.46503e-07
4.8184e-07
2.93782e-08
-0.00223095
1.28964e-05
1.75086e-07
-1.21548e-07
-2.22401e-07
-9.97853e-08
-1.87018e-07
-4.91082e-07
-2.59849e-07
-2.16047e-07
-0.00386391
3.99956e-05
-1.98666e-06
1.98748e-06
-2.076e-06
-2.291e-06
-0.00589915
6.23793e-05
-0.00825834
7.78146e-05
-0.0108187
9.08648e-05
-0.0134153
9.6268e-05
-0.01587
8.83485e-05
0.0158763
9.43012e-05
0.0133948
9.0315e-05
0.0107501
8.18383e-05
0.00815001
7.07472e-05
0.00577095
5.33878e-05
0.00373201
3.08575e-05
0.00210036
1.25124e-05
0.00091076
-5.83537e-06
-5.92835e-06
-4.49627e-05
-9.70282e-08
-2.48409e-07
-2.48508e-05
-5.93574e-06
1.50376e-05
-6.13527e-06
0.000176378
-6.7198e-06
-2.30071e-05
-6.55561e-06
-4.75709e-05
-1.60715e-06
-5.98665e-07
6.05986e-06
-6.21384e-06
3.07571e-05
-1.10052e-06
-1.37151e-06
-0.000197943
-0.000104306
-0.0010346
1.11558e-05
1.24491e-05
-1.45031e-05
-1.10613e-07
-1.33812e-07
-2.41512e-07
-2.36396e-07
-0.00224361
5.47799e-06
-1.34435e-06
1.1743e-06
-1.49103e-06
-4.32605e-07
-5.76868e-07
-5.24946e-07
-0.00387851
2.74977e-05
-1.32439e-06
1.10185e-06
-1.5115e-06
-1.77143e-06
-0.00591415
5.49895e-05
-0.00827375
7.77815e-05
-0.0108332
9.23578e-05
-0.0134237
9.93116e-05
-0.0158658
9.20483e-05
-0.0179921
6.38743e-05
0.0180166
8.62477e-05
0.0158843
9.30561e-05
0.013392
9.15122e-05
0.0107404
8.12727e-05
0.00813949
6.55439e-05
0.00575879
4.50182e-05
0.00371785
2.51114e-05
0.00208776
2.13446e-05
0.000904449
-6.311e-06
-6.55952e-06
-4.65225e-05
-3.23449e-06
-3.75031e-06
-2.37254e-05
-5.41825e-06
2.62171e-05
-7.22075e-06
0.00016459
-7.21321e-06
-2.58443e-05
-4.60189e-06
-4.64835e-05
-2.27577e-06
-4.31957e-06
7.15818e-06
-8.76555e-06
-0.00102985
2.60006e-05
1.56955e-05
-1.66487e-05
-7.22356e-08
-7.68744e-08
-9.08435e-08
-8.87268e-08
4.39772e-06
1.66817e-05
-0.000219025
-5.67457e-06
-9.42351e-05
-0.00224781
1.5353e-05
-5.62364e-07
4.51542e-07
-6.96281e-07
-9.37904e-07
-0.00389486
2.18215e-05
-5.76904e-07
-0.00593301
4.6353e-05
-0.00829203
7.327e-05
-0.0108478
9.23633e-05
-0.013432
0.000100613
-0.0158602
9.37214e-05
-0.0179677
6.75872e-05
-0.0196498
1.79731e-05
0.0196957
5.99499e-05
0.0180429
8.316e-05
0.0158942
9.16901e-05
0.0133918
8.87847e-05
0.0107329
7.71728e-05
0.00812785
5.92674e-05
0.00574454
4.05461e-05
0.00370241
3.24653e-05
0.00207663
3.55275e-05
0.000895136
-1.20002e-05
-1.25594e-05
-3.19124e-06
-4.95876e-05
-1.55592e-06
-7.59018e-07
-2.91458e-05
-3.92034e-06
3.15206e-05
-7.20513e-06
0.000147368
-7.09807e-06
-3.26558e-05
-3.70392e-06
-5.28849e-05
-4.9295e-07
-8.12379e-07
1.4934e-05
-1.6251e-05
-9.59022e-07
-1.94502e-06
-1.00339e-05
2.46914e-05
-0.00224774
2.59231e-05
-1.55064e-05
-6.6928e-06
-4.95127e-08
-7.53144e-08
-1.94905e-07
1.22471e-07
-2.71871e-07
-3.62816e-07
-2.47993e-06
-0.00022658
-1.16921e-06
-5.45753e-07
-9.50009e-05
-0.00390606
2.65449e-05
-0.00595329
4.21044e-05
-0.00831329
6.7603e-05
-0.0108647
9.01815e-05
-0.0134414
0.000101744
-0.0158557
9.6136e-05
-0.0179451
7.11258e-05
-0.0196045
2.23e-05
-0.0208111
-4.80687e-05
0.0208771
1.34287e-05
0.0197422
5.59629e-05
0.0180701
8.08103e-05
0.0159051
8.86823e-05
0.0133919
8.44885e-05
0.0107255
7.21127e-05
0.00811501
5.57298e-05
0.00572935
4.503e-05
0.00368984
4.47716e-05
0.00206738
4.47191e-05
0.000881934
-3.19126e-06
-1.73832e-05
-4.23917e-07
-1.79069e-05
-2.35633e-07
-5.59942e-05
-4.7352e-07
-3.38207e-07
-3.65171e-05
-3.34468e-06
3.2717e-05
-7.10509e-06
0.000128813
-7.05976e-06
-4.02302e-05
-3.38543e-06
-5.87944e-05
-4.02269e-07
-5.01997e-07
1.85416e-05
-1.89015e-05
-1.33406e-07
-1.77762e-07
5.13628e-06
-6.0954e-06
2.43777e-05
-0.00391218
3.20458e-05
8.35921e-07
-1.75118e-05
-5.71154e-06
-1.45593e-07
-4.71562e-08
-2.53429e-09
-4.2412e-06
2.18953e-07
-1.82767e-05
-1.08233e-06
-1.03682e-06
-0.00597
4.32526e-05
-0.00833493
6.37425e-05
-0.0108848
8.76844e-05
-0.0134523
0.000101058
-0.0158524
9.83651e-05
-0.0179224
7.34205e-05
-0.0195587
2.53334e-05
-0.0207442
-4.45916e-05
-0.0215272
-0.000131621
0.0216107
-5.40453e-05
0.0209446
8.81129e-06
0.0197894
5.1784e-05
0.0180991
7.56483e-05
0.0159181
8.40693e-05
0.0133924
8.01578e-05
0.0107175
6.89877e-05
0.00810175
5.89192e-05
0.00571546
5.50341e-05
0.00367958
5.4475e-05
0.00205763
4.72715e-05
0.000867377
-6.51938e-06
-6.75508e-06
-1.93026e-05
-7.26432e-08
-1.95554e-05
-8.56163e-08
-6.14667e-05
-3.56312e-07
-3.16556e-07
-4.41588e-05
-3.17723e-06
3.0868e-05
-7.12711e-06
0.00011234
-7.27452e-06
-4.78594e-05
-3.35927e-06
-6.4007e-05
-4.00967e-07
-4.44573e-07
1.99437e-05
-2.0245e-05
-1.01161e-07
-1.1382e-07
6.93285e-06
-7.06639e-06
2.93167e-05
-0.00598289
4.49251e-05
-5.65289e-06
1.60072e-07
-1.48192e-07
-1.89949e-05
-3.64471e-07
-4.58e-07
-0.00835611
6.44277e-05
-0.0109072
8.61335e-05
-0.0134654
0.000100876
-0.0158517
0.000100394
-0.0179005
7.65273e-05
-0.0195146
2.9244e-05
-0.0206775
-4.13455e-05
-0.0214448
-0.000127006
-0.0219043
-0.000225036
0.0219977
-0.00013763
0.0216943
-5.89641e-05
0.0210123
2.92239e-06
0.0198382
4.74533e-05
0.0181273
7.21454e-05
0.0159301
8.01075e-05
0.0133924
7.69547e-05
0.0107095
6.99965e-05
0.00809067
6.47915e-05
0.0057057
6.26671e-05
0.00367138
5.77784e-05
0.00204712
4.3505e-05
0.000854737
-7.1391e-06
-7.22477e-06
-2.05511e-05
-5.03776e-08
-2.07904e-05
-7.73854e-08
-6.65333e-05
-3.16286e-07
-3.34896e-07
-5.16889e-05
-3.29831e-06
2.56115e-05
-7.43652e-06
0.00010211
-7.94642e-06
-5.53216e-05
-3.64304e-06
-6.90612e-05
-4.2125e-07
-4.10296e-07
2.11372e-05
-2.14407e-05
-9.76733e-08
-9.78334e-08
7.3386e-06
-7.43986e-06
4.23449e-05
-0.00837469
6.35073e-05
-5.96471e-06
-5.28761e-08
1.18185e-08
-7.06235e-08
-0.0109276
8.48308e-05
-0.0134797
0.000100374
-0.0158511
0.000100249
-0.0178785
7.83599e-05
-0.0194698
3.17935e-05
-0.020611
-3.71972e-05
-0.0213611
-0.000124981
-0.0218106
-0.000220677
-0.0220234
-0.00031756
0.022116
-0.000228427
0.0220885
-0.000141396
0.0217768
-6.52238e-05
0.0210805
-2.10113e-06
0.0198878
4.09463e-05
0.0181585
6.58476e-05
0.0159443
7.60379e-05
0.0133933
7.51726e-05
0.0107044
7.3217e-05
0.00808224
6.9796e-05
0.00569857
6.54708e-05
0.00366369
5.35412e-05
0.00203708
3.45586e-05
0.000845788
-7.49028e-06
-7.56771e-06
-2.17037e-05
-5.34007e-08
-2.19612e-05
-7.74268e-08
-7.16954e-05
-3.01662e-07
-3.62704e-07
-5.88073e-05
-3.95195e-06
1.78447e-05
-8.29204e-06
0.000101665
-9.10662e-06
-6.17211e-05
-5.03233e-06
-7.44743e-05
-4.6932e-07
-3.95353e-07
2.22722e-05
-2.25957e-05
-9.7826e-08
-9.93191e-08
7.66554e-06
-7.76329e-06
6.18251e-05
-0.0109488
8.46818e-05
-4.11289e-08
-0.0134952
0.000100357
-0.0158515
0.000100787
-0.0178582
7.99478e-05
-0.0194244
3.29706e-05
-0.0205436
-3.56227e-05
-0.0212751
-0.000123232
-0.0217166
-0.000218937
-0.021928
-0.000316117
-0.0219363
-0.0004032
0.0220219
-0.000322792
0.0222103
-0.000235465
0.0221825
-0.000150037
0.0218616
-7.17192e-05
0.0211501
-9.45237e-06
0.0199382
3.52966e-05
0.0181891
6.11873e-05
0.0159592
7.33167e-05
0.0133952
7.62699e-05
0.0107013
7.5345e-05
0.00807669
7.15461e-05
0.00569249
6.16704e-05
0.00365556
4.37284e-05
0.00202791
2.41911e-05
0.000839443
-7.81671e-06
-7.89416e-06
-2.28528e-05
-4.45823e-08
-2.31302e-05
-8.52859e-08
-7.76417e-05
-3.07062e-07
-4.77973e-07
-6.32729e-05
-6.73941e-06
1.63438e-05
-9.46026e-06
0.000104364
-9.58292e-06
-6.26122e-05
-9.76655e-06
-8.12698e-05
-9.04576e-07
-4.99469e-07
2.34309e-05
-2.37987e-05
-1.01496e-07
-9.47081e-08
7.99347e-06
-8.09132e-06
8.28964e-05
-0.0135114
0.000100894
-0.0158531
0.000101965
-0.0178387
8.12923e-05
-0.0193806
3.61205e-05
-0.0204763
-3.43404e-05
-0.0211902
-0.000120573
-0.0216212
-0.000218667
-0.021832
-0.000314895
-0.021851
-0.000401387
-0.0216249
-0.000468172
0.0216898
-0.000406386
0.0221055
-0.000328093
0.022303
-0.0002427
0.0222752
-0.000156587
0.0219464
-7.84273e-05
0.0212191
-1.59249e-05
0.0199894
2.94752e-05
0.0182208
5.72288e-05
0.0159753
7.11281e-05
0.0134003
7.68716e-05
0.0106998
7.54435e-05
0.00807279
6.85733e-05
0.00568559
5.35488e-05
0.00364574
3.43354e-05
0.00201776
2.22974e-05
0.000833482
-8.1359e-06
-8.22118e-06
-2.40486e-05
-5.73242e-08
-2.44166e-05
-1.10097e-07
-8.48119e-05
-9.77809e-07
-2.21885e-06
-6.11623e-05
-1.09102e-05
2.58484e-05
-1.06472e-05
9.94829e-05
-1.0332e-05
-6.05399e-05
-1.02054e-05
-8.52641e-05
-5.80549e-06
-3.50871e-06
2.4778e-05
-2.54664e-05
-2.1627e-07
-1.38079e-07
8.31588e-06
-8.41738e-06
9.95346e-05
-0.0158551
0.000102863
-0.0178201
8.33921e-05
-0.0193373
3.79355e-05
-0.0204092
-3.10084e-05
-0.0211039
-0.000120597
-0.0215231
-0.000218694
-0.0217344
-0.000316334
-0.0217626
-0.000403337
-0.0215576
-0.00046864
-0.0210038
-0.000501929
0.0210376
-0.00046905
0.0217525
-0.000411965
0.0221894
-0.000335947
0.0223962
-0.000250173
0.0223688
-0.000164534
0.0220325
-8.64739e-05
0.0212896
-2.25908e-05
0.0200415
2.34624e-05
0.0182545
5.30903e-05
0.0159933
6.95562e-05
0.0134076
7.49353e-05
0.0107003
7.22135e-05
0.00806915
6.13166e-05
0.00567782
4.53674e-05
0.0036347
3.2675e-05
0.00200738
3.23299e-05
0.000826992
-8.47475e-06
-8.58488e-06
-2.61242e-05
-3.19856e-07
-2.74916e-05
-8.51223e-07
-8.3019e-05
-6.76945e-06
-6.38594e-06
-6.26654e-05
-8.5224e-06
3.57601e-05
-1.13498e-05
8.6265e-05
-1.12053e-05
-6.56107e-05
-7.38745e-06
-8.45248e-05
-3.23005e-06
-5.46983e-06
2.88625e-05
-3.01842e-05
-4.48363e-06
-2.13778e-06
8.72296e-06
-8.93925e-06
0.000103558
-0.0178025
8.52113e-05
-0.0192944
4.05617e-05
-0.020341
-3.02294e-05
-0.0210164
-0.000118533
-0.0214246
-0.000219032
-0.0216338
-0.00031928
-0.021671
-0.000407941
-0.0214882
-0.00047279
-0.0209678
-0.000504706
-0.0199744
-0.000497172
0.0199697
-0.000503725
0.0210723
-0.000476825
0.0218174
-0.000421214
0.0222747
-0.000346366
0.0224924
-0.000259057
0.0224633
-0.000172702
0.0221188
-9.47282e-05
0.0213618
-3.05025e-05
0.0200954
1.73021e-05
0.0182903
4.96601e-05
0.0160132
6.63898e-05
0.0134162
7.11541e-05
0.0107013
6.71833e-05
0.00806328
5.64929e-05
0.00566669
4.47074e-05
0.00362267
4.15964e-05
0.0019981
4.55217e-05
0.000817214
-9.25905e-06
-1.01102e-05
-3.1405e-05
-5.54866e-06
-3.21518e-05
-5.63921e-06
-8.86006e-05
-2.81406e-06
-1.63267e-06
-7.00624e-05
-6.90093e-06
4.21474e-05
-1.24077e-05
6.88146e-05
-1.23099e-05
-7.45521e-05
-6.71889e-06
-9.29467e-05
-1.22035e-06
-1.82177e-06
3.41068e-05
-3.5233e-05
-2.10396e-06
-3.51489e-06
1.2248e-05
-1.67315e-05
8.67933e-05
-0.019251
4.1747e-05
-0.020273
-2.74475e-05
-0.0209287
-0.000117888
-0.0213247
-0.000218463
-0.0215315
-0.000321347
-0.0215762
-0.000414065
-0.0214142
-0.000481921
-0.0209261
-0.000514444
-0.0199751
-0.000504048
-0.0184526
-0.000453756
0.0184092
-0.000498771
0.0199647
-0.000509908
0.0211053
-0.000485847
0.021882
-0.0004318
0.0223601
-0.000355822
0.0225892
-0.000269331
0.0225599
-0.000181094
0.0222051
-0.000102064
0.0214333
-3.54323e-05
0.0201482
1.28933e-05
0.0183271
4.43899e-05
0.0160352
6.17032e-05
0.0134256
6.73889e-05
0.0107011
6.23739e-05
0.0080574
5.49941e-05
0.0056564
5.12068e-05
0.00361305
5.42058e-05
0.00198941
5.51354e-05
0.000804222
-1.79361e-05
-4.34417e-06
-2.0991e-05
-2.58444e-06
-3.67105e-05
-1.33679e-06
-3.74185e-05
-9.24644e-07
-9.74254e-05
-1.35604e-06
-1.06734e-06
-8.02279e-05
-6.73566e-06
4.42062e-05
-1.34156e-05
5.24121e-05
-1.43892e-05
-8.59574e-05
-6.58177e-06
-0.000101693
-1.14298e-06
-1.31103e-06
3.84504e-05
-3.90699e-05
-6.00645e-07
-7.89872e-07
2.32777e-05
-2.4789e-05
-5.9308e-07
-1.22825e-06
4.38008e-05
-0.0202051
-2.61589e-05
-0.0208398
-0.000116408
-0.0212233
-0.00021934
-0.0214262
-0.000323716
-0.0214794
-0.000418143
-0.0213368
-0.000491433
-0.0208812
-0.000526844
-0.0199719
-0.000517556
-0.018494
-0.000462624
-0.0164289
-0.000375436
0.0163505
-0.000454466
0.0183649
-0.000507448
0.0199622
-0.000521601
0.0211411
-0.000498409
0.0219486
-0.000442569
0.0224468
-0.000365487
0.0226853
-0.000278649
0.0226575
-0.000190846
0.0222939
-0.000109616
0.0215075
-4.37078e-05
0.0202048
7.39247e-06
0.0183641
3.9897e-05
0.016057
5.76803e-05
0.0134353
6.29894e-05
0.0107005
6.17579e-05
0.00805063
5.99036e-05
0.0056477
6.21162e-05
0.00360513
6.478e-05
0.00197976
5.93957e-05
0.000789024
-4.34419e-06
-6.92868e-06
-2.58193e-05
-3.0648e-07
-2.6522e-05
-2.22041e-07
-3.98832e-05
-5.43019e-07
-4.04425e-05
-5.08278e-07
-0.000106204
-1.16293e-06
-1.06337e-06
-9.32572e-05
-6.11767e-06
4.55696e-05
-3.29185e-05
3.9746e-05
-0.000100776
-6.87317e-06
-0.000110402
-1.20081e-06
-1.18482e-06
4.11988e-05
-4.18303e-05
-5.12204e-07
-5.5498e-07
2.7162e-05
-2.76173e-05
-1.45494e-07
-1.49971e-07
8.15692e-06
-8.75009e-06
-2.39844e-05
-0.0207519
-0.000114051
-0.0211215
-0.00021816
-0.0213192
-0.000326335
-0.0213781
-0.000424944
-0.0212536
-0.000501351
-0.0208306
-0.000541998
-0.0199619
-0.000536928
-0.0185301
-0.000481461
-0.0165058
-0.000385676
-0.0139869
-0.000273508
0.013885
-0.000377567
0.0162736
-0.000467057
0.0183245
-0.000521186
0.0199618
-0.000534441
0.0211771
-0.000509953
0.022016
-0.000453504
0.0225349
-0.000376513
0.0227832
-0.000287018
0.0227537
-0.000197374
0.0223817
-0.000116244
0.02158
-4.90018e-05
0.0202612
7.92682e-07
0.0184032
3.44513e-05
0.0160802
5.28894e-05
0.0134454
6.08521e-05
0.0107014
6.39085e-05
0.00804662
6.74318e-05
0.00564238
7.12445e-05
0.00359866
7.00409e-05
0.00196911
5.92994e-05
0.000775296
-9.05663e-06
-9.27871e-06
-2.80573e-05
-1.02979e-07
-2.84383e-05
-1.27647e-07
-4.25221e-05
-4.71719e-07
-4.3077e-05
-5.08894e-07
-0.00011476
-1.14645e-06
-6.14754e-07
0.000118839
-8.5063e-07
-0.000250486
-1.20222e-06
4.38374e-05
-2.81376e-05
2.4049e-05
-2.79472e-06
4.36952e-05
-4.42664e-05
-6.30027e-07
-5.66776e-07
2.88863e-05
-2.92732e-05
-1.25995e-07
-1.07074e-07
9.42869e-06
-9.57418e-06
-0.000113207
-0.0210182
-0.000217312
-0.0212117
-0.000325672
-0.0212761
-0.000428399
-0.0211692
-0.000509303
-0.0207743
-0.000557686
-0.0199468
-0.000557014
-0.0185611
-0.000505958
-0.0165774
-0.000409829
-0.0140865
-0.000286034
-0.0112917
-0.000163885
0.0111821
-0.000278582
0.013786
-0.000393095
0.0161997
-0.000483111
0.0182864
-0.000536866
0.0199643
-0.000549456
0.0212166
-0.000522726
0.0220852
-0.000465748
0.0226241
-0.000385413
0.0228816
-0.000296759
0.022853
-0.000206395
0.0224718
-0.000124174
0.0216552
-5.65241e-05
0.0203185
-4.95352e-06
0.0184426
2.97713e-05
0.0161033
4.94413e-05
0.0134568
6.09949e-05
0.0107043
6.86672e-05
0.00804538
7.38576e-05
0.00563976
7.60563e-05
0.00359265
6.89089e-05
0.0019595
5.46762e-05
0.000764452
-9.67724e-06
-9.80502e-06
-2.9641e-05
-1.0415e-07
-3.00329e-05
-1.17311e-07
-4.45915e-05
-8.21622e-07
-4.34336e-05
-1.77316e-06
-8.08617e-05
8.01091e-05
-3.61913e-08
-6.42358e-08
-1.90441e-06
-0.000274143
-2.58108e-06
-8.19666e-05
-4.85295e-08
-4.9991e-08
3.85345e-05
-2.68813e-05
1.23826e-05
3.38505e-05
2.12487e-08
8.50781e-09
3.04994e-05
-3.10203e-05
-1.09391e-07
-1.00395e-07
9.91209e-06
-1.00383e-05
-0.000216767
-0.0211025
-0.000326548
-0.0211707
-0.000431008
-0.0210789
-0.000518732
-0.0207131
-0.000570475
-0.0199256
-0.000578913
-0.0185847
-0.000533413
-0.0166423
-0.000441073
-0.014181
-0.000315337
-0.0113991
-0.000178669
-0.00855488
-6.22231e-05
0.00845322
-0.000174352
0.0110779
-0.000300486
0.0136934
-0.000415357
0.0161319
-0.000502552
0.0182521
-0.000553423
0.0199682
-0.000563394
0.0212573
-0.000534488
0.022154
-0.000474704
0.0227134
-0.000395654
0.0229805
-0.000304382
0.022951
-0.000214464
0.0225621
-0.000132259
0.0217309
-6.31447e-05
0.0203767
-1.08161e-05
0.0184832
2.49934e-05
0.0161278
4.8745e-05
0.0134691
6.32926e-05
0.0107097
7.28455e-05
0.0080464
7.76839e-05
0.00563814
7.44024e-05
0.00358715
6.26937e-05
0.00195148
4.63315e-05
0.000756658
-1.01425e-05
-1.02599e-05
-3.18376e-05
-4.51698e-09
2.39624e-07
-1.02419e-05
1.02053e-05
-1.03063e-05
-8.3714e-05
-6.92968e-08
-8.85967e-08
-2.53826e-06
-0.000293983
-4.50661e-06
-8.60759e-05
-1.10247e-07
-1.10754e-07
-1.0355e-05
-1.04052e-05
3.1894e-05
-2.81722e-05
8.66494e-06
-1.02138e-05
1.02348e-05
1.03603e-05
-1.04698e-05
-0.000325274
-0.0210646
-0.000432719
-0.0209873
-0.000522616
-0.0206482
-0.00058366
-0.0198989
-0.000597233
-0.0186026
-0.00056096
-0.016702
-0.000473745
-0.0142702
-0.00035187
-0.0115008
-0.000213648
-0.00865363
-7.99142e-05
-0.0059815
2.06101e-05
0.00589867
-7.90381e-05
0.00835791
-0.000203899
0.0109813
-0.000328951
0.013607
-0.000439457
0.0160688
-0.000522585
0.0182213
-0.000568863
0.0199737
-0.000575217
0.021298
-0.000545213
0.0222245
-0.000484955
0.0228027
-0.000403764
0.0230799
-0.000313348
0.0230499
-0.000221572
0.0226514
-0.000138307
0.0218061
-6.88745e-05
0.0204347
-1.5852e-05
0.018524
2.1748e-05
0.0161548
4.71854e-05
0.0134852
6.43067e-05
0.0107182
7.43946e-05
0.00804969
7.59055e-05
0.00563663
6.82196e-05
0.00358163
5.31592e-05
0.00194466
3.71357e-05
0.000751412
-1.04744e-05
-1.04745e-05
-1.05632e-05
-8.84102e-05
-7.67116e-08
-1.28701e-07
-7.15992e-06
-0.000299793
-1.52053e-05
-9.25454e-05
-1.33697e-07
-2.38668e-07
-1.06735e-05
-1.07846e-05
2.94301e-05
-2.85605e-05
7.78417e-06
-0.000432279
-0.0208932
-0.00052681
-0.0205792
-0.000591535
-0.0198686
-0.000613935
-0.0186163
-0.000583556
-0.0167577
-0.00050525
-0.0143552
-0.000388819
-0.011598
-0.000254604
-0.00874528
-0.000121996
-0.00605684
-4.56974e-06
-0.00373471
7.50396e-05
0.00368029
-6.45808e-06
0.0058261
-0.000118223
0.00827224
-0.000238741
0.0108911
-0.000356592
0.0135241
-0.000459864
0.0160061
-0.000537787
0.0181902
-0.000581193
0.0199797
-0.000587025
0.0213398
-0.000554933
0.0222945
-0.000493076
0.022892
-0.000410901
0.0231774
-0.000320196
0.0231485
-0.000228863
0.022742
-0.000145618
0.0218829
-7.57776e-05
0.0204947
-2.10194e-05
0.0185668
1.92236e-05
0.0161827
4.69265e-05
0.0135026
6.40633e-05
0.0107286
7.13732e-05
0.00805422
6.98041e-05
0.00563505
5.85429e-05
0.00357624
4.38903e-05
0.0019379
3.42758e-05
0.00074657
-1.08615e-05
-1.09904e-05
-9.83125e-05
-3.28608e-07
-1.06483e-06
-1.85924e-05
-0.0002962
-1.35631e-05
-0.000104459
-2.76761e-06
-6.29247e-06
-1.11242e-05
-1.13631e-05
3.47785e-05
-2.80611e-05
1.07201e-06
-0.00052648
-0.0205086
-0.000597432
-0.0198344
-0.000625741
-0.0186253
-0.000604966
-0.0168084
-0.000532803
-0.0144379
-0.000422507
-0.011693
-0.000293891
-0.00883391
-0.000165974
-0.00612463
-5.4199e-05
-0.00377678
3.74978e-05
-0.00192359
0.00190476
4.61801e-05
4.76891e-05
3.30082e-05
0.00364082
-5.58339e-05
0.00576371
-0.000157643
0.00819114
-0.000268276
0.0108028
-0.000379394
0.0134437
-0.000478106
0.0159464
-0.00055182
0.0181608
-0.000592437
0.0199851
-0.000594656
0.0213796
-0.000562541
0.0223639
-0.000500207
0.0229813
-0.000418207
0.0232754
-0.000327217
0.0232469
-0.000235193
0.0228316
-0.000151983
0.0219591
-8.07591e-05
0.0205544
-2.53852e-05
0.0186114
1.57315e-05
0.0162139
4.37301e-05
0.0135229
6.11546e-05
0.0107388
6.59074e-05
0.00805812
6.04667e-05
0.00563313
5.0235e-05
0.0035699
4.11674e-05
0.00193101
4.10205e-05
0.000740324
-1.16917e-05
-1.27565e-05
-0.000107368
-8.03927e-06
-7.6443e-06
-9.28266e-06
-0.000309984
-4.99672e-06
-0.000113726
-4.99307e-06
-2.21294e-06
-1.55242e-05
-2.18169e-05
4.01867e-05
-2.62551e-05
-1.28709e-05
-0.000598942
-0.0197972
-0.000634643
-0.018632
-0.000619022
-0.0168581
-0.000555282
-0.0145196
-0.000451129
-0.0117894
-0.000326053
-0.00892564
-0.000202149
-0.00619485
-9.57527e-05
-0.00381413
-1.68403e-05
-0.00192529
3.14835e-05
7.72367e-06
0.00190377
5.49449e-06
2.85095e-05
-0.000470587
0.000479767
3.70007e-05
-0.000463679
4.07817e-05
-2.12959e-05
0.00360629
-9.45524e-05
0.00570062
-0.000186708
0.00810957
-0.000290952
0.0107143
-0.000396914
0.0133625
-0.000490545
0.0158852
-0.000562082
0.0181305
-0.000599738
0.0199902
-0.00060129
0.0214183
-0.000568052
0.0224318
-0.000506355
0.0230694
-0.000424535
0.0233727
-0.000333268
0.023345
-0.000241689
0.0229213
-0.000157425
0.0220357
-8.69102e-05
0.0206159
-2.98656e-05
0.018657
1.21433e-05
0.0162455
3.97617e-05
0.0135443
5.46964e-05
0.01075
5.8195e-05
0.00806039
5.42614e-05
0.00562911
4.74222e-05
0.00356365
4.72095e-05
0.00192482
4.994e-05
0.000730574
-2.42912e-05
-5.5652e-06
-2.85811e-05
-3.35465e-06
-0.000120592
-1.6915e-06
-7.24625e-07
-4.61973e-06
-0.000328465
-3.15711e-06
-0.000124351
-8.10677e-07
-4.29183e-07
-3.19637e-05
-1.61074e-06
-3.34533e-05
-7.23404e-07
4.31311e-05
-2.50114e-05
-3.09858e-05
-0.000637178
-0.0186361
-0.000630547
-0.0169048
-0.000572318
-0.014602
-0.000472818
-0.0118889
-0.000351675
-0.00902239
-0.0002293
-0.00627282
-0.000124173
-0.00386162
-4.82538e-05
-0.00193589
2.20734e-06
-8.44716e-06
-0.000450434
1.82394e-05
-0.00044716
4.45009e-06
0.00189345
-1.08404e-05
-1.32789e-07
-0.000492447
0.000494917
3.0252e-06
1.58297e-05
-0.000213919
0.000230637
6.22701e-06
1.40559e-05
-0.000196547
9.5229e-06
1.38872e-05
-5.1602e-05
0.00356334
-0.000118675
0.00563259
-0.000206453
0.00802508
-0.000306637
0.0106241
-0.000408129
0.01328
-0.000500337
0.0158234
-0.000567872
0.0180986
-0.000605072
0.019994
-0.000606931
0.0214572
-0.000572602
0.022498
-0.000510392
0.0231553
-0.000429877
0.0234694
-0.000338347
0.0234416
-0.000248345
0.0230122
-0.000164092
0.0221129
-9.21727e-05
0.0206782
-3.63195e-05
0.0187055
6.00742e-06
0.0162793
3.3658e-05
0.0135653
4.79814e-05
0.0107602
5.21377e-05
0.00806251
5.06707e-05
0.00562586
5.18997e-05
0.00355896
5.65318e-05
0.00191823
5.67276e-05
0.000716974
-5.56525e-06
-8.91995e-06
-3.48185e-05
-3.2644e-07
-3.53756e-05
-1.67463e-07
-0.000128144
-5.01945e-07
-3.24736e-07
-3.4413e-06
-0.000347139
-2.89878e-06
-0.000130526
-4.53467e-07
-3.23103e-07
-3.59913e-05
-1.9506e-07
-3.62803e-05
-1.40449e-07
-1.05308e-05
-1.12542e-05
4.41538e-05
-2.43193e-05
-5.08305e-05
-0.000636226
-0.0169517
-0.000583679
-0.0146834
-0.000490939
-0.0119902
-0.000371456
-0.00912474
-0.000249317
-0.00635919
-0.000142926
-0.00392142
-6.43734e-05
-0.00196533
-6.86758e-06
-1.19388e-05
-0.00044434
-6.11235e-07
-0.000449972
-2.8149e-06
-0.000182555
3.5631e-06
6.85201e-07
-0.000178182
-1.66855e-07
2.44044e-07
0.0018656
-1.42969e-05
-9.45229e-06
-0.000496656
0.000490789
-4.97251e-06
-1.87071e-06
-0.000242862
0.000246461
-8.01822e-07
2.28851e-07
3.29418e-06
3.1058e-07
-4.60005e-05
5.06506e-05
1.57706e-06
-3.62864e-05
4.34186e-06
2.97753e-05
-2.02523e-05
7.37616e-06
-6.56546e-05
0.00351033
-0.000132245
0.00555839
-0.000218609
0.00793705
-0.000316689
0.0105326
-0.000416437
0.0131962
-0.000504678
0.0157602
-0.000572695
0.0180662
-0.000608523
0.0199955
-0.000608528
0.0214931
-0.000576173
0.0225638
-0.000514584
0.02324
-0.000433111
0.0235641
-0.000343586
0.0235369
-0.000252911
0.023101
-0.000170892
0.0221916
-9.85445e-05
0.0207405
-4.09865e-05
0.0187525
-1.88312e-07
0.0163131
2.67871e-05
0.0135865
4.17113e-05
0.0107706
4.85172e-05
0.00806467
5.30259e-05
0.00562473
5.98687e-05
0.00355563
6.45381e-05
0.00191042
5.96398e-05
0.000701492
-1.15807e-05
-1.17481e-05
-3.67367e-05
-4.58975e-08
-3.69986e-05
-6.3238e-08
-0.000133295
-3.633e-07
-3.09002e-07
-3.10861e-06
-0.000365401
-2.94979e-06
-0.000135449
-3.99803e-07
-3.4654e-07
-3.73343e-05
-1.18105e-07
-3.75461e-05
-1.11696e-07
-1.19432e-05
-1.20838e-05
4.3485e-05
-2.38664e-05
-7.0444e-05
-0.00059173
-0.0147642
-0.000502877
-0.0120943
-0.000386832
-0.00923188
-0.000264312
-0.00645287
-0.000155634
-0.00399109
-7.32439e-05
-0.00200712
-9.75883e-06
-1.28233e-05
-0.000453394
-3.44418e-06
-0.000461403
-3.92901e-06
-0.000178414
-1.22626e-07
-2.55597e-07
-0.00018093
-1.86982e-07
-1.10949e-07
-1.66892e-05
-1.60039e-05
1.57599e-05
-1.59266e-05
0.00182688
-1.47395e-05
-1.22013e-05
-0.000486623
0.000478603
-6.27511e-06
-5.28694e-06
-0.000245764
0.000242463
-9.64489e-07
-7.06387e-07
-3.47622e-07
-8.2632e-07
-5.40785e-05
5.34886e-05
-2.11729e-07
-5.37761e-05
-7.34509e-08
5.34901e-05
4.54795e-07
2.46262e-08
-1.1718e-05
1.32951e-05
-7.37616e-06
-7.18883e-05
0.00344997
-0.000139321
0.0054791
-0.000224786
0.00784515
-0.000321957
0.0104381
-0.00042015
0.0131116
-0.000508162
0.0156957
-0.000574092
0.0180318
-0.00061011
0.0199971
-0.00061126
0.0215282
-0.000577721
0.0226269
-0.000516694
0.0233236
-0.000437634
0.0236582
-0.000347849
0.0236318
-0.000258734
0.0231889
-0.000175651
0.0222687
-0.000106035
0.0208055
-4.85034e-05
0.0188008
-6.45227e-06
0.0163464
2.05092e-05
0.0136077
3.61714e-05
0.010783
4.79343e-05
0.00806976
5.87245e-05
0.00562588
6.71634e-05
0.00355301
6.84786e-05
0.00190159
5.87538e-05
0.000686219
-1.21298e-05
-1.21932e-05
-3.78827e-05
-2.70139e-08
-3.81352e-05
-5.67346e-08
-0.000137929
-3.23116e-07
-3.06113e-07
-2.91815e-06
-0.000383308
-3.0444e-06
-0.000140114
-3.97129e-07
-3.68765e-07
-3.8424e-05
-1.11226e-07
-3.86598e-05
-1.11168e-07
-1.23114e-05
-1.24232e-05
4.07684e-05
-2.31477e-05
-8.8074e-05
-0.000509736
-0.0121999
-0.000397324
-0.00934301
-0.0002757
-0.00655232
-0.000164851
-0.00406788
-7.88361e-05
-0.0020561
-1.10675e-05
-1.31922e-05
-0.000467067
-4.09337e-06
-0.000475687
-4.20199e-06
-0.000183907
-2.09039e-07
-2.58421e-07
-0.000187506
-1.82389e-07
-1.46749e-07
-1.60491e-05
-1.63047e-05
1.64156e-05
-1.66025e-05
0.00178275
-1.4596e-05
-1.31519e-05
-0.000472316
0.000463987
-6.40972e-06
-5.91425e-06
-0.00023861
0.000234024
-8.93281e-07
-7.95037e-07
-6.3959e-07
-7.94451e-07
-5.20919e-05
5.13674e-05
-2.39824e-07
-5.26118e-05
-1.86351e-07
5.32616e-05
-1.20469e-07
-1.76542e-07
-1.37012e-05
1.34895e-05
-1.37746e-05
1.375e-05
-7.44596e-05
0.00338512
-0.00014261
0.00539693
-0.000228136
0.00775134
-0.00032412
0.0103421
-0.000421333
0.0130248
-0.00050867
0.0156303
-0.000573853
0.0179955
-0.000608975
0.0199948
-0.000610026
0.0215605
-0.000577262
0.0226875
-0.000518949
0.0234049
-0.00044005
0.0237504
-0.000352257
0.0237253
-0.00026358
0.0232768
-0.000182659
0.0223454
-0.000111567
0.0208686
-5.61001e-05
0.0188504
-1.44341e-05
0.0163813
1.55149e-05
0.0136284
3.60772e-05
0.0107949
5.14133e-05
0.00807708
6.42197e-05
0.00562883
7.04753e-05
0.00355101
6.73625e-05
0.00189298
5.36264e-05
0.000673366
-1.24504e-05
-1.25072e-05
-3.8953e-05
-3.02641e-08
-3.92045e-05
-5.49177e-08
-0.00014241
-3.0446e-07
-3.17776e-07
-2.74853e-06
-0.000400553
-3.15537e-06
-0.000144685
-3.87287e-07
-3.83314e-07
-3.94893e-05
-1.12551e-07
-3.97441e-05
-1.14129e-07
-1.26186e-05
-1.27298e-05
3.46464e-05
-2.17329e-05
-0.000100982
-0.000404454
-0.00945588
-0.00028445
-0.00665615
-0.000171865
-0.00414982
-8.291e-05
-0.00210955
-1.19013e-05
-1.34789e-05
-0.000482389
-4.36473e-06
-0.000491241
-4.33909e-06
-0.000191109
-2.30334e-07
-2.59315e-07
-0.000194975
-1.79384e-07
-1.55626e-07
-1.68115e-05
-1.70698e-05
1.72166e-05
-1.73988e-05
0.00173611
-1.43112e-05
-1.35099e-05
-0.00045686
0.00044862
-6.35489e-06
-6.02423e-06
-0.000229521
0.000224749
-8.41246e-07
-7.95191e-07
-6.72115e-07
-7.38711e-07
-4.96317e-05
4.89615e-05
-2.22918e-07
-5.02425e-05
-1.84095e-07
5.08691e-05
-1.4113e-07
-1.67868e-07
-1.30062e-05
1.27665e-05
-1.31925e-05
1.33691e-05
-7.52571e-05
0.00331777
-0.000143683
0.00531248
-0.000228903
0.00765612
-0.000324291
0.0102451
-0.000420687
0.0129368
-0.000507059
0.0155635
-0.000572022
0.0179586
-0.000607044
0.0199919
-0.000607941
0.0215912
-0.000576967
0.0227455
-0.000518039
0.0234829
-0.000441489
0.0238396
-0.000356795
0.0238185
-0.000270747
0.0233649
-0.000189757
0.0224235
-0.000120191
0.0209327
-6.37345e-05
0.0188997
-2.00476e-05
0.0164169
1.23729e-05
0.0136521
3.58615e-05
0.0108104
5.37831e-05
0.00808752
6.53699e-05
0.00563393
6.83793e-05
0.00355
6.02098e-05
0.0018864
4.31345e-05
0.000664874
-1.27602e-05
-1.28152e-05
-4.00177e-05
-3.10682e-08
-4.02754e-05
-6.01005e-08
-0.000146836
-2.75805e-07
-3.22598e-07
-2.46784e-06
-0.00041626
-3.55991e-06
-0.000149234
-3.60484e-07
-3.97298e-07
-4.05509e-05
-1.11957e-07
-4.08206e-05
-1.13854e-07
-1.29279e-05
-1.30421e-05
2.28878e-05
-1.85719e-05
-0.000105305
-0.000289782
-0.00676323
-0.00017737
-0.00423534
-8.63362e-05
-0.00216603
-1.26031e-05
-1.38191e-05
-0.00049858
-4.56098e-06
-0.000507593
-4.46434e-06
-0.000198835
-2.41744e-07
-2.62557e-07
-0.000202831
-1.79711e-07
-1.62184e-07
-1.76291e-05
-1.78883e-05
1.80439e-05
-1.82232e-05
0.00168847
-1.40034e-05
-1.3603e-05
-0.000441129
0.000433073
-6.25458e-06
-6.01768e-06
-0.000220107
0.000215353
-8.09819e-07
-7.90121e-07
-6.75253e-07
-7.07136e-07
-4.72281e-05
4.65975e-05
-2.10476e-07
-4.7845e-05
-1.78145e-07
4.84267e-05
-1.37093e-07
-1.56997e-07
-1.22734e-05
1.20506e-05
-1.24575e-05
1.26254e-05
-7.51498e-05
0.00324924
-0.000143497
0.00522709
-0.00022858
0.00756042
-0.000323529
0.0101479
-0.000418344
0.0128481
-0.00050343
0.0154949
-0.000567064
0.0179186
-0.00060157
0.0199855
-0.000603016
0.0216173
-0.000573638
0.0228011
-0.000517292
0.0235587
-0.000444191
0.023927
-0.000359198
0.023907
-0.000274676
0.0234498
-0.000195841
0.0224992
-0.000126853
0.0209958
-6.96158e-05
0.0189493
-2.50064e-05
0.0164543
9.03053e-06
0.0136789
3.53463e-05
0.0108288
5.4183e-05
0.00809871
6.27427e-05
0.00563958
6.01632e-05
0.00355004
4.67648e-05
0.00188277
2.59314e-05
0.000661835
-1.30732e-05
-1.31333e-05
-4.10681e-05
-2.86986e-08
-4.13333e-05
-5.77645e-08
-0.000151173
-2.15169e-07
-3.13763e-07
-2.66003e-06
-0.000426103
-6.06982e-06
-0.000154013
-3.2663e-07
-3.95048e-07
-4.15864e-05
-1.0766e-07
-4.18693e-05
-1.14787e-07
-1.32454e-05
-1.33593e-05
3.24638e-06
-1.14763e-05
-9.7069e-05
-0.00018122
-0.00432337
-8.93382e-05
-0.00222466
-1.33563e-05
-1.43473e-05
-0.000515439
-4.75563e-06
-0.000524618
-4.6389e-06
-0.000206872
-2.51786e-07
-2.66975e-07
-0.000210984
-1.82366e-07
-1.68974e-07
-1.84648e-05
-1.87273e-05
1.88895e-05
-1.90691e-05
0.00164059
-1.37005e-05
-1.35699e-05
-0.000425437
0.000417581
-6.14529e-06
-5.96672e-06
-0.000210694
0.000206008
-7.87013e-07
-7.80289e-07
-6.72827e-07
-6.86085e-07
-4.4886e-05
4.42796e-05
-2.03203e-07
-4.55019e-05
-1.74144e-07
4.60577e-05
-1.35336e-07
-1.51221e-07
-1.15784e-05
1.1368e-05
-1.17565e-05
1.19135e-05
-7.45745e-05
0.00318032
-0.000142551
0.00514106
-0.000226667
0.00746356
-0.000320574
0.0100502
-0.000414953
0.0127596
-0.00049788
0.0154257
-0.000561456
0.0178785
-0.000595413
0.0199779
-0.000597315
0.0216409
-0.000569437
0.0228533
-0.000515608
0.0236301
-0.00044366
0.0240115
-0.000365067
0.0239974
-0.000282
0.0235359
-0.000204113
0.0225765
-0.00013458
0.0210607
-7.74112e-05
0.0190017
-3.0085e-05
0.0164934
6.14905e-06
0.0137081
3.28386e-05
0.0108502
4.96316e-05
0.00811182
5.45211e-05
0.00564522
4.63002e-05
0.00355051
2.79431e-05
0.00188076
1.98395e-06
0.000663096
-1.33882e-05
-1.3446e-05
-4.20648e-05
-1.99717e-08
-4.23254e-05
-5.34385e-08
-0.000156095
-1.5717e-07
-4.20923e-07
-7.57531e-06
-0.000413962
-1.60417e-05
-0.000160761
-3.95562e-07
-1.00911e-06
-4.25557e-05
-9.6715e-08
-4.28368e-05
-1.14281e-07
-1.35539e-05
-1.36688e-05
-2.35741e-05
7.5192e-06
-8.10175e-05
-9.14461e-05
-0.00228457
-1.43491e-05
-1.50774e-05
-0.000532947
-5.02499e-06
-0.000542335
-4.95794e-06
-0.000215202
-2.62271e-07
-2.74947e-07
-0.000219473
-1.89008e-07
-1.7729e-07
-1.93207e-05
-1.95876e-05
1.97566e-05
-1.99387e-05
0.0015929
-1.34055e-05
-1.34729e-05
-0.000409903
0.000402239
-6.03464e-06
-5.89144e-06
-0.000201379
0.000196769
-7.66447e-07
-7.6815e-07
-6.67077e-07
-6.70448e-07
-4.25939e-05
4.20042e-05
-1.97026e-07
-4.32024e-05
-1.71683e-07
4.37406e-05
-1.33651e-07
-1.47727e-07
-1.09074e-05
1.07043e-05
-1.10815e-05
1.12327e-05
-7.37479e-05
0.00311152
-0.000141091
0.00505549
-0.000224475
0.00736746
-0.000316875
0.00995209
-0.000409452
0.0126712
-0.000491856
0.0153561
-0.000552114
0.0178352
-0.000585882
0.0199665
-0.000589858
0.0216613
-0.000563332
0.022901
-0.00051408
0.0237005
-0.000446593
0.024093
-0.000368763
0.0240841
-0.000289349
0.0236212
-0.000211343
0.0226532
-0.000142327
0.0211257
-8.25312e-05
0.0190541
-3.45036e-05
0.016534
3.00294e-06
0.013738
2.82121e-05
0.0108716
4.07765e-05
0.00812557
3.9717e-05
0.00565181
2.74131e-05
0.00355104
4.24961e-06
0.00187849
-2.59313e-05
0.000665456
-1.36889e-05
-1.37425e-05
-4.29855e-05
-8.84904e-09
-4.33446e-05
-6.21506e-08
-0.000164127
-1.06227e-06
-3.14682e-06
-1.48633e-05
-0.000383716
-7.86298e-06
-0.000165729
-5.23224e-06
-9.20884e-06
-4.35981e-05
-1.42297e-07
-4.43543e-05
-2.53137e-07
-1.38393e-05
-1.39537e-05
-5.48228e-05
3.85978e-05
-6.4787e-05
-1.52013e-05
-1.4894e-05
-0.000551148
-5.5354e-06
-0.000560631
-5.59293e-06
-0.000223931
-2.78257e-07
-2.88354e-07
-0.000228484
-2.07092e-07
-1.96314e-07
-2.02009e-05
-2.04758e-05
2.06531e-05
-2.08419e-05
0.00154561
-1.31179e-05
-1.33428e-05
-0.000394572
0.000387091
-5.92293e-06
-5.8062e-06
-0.000192195
0.000187667
-7.48592e-07
-7.56792e-07
-6.60603e-07
-6.56087e-07
-4.03446e-05
3.97703e-05
-1.9198e-07
-4.09441e-05
-1.68464e-07
4.14696e-05
-1.32321e-07
-1.44941e-07
-1.02513e-05
1.00544e-05
-1.0423e-05
1.05707e-05
-7.27955e-05
0.00304323
-0.000139448
0.00497047
-0.000221758
0.00727235
-0.000312884
0.00985552
-0.000403109
0.0125825
-0.00048205
0.0152861
-0.000541501
0.0177908
-0.000574871
0.0199515
-0.000579713
0.0216777
-0.000556407
0.0229433
-0.00051159
0.0237655
-0.000447381
0.0241716
-0.000373612
0.0241684
-0.000295616
0.0237055
-0.000219638
0.0227305
-0.000150099
0.0211932
-8.95365e-05
0.0191092
-4.06758e-05
0.0165777
-4.50676e-06
0.0137707
1.91933e-05
0.0108932
2.8387e-05
0.0081369
2.30869e-05
0.00565613
6.39956e-06
0.0035489
-2.07716e-05
0.00187334
-5.5813e-05
0.000666449
-1.39627e-05
-1.4025e-05
-4.50446e-05
-3.72116e-07
-4.70475e-05
-1.14413e-06
-0.000160729
-1.0591e-05
-9.27219e-06
2.77393e-06
-0.000358464
1.05726e-05
-0.000159069
-6.88329e-06
-2.6393e-06
-4.90968e-05
-3.18314e-06
-5.142e-05
-6.88588e-06
-1.41674e-05
-1.44206e-05
-8.53239e-05
6.8612e-05
-4.80739e-05
-0.000568439
-7.39071e-06
-0.000576089
-4.96719e-06
-2.27517e-06
-0.000233387
-3.12042e-07
-3.1899e-07
-0.000238587
-1.90174e-07
-2.02003e-07
-2.112e-05
-2.14082e-05
2.16045e-05
-2.18114e-05
0.00149885
-1.28421e-05
-1.31924e-05
-0.000379469
0.000372167
-5.81508e-06
-5.71984e-06
-0.000183156
0.00017871
-7.31534e-07
-7.44546e-07
-6.52891e-07
-6.42301e-07
-3.81363e-05
3.75753e-05
-1.87307e-07
-3.87269e-05
-1.65938e-07
3.92405e-05
-1.30607e-07
-1.42367e-07
-9.60875e-06
9.41687e-06
-9.77718e-06
9.92212e-06
-7.17365e-05
0.00297552
-0.000137284
0.004886
-0.000218273
0.00717774
-0.000307023
0.00975943
-0.000394332
0.0124947
-0.000470613
0.0152152
-0.000528133
0.0177441
-0.000561562
0.0199333
-0.000567937
0.0216893
-0.000550722
0.0229824
-0.000509222
0.0238274
-0.000451544
0.0242495
-0.000379586
0.0242524
-0.00030405
0.0237899
-0.000227897
0.0228083
-0.000157844
0.0212615
-9.6562e-05
0.0191651
-4.77514e-05
0.016621
-1.23325e-05
0.0138022
7.83799e-06
0.0109137
1.22502e-05
0.00814774
5.00954e-06
0.00565752
-1.52755e-05
0.0035434
-4.69877e-05
0.00186451
-8.51169e-05
0.000666244
-1.47928e-05
-1.5937e-05
-5.32849e-05
-8.72639e-06
-5.43511e-05
-8.20615e-06
-0.00015691
-7.57842e-07
1.37267e-06
1.73867e-05
-0.000328174
2.09348e-05
-0.000151456
1.99606e-06
3.12221e-06
-5.66713e-05
-4.5633e-06
-5.73566e-05
-1.95406e-06
-1.91203e-05
-2.60062e-05
-9.73996e-05
7.75652e-05
-0.000148699
-7.51729e-08
-9.72069e-05
5.37217e-09
-2.61273e-06
-2.9278e-06
-0.000159409
5.74331e-06
-0.0001628
1.11634e-06
-2.21233e-05
-2.24422e-05
2.26442e-05
-2.28341e-05
0.00145273
-1.25733e-05
-1.30336e-05
-0.000364605
0.00035747
-5.7055e-06
-5.6295e-06
-0.000174264
0.000169899
-7.16286e-07
-7.32625e-07
-6.4412e-07
-6.29166e-07
-3.59672e-05
3.54187e-05
-1.82851e-07
-3.6549e-05
-1.62617e-07
3.70514e-05
-1.28883e-07
-1.39904e-07
-8.97809e-06
8.79088e-06
-9.14396e-06
9.28633e-06
-7.06249e-05
0.00290886
-0.000135277
0.004803
-0.000214079
0.00708479
-0.000299787
0.00966489
-0.000383792
0.0124079
-0.000456363
0.0151434
-0.000511376
0.0176939
-0.000545139
0.0199105
-0.000557442
0.021696
-0.000545212
0.0230184
-0.000510182
0.023886
-0.000455707
0.0243257
-0.000387736
0.0243361
-0.00031133
0.0238733
-0.000237136
0.0228876
-0.000165532
0.0213305
-0.000105417
0.0192227
-5.7392e-05
0.016666
-2.3266e-05
0.0138333
-6.29371e-06
0.0109323
-2.84541e-06
0.00815559
-1.28665e-05
0.00565512
-3.62742e-05
0.00353269
-7.2418e-05
0.00185182
-9.89601e-05
-2.82979e-05
-6.4349e-06
-3.27485e-05
-3.75576e-06
-5.7805e-05
-3.09548e-07
-5.70379e-05
6.05598e-07
-0.000142594
3.94338e-06
4.58151e-06
2.29643e-05
2.14521e-05
-0.00013215
5.01614e-06
5.47471e-06
-5.60951e-05
1.05314e-06
-5.44914e-05
1.51833e-06
-3.57452e-05
-1.56681e-06
-3.71894e-05
-5.09948e-07
-2.29091e-05
-9.03788e-05
-1.08428e-06
-2.29036e-05
-0.000164796
-6.16801e-07
-1.15634e-06
-8.95242e-05
2.6217e-07
0.00140729
-1.2316e-05
-1.28673e-05
-0.000349978
0.000343009
-5.6024e-06
-5.54155e-06
-0.000165521
0.000161237
-7.00521e-07
-7.20633e-07
-6.34327e-07
-6.17336e-07
-3.38382e-05
3.33007e-05
-1.78593e-07
-3.44108e-05
-1.59825e-07
3.49024e-05
-1.27548e-07
-1.37474e-07
-8.35955e-06
8.17678e-06
-8.52213e-06
8.66204e-06
-6.94754e-05
0.00284307
-0.000132621
0.00472154
-0.000209512
0.00699452
-0.000291311
0.00957241
-0.000369562
0.0123211
-0.000438116
0.0150701
-0.000492866
0.0176416
-0.000530082
0.0198832
-0.000547239
0.021698
-0.000541908
0.0230502
-0.000512239
0.0239426
-0.00046203
0.0244
-0.000395798
0.0244205
-0.000321763
0.0239579
-0.000245193
0.0229673
-0.000175081
0.0214002
-0.000115443
0.0192808
-6.74517e-05
0.0167102
-3.62457e-05
0.0138633
-1.95024e-05
0.0109489
-1.73282e-05
0.00816006
-2.97127e-05
0.00564856
-5.57237e-05
0.003516
-8.63814e-05
-6.43493e-06
-1.01908e-05
-3.75131e-05
1.39135e-08
-3.70947e-05
1.87101e-07
-5.26146e-05
2.06642e-06
-5.03817e-05
2.34855e-06
-0.000121567
6.02649e-06
6.35476e-06
6.54077e-06
5.77942e-06
-4.79223e-05
2.55659e-06
-4.52593e-05
2.81154e-06
-3.6363e-05
3.21275e-07
-3.52723e-05
4.27462e-07
-1.17576e-05
-1.22677e-05
-2.39877e-05
-9.00094e-05
-1.31319e-07
-2.29531e-07
-2.37255e-05
0.00136257
-1.20597e-05
-1.27008e-05
-0.000335592
0.000328777
-5.50011e-06
-5.45054e-06
-0.000156927
0.00015272
-6.85631e-07
-7.09018e-07
-6.25675e-07
-6.05181e-07
-3.17466e-05
3.12206e-05
-1.74403e-07
-3.231e-05
-1.57069e-07
3.27922e-05
-1.25748e-07
-1.35124e-07
-7.75206e-06
7.57355e-06
-7.91182e-06
8.0493e-06
-6.82616e-05
0.00277871
-0.000129768
0.0046418
-0.00020325
0.00690646
-0.000280101
0.00948294
-0.000353361
0.0122364
-0.000417402
0.0149947
-0.000471969
0.0175835
-0.000514612
0.0198505
-0.000539212
0.0216953
-0.000540735
0.0230787
-0.000516409
0.0239969
-0.000468249
0.0244724
-0.00040481
0.0245036
-0.000330936
0.0240437
-0.000255155
0.0230474
-0.00018347
0.0214682
-0.000122838
0.0193362
-7.68309e-05
0.0167508
-4.66802e-05
0.0138904
-3.00076e-05
0.0109616
-2.89754e-05
0.00815932
-4.2174e-05
0.00563501
-6.69638e-05
-1.22538e-05
-1.20668e-05
-3.37935e-05
5.87474e-07
-3.20779e-05
6.32735e-07
-4.246e-05
3.22708e-06
-3.96373e-05
3.53192e-06
-3.68868e-05
3.79019e-06
3.59577e-06
-3.02243e-05
7.0281e-07
-2.81971e-05
7.84178e-07
-1.17456e-05
-1.13182e-05
-2.38567e-05
0.00131865
-1.1804e-05
-1.25378e-05
-0.000321443
0.000314784
-5.40014e-06
-5.36565e-06
-0.000148481
0.000144349
-6.71975e-07
-6.95705e-07
-6.16929e-07
-5.94275e-07
-2.96925e-05
2.91772e-05
-1.70058e-07
-3.02469e-05
-1.54438e-07
3.07192e-05
-1.24029e-07
-1.32828e-07
-7.15568e-06
6.98135e-06
-7.31271e-06
7.44784e-06
-6.69384e-05
0.00271588
-0.000126548
0.0045651
-0.000195435
0.00682179
-0.000265634
0.00939522
-0.000331817
0.0121508
-0.000394321
0.014917
-0.000451773
0.0175207
-0.000501284
0.0198126
-0.000534201
0.0216888
-0.000542611
0.0231049
-0.000523674
0.0240524
-0.000478694
0.0245463
-0.000414715
0.0245874
-0.000342358
0.0241309
-0.000263794
0.0231277
-0.000194939
0.0215403
-0.000133168
0.0193925
-8.78488e-05
0.016792
-5.60963e-05
0.0139165
-4.04212e-05
0.0109731
-3.81956e-05
0.00815534
-5.05265e-05
-1.07308e-05
-1.00981e-05
-2.59024e-05
9.32173e-07
-2.3455e-05
1.08432e-06
-2.10174e-05
1.35248e-06
1.47511e-06
-9.39541e-06
-8.61131e-06
0.00127564
-1.15485e-05
-1.23753e-05
-0.000307528
0.000301026
-5.30178e-06
-5.28157e-06
-0.000140175
0.000136119
-6.58269e-07
-6.84559e-07
-6.07651e-07
-5.83903e-07
-2.76759e-05
2.71699e-05
-1.65863e-07
-2.82191e-05
-1.52393e-07
2.8683e-05
-1.22659e-07
-1.3028e-07
-6.57018e-06
6.40022e-06
-6.72455e-06
6.85738e-06
-6.54518e-05
0.00265478
-0.000121835
0.0044915
-0.000184856
0.00674101
-0.000247333
0.00931073
-0.000307741
0.0120642
-0.000370269
0.0148355
-0.000435177
0.0174546
-0.000494246
0.0197727
-0.000535876
0.021682
-0.000549496
0.0231307
-0.000532906
0.0241066
-0.0004889
0.0246205
-0.000424333
0.0246693
-0.000349504
0.0242166
-0.00027311
0.0232058
-0.000202283
0.0216094
-0.000142658
0.0194473
-9.39377e-05
0.0168298
-6.28867e-05
0.013939
-4.52502e-05
0.0109801
-4.24191e-05
-7.67923e-06
-6.59497e-06
-5.24252e-06
0.00123368
-1.12747e-05
-1.22197e-05
-0.000293851
0.000287507
-5.20437e-06
-5.19933e-06
-0.00013201
0.000128026
-6.45149e-07
-6.72841e-07
-5.99302e-07
-5.73238e-07
-2.56931e-05
2.51971e-05
-1.62157e-07
-2.62277e-05
-1.49846e-07
2.66833e-05
-1.20966e-07
-1.28183e-07
-5.99495e-06
5.82915e-06
-6.14731e-06
6.27759e-06
-6.36065e-05
0.00259655
-0.000115931
0.00442257
-0.000170713
0.00666439
-0.000224036
0.00922703
-0.000281263
0.0119752
-0.00034956
0.0147499
-0.000424235
0.0173845
-0.000492442
0.0197292
-0.000540298
0.0216728
-0.000557211
0.023155
-0.000542944
0.0241606
-0.000499893
0.024696
-0.000435772
0.0247556
-0.000360887
0.0243044
-0.000282992
0.0232866
-0.000209595
0.0216764
-0.000148163
0.0195015
-0.000100971
0.0168679
-6.54722e-05
0.0139592
-4.57316e-05
0.00119312
-1.09724e-05
-1.2066e-05
-0.00028041
0.000274245
-5.10955e-06
-5.12264e-06
-0.000123981
0.000120072
-6.32786e-07
-6.622e-07
-5.91148e-07
-5.63189e-07
-2.37447e-05
2.32582e-05
-1.58563e-07
-2.42702e-05
-1.47344e-07
2.47172e-05
-1.19354e-07
-1.26145e-07
-5.43023e-06
5.26813e-06
-5.58004e-06
5.70822e-06
-6.11758e-05
0.00254179
-0.000107183
0.00435904
-0.000151734
0.00659209
-0.000197531
0.00914329
-0.000257396
0.011883
-0.000335652
0.0146613
-0.000421579
0.0173137
-0.000498169
0.0196871
-0.000550157
0.0216658
-0.00056973
0.0231818
-0.000553736
0.0242145
-0.000510471
0.0247707
-0.000444536
0.0248393
-0.000368458
0.0243898
-0.000291576
0.0233685
-0.000217461
0.0217457
-0.000154202
0.0195548
-0.000102547
0.016905
-6.56288e-05
0.00115445
-1.06031e-05
-1.19058e-05
-0.000267223
0.000261262
-5.01053e-06
-5.04397e-06
-0.000116087
0.00011225
-6.20715e-07
-6.52e-07
-5.8278e-07
-5.54015e-07
-2.18287e-05
2.13512e-05
-1.55141e-07
-2.2346e-05
-1.44743e-07
2.2785e-05
-1.17805e-07
-1.24208e-07
-4.87533e-06
4.71681e-06
-5.02265e-06
5.1488e-06
-5.74822e-05
0.0024921
-9.41073e-05
0.00430141
-0.000126842
0.0065214
-0.000169861
0.00905576
-0.000240193
0.0117876
-0.000331764
0.0145715
-0.000427612
0.0172431
-0.000508727
0.0196457
-0.000561637
0.0216577
-0.000580915
0.0232089
-0.000567533
0.0242715
-0.000519488
0.0248457
-0.000453795
0.0249246
-0.000375354
0.0244736
-0.000295376
0.0234465
-0.000221109
0.0218126
-0.000153069
0.0196053
-0.000101984
0.00111877
-1.00856e-05
-1.17183e-05
-0.000254326
0.00024863
-4.9065e-06
-4.97e-06
-0.000108327
0.000104567
-6.08836e-07
-6.42021e-07
-5.75305e-07
-5.44831e-07
-1.99441e-05
1.94752e-05
-1.5167e-07
-2.04533e-05
-1.42765e-07
2.08851e-05
-1.16592e-07
-1.22196e-07
-4.33011e-06
4.17503e-06
-4.47483e-06
4.59903e-06
-5.12833e-05
0.00244927
-7.45861e-05
0.00424916
-9.86614e-05
0.0064502
-0.000150691
0.00896625
-0.000235804
0.0116916
-0.000338634
0.0144825
-0.000439885
0.0171743
-0.000522326
0.0196063
-0.000575558
0.0216523
-0.000593708
0.0232351
-0.000576159
0.0243282
-0.000528978
0.0249209
-0.000461237
0.0250105
-0.000382381
0.0245606
-0.000299979
0.0235253
-0.000221463
0.021881
-0.000155261
0.00108806
-9.17082e-06
-1.14065e-05
-0.000241802
0.0002365
-4.78342e-06
-4.89006e-06
-0.000100702
9.70267e-05
-5.97063e-07
-6.33458e-07
-5.69053e-07
-5.35892e-07
-1.80897e-05
1.76295e-05
-1.4852e-07
-1.8591e-05
-1.40607e-07
1.90153e-05
-1.15249e-07
-1.20516e-07
-3.79354e-06
3.64194e-06
-3.93628e-06
4.05847e-06
-4.00006e-05
0.00241468
-4.79338e-05
0.00419843
-7.53895e-05
0.0063749
-0.000145887
0.00887634
-0.000245466
0.0115984
-0.000354688
0.0143973
-0.00045611
0.0171081
-0.000538052
0.0195688
-0.000589101
0.0216477
-0.000604049
0.023263
-0.000584423
0.0243836
-0.000538024
0.0249977
-0.000466654
0.0250947
-0.000385416
0.024646
-0.000302421
0.0236063
-0.000223226
0.00106567
-7.01187e-06
-1.05912e-05
-0.00022988
0.000225298
-4.58865e-06
-4.78615e-06
-9.32287e-05
8.96579e-05
-5.85267e-07
-6.26938e-07
-5.64897e-07
-5.27044e-07
-1.6263e-05
1.58116e-05
-1.45464e-07
-1.67577e-05
-1.38754e-07
1.71746e-05
-1.14131e-07
-1.18878e-07
-3.26563e-06
3.11717e-06
-3.40621e-06
3.52672e-06
-1.94652e-05
0.00238621
-2.14396e-05
0.00414448
-7.02828e-05
0.00629929
-0.000158006
0.00878888
-0.000264926
0.0115087
-0.000374418
0.0143156
-0.000474077
0.0170441
-0.000552589
0.0195323
-0.000600383
0.0216441
-0.000613841
0.0232924
-0.000591993
0.0244376
-0.000541275
0.0250723
-0.000471534
0.0251809
-0.000388785
0.0247324
-0.000302989
0.00105457
-7.78459e-07
-7.58897e-06
-0.000219254
0.000216295
-4.05223e-06
-4.54687e-06
-8.59531e-05
8.25588e-05
-5.70425e-07
-6.23516e-07
-5.63319e-07
-5.17928e-07
-1.44613e-05
1.40189e-05
-1.42681e-07
-1.49509e-05
-1.37209e-07
1.53602e-05
-1.1342e-07
-1.17735e-07
-2.74547e-06
2.60008e-06
-2.8842e-06
3.00307e-06
9.02631e-06
0.00235575
-1.49897e-05
0.00408919
-8.67373e-05
0.00622802
-0.0001823
0.00870625
-0.000287528
0.0114218
-0.000394257
0.0142358
-0.000490251
0.0169818
-0.000565112
0.0194971
-0.000609379
0.0216396
-0.000620051
0.0233205
-0.0005966
0.0244929
-0.000544973
0.0251457
-0.00047181
0.0252639
-0.000388689
0.00104839
1.25524e-05
2.64858e-06
-0.000212249
0.000213253
-1.78184e-06
-3.5428e-06
-7.90795e-05
7.61896e-05
-5.39265e-07
-6.22611e-07
-5.65455e-07
-5.01992e-07
-1.26809e-05
1.22507e-05
-1.40017e-07
-1.31679e-05
-1.36507e-07
1.35692e-05
-1.13565e-07
-1.16541e-07
-2.23178e-06
2.08917e-06
-2.36896e-06
2.48669e-06
1.73828e-05
0.00232338
-3.58663e-05
0.00403831
-0.000113937
0.00615966
-0.000207005
0.00862572
-0.00030954
0.0113371
-0.000411381
0.0141569
-0.000503999
0.0169206
-0.00057404
0.0194617
-0.000616055
0.0216356
-0.000623462
0.0233474
-0.000599305
0.0245473
-0.000546097
0.02522
-0.000473166
0.00104019
1.03544e-05
1.52322e-05
-0.00021423
0.00021862
8.16223e-06
1.67153e-06
-7.36674e-05
7.29202e-05
-4.08807e-07
-6.25436e-07
-5.68674e-07
-4.51794e-07
-1.09272e-05
1.05264e-05
-1.38273e-07
-1.14137e-05
-1.36036e-07
1.18001e-05
-1.14768e-07
-1.15563e-07
-1.72263e-06
1.58269e-06
-1.8591e-06
1.97564e-06
-8.36515e-06
0.00229588
-6.52716e-05
0.00398965
-0.000139616
0.00609227
-0.000228869
0.00854505
-0.000327
0.0112527
-0.000425373
0.0140783
-0.000513346
0.0168599
-0.000581018
0.0194267
-0.000620171
0.0216323
-0.000626174
0.0233742
-0.000599527
0.0246007
-0.000545095
0.00103322
-5.18941e-06
3.80004e-06
-0.000222059
0.000225351
7.06224e-06
1.17938e-05
-7.47821e-05
7.9873e-05
2.24646e-06
8.25294e-07
-4.01885e-07
2.11643e-07
-9.27386e-06
9.0258e-06
-1.6062e-07
-9.7453e-06
-1.53898e-07
1.00766e-05
-1.18757e-07
-1.20486e-07
-1.21639e-06
1.07819e-06
-1.35239e-06
1.46795e-06
-3.53474e-05
0.00226595
-8.80669e-05
0.0039381
-0.000159166
0.00602257
-0.000245489
0.00846354
-0.00034067
0.011168
-0.000435862
0.0140008
-0.00052054
0.0167995
-0.000585033
0.0193915
-0.000621219
0.0216274
-0.000625273
0.0234
-0.000598467
0.00101647
-1.16047e-05
-6.99775e-06
-0.000228409
0.000226531
-3.31117e-06
7.42024e-07
-8.49887e-05
8.96221e-05
3.802e-07
2.04891e-06
3.56734e-06
3.1109e-06
-9.89829e-06
1.15255e-05
6.19333e-07
-9.12466e-06
5.17694e-08
8.77958e-06
-1.55557e-07
-1.33389e-07
-6.85122e-07
5.24576e-07
-8.38985e-07
9.59472e-07
-5.0815e-05
0.0022287
-0.000102482
0.00388142
-0.000172841
0.00594992
-0.000257375
0.00838025
-0.000350059
0.0110822
-0.000442092
0.0139224
-0.000523413
0.0167378
-0.000585109
0.0193554
-0.000619295
0.0216214
-0.0006229
0.000989707
-1.31489e-05
-1.09028e-05
-0.000224551
0.000219105
-6.15764e-06
-5.01769e-06
-9.1222e-05
8.99816e-05
-1.21089e-06
-8.59617e-07
-2.55237e-08
-8.32297e-07
-1.65739e-05
1.69947e-05
-4.05136e-08
-1.50957e-05
5.70784e-07
1.34093e-05
1.68363e-06
1.42451e-06
-2.8748e-07
9.06894e-07
-2.35668e-07
3.69057e-07
-5.84104e-05
0.00218463
-0.000111327
0.0038199
-0.00018153
0.00587407
-0.00026571
0.0082959
-0.000356094
0.0109962
-0.000445176
0.0138441
-0.000524069
0.0166768
-0.000581925
0.0193181
-0.000617072
0.000956799
-1.33491e-05
-1.2152e-05
-0.000214508
0.000208007
-6.64804e-06
-6.30624e-06
-8.72197e-05
8.35265e-05
-1.27666e-06
-1.18754e-06
-1.04148e-06
-1.2143e-06
-1.65106e-05
1.58555e-05
-5.55694e-07
-1.68691e-05
-5.01107e-07
1.72548e-05
-2.85559e-07
-4.46577e-07
-4.68701e-06
4.80883e-06
-1.62262e-07
-4.00018e-06
-1.1602e-07
2.54184e-06
4.87027e-08
-3.38198e-08
-6.21207e-05
0.00213542
-0.000116651
0.00375502
-0.000187942
0.0057963
-0.000271184
0.00821099
-0.000360288
0.0109113
-0.000447643
0.0137677
-0.000520841
0.0166157
-0.000581681
0.000920544
-1.32771e-05
-1.25896e-05
-0.000202369
0.000195659
-6.63943e-06
-6.51338e-06
-7.95561e-05
7.53445e-05
-1.23024e-06
-1.20606e-06
-1.14339e-06
-1.19232e-06
-1.39863e-05
1.32636e-05
-5.53875e-07
-1.46351e-05
-5.38676e-07
1.53221e-05
-5.07991e-07
-5.27335e-07
-3.98535e-06
3.57376e-06
-1.44041e-07
-4.35806e-06
-1.28356e-07
4.65789e-06
-1.3458e-07
-1.46723e-07
1.01126e-07
-2.63365e-07
-1.48866e-08
4.87064e-08
-6.41911e-05
0.00208296
-0.000120484
0.00368756
-0.000192689
0.00571781
-0.000275942
0.00812664
-0.000363254
0.0108269
-0.000444304
0.0136912
-0.000523675
0.000882416
-1.32406e-05
-1.28212e-05
-0.000189572
0.000182861
-6.56585e-06
-6.50169e-06
-7.1112e-05
6.68406e-05
-1.18534e-06
-1.18249e-06
-1.13451e-06
-1.14632e-06
-1.12528e-05
1.05516e-05
-5.28987e-07
-1.19369e-05
-5.21938e-07
1.26213e-05
-5.01077e-07
-5.07868e-07
-2.35619e-06
1.93572e-06
-1.33339e-07
-2.77905e-06
-1.15775e-07
3.17747e-06
-1.11659e-07
-1.28895e-07
6.72993e-07
-8.17003e-07
5.44653e-07
-3.9793e-07
-6.60543e-05
0.00202853
-0.000124541
0.00361942
-0.000197816
0.00563968
-0.000280169
0.00804356
-0.000362957
0.0107456
-0.000451775
0.000842958
-1.34585e-05
-1.31383e-05
-0.000176523
0.000169829
-6.54665e-06
-6.48343e-06
-6.25644e-05
5.83132e-05
-1.15418e-06
-1.16023e-06
-1.11348e-06
-1.11206e-06
-8.56316e-06
7.88575e-06
-5.07908e-07
-9.24264e-06
-5.02976e-07
9.90123e-06
-4.84145e-07
-4.87721e-07
-7.37416e-07
3.34572e-07
-1.26092e-07
-1.15061e-06
-1.08714e-07
1.53778e-06
-1.03098e-07
-1.20682e-07
1.1733e-06
-1.30661e-06
1.05754e-06
-9.28646e-07
-6.89685e-05
0.00197296
-0.000130122
0.00355172
-0.000204594
0.0055641
-0.000284186
0.00796478
-0.00037545
0.000802135
-1.42692e-05
-1.3876e-05
-0.000163257
0.000156493
-6.69433e-06
-6.566e-06
-5.40221e-05
4.9767e-05
-1.1409e-06
-1.15047e-06
-1.09988e-06
-1.09238e-06
-5.93176e-06
5.27124e-06
-4.9365e-07
-6.60145e-06
-4.90519e-07
7.24195e-06
-4.69652e-07
-4.71556e-07
8.23761e-07
-1.21098e-06
-1.2065e-07
4.24459e-07
-1.03651e-07
-5.16279e-08
-9.79204e-08
-1.1488e-07
1.63908e-06
-1.76515e-06
1.53038e-06
-1.4097e-06
-7.44074e-05
0.00191724
-0.000138931
0.00348606
-0.000213383
0.0054933
-0.000301071
0.00075956
-1.62817e-05
-1.55511e-05
-0.000149532
0.000142498
-7.23486e-06
-6.91487e-06
-4.54036e-05
4.10439e-05
-1.16373e-06
-1.17065e-06
-1.10528e-06
-1.0973e-06
-3.33495e-06
2.68059e-06
-4.86511e-07
-4.00159e-06
-4.83811e-07
4.63077e-06
-4.59387e-07
-4.63199e-07
2.33731e-06
-2.7143e-06
-1.16636e-07
1.94693e-06
-1.00119e-07
-1.5864e-06
-9.42233e-08
-1.11019e-07
2.08158e-06
-2.20222e-06
1.97794e-06
-1.86306e-06
-8.40693e-05
0.00186238
-0.000152037
0.00342471
-0.000233203
0.000714973
-2.04407e-05
-1.90416e-05
-0.000134802
0.000127125
-8.60386e-06
-7.85554e-06
-3.64451e-05
3.17441e-05
-1.2692e-06
-1.26436e-06
-1.15894e-06
-1.15711e-06
-7.21543e-07
5.27873e-08
-4.94946e-07
-1.402e-06
-4.90171e-07
2.03442e-06
-4.59089e-07
-4.64875e-07
3.8222e-06
-4.19432e-06
-1.14353e-07
3.43631e-06
-9.79017e-08
-3.08156e-06
-9.21097e-08
-1.08453e-07
2.50757e-06
-2.62419e-06
2.40745e-06
-2.29643e-06
-9.8832e-05
0.00180918
-0.000172392
0.000668556
-2.71515e-05
-2.52644e-05
-0.000118073
0.000109135
-1.1503e-05
-9.98932e-06
-2.65577e-05
2.10409e-05
-1.56108e-06
-1.52581e-06
-1.32619e-06
-1.34298e-06
2.02818e-06
-2.75587e-06
-5.41477e-07
1.29247e-06
-5.28616e-07
-6.26508e-07
-4.79622e-07
-4.91138e-07
5.30963e-06
-5.68924e-06
-1.15276e-07
4.91821e-06
-9.87336e-08
-4.56153e-06
-9.18661e-08
-1.08192e-07
2.92265e-06
-3.03699e-06
2.82475e-06
-2.7163e-06
-0.000116534
-3.26529e-05
-3.16123e-05
-9.79885e-05
8.74184e-05
-1.65814e-05
-1.41182e-05
-1.46004e-05
7.48371e-06
-2.24652e-06
-2.13982e-06
-1.74344e-06
-1.80536e-06
5.17945e-06
-6.06251e-06
-6.77991e-07
4.29713e-06
-6.43455e-07
-3.53105e-06
-5.50975e-07
-5.76895e-07
6.87226e-06
-7.28866e-06
-1.24986e-07
6.45031e-06
-1.06644e-07
-6.07256e-06
-9.62877e-08
-1.13378e-07
3.33577e-06
-3.45103e-06
3.23704e-06
-3.12885e-06
-7.56902e-05
-2.23122e-05
-1.98841e-05
1.12264e-06
-1.04934e-05
-3.74529e-06
-3.46522e-06
-2.66891e-06
-2.84296e-06
9.28243e-06
-1.05106e-05
-1.01831e-06
8.07202e-06
-9.29385e-07
-7.06661e-06
-7.39311e-07
-7.99933e-07
8.6821e-06
-9.20321e-06
-1.56773e-07
8.1714e-06
-1.32725e-07
-7.72711e-06
-1.12503e-07
-1.32593e-07
3.76733e-06
-3.89229e-06
3.66069e-06
-3.54731e-06
2.09088e-05
-5.81461e-06
-5.57208e-06
-4.55162e-06
-4.91705e-06
1.53474e-05
-1.7249e-05
-1.84356e-06
1.34942e-05
-1.61199e-06
-1.19915e-05
-1.18794e-06
-1.3403e-06
1.11256e-05
-1.19018e-05
-2.41929e-07
1.03985e-05
-2.02333e-07
-9.785e-06
-1.5747e-07
-1.86374e-07
4.27008e-06
-4.42681e-06
4.13737e-06
-4.00478e-06
2.42356e-05
-3.68768e-06
2.18377e-05
-3.17421e-06
-1.95564e-05
-2.24421e-06
-2.63565e-06
1.50497e-05
-1.64101e-05
-4.83189e-07
1.38269e-05
-3.89118e-07
-1.28169e-05
-2.72843e-07
-3.30228e-07
4.97295e-06
-5.21484e-06
4.77064e-06
-4.58427e-06
2.1914e-05
-1.65161e-06
1.9874e-05
-1.13423e-06
-1.80461e-05
-6.08191e-07
-8.0774e-07
6.20699e-06
-6.69016e-06
5.81789e-06
-5.48766e-06
9.24031e-06
8.10608e-06
-7.29834e-06
)
;

boundaryField
{
    inlet
    {
        type            calculated;
        value           nonuniform 0();
    }
    outlet
    {
        type            calculated;
        value           nonuniform List<scalar> 
55
(
0.000616288
0.00175332
0.0033639
0.00542543
0.00789041
0.0106692
0.0136193
0.0165577
0.0192827
0.0216156
0.0234244
0.0246541
0.0252919
0.0253484
0.0248181
0.023686
0.0219489
0.0196586
0.0169413
0.0139791
0.0109834
0.00814724
0.00561857
0.00349658
0.00183924
0.000667806
-2.82383e-05
-0.000295025
0.00551
0.00847005
0.011131
0.0133537
0.0149734
0.0158575
0.0159284
0.0151956
0.0137343
0.0116939
0.00925047
0.00657977
0.00384413
0.00117924
-2.63625e-05
-0.000112436
-1.88967e-05
-3.76741e-06
0.000111958
0.000299516
0.00159504
-3.18341e-05
6.53495e-05
-1.08919e-05
-2.395e-05
-3.47032e-05
0.000503504
)
;
    }
    wall
    {
        type            calculated;
        value           uniform 0;
    }
    front
    {
        type            empty;
        value           nonuniform 0();
    }
    back
    {
        type            empty;
        value           nonuniform 0();
    }
    vanem
    {
        type            calculated;
        value           uniform 0;
    }
    vaneu
    {
        type            calculated;
        value           uniform 0;
    }
    vanel
    {
        type            calculated;
        value           nonuniform 0();
    }
    procBoundary3to2
    {
        type            processor;
        value           nonuniform List<scalar> 
57
(
-0.00234592
1.54617e-05
-0.00441314
-0.00687179
-0.00957055
-0.0123051
-0.0148462
-0.0169962
-0.018637
-0.0197589
-0.0204362
-0.020799
-0.0209576
-0.020994
-0.0209147
-0.0206626
-0.0201373
-0.019208
-0.0177857
-0.0158591
-0.0135281
-0.0109699
-0.00839418
-0.00599592
-0.00391713
-0.00224743
-0.00102783
7.73284e-06
-0.000230074
-0.00143705
-0.00632264
4.71046e-05
-0.00900297
-0.0113812
-0.0133061
-0.0146332
-0.0152813
-0.0152184
-0.0144723
-0.0131173
-0.0112636
-0.00903323
-0.00655967
-0.00396128
-0.00131972
-0.000586007
-9.09359e-05
-0.000166567
-9.71236e-05
-1.9574e-05
-6.35236e-06
-7.58125e-05
-0.00216157
-2.40861e-05
-1.11823e-07
-0.000448389
-0.000262633
)
;
    }
}


// ************************************************************************* //
